petar6P;
2025;11;14;13;21;24;
S 01;6;6;6;6;6;6;6;6;6;6;6;6;6;6;6;6;6;6;6;6;6;6;6;6;;
D 02;6;6;6;6;6;6;6;6;6;6;6;6;6;6;6;6;6;6;6;6;6;6;6;6;;
L 03;6;6;6;6;6;6;6;6;3;2;2;2;2;2;3;3;3;3;2;2;2;2;3;3;;
M 04;6;6;6;6;6;6;6;6;3;2;2;2;2;2;3;3;3;3;2;2;2;2;3;3;;
X 05;6;6;6;6;6;6;6;6;3;2;2;2;2;2;3;3;3;3;2;2;2;2;3;3;;
J 06;6;6;6;6;6;6;6;6;3;2;2;2;2;2;3;3;3;3;2;2;2;2;3;3;;
V 07;6;6;6;6;6;6;6;6;3;2;2;2;2;2;3;3;3;3;2;2;2;2;3;3;;
S 08;6;6;6;6;6;6;6;6;6;6;6;6;6;6;6;6;6;6;6;6;6;6;6;6;;
D 09;6;6;6;6;6;6;6;6;6;6;6;6;6;6;6;6;6;6;6;6;6;6;6;6;;
L 10;6;6;6;6;6;6;6;6;3;2;2;2;2;2;3;3;3;3;2;2;2;2;3;3;;
M 11;6;6;6;6;6;6;6;6;3;2;2;2;2;2;3;3;3;3;2;2;2;2;3;3;;
X 12;6;6;6;6;6;6;6;6;3;2;2;2;2;2;3;3;3;3;2;2;2;2;3;3;;
J 13;6;6;6;6;6;6;6;6;3;2;2;2;2;2;3;3;3;3;2;2;2;2;3;3;;
V 14;6;6;6;6;6;6;6;6;3;2;2;2;2;2;3;3;3;3;2;2;2;2;3;3;;
S 15;6;6;6;6;6;6;6;6;6;6;6;6;6;6;6;6;6;6;6;6;6;6;6;6;;
D 16;6;6;6;6;6;6;6;6;6;6;6;6;6;6;6;6;6;6;6;6;6;6;6;6;;
L 17;6;6;6;6;6;6;6;6;3;2;2;2;2;2;3;3;3;3;2;2;2;2;3;3;;
M 18;6;6;6;6;6;6;6;6;3;2;2;2;2;2;3;3;3;3;2;2;2;2;3;3;;
X 19;6;6;6;6;6;6;6;6;3;2;2;2;2;2;3;3;3;3;2;2;2;2;3;3;;
J 20;6;6;6;6;6;6;6;6;3;2;2;2;2;2;3;3;3;3;2;2;2;2;3;3;;
V 21;6;6;6;6;6;6;6;6;3;2;2;2;2;2;3;3;3;3;2;2;2;2;3;3;;
S 22;6;6;6;6;6;6;6;6;6;6;6;6;6;6;6;6;6;6;6;6;6;6;6;6;;
D 23;6;6;6;6;6;6;6;6;6;6;6;6;6;6;6;6;6;6;6;6;6;6;6;6;;
L 24;6;6;6;6;6;6;6;6;3;2;2;2;2;2;3;3;3;3;2;2;2;2;3;3;;
M 25;6;6;6;6;6;6;6;6;3;2;2;2;2;2;3;3;3;3;2;2;2;2;3;3;;
X 26;6;6;6;6;6;6;6;6;3;2;2;2;2;2;3;3;3;3;2;2;2;2;3;3;;
J 27;6;6;6;6;6;6;6;6;3;2;2;2;2;2;3;3;3;3;2;2;2;2;3;3;;
V 28;6;6;6;6;6;6;6;6;3;2;2;2;2;2;3;3;3;3;2;2;2;2;3;3;;
S 29;6;6;6;6;6;6;6;6;6;6;6;6;6;6;6;6;6;6;6;6;6;6;6;6;;
D 30;6;6;6;6;6;6;6;6;6;6;6;6;6;6;6;6;6;6;6;6;6;6;6;6;;
*
