pvpcdata;
2024;05;13;12;31;29;
22/04/2024;1;2.0TD;3;0.000094996039000000;0.201;1.118357064;65.461391;0.557;2.195;62.709391;2.58;18.36989;1.06103;0.75;0.25;1.90125;75.38080;101.96000;48.69000;27.94000;1805.8;275.0;154.0;50.0;27.64;0.000;0.17498;0.04096;0.00;0.000;0.783;0.947;0.000;0.557;52.214;3.00;-1.29;18310.7;2023.70;22.87;3.35;1.42;450202.12;15362.16;24859.38;21447.0;20.99;0.72;1.16;21/04/2024 16:08:39;
22/04/2024;2;2.0TD;3;0.000078254225000000;0.210;1.164864196;66.951349;0.557;2.195;64.199349;1.83;18.36989;1.06103;0.75;0.25;1.90125;75.38080;101.96000;48.69000;27.94000;1805.8;275.0;154.0;50.0;29.22;0.000;0.17498;0.04096;0.00;0.000;0.796;0.947;0.000;0.557;53.057;2.00;0.00;17935.5;1708.40;24.45;3.35;1.42;451634.96;38453.80;0.00;20046.3;22.53;1.92;0.00;21/04/2024 16:08:39;
22/04/2024;3;2.0TD;3;0.000069217212000000;0.215;1.192491350;66.895876;0.557;2.195;64.143876;1.00;18.36989;1.06103;0.75;0.25;1.90125;75.38080;101.96000;48.69000;27.94000;1805.8;275.0;154.0;50.0;29.79;0.000;0.17498;0.04096;0.00;0.000;0.792;0.947;0.000;0.557;52.793;1.10;0.01;17698.6;1756.10;25.02;3.35;1.42;444305.08;39700.00;0.00;19341.9;22.97;2.05;0.00;21/04/2024 16:08:39;
22/04/2024;4;2.0TD;3;0.000064904711000000;0.216;1.201068254;69.318653;0.557;2.195;66.566653;0.92;18.36989;1.06103;0.75;0.25;1.90125;75.38080;101.96000;48.69000;27.94000;1805.8;275.0;154.0;50.0;31.79;0.000;0.17498;0.04096;0.00;0.000;0.821;0.947;0.000;0.557;54.742;1.01;0.01;17405.6;1742.30;27.02;3.35;1.42;476378.04;39763.52;0.00;19104.2;24.94;2.08;0.00;21/04/2024 16:08:39;
22/04/2024;5;2.0TD;3;0.000063261311000000;0.214;1.191479470;68.938447;0.557;2.195;66.186447;0.45;18.36989;1.06103;0.75;0.25;1.90125;75.38080;101.96000;48.69000;27.94000;1805.8;275.0;154.0;50.0;32.04;0.000;0.17498;0.04096;0.00;0.000;0.818;0.947;0.000;0.557;54.519;0.49;0.01;17004.8;1723.00;27.27;3.35;1.42;478587.48;40347.84;0.00;19028.8;25.15;2.12;0.00;21/04/2024 16:08:39;
22/04/2024;6;2.0TD;3;0.000065123613000000;0.207;1.150747536;67.625008;0.557;2.195;64.873008;0.91;18.36989;1.06103;0.75;0.25;1.90125;75.38080;101.96000;48.69000;27.94000;1805.8;275.0;154.0;50.0;30.82;0.000;0.17498;0.04096;0.00;0.000;0.806;0.947;0.000;0.557;53.747;1.00;0.01;16913.9;1641.20;26.05;3.35;1.42;476817.72;39713.44;0.00;19830.9;24.04;2.00;0.00;21/04/2024 16:08:39;
22/04/2024;7;2.0TD;3;0.000073089385000000;0.192;1.067644787;62.607462;0.557;2.195;59.855462;0.89;18.36989;1.06103;0.75;0.25;1.90125;75.38080;101.96000;48.69000;27.94000;1805.8;275.0;154.0;50.0;27.36;0.000;0.17498;0.04096;0.00;0.000;0.753;0.947;0.000;0.557;50.214;1.10;-1.29;17380.4;1794.40;22.59;3.35;1.42;477975.96;15523.20;24859.38;22945.0;20.83;0.68;1.08;21/04/2024 16:08:39;
22/04/2024;8;2.0TD;3;0.000087415450000000;0.178;0.990975041;53.055325;0.557;2.195;50.303325;3.12;18.36989;1.06103;0.75;0.25;1.90125;75.38080;101.96000;48.69000;27.94000;1805.8;275.0;154.0;50.0;17.73;0.000;0.17498;0.04096;0.00;0.000;0.641;0.947;0.000;0.557;42.702;3.25;1.66;19550.4;1755.20;12.96;3.35;1.42;305987.08;6188.96;24859.38;26023.3;11.76;0.24;0.96;21/04/2024 16:08:39;
22/04/2024;9;2.0TD;2;0.000099654976000000;0.190;1.166372656;75.472933;19.184;8.779;47.509933;1.10;18.36989;1.06103;0.75;0.25;1.90125;75.38080;101.96000;48.69000;27.94000;1805.8;275.0;154.0;50.0;16.86;0.154;0.17498;0.04096;0.00;0.000;0.599;0.947;0.000;0.557;39.924;1.10;1.10;21691.1;1533.70;12.09;3.35;1.42;294923.24;13747.20;24859.38;27587.7;10.69;0.50;0.90;21/04/2024 16:08:39;
22/04/2024;10;2.0TD;2;0.000110039245000000;0.154;0.947066447;74.468408;19.184;8.779;46.505408;0.02;18.36989;1.06103;0.75;0.25;1.90125;75.38080;101.96000;48.69000;27.94000;1805.8;275.0;154.0;50.0;18.31;0.154;0.17498;0.04096;0.00;0.000;0.604;0.947;0.000;0.557;40.299;0.00;0.44;25797.6;1288.30;13.54;3.35;1.42;284615.60;61477.84;24859.38;27404.0;10.39;2.24;0.91;21/04/2024 16:08:39;
22/04/2024;11;2.0TD;1;0.000117875306000000;0.156;0.935515461;123.210895;33.081;43.893;46.236895;-0.16;18.36989;1.06103;0.75;0.25;1.90125;75.38080;101.96000;48.69000;27.94000;1805.8;275.0;154.0;50.0;17.42;0.926;0.17498;0.04096;0.00;0.000;0.600;0.947;0.000;0.557;39.997;0.00;-2.90;26396.3;1613.00;12.65;3.35;1.42;298137.08;23458.56;24859.38;27388.8;10.89;0.86;0.91;21/04/2024 16:08:39;
22/04/2024;12;2.0TD;1;0.000120021618000000;0.157;0.940437522;123.697494;33.081;43.893;46.723494;-0.09;18.36989;1.06103;0.75;0.25;1.90125;75.38080;101.96000;48.69000;27.94000;1805.8;275.0;154.0;50.0;17.73;0.926;0.17498;0.04096;0.00;0.000;0.606;0.947;0.000;0.557;40.383;-0.01;-1.29;26478.7;1720.80;12.96;3.35;1.42;309593.36;15840.00;24859.38;27022.7;11.46;0.59;0.92;21/04/2024 16:08:39;
22/04/2024;13;2.0TD;1;0.000123372025000000;0.155;0.927751651;124.144562;33.081;43.893;47.170562;-0.14;18.36989;1.06103;0.75;0.25;1.90125;75.38080;101.96000;48.69000;27.94000;1805.8;275.0;154.0;50.0;18.23;0.926;0.17498;0.04096;0.00;0.000;0.613;0.947;0.000;0.557;40.840;-0.03;-2.00;26528.2;1631.20;13.46;3.35;1.42;319430.44;15890.00;24859.38;26759.7;11.94;0.59;0.93;21/04/2024 16:08:39;
22/04/2024;14;2.0TD;1;0.000130893076000000;0.151;0.902088901;123.595616;33.081;43.893;46.621616;-0.16;18.36989;1.06103;0.75;0.25;1.90125;75.38080;101.96000;48.69000;27.94000;1805.8;275.0;154.0;50.0;17.92;0.926;0.17498;0.04096;0.00;0.000;0.608;0.947;0.000;0.557;40.505;-0.05;-2.00;26533.6;1651.50;13.15;3.35;1.42;310681.40;15890.00;24859.38;26721.6;11.63;0.59;0.93;21/04/2024 16:08:39;
22/04/2024;15;2.0TD;2;0.000130706100000000;0.167;1.025753123;74.152059;19.184;8.779;46.189059;-0.22;18.36989;1.06103;0.75;0.25;1.90125;75.38080;101.96000;48.69000;27.94000;1805.8;275.0;154.0;50.0;17.84;0.154;0.17498;0.04096;0.00;0.000;0.594;0.947;0.000;0.557;39.579;-0.10;-2.00;26610.9;1721.30;13.07;3.35;1.42;302203.40;15900.00;24859.38;26254.2;11.51;0.61;0.95;21/04/2024 16:08:39;
22/04/2024;16;2.0TD;2;0.000119711711000000;0.173;1.060877967;74.651114;19.184;8.779;46.688114;-0.35;18.36989;1.06103;0.75;0.25;1.90125;75.38080;101.96000;48.69000;27.94000;1805.8;275.0;154.0;50.0;18.19;0.154;0.17498;0.04096;0.00;0.000;0.597;0.947;0.000;0.557;39.802;-0.25;-2.00;26207.8;1677.20;13.42;3.35;1.42;302504.36;15910.00;24859.38;25581.1;11.83;0.62;0.97;21/04/2024 16:08:39;
22/04/2024;17;2.0TD;2;0.000111331027000000;0.180;1.104166043;74.750370;19.184;8.779;46.787370;-0.41;18.36989;1.06103;0.75;0.25;1.90125;75.38080;101.96000;48.69000;27.94000;1805.8;275.0;154.0;50.0;18.10;0.154;0.17498;0.04096;0.00;0.000;0.595;0.947;0.000;0.557;39.650;-0.30;-2.20;25846.3;1550.90;13.33;3.35;1.42;293587.24;15890.00;24859.38;25083.1;11.70;0.63;0.99;21/04/2024 16:08:39;
22/04/2024;18;2.0TD;2;0.000108811589000000;0.185;1.137854787;74.708067;19.184;8.779;46.745067;-0.20;18.36989;1.06103;0.75;0.25;1.90125;75.38080;101.96000;48.69000;27.94000;1805.8;275.0;154.0;50.0;17.69;0.154;0.17498;0.04096;0.00;0.000;0.592;0.947;0.000;0.557;39.447;-0.10;-2.00;25631.9;1492.30;12.92;3.35;1.42;284284.04;17860.00;24859.38;25310.2;11.23;0.71;0.98;21/04/2024 16:08:39;
22/04/2024;19;2.0TD;1;0.000109276288000000;0.164;0.980932477;122.526341;33.081;43.893;45.552341;-0.14;18.36989;1.06103;0.75;0.25;1.90125;75.38080;101.96000;48.69000;27.94000;1805.8;275.0;154.0;50.0;16.55;0.926;0.17498;0.04096;0.00;0.000;0.587;0.947;0.000;0.557;39.134;0.00;-2.99;26471.9;1389.20;11.78;3.35;1.42;254812.04;23432.32;24859.38;25746.5;9.90;0.91;0.97;21/04/2024 16:08:39;
22/04/2024;20;2.0TD;1;0.000115622200000000;0.164;0.984112621;122.750993;33.081;43.893;45.776993;0.45;18.36989;1.06103;0.75;0.25;1.90125;75.38080;101.96000;48.69000;27.94000;1805.8;275.0;154.0;50.0;16.15;0.926;0.17498;0.04096;0.00;0.000;0.590;0.947;0.000;0.557;39.327;0.45;0.45;26000.7;1459.20;11.38;3.35;1.42;256930.36;23691.20;24859.38;26848.1;9.57;0.88;0.93;21/04/2024 16:08:39;
22/04/2024;21;2.0TD;1;0.000134524907000000;0.169;1.008991392;130.210627;33.081;43.893;53.236627;5.81;18.36989;1.06103;0.75;0.25;1.90125;75.38080;101.96000;48.69000;27.94000;1805.8;275.0;154.0;50.0;16.91;0.926;0.17498;0.04096;0.00;0.000;0.683;0.947;0.000;0.557;45.540;6.00;3.02;25051.7;1660.00;12.14;3.35;1.42;314024.12;9697.60;24859.38;28711.6;10.94;0.34;0.87;21/04/2024 16:08:39;
22/04/2024;22;2.0TD;1;0.000157844865000000;0.171;1.022509462;137.410848;33.081;43.893;60.436848;12.43;18.36989;1.06103;0.75;0.25;1.90125;75.38080;101.96000;48.69000;27.94000;1805.8;275.0;154.0;50.0;16.27;0.926;0.17498;0.04096;0.00;0.000;0.774;0.947;0.000;0.557;51.611;12.81;8.00;24009.2;2059.30;11.50;3.35;1.42;301147.00;15390.00;24859.38;29690.0;10.14;0.52;0.84;21/04/2024 16:08:39;
22/04/2024;23;2.0TD;2;0.000142173705000000;0.202;1.238377901;83.249367;19.184;8.779;55.286367;7.33;18.36989;1.06103;0.75;0.25;1.90125;75.38080;101.96000;48.69000;27.94000;1805.8;275.0;154.0;50.0;16.61;0.154;0.17498;0.04096;0.00;0.000;0.690;0.947;0.000;0.557;45.995;7.62;3.84;22238.4;1865.30;11.84;3.35;1.42;286648.92;11322.60;24859.38;27250.8;10.52;0.42;0.91;21/04/2024 16:08:39;
22/04/2024;24;2.0TD;2;0.000116203346000000;0.213;1.306305953;78.879055;19.184;8.779;50.916055;5.36;18.36989;1.06103;0.75;0.25;1.90125;75.38080;101.96000;48.69000;27.94000;1805.8;275.0;154.0;50.0;14.62;0.154;0.17498;0.04096;0.00;0.000;0.630;0.947;0.000;0.557;41.975;5.54;3.18;20564.6;1683.10;9.85;3.35;1.42;207766.08;10778.00;24859.38;24731.6;8.40;0.44;1.01;21/04/2024 16:08:39;
*
