pvpcdata;
2024;03;11;12;38;21;
03/02/2024;1;2.0TD;3;0.000122283855000000;0.232;1.286637752;99.896167;0.557;2.195;97.144167;56.80;9.15811;0.79092;0.75;0.25;60.32417;96.95660;101.96000;97.42000;68.27000;2528.7;275.0;177.0;48.0;12.29;0.000;0.17498;0.03702;0.00;0.000;0.000;1.183;0.565;0.000;0.557;78.850;56.44;65.32;14032.5;586.30;7.26;3.48;1.55;87437.76;67989.60;24859.38;24820.9;3.52;2.74;1.00;02/02/2024 16:08:40;
03/02/2024;2;2.0TD;3;0.000101495387000000;0.241;1.340011597;97.204243;0.557;2.195;94.452243;53.08;9.15811;0.79092;0.75;0.25;60.32417;96.95660;101.96000;97.42000;68.27000;2528.7;275.0;177.0;48.0;13.31;0.000;0.17498;0.03702;0.00;0.000;0.000;1.142;0.565;0.000;0.557;76.109;52.71;61.59;13792.2;600.60;8.28;3.48;1.55;90965.44;74786.40;24859.38;23019.7;3.95;3.25;1.08;02/02/2024 16:08:40;
03/02/2024;3;2.0TD;3;0.000087880440000000;0.247;1.373292261;96.381480;0.557;2.195;93.629480;51.54;9.15811;0.79092;0.75;0.25;60.32417;96.95660;101.96000;97.42000;68.27000;2528.7;275.0;177.0;48.0;13.84;0.000;0.17498;0.03702;0.00;0.000;0.000;1.126;0.565;0.000;0.557;75.083;51.18;60.06;13734.4;581.10;8.81;3.48;1.55;100280.44;66860.32;24859.38;21799.8;4.60;3.07;1.14;02/02/2024 16:08:40;
03/02/2024;4;2.0TD;3;0.000080490348000000;0.248;1.376955105;97.395060;0.557;2.195;94.643060;51.00;9.15811;0.79092;0.75;0.25;60.32417;96.95660;101.96000;97.42000;68.27000;2528.7;275.0;177.0;48.0;15.12;0.000;0.17498;0.03702;0.00;0.000;0.000;1.138;0.565;0.000;0.557;75.835;50.83;54.93;13520.9;597.90;10.09;3.48;1.55;143071.00;69544.96;0.00;21071.7;6.79;3.30;0.00;02/02/2024 16:08:40;
03/02/2024;5;2.0TD;3;0.000077195752000000;0.252;1.399346197;98.371979;0.557;2.195;95.619979;51.50;9.15811;0.79092;0.75;0.25;60.32417;96.95660;101.96000;97.42000;68.27000;2528.7;275.0;177.0;48.0;15.15;0.000;0.17498;0.03702;0.00;0.000;0.000;1.146;0.565;0.000;0.557;76.373;51.16;60.04;13224.8;526.70;10.12;3.48;1.55;142646.20;66604.64;0.00;20671.4;6.90;3.22;0.00;02/02/2024 16:08:40;
03/02/2024;6;2.0TD;3;0.000077364962000000;0.252;1.401769466;99.934475;0.557;2.195;97.182475;52.93;9.15811;0.79092;0.75;0.25;60.32417;96.95660;101.96000;97.42000;68.27000;2528.7;275.0;177.0;48.0;14.95;0.000;0.17498;0.03702;0.00;0.000;0.000;1.164;0.565;0.000;0.557;77.621;52.57;61.35;12840.7;542.20;9.92;3.48;1.55;140776.52;63520.00;0.00;20593.0;6.84;3.08;0.00;02/02/2024 16:08:40;
03/02/2024;7;2.0TD;3;0.000080650258000000;0.246;1.367661989;100.177718;0.557;2.195;97.425718;53.88;9.15811;0.79092;0.75;0.25;60.32417;96.95660;101.96000;97.42000;68.27000;2528.7;275.0;177.0;48.0;14.56;0.000;0.17498;0.03702;0.00;0.000;0.000;1.173;0.565;0.000;0.557;78.190;53.50;63.07;12687.2;528.80;9.53;3.48;1.55;139591.08;63311.04;0.00;21289.7;6.56;2.97;0.00;02/02/2024 16:08:40;
03/02/2024;8;2.0TD;3;0.000088784110000000;0.238;1.323793746;102.618718;0.557;2.195;99.866718;57.02;9.15811;0.79092;0.75;0.25;60.32417;96.95660;101.96000;97.42000;68.27000;2528.7;275.0;177.0;48.0;13.86;0.000;0.17498;0.03702;0.00;0.000;0.000;1.210;0.565;0.000;0.557;80.667;56.80;62.00;12577.8;554.10;8.83;3.48;1.55;127753.16;72868.80;0.00;22707.7;5.63;3.21;0.00;02/02/2024 16:08:40;
03/02/2024;9;2.0TD;3;0.000103602726000000;0.225;1.248852524;105.226662;0.557;2.195;102.474662;63.31;9.15811;0.79092;0.75;0.25;60.32417;96.95660;101.96000;97.42000;68.27000;2528.7;275.0;177.0;48.0;10.51;0.000;0.17498;0.03702;0.00;0.000;0.000;1.255;0.565;0.000;0.557;83.652;63.00;70.71;13259.5;551.40;5.48;3.48;1.55;52913.44;79900.00;0.00;24251.1;2.18;3.29;0.00;02/02/2024 16:08:40;
03/02/2024;10;2.0TD;3;0.000127774060000000;0.205;1.140265946;100.042236;0.557;2.195;97.290236;59.24;9.15811;0.79092;0.75;0.25;60.32417;96.95660;101.96000;97.42000;68.27000;2528.7;275.0;177.0;48.0;11.71;0.000;0.17498;0.03702;0.00;0.000;0.000;1.211;0.565;0.000;0.557;80.738;59.10;62.10;14922.5;714.60;6.68;3.48;1.55;54719.72;119121.60;0.00;26006.8;2.10;4.58;0.00;02/02/2024 16:08:40;
03/02/2024;11;2.0TD;3;0.000142687056000000;0.194;1.075651237;91.105356;0.557;2.195;88.353356;53.28;9.15811;0.79092;0.75;0.25;60.32417;96.95660;101.96000;97.42000;68.27000;2528.7;275.0;177.0;48.0;11.03;0.000;0.17498;0.03702;0.00;0.000;0.000;1.110;0.565;0.000;0.557;73.997;53.28;53.28;16262.1;616.60;6.00;3.48;1.55;64314.56;98780.00;0.00;27175.2;2.37;3.63;0.00;02/02/2024 16:08:40;
03/02/2024;12;2.0TD;3;0.000143413325000000;0.192;1.067572261;81.057800;0.557;2.195;78.305800;45.45;9.15811;0.79092;0.75;0.25;60.32417;96.95660;101.96000;97.42000;68.27000;2528.7;275.0;177.0;48.0;10.68;0.000;0.17498;0.03702;0.00;0.000;0.000;0.985;0.565;0.000;0.557;65.692;45.27;50.27;18152.2;668.50;5.65;3.48;1.55;67593.92;85108.32;0.00;27005.0;2.50;3.15;0.00;02/02/2024 16:08:40;
03/02/2024;13;2.0TD;3;0.000140093073000000;0.192;1.064511913;75.963192;0.557;2.195;73.211192;41.76;9.15811;0.79092;0.75;0.25;60.32417;96.95660;101.96000;97.42000;68.27000;2528.7;275.0;177.0;48.0;10.16;0.000;0.17498;0.03702;0.00;0.000;0.000;0.921;0.565;0.000;0.557;61.418;41.58;46.68;19884.8;711.90;5.13;3.48;1.55;62133.20;74315.08;0.00;26584.3;2.34;2.80;0.00;02/02/2024 16:08:40;
03/02/2024;14;2.0TD;3;0.000146098313000000;0.188;1.043465349;73.282117;0.557;2.195;70.530117;39.91;9.15811;0.79092;0.75;0.25;60.32417;96.95660;101.96000;97.42000;68.27000;2528.7;275.0;177.0;48.0;9.99;0.000;0.17498;0.03702;0.00;0.000;0.000;0.891;0.565;0.000;0.557;59.368;39.81;42.81;21650.0;734.60;4.96;3.48;1.55;63239.00;69118.16;0.00;26696.5;2.37;2.59;0.00;02/02/2024 16:08:40;
03/02/2024;15;2.0TD;3;0.000145681634000000;0.187;1.040276253;75.873319;0.557;2.195;73.121319;41.93;9.15811;0.79092;0.75;0.25;60.32417;96.95660;101.96000;97.42000;68.27000;2528.7;275.0;177.0;48.0;10.17;0.000;0.17498;0.03702;0.00;0.000;0.000;0.924;0.565;0.000;0.557;61.601;41.76;46.76;20110.4;726.20;5.14;3.48;1.55;62047.72;72197.44;0.00;26115.9;2.38;2.76;0.00;02/02/2024 16:08:40;
03/02/2024;16;2.0TD;3;0.000133382615000000;0.197;1.093457416;84.497267;0.557;2.195;81.745267;46.58;9.15811;0.79092;0.75;0.25;60.32417;96.95660;101.96000;97.42000;68.27000;2528.7;275.0;177.0;48.0;12.11;0.000;0.17498;0.03702;0.00;0.000;0.000;1.024;0.565;0.000;0.557;68.291;46.44;50.44;19121.8;685.90;7.08;3.48;1.55;89545.28;88330.00;0.00;25107.0;3.57;3.52;0.00;02/02/2024 16:08:40;
03/02/2024;17;2.0TD;3;0.000124936516000000;0.204;1.133202814;93.152877;0.557;2.195;90.400877;53.01;9.15811;0.79092;0.75;0.25;60.32417;96.95660;101.96000;97.42000;68.27000;2528.7;275.0;177.0;48.0;12.37;0.000;0.17498;0.03702;0.00;0.000;0.000;1.126;0.565;0.000;0.557;75.083;53.00;53.20;17420.5;667.20;7.34;3.48;1.55;86454.28;94200.96;0.00;24626.4;3.51;3.83;0.00;02/02/2024 16:08:40;
03/02/2024;18;2.0TD;3;0.000123925603000000;0.209;1.162671320;107.373764;0.557;2.195;104.621764;65.01;9.15811;0.79092;0.75;0.25;60.32417;96.95660;101.96000;97.42000;68.27000;2528.7;275.0;177.0;48.0;11.65;0.000;0.17498;0.03702;0.00;0.000;0.000;1.298;0.565;0.000;0.557;86.535;64.87;68.07;13687.2;642.20;6.62;3.48;1.55;78680.16;82616.00;0.00;24347.2;3.23;3.39;0.00;02/02/2024 16:08:40;
03/02/2024;19;2.0TD;3;0.000135173467000000;0.216;1.200159760;122.794043;0.557;2.195;120.042043;81.66;9.15811;0.79092;0.75;0.25;60.32417;96.95660;101.96000;97.42000;68.27000;2528.7;275.0;177.0;48.0;7.00;0.000;0.17498;0.03702;0.00;0.000;0.000;1.481;0.565;0.000;0.557;98.718;81.43;85.43;13978.9;852.70;1.97;3.48;1.55;27162.56;23110.08;0.00;25489.7;1.07;0.91;0.00;02/02/2024 16:08:40;
03/02/2024;20;2.0TD;3;0.000154639708000000;0.221;1.228106696;130.749168;0.557;2.195;127.997168;87.76;9.15811;0.79092;0.75;0.25;60.32417;96.95660;101.96000;97.42000;68.27000;2528.7;275.0;177.0;48.0;6.92;0.000;0.17498;0.03702;0.00;0.000;0.000;1.572;0.565;0.000;0.557;104.829;87.76;87.76;15253.1;759.10;1.89;3.48;1.55;29850.60;21732.80;0.00;27230.6;1.10;0.80;0.00;02/02/2024 16:08:40;
03/02/2024;21;2.0TD;3;0.000165683174000000;0.224;1.246824315;140.756513;0.557;2.195;138.004513;95.68;9.15811;0.79092;0.75;0.25;60.32417;96.95660;101.96000;97.42000;68.27000;2528.7;275.0;177.0;48.0;6.80;0.000;0.17498;0.03702;0.00;0.000;0.000;1.691;0.565;0.000;0.557;112.748;95.68;95.68;15724.7;753.50;1.77;3.48;1.55;21450.72;28060.88;0.00;27970.1;0.77;1.00;0.00;02/02/2024 16:08:40;
03/02/2024;22;2.0TD;3;0.000170896671000000;0.227;1.258536725;138.591679;0.557;2.195;135.839679;92.71;9.15811;0.79092;0.75;0.25;60.32417;96.95660;101.96000;97.42000;68.27000;2528.7;275.0;177.0;48.0;7.76;0.000;0.17498;0.03702;0.00;0.000;0.000;1.661;0.565;0.000;0.557;110.708;92.71;92.71;15675.8;758.70;2.73;3.48;1.55;22651.20;28124.80;24859.38;27679.8;0.82;1.02;0.90;02/02/2024 16:08:40;
03/02/2024;23;2.0TD;3;0.000161757288000000;0.231;1.282038158;131.297680;0.557;2.195;128.545680;86.11;9.15811;0.79092;0.75;0.25;60.32417;96.95660;101.96000;97.42000;68.27000;2528.7;275.0;177.0;48.0;8.17;0.000;0.17498;0.03702;0.00;0.000;0.000;1.566;0.565;0.000;0.557;104.423;86.11;86.11;14244.0;740.50;3.14;3.48;1.55;30882.60;24864.88;24859.38;25678.9;1.20;0.97;0.97;02/02/2024 16:08:40;
03/02/2024;24;2.0TD;3;0.000143400897000000;0.237;1.315121655;113.652495;0.557;2.195;110.900495;70.86;9.15811;0.79092;0.75;0.25;60.32417;96.95660;101.96000;97.42000;68.27000;2528.7;275.0;177.0;48.0;8.87;0.000;0.17498;0.03702;0.00;0.000;0.000;1.345;0.565;0.000;0.557;89.652;70.79;72.00;13009.3;821.90;3.84;3.48;1.55;6741.52;59930.72;24859.38;23805.5;0.28;2.52;1.04;02/02/2024 16:08:40;
*
