pvpcdata;
2024;04;10;12;05;57;
31/03/2024;1;2.0TD;3;0.000112856599000000;0.224;1.246886208;64.402846;0.557;2.195;61.650846;2.78;23.25150;0.89508;0.75;0.25;0.83261;93.83860;101.96000;97.42000;37.09000;2225.5;275.0;177.0;46.0;24.30;0.000;0.17498;0.04096;0.00;0.000;0.000;0.756;0.947;0.000;0.557;50.368;3.20;-0.65;19530.5;2466.10;19.49;3.40;1.41;362872.76;23561.60;24859.38;21104.0;17.19;1.12;1.18;30/03/2024 16:10:16;
31/03/2024;2;2.0TD;3;0.000096165198000000;0.255;1.414851429;66.766209;0.557;2.195;64.014209;1.24;23.25150;0.89508;0.75;0.25;0.83261;93.83860;101.96000;97.42000;37.09000;2225.5;275.0;177.0;46.0;26.47;0.000;0.17498;0.04096;0.00;0.000;0.000;0.765;0.947;0.000;0.557;51.007;1.63;-2.00;18258.9;2483.50;21.66;3.40;1.41;362998.40;59185.20;0.00;19488.7;18.63;3.04;0.00;30/03/2024 16:10:16;
31/03/2024;3;2.0TD;3;0.000077020498000000;0.242;1.344206666;67.238302;0.557;2.195;64.486302;0.24;23.25150;0.89508;0.75;0.25;0.83261;93.83860;101.96000;97.42000;37.09000;2225.5;275.0;177.0;46.0;28.37;0.000;0.17498;0.04096;0.00;0.000;0.000;0.779;0.947;0.000;0.557;51.921;0.50;-2.00;17232.8;2406.00;23.56;3.40;1.41;363060.56;61824.00;0.00;18036.1;20.13;3.43;0.00;30/03/2024 16:10:16;
31/03/2024;4;2.0TD;3;0.000073238308000000;0.247;1.374170463;67.814647;0.557;2.195;65.062647;0.23;23.25150;0.89508;0.75;0.25;0.83261;93.83860;101.96000;97.42000;37.09000;2225.5;275.0;177.0;46.0;28.63;0.000;0.17498;0.04096;0.00;0.000;0.000;0.783;0.947;0.000;0.557;52.175;0.50;-2.01;16748.6;2396.00;23.82;3.40;1.41;363060.00;57439.36;0.00;17654.0;20.57;3.25;0.00;30/03/2024 16:10:16;
31/03/2024;5;2.0TD;3;0.000073065223000000;0.250;1.386515723;68.528673;0.557;2.195;65.776673;0.22;23.25150;0.89508;0.75;0.25;0.83261;93.83860;101.96000;97.42000;37.09000;2225.5;275.0;177.0;46.0;29.08;0.000;0.17498;0.04096;0.00;0.000;0.000;0.789;0.947;0.000;0.557;52.621;0.50;-2.00;16127.7;2417.20;24.27;3.40;1.41;363060.16;61592.16;0.00;17499.0;20.75;3.52;0.00;30/03/2024 16:10:16;
31/03/2024;6;2.0TD;3;0.000075826459000000;0.248;1.377986054;68.614374;0.557;2.195;65.862374;0.48;23.25150;0.89508;0.75;0.25;0.83261;93.83860;101.96000;97.42000;37.09000;2225.5;275.0;177.0;46.0;28.97;0.000;0.17498;0.04096;0.00;0.000;0.000;0.792;0.947;0.000;0.557;52.774;0.60;-0.41;15909.5;2437.90;24.16;3.40;1.41;363054.36;61528.40;0.00;17576.7;20.66;3.50;0.00;30/03/2024 16:10:16;
31/03/2024;7;2.0TD;3;0.000078947158000000;0.242;1.342969661;67.578610;0.557;2.195;64.826610;0.38;23.25150;0.89508;0.75;0.25;0.83261;93.83860;101.96000;97.42000;37.09000;2225.5;275.0;177.0;46.0;28.50;0.000;0.17498;0.04096;0.00;0.000;0.000;0.783;0.947;0.000;0.557;52.195;0.50;-0.50;15676.2;2398.20;23.69;3.40;1.41;361215.88;61669.44;0.00;17853.8;20.23;3.45;0.00;30/03/2024 16:10:16;
31/03/2024;8;2.0TD;3;0.000089542810000000;0.230;1.276656033;62.156496;0.557;2.195;59.404496;0.48;23.25150;0.89508;0.75;0.25;0.83261;93.83860;101.96000;97.42000;37.09000;2225.5;275.0;177.0;46.0;24.56;0.000;0.17498;0.04096;0.00;0.000;0.000;0.724;0.947;0.000;0.557;48.296;0.60;-0.40;16015.3;2392.30;19.75;3.40;1.41;310742.28;47790.00;0.00;18149.1;17.12;2.63;0.00;30/03/2024 16:10:16;
31/03/2024;9;2.0TD;3;0.000109100443000000;0.207;1.148808104;56.781349;0.557;2.195;54.029349;0.44;23.25150;0.89508;0.75;0.25;0.83261;93.83860;101.96000;97.42000;37.09000;2225.5;275.0;177.0;46.0;21.12;0.000;0.17498;0.04096;0.00;0.000;0.000;0.671;0.947;0.000;0.557;44.763;0.50;-0.05;17074.3;2260.30;16.31;3.40;1.41;244144.76;69320.16;0.00;19217.8;12.70;3.61;0.00;30/03/2024 16:10:16;
31/03/2024;10;2.0TD;3;0.000124741662000000;0.186;1.034586442;52.807531;0.557;2.195;50.055531;0.45;23.25150;0.89508;0.75;0.25;0.83261;93.83860;101.96000;97.42000;37.09000;2225.5;275.0;177.0;46.0;18.59;0.000;0.17498;0.04096;0.00;0.000;0.000;0.633;0.947;0.000;0.557;42.205;0.50;-0.01;18854.1;2123.20;13.78;3.40;1.41;247305.08;38649.92;0.00;20752.5;11.92;1.86;0.00;30/03/2024 16:10:16;
31/03/2024;11;2.0TD;3;0.000130719936000000;0.174;0.964753647;52.407901;0.557;2.195;49.655901;0.22;23.25150;0.89508;0.75;0.25;0.83261;93.83860;101.96000;97.42000;37.09000;2225.5;275.0;177.0;46.0;18.91;0.000;0.17498;0.04096;0.00;0.000;0.000;0.634;0.947;0.000;0.557;42.296;0.40;-1.60;20031.4;2003.60;14.10;3.40;1.41;228349.96;79554.40;0.00;21844.8;10.45;3.64;0.00;30/03/2024 16:10:16;
31/03/2024;12;2.0TD;3;0.000131939490000000;0.169;0.938453120;50.380962;0.557;2.195;47.628962;-0.02;23.25150;0.89508;0.75;0.25;0.83261;93.83860;101.96000;97.42000;37.09000;2225.5;275.0;177.0;46.0;17.62;0.000;0.17498;0.04096;0.00;0.000;0.000;0.611;0.947;0.000;0.557;40.743;0.00;-0.27;20975.5;2136.60;12.81;3.40;1.41;228971.48;53595.32;0.00;22065.7;10.38;2.43;0.00;30/03/2024 16:10:16;
31/03/2024;13;2.0TD;3;0.000136349961000000;0.166;0.921108747;48.436274;0.557;2.195;45.684274;-0.08;23.25150;0.89508;0.75;0.25;0.83261;93.83860;101.96000;97.42000;37.09000;2225.5;275.0;177.0;46.0;16.14;0.000;0.17498;0.04096;0.00;0.000;0.000;0.588;0.947;0.000;0.557;39.180;0.00;-1.00;22021.8;2192.80;11.33;3.40;1.41;229842.36;22493.16;0.00;22278.2;10.32;1.01;0.00;30/03/2024 16:10:16;
31/03/2024;14;2.0TD;3;0.000133452055000000;0.164;0.910474057;48.215905;0.557;2.195;45.463905;-0.08;23.25150;0.89508;0.75;0.25;0.83261;93.83860;101.96000;97.42000;37.09000;2225.5;275.0;177.0;46.0;16.02;0.000;0.17498;0.04096;0.00;0.000;0.000;0.586;0.947;0.000;0.557;39.058;0.00;-1.00;22446.8;2239.50;11.21;3.40;1.41;231221.84;22499.84;0.00;22632.7;10.22;0.99;0.00;30/03/2024 16:10:16;
31/03/2024;15;2.0TD;3;0.000119635482000000;0.166;0.923057583;48.613506;0.557;2.195;45.861506;-0.10;23.25150;0.89508;0.75;0.25;0.83261;93.83860;101.96000;97.42000;37.09000;2225.5;275.0;177.0;46.0;16.31;0.000;0.17498;0.04096;0.00;0.000;0.000;0.590;0.947;0.000;0.557;39.332;0.00;-1.20;22461.8;2262.10;11.50;3.40;1.41;232327.12;20748.00;0.00;22007.1;10.56;0.94;0.00;30/03/2024 16:10:16;
31/03/2024;16;2.0TD;3;0.000110630671000000;0.178;0.987015337;49.192692;0.557;2.195;46.440692;-0.13;23.25150;0.89508;0.75;0.25;0.83261;93.83860;101.96000;97.42000;37.09000;2225.5;275.0;177.0;46.0;16.43;0.000;0.17498;0.04096;0.00;0.000;0.000;0.591;0.947;0.000;0.557;39.423;0.00;-1.50;22254.1;2264.50;11.62;3.40;1.41;233129.32;13456.80;0.00;21229.6;10.98;0.63;0.00;30/03/2024 16:10:16;
31/03/2024;17;2.0TD;3;0.000109586621000000;0.187;1.037957916;52.704922;0.557;2.195;49.952922;-0.13;23.25150;0.89508;0.75;0.25;0.83261;93.83860;101.96000;97.42000;37.09000;2225.5;275.0;177.0;46.0;19.05;0.000;0.17498;0.04096;0.00;0.000;0.000;0.631;0.947;0.000;0.557;42.083;0.00;-1.51;22381.2;2213.60;14.24;3.40;1.41;233177.88;66667.52;0.00;21062.3;11.07;3.17;0.00;30/03/2024 16:10:16;
31/03/2024;18;2.0TD;3;0.000115298593000000;0.190;1.057816770;52.010072;0.557;2.195;49.258072;-0.08;23.25150;0.89508;0.75;0.25;0.83261;93.83860;101.96000;97.42000;37.09000;2225.5;275.0;177.0;46.0;18.32;0.000;0.17498;0.04096;0.00;0.000;0.000;0.621;0.947;0.000;0.557;41.393;0.00;-1.00;21974.4;2107.00;13.51;3.40;1.41;232432.72;55080.00;0.00;21284.0;10.92;2.59;0.00;30/03/2024 16:10:16;
31/03/2024;19;2.0TD;3;0.000134085474000000;0.197;1.094499290;51.497836;0.557;2.195;48.745836;0.00;23.25150;0.89508;0.75;0.25;0.83261;93.83860;101.96000;97.42000;37.09000;2225.5;275.0;177.0;46.0;17.58;0.000;0.17498;0.04096;0.00;0.000;0.000;0.611;0.947;0.000;0.557;40.723;0.00;-0.01;21825.7;2104.90;12.77;3.40;1.41;229987.32;52530.00;0.00;22124.5;10.40;2.37;0.00;30/03/2024 16:10:16;
31/03/2024;20;2.0TD;3;0.000158968048000000;0.200;1.112215952;51.254006;0.557;2.195;48.502006;1.66;23.25150;0.89508;0.75;0.25;0.83261;93.83860;101.96000;97.42000;37.09000;2225.5;275.0;177.0;46.0;15.62;0.000;0.17498;0.04096;0.00;0.000;0.000;0.606;0.947;0.000;0.557;40.418;1.69;1.31;22899.5;2318.70;10.81;3.40;1.41;252793.84;9552.00;0.00;24259.9;10.42;0.39;0.00;30/03/2024 16:10:16;
31/03/2024;21;2.0TD;3;0.000166193767000000;0.200;1.110469841;49.037606;0.557;2.195;46.285606;3.19;23.25150;0.89508;0.75;0.25;0.83261;93.83860;101.96000;97.42000;37.09000;2225.5;275.0;177.0;46.0;12.27;0.000;0.17498;0.04096;0.00;0.000;0.000;0.579;0.947;0.000;0.557;38.571;3.20;3.10;23413.5;2375.80;7.46;3.40;1.41;187632.92;6280.00;0.00;26006.2;7.21;0.24;0.00;30/03/2024 16:10:16;
31/03/2024;22;2.0TD;3;0.000148888949000000;0.201;1.115360371;50.538995;0.557;2.195;47.786995;3.16;23.25150;0.89508;0.75;0.25;0.83261;93.83860;101.96000;97.42000;37.09000;2225.5;275.0;177.0;46.0;13.50;0.000;0.17498;0.04096;0.00;0.000;0.000;0.597;0.947;0.000;0.557;39.789;3.20;2.77;22634.8;2269.40;8.69;3.40;1.41;187631.08;6364.00;24859.38;25195.1;7.45;0.25;0.99;30/03/2024 16:10:16;
31/03/2024;23;2.0TD;3;0.000125386982000000;0.207;1.150278412;49.760230;0.557;2.195;47.008230;1.47;23.25150;0.89508;0.75;0.25;0.83261;93.83860;101.96000;97.42000;37.09000;2225.5;275.0;177.0;46.0;14.36;0.000;0.17498;0.04096;0.00;0.000;0.000;0.584;0.947;0.000;0.557;38.946;1.63;0.00;21392.5;2378.00;9.55;3.40;1.41;187754.16;5091.20;24859.38;22802.8;8.23;0.22;1.09;30/03/2024 16:10:16;
*
