pvpcdata;
2024;10;09;11;29;50;
29/09/2024;1;2.0TD;3;0.000092498930000000;0.173;0.961172107;139.518873;0.557;2.195;136.766873;84.75;11.78177;1.26097;0.75;0.25;43.55792;90.68500;101.96000;73.51000;91.63000;1766.9;275.0;234.0;48.0;13.52;0.000;0.17498;0.04096;0.00;0.000;1.749;0.947;0.000;0.557;116.595;84.99;80.99;15039.8;949.60;9.39;3.08;1.05;145828.76;25999.20;24859.38;20956.9;6.96;1.24;1.19;28/09/2024 16:11:10;
29/09/2024;2;2.0TD;3;0.000081405639000000;0.180;1.001126804;134.166004;0.557;2.195;131.414004;78.90;11.78177;1.26097;0.75;0.25;43.55792;90.68500;101.96000;73.51000;91.63000;1766.9;275.0;234.0;48.0;14.22;0.000;0.17498;0.04096;0.00;0.000;1.671;0.947;0.000;0.557;111.367;79.49;70.06;14473.6;967.00;10.09;3.08;1.05;172071.52;31090.08;0.00;20137.7;8.54;1.54;0.00;28/09/2024 16:11:10;
29/09/2024;3;2.0TD;3;0.000073134105000000;0.184;1.023396550;131.196819;0.557;2.195;128.444819;74.30;11.78177;1.26097;0.75;0.25;43.55792;90.68500;101.96000;73.51000;91.63000;1766.9;275.0;234.0;48.0;15.98;0.000;0.17498;0.04096;0.00;0.000;1.627;0.947;0.000;0.557;108.483;74.90;64.81;14730.8;938.00;11.85;3.08;1.05;187165.00;41817.60;0.00;19330.4;9.68;2.16;0.00;28/09/2024 16:11:10;
29/09/2024;4;2.0TD;3;0.000068025167000000;0.188;1.046997618;115.143690;0.557;2.195;112.391690;57.94;11.78177;1.26097;0.75;0.25;43.55792;90.68500;101.96000;73.51000;91.63000;1766.9;275.0;234.0;48.0;18.67;0.000;0.17498;0.04096;0.00;0.000;1.419;0.947;0.000;0.557;94.605;58.36;51.36;14743.3;930.80;14.54;3.08;1.05;214371.20;58822.40;0.00;18792.2;11.41;3.13;0.00;28/09/2024 16:11:10;
29/09/2024;5;2.0TD;3;0.000065199820000000;0.191;1.059085873;106.165101;0.557;2.195;103.413101;49.24;11.78177;1.26097;0.75;0.25;43.55792;90.68500;101.96000;73.51000;91.63000;1766.9;275.0;234.0;48.0;19.71;0.000;0.17498;0.04096;0.00;0.000;1.302;0.947;0.000;0.557;86.828;49.20;50.19;15567.8;717.80;15.58;3.08;1.05;229516.92;59035.08;0.00;18517.6;12.39;3.19;0.00;28/09/2024 16:11:10;
29/09/2024;6;2.0TD;3;0.000063983552000000;0.188;1.044580814;105.917682;0.557;2.195;103.165682;49.23;11.78177;1.26097;0.75;0.25;43.55792;90.68500;101.96000;73.51000;91.63000;1766.9;275.0;234.0;48.0;19.73;0.000;0.17498;0.04096;0.00;0.000;1.303;0.947;0.000;0.557;86.839;49.20;49.82;15454.9;711.20;15.60;3.08;1.05;229574.56;59035.08;0.00;18497.8;12.41;3.19;0.00;28/09/2024 16:11:10;
29/09/2024;7;2.0TD;3;0.000064482746000000;0.182;1.012412440;111.287732;0.557;2.195;108.535732;55.09;11.78177;1.26097;0.75;0.25;43.55792;90.68500;101.96000;73.51000;91.63000;1766.9;275.0;234.0;48.0;18.78;0.000;0.17498;0.04096;0.00;0.000;1.377;0.947;0.000;0.557;91.823;55.00;57.00;15518.1;756.20;14.65;3.08;1.05;219906.68;54332.00;0.00;18718.8;11.75;2.90;0.00;28/09/2024 16:11:10;
29/09/2024;8;2.0TD;3;0.000065790860000000;0.181;1.003341116;116.352154;0.557;2.195;113.600154;60.66;11.78177;1.26097;0.75;0.25;43.55792;90.68500;101.96000;73.51000;91.63000;1766.9;275.0;234.0;48.0;17.51;0.000;0.17498;0.04096;0.00;0.000;1.443;0.947;0.000;0.557;96.189;60.66;60.66;15376.3;774.10;13.38;3.08;1.05;207428.40;49857.60;0.00;19233.7;10.78;2.59;0.00;28/09/2024 16:11:10;
29/09/2024;9;2.0TD;3;0.000067552275000000;0.169;0.939356135;118.520174;0.557;2.195;115.768174;57.94;11.78177;1.26097;0.75;0.25;43.55792;90.68500;101.96000;73.51000;91.63000;1766.9;275.0;234.0;48.0;23.03;0.000;0.17498;0.04096;0.00;0.000;1.485;0.947;0.000;0.557;99.031;57.94;57.94;16345.1;725.40;18.90;3.08;1.05;183887.44;187219.20;0.00;19634.3;9.37;9.54;0.00;28/09/2024 16:11:10;
29/09/2024;10;2.0TD;3;0.000079914305000000;0.150;0.832009341;70.475270;0.557;2.195;67.723270;19.86;11.78177;1.26097;0.75;0.25;43.55792;90.68500;101.96000;73.51000;91.63000;1766.9;275.0;234.0;48.0;21.57;0.000;0.17498;0.04096;0.00;0.000;0.883;0.947;0.000;0.557;58.889;19.90;18.80;20676.1;699.10;17.44;3.08;1.05;173769.48;195581.36;0.00;21176.9;8.21;9.24;0.00;28/09/2024 16:11:10;
29/09/2024;11;2.0TD;3;0.000090289849000000;0.141;0.784084304;38.171835;0.557;2.195;35.419835;0.00;11.78177;1.26097;0.75;0.25;43.55792;90.68500;101.96000;73.51000;91.63000;1766.9;275.0;234.0;48.0;14.00;0.000;0.17498;0.04096;0.00;0.000;0.466;0.947;0.000;0.557;31.042;0.00;0.00;23493.5;1126.20;9.87;3.08;1.05;192119.76;23246.64;0.00;21822.6;8.80;1.07;0.00;28/09/2024 16:11:10;
29/09/2024;12;2.0TD;3;0.000094519478000000;0.140;0.776951276;37.804492;0.557;2.195;35.052492;-0.23;11.78177;1.26097;0.75;0.25;43.55792;90.68500;101.96000;73.51000;91.63000;1766.9;275.0;234.0;48.0;13.94;0.000;0.17498;0.04096;0.00;0.000;0.461;0.947;0.000;0.557;30.747;-0.12;-2.42;23395.8;1186.80;9.81;3.08;1.05;192585.08;23246.64;0.00;22007.3;8.75;1.06;0.00;28/09/2024 16:11:10;
29/09/2024;13;2.0TD;3;0.000097014222000000;0.139;0.770301148;37.924092;0.557;2.195;35.172092;-0.54;11.78177;1.26097;0.75;0.25;43.55792;90.68500;101.96000;73.51000;91.63000;1766.9;275.0;234.0;48.0;14.38;0.000;0.17498;0.04096;0.00;0.000;0.463;0.947;0.000;0.557;30.879;-0.39;-3.59;23622.0;1194.30;10.25;3.08;1.05;224912.76;3572.80;0.00;22285.5;10.09;0.16;0.00;28/09/2024 16:11:10;
29/09/2024;14;2.0TD;3;0.000103229201000000;0.138;0.768407531;37.662198;0.557;2.195;34.910198;-0.55;11.78177;1.26097;0.75;0.25;43.55792;90.68500;101.96000;73.51000;91.63000;1766.9;275.0;234.0;48.0;14.19;0.000;0.17498;0.04096;0.00;0.000;0.460;0.947;0.000;0.557;30.676;-0.50;-1.61;23810.7;1324.30;10.06;3.08;1.05;224933.44;3392.00;0.00;22693.8;9.91;0.15;0.00;28/09/2024 16:11:10;
29/09/2024;15;2.0TD;3;0.000104635133000000;0.138;0.765362240;37.639438;0.557;2.195;34.887438;-0.60;11.78177;1.26097;0.75;0.25;43.55792;90.68500;101.96000;73.51000;91.63000;1766.9;275.0;234.0;48.0;14.22;0.000;0.17498;0.04096;0.00;0.000;0.460;0.947;0.000;0.557;30.656;-0.45;-3.45;23743.3;1247.40;10.09;3.08;1.05;224858.72;3449.52;0.00;22623.6;9.94;0.15;0.00;28/09/2024 16:11:10;
29/09/2024;16;2.0TD;3;0.000095050716000000;0.142;0.787909586;37.924230;0.557;2.195;35.172230;-1.06;11.78177;1.26097;0.75;0.25;43.55792;90.68500;101.96000;73.51000;91.63000;1766.9;275.0;234.0;48.0;14.82;0.000;0.17498;0.04096;0.00;0.000;0.462;0.947;0.000;0.557;30.798;-0.79;-5.76;22489.7;1282.80;10.69;3.08;1.05;225209.20;4948.32;0.00;21532.6;10.46;0.23;0.00;28/09/2024 16:11:10;
29/09/2024;17;2.0TD;3;0.000090830940000000;0.147;0.817838540;38.369562;0.557;2.195;35.617562;-1.05;11.78177;1.26097;0.75;0.25;43.55792;90.68500;101.96000;73.51000;91.63000;1766.9;275.0;234.0;48.0;15.06;0.000;0.17498;0.04096;0.00;0.000;0.466;0.947;0.000;0.557;31.052;-0.79;-5.58;21932.3;1253.80;10.93;3.08;1.05;225319.40;5062.40;0.00;21069.4;10.69;0.24;0.00;28/09/2024 16:11:10;
29/09/2024;18;2.0TD;3;0.000092241416000000;0.156;0.866210251;38.332293;0.557;2.195;35.580293;-0.05;11.78177;1.26097;0.75;0.25;43.55792;90.68500;101.96000;73.51000;91.63000;1766.9;275.0;234.0;48.0;13.79;0.000;0.17498;0.04096;0.00;0.000;0.462;0.947;0.000;0.557;30.778;-0.01;-1.00;22282.7;1048.60;9.66;3.08;1.05;183695.92;23147.04;0.00;21410.1;8.58;1.08;0.00;28/09/2024 16:11:10;
29/09/2024;19;2.0TD;3;0.000096410747000000;0.161;0.896302657;50.025366;0.557;2.195;47.273366;8.96;11.78177;1.26097;0.75;0.25;43.55792;90.68500;101.96000;73.51000;91.63000;1766.9;275.0;234.0;48.0;14.57;0.000;0.17498;0.04096;0.00;0.000;0.611;0.947;0.000;0.557;40.717;8.60;18.58;22094.7;822.10;10.44;3.08;1.05;100274.92;134776.20;0.00;22520.9;4.45;5.98;0.00;28/09/2024 16:11:10;
29/09/2024;20;2.0TD;3;0.000101637604000000;0.162;0.899468639;130.792548;0.557;2.195;128.040548;72.46;11.78177;1.26097;0.75;0.25;43.55792;90.68500;101.96000;73.51000;91.63000;1766.9;275.0;234.0;48.0;19.50;0.000;0.17498;0.04096;0.00;0.000;1.653;0.947;0.000;0.557;110.189;72.34;76.34;18729.5;587.20;15.37;3.08;1.05;54109.80;296875.00;0.00;22830.5;2.37;13.00;0.00;28/09/2024 16:11:10;
29/09/2024;21;2.0TD;3;0.000122633276000000;0.157;0.874321852;140.977402;0.557;2.195;138.225402;95.00;11.78177;1.26097;0.75;0.25;43.55792;90.68500;101.96000;73.51000;91.63000;1766.9;275.0;234.0;48.0;6.10;0.000;0.17498;0.04096;0.00;0.000;1.792;0.947;0.000;0.557;119.468;95.00;95.00;17209.4;917.80;1.97;3.08;1.05;37637.56;11172.00;0.00;24793.8;1.52;0.45;0.00;28/09/2024 16:11:10;
29/09/2024;22;2.0TD;3;0.000135395946000000;0.153;0.849154724;149.137802;0.557;2.195;146.385802;101.78;11.78177;1.26097;0.75;0.25;43.55792;90.68500;101.96000;73.51000;91.63000;1766.9;275.0;234.0;48.0;6.70;0.000;0.17498;0.04096;0.00;0.000;1.904;0.947;0.000;0.557;126.960;101.89;100.00;17346.7;1119.20;2.57;3.08;1.05;32617.04;7140.96;24859.38;25120.7;1.30;0.28;0.99;28/09/2024 16:11:10;
29/09/2024;23;2.0TD;3;0.000121599688000000;0.158;0.876643771;143.800800;0.557;2.195;141.048800;96.05;11.78177;1.26097;0.75;0.25;43.55792;90.68500;101.96000;73.51000;91.63000;1766.9;275.0;234.0;48.0;7.35;0.000;0.17498;0.04096;0.00;0.000;1.827;0.947;0.000;0.557;121.803;95.98;97.20;16755.8;968.00;3.22;3.08;1.05;36877.84;14364.00;24859.38;23643.9;1.56;0.61;1.05;28/09/2024 16:11:10;
29/09/2024;24;2.0TD;3;0.000104040877000000;0.164;0.909920130;133.482935;0.557;2.195;130.730935;85.25;11.78177;1.26097;0.75;0.25;43.55792;90.68500;101.96000;73.51000;91.63000;1766.9;275.0;234.0;48.0;8.80;0.000;0.17498;0.04096;0.00;0.000;1.685;0.947;0.000;0.557;112.311;84.99;89.40;15804.5;987.00;4.67;3.08;1.05;44818.12;32497.20;24859.38;21879.0;2.05;1.49;1.14;28/09/2024 16:11:10;
*
