pvpcdata;
2024;09;10;12;19;15;
29/08/2024;1;2.0TD;3;0.000114526099000000;0.172;0.953779318;150.454185;0.557;2.195;147.702185;124.36;-7.82806;1.00084;0.75;0.25;120.36625;89.05400;101.96000;73.51000;75.32000;2262.1;275.0;234.0;57.0;5.89;0.000;0.17498;0.04096;0.00;0.000;1.890;0.947;0.000;0.557;126.025;124.36;0.00;20605.1;0.00;1.76;3.08;1.05;5939.12;15832.32;24859.38;26564.5;0.22;0.60;0.94;28/08/2024 16:08:37;
29/08/2024;2;2.0TD;3;0.000099056514000000;0.171;0.948144035;144.182752;0.557;2.195;141.430752;119.00;-7.82806;1.00084;0.75;0.25;120.36625;89.05400;101.96000;73.51000;75.32000;2262.1;275.0;234.0;57.0;6.08;0.000;0.17498;0.04096;0.00;0.000;1.812;0.947;0.000;0.557;120.777;119.00;0.00;19593.4;0.00;1.95;3.08;1.05;8258.56;15832.32;24859.38;25142.1;0.33;0.63;0.99;28/08/2024 16:08:37;
29/08/2024;3;2.0TD;3;0.000088954144000000;0.171;0.947226314;142.149896;0.557;2.195;139.397896;117.13;-7.82806;1.00084;0.75;0.25;120.36625;89.05400;101.96000;73.51000;75.32000;2262.1;275.0;234.0;57.0;6.24;0.000;0.17498;0.04096;0.00;0.000;1.786;0.947;0.000;0.557;119.041;117.13;0.00;18583.8;0.00;2.11;3.08;1.05;9722.92;15852.16;24859.38;23968.8;0.41;0.66;1.04;28/08/2024 16:08:37;
29/08/2024;4;2.0TD;3;0.000083250524000000;0.169;0.938589012;142.967419;0.557;2.195;140.215419;118.53;-7.82806;1.00084;0.75;0.25;120.36625;89.05400;101.96000;73.51000;75.32000;2262.1;275.0;234.0;57.0;5.73;0.000;0.17498;0.04096;0.00;0.000;1.799;0.947;0.000;0.557;119.944;118.53;0.00;17692.5;0.00;1.60;3.08;1.05;21207.32;15852.16;0.00;23165.5;0.92;0.68;0.00;28/08/2024 16:08:37;
29/08/2024;5;2.0TD;3;0.000079828024000000;0.167;0.929814569;143.213002;0.557;2.195;140.461002;118.85;-7.82806;1.00084;0.75;0.25;120.36625;89.05400;101.96000;73.51000;75.32000;2262.1;275.0;234.0;57.0;5.82;0.000;0.17498;0.04096;0.00;0.000;1.805;0.947;0.000;0.557;120.360;118.85;0.00;17468.2;0.00;1.69;3.08;1.05;22677.48;15852.16;0.00;22849.1;0.99;0.69;0.00;28/08/2024 16:08:37;
29/08/2024;6;2.0TD;3;0.000078522488000000;0.165;0.916143107;143.836710;0.557;2.195;141.084710;119.82;-7.82806;1.00084;0.75;0.25;120.36625;89.05400;101.96000;73.51000;75.32000;2262.1;275.0;234.0;57.0;5.58;0.000;0.17498;0.04096;0.00;0.000;1.817;0.947;0.000;0.557;121.102;119.82;0.00;17617.5;0.00;1.45;3.08;1.05;17550.36;15852.16;0.00;22989.8;0.76;0.69;0.00;28/08/2024 16:08:37;
29/08/2024;7;2.0TD;3;0.000080798162000000;0.160;0.889660289;149.554356;0.557;2.195;146.802356;124.50;-7.82806;1.00084;0.75;0.25;120.36625;89.05400;101.96000;73.51000;75.32000;2262.1;275.0;234.0;57.0;6.27;0.000;0.17498;0.04096;0.00;0.000;1.898;0.947;0.000;0.557;126.553;124.50;0.00;17555.9;0.00;2.14;3.08;1.05;12164.56;15832.32;24859.38;24687.4;0.49;0.64;1.01;28/08/2024 16:08:37;
29/08/2024;8;2.0TD;3;0.000083679352000000;0.159;0.884878394;154.052213;0.557;2.195;151.300213;128.45;-7.82806;1.00084;0.75;0.25;120.36625;89.05400;101.96000;73.51000;75.32000;2262.1;275.0;234.0;57.0;6.25;0.000;0.17498;0.04096;0.00;0.000;1.958;0.947;0.000;0.557;130.543;128.45;0.00;18790.5;0.00;2.12;3.08;1.05;15397.32;15852.16;24859.38;26385.2;0.58;0.60;0.94;28/08/2024 16:08:37;
29/08/2024;9;2.0TD;2;0.000090767710000000;0.148;0.909775028;180.186371;19.184;8.779;152.223371;128.85;-7.82806;1.00084;0.75;0.25;120.36625;89.05400;101.96000;73.51000;75.32000;2262.1;275.0;234.0;57.0;7.72;0.154;0.17498;0.04096;0.00;0.000;1.989;0.947;0.000;0.557;132.598;128.85;0.00;19580.2;0.00;3.59;3.08;1.05;18414.20;55108.00;24859.38;27421.2;0.67;2.01;0.91;28/08/2024 16:08:37;
29/08/2024;10;2.0TD;2;0.000102139823000000;0.141;0.867187507;168.392437;19.184;8.779;140.429437;120.00;-7.82806;1.00084;0.75;0.25;120.36625;89.05400;101.96000;73.51000;75.32000;2262.1;275.0;234.0;57.0;7.19;0.154;0.17498;0.04096;0.00;0.000;1.846;0.947;0.000;0.557;123.075;120.00;0.00;19820.8;0.00;3.06;3.08;1.05;26749.08;36650.88;24859.38;28839.4;0.93;1.27;0.86;28/08/2024 16:08:37;
29/08/2024;11;2.0TD;1;0.000110401705000000;0.149;0.891048474;211.065466;33.081;43.893;134.091466;112.84;-7.82806;1.00084;0.75;0.25;120.36625;89.05400;101.96000;73.51000;75.32000;2262.1;275.0;234.0;57.0;7.30;0.926;0.17498;0.04096;0.00;0.000;1.751;0.947;0.000;0.557;116.702;112.84;0.00;21484.5;0.00;3.17;3.08;1.05;37602.48;33024.00;24859.38;30125.8;1.25;1.10;0.83;28/08/2024 16:08:37;
29/08/2024;12;2.0TD;1;0.000115082119000000;0.151;0.902559812;212.525838;33.081;43.893;135.551838;114.60;-7.82806;1.00084;0.75;0.25;120.36625;89.05400;101.96000;73.51000;75.32000;2262.1;275.0;234.0;57.0;6.59;0.926;0.17498;0.04096;0.00;0.000;1.767;0.947;0.000;0.557;117.768;114.60;0.00;22545.6;0.00;2.46;3.08;1.05;36119.92;14912.00;24859.38;30850.1;1.17;0.48;0.81;28/08/2024 16:08:37;
29/08/2024;13;2.0TD;1;0.000120720238000000;0.151;0.904500421;205.233102;33.081;43.893;128.259102;107.42;-7.82806;1.00084;0.75;0.25;120.36625;89.05400;101.96000;73.51000;75.32000;2262.1;275.0;234.0;57.0;7.53;0.926;0.17498;0.04096;0.00;0.000;1.671;0.947;0.000;0.557;111.432;107.42;0.00;23168.4;0.00;3.40;3.08;1.05;42318.96;40000.00;24859.38;31570.0;1.34;1.27;0.79;28/08/2024 16:08:37;
29/08/2024;14;2.0TD;1;0.000130760823000000;0.148;0.887092896;208.652763;33.081;43.893;131.678763;111.11;-7.82806;1.00084;0.75;0.25;120.36625;89.05400;101.96000;73.51000;75.32000;2262.1;275.0;234.0;57.0;7.06;0.926;0.17498;0.04096;0.00;0.000;1.721;0.947;0.000;0.557;114.702;111.11;0.00;24061.7;0.00;2.93;3.08;1.05;38926.04;30400.00;24859.38;32160.2;1.21;0.95;0.77;28/08/2024 16:08:37;
29/08/2024;15;2.0TD;2;0.000134798671000000;0.151;0.924484405;165.942297;19.184;8.779;137.979297;117.13;-7.82806;1.00084;0.75;0.25;120.36625;89.05400;101.96000;73.51000;75.32000;2262.1;275.0;234.0;57.0;6.91;0.154;0.17498;0.04096;0.00;0.000;1.798;0.947;0.000;0.557;119.877;117.13;0.00;24197.2;0.00;2.78;3.08;1.05;33394.00;32205.60;24859.38;32530.3;1.03;0.99;0.76;28/08/2024 16:08:37;
29/08/2024;16;2.0TD;2;0.000130899451000000;0.151;0.924341789;162.378801;19.184;8.779;134.415801;114.00;-7.82806;1.00084;0.75;0.25;120.36625;89.05400;101.96000;73.51000;75.32000;2262.1;275.0;234.0;57.0;6.99;0.154;0.17498;0.04096;0.00;0.000;1.752;0.947;0.000;0.557;116.781;114.00;0.00;24165.1;0.00;2.86;3.08;1.05;32371.04;34151.04;24859.38;31912.5;1.01;1.07;0.78;28/08/2024 16:08:37;
29/08/2024;17;2.0TD;2;0.000129065268000000;0.153;0.936564448;163.126602;19.184;8.779;135.163602;114.00;-7.82806;1.00084;0.75;0.25;120.36625;89.05400;101.96000;73.51000;75.32000;2262.1;275.0;234.0;57.0;7.43;0.154;0.17498;0.04096;0.00;0.000;1.758;0.947;0.000;0.557;117.227;114.00;0.00;23904.0;0.00;3.30;3.08;1.05;28484.96;51200.00;24859.38;31669.4;0.90;1.62;0.78;28/08/2024 16:08:37;
29/08/2024;18;2.0TD;2;0.000130342859000000;0.157;0.963591767;157.640434;19.184;8.779;129.677434;108.96;-7.82806;1.00084;0.75;0.25;120.36625;89.05400;101.96000;73.51000;75.32000;2262.1;275.0;234.0;57.0;7.40;0.154;0.17498;0.04096;0.00;0.000;1.681;0.947;0.000;0.557;112.080;108.96;0.00;23161.4;0.00;3.27;3.08;1.05;32570.76;45032.24;24859.38;31329.9;1.04;1.44;0.79;28/08/2024 16:08:37;
29/08/2024;19;2.0TD;1;0.000130942815000000;0.156;0.934520742;220.214833;33.081;43.893;143.240833;117.89;-7.82806;1.00084;0.75;0.25;120.36625;89.05400;101.96000;73.51000;75.32000;2262.1;275.0;234.0;57.0;9.35;0.926;0.17498;0.04096;0.00;0.000;1.859;0.947;0.000;0.557;123.910;117.89;0.00;23030.7;0.00;5.22;3.08;1.05;21408.04;117315.20;24859.38;31285.4;0.68;3.75;0.79;28/08/2024 16:08:37;
29/08/2024;20;2.0TD;1;0.000130242045000000;0.159;0.952895423;229.304564;33.081;43.893;152.330564;128.18;-7.82806;1.00084;0.75;0.25;120.36625;89.05400;101.96000;73.51000;75.32000;2262.1;275.0;234.0;57.0;6.47;0.926;0.17498;0.04096;0.00;0.000;1.971;0.947;0.000;0.557;131.432;128.18;0.00;21685.1;0.00;2.34;3.08;1.05;15159.12;31674.96;24859.38;30689.1;0.49;1.03;0.81;28/08/2024 16:08:37;
29/08/2024;21;2.0TD;1;0.000133862160000000;0.162;0.971896863;236.128208;33.081;43.893;159.154208;131.99;-7.82806;1.00084;0.75;0.25;120.36625;89.05400;101.96000;73.51000;75.32000;2262.1;275.0;234.0;57.0;8.11;0.926;0.17498;0.04096;0.00;0.000;2.054;0.947;0.000;0.557;136.965;131.99;0.00;20736.7;0.00;3.98;3.08;1.05;55797.56;39102.72;24859.38;30125.1;1.85;1.30;0.83;28/08/2024 16:08:37;
29/08/2024;22;2.0TD;1;0.000151654736000000;0.163;0.973702281;242.192985;33.081;43.893;165.218985;138.00;-7.82806;1.00084;0.75;0.25;120.36625;89.05400;101.96000;73.51000;75.32000;2262.1;275.0;234.0;57.0;7.12;0.926;0.17498;0.04096;0.00;0.000;2.131;0.947;0.000;0.557;142.062;138.00;0.00;21652.2;0.00;2.99;3.08;1.05;50550.68;15385.44;24859.38;30351.6;1.67;0.51;0.82;28/08/2024 16:08:37;
29/08/2024;23;2.0TD;2;0.000147742603000000;0.167;1.024779328;181.438386;19.184;8.779;153.475386;128.45;-7.82806;1.00084;0.75;0.25;120.36625;89.05400;101.96000;73.51000;75.32000;2262.1;275.0;234.0;57.0;7.05;0.154;0.17498;0.04096;0.00;0.000;1.973;0.947;0.000;0.557;131.512;128.45;0.00;20274.9;0.00;2.92;3.08;1.05;44913.84;14382.00;24859.38;28793.5;1.56;0.50;0.86;28/08/2024 16:08:37;
29/08/2024;24;2.0TD;2;0.000131100292000000;0.163;1.001803389;177.157008;19.184;8.779;149.194008;124.73;-7.82806;1.00084;0.75;0.25;120.36625;89.05400;101.96000;73.51000;75.32000;2262.1;275.0;234.0;57.0;7.59;0.154;0.17498;0.04096;0.00;0.000;1.924;0.947;0.000;0.557;128.283;124.73;0.00;19360.5;0.00;3.46;3.08;1.05;53459.08;14427.84;24859.38;26869.5;1.99;0.54;0.93;28/08/2024 16:08:37;
*
