pvpcdata;
2024;06;11;12;31;05;
16/05/2024;1;2.0TD;3;0.000085993119000000;0.187;1.040250203;99.006242;0.557;2.195;96.254242;54.03;10.76720;1.11579;0.75;0.25;32.35000;75.41880;101.96000;48.69000;28.32000;1756.6;275.0;154.0;61.0;12.11;0.000;0.17498;0.04096;0.00;0.000;1.216;0.947;0.000;0.557;81.090;53.52;60.51;16779.4;1310.80;7.70;3.16;1.25;99860.76;53692.80;24859.38;23165.3;4.31;2.32;1.07;15/05/2024 16:10:17;
16/05/2024;2;2.0TD;3;0.000072014483000000;0.193;1.070430567;84.922675;0.557;2.195;82.170675;40.70;10.76720;1.11579;0.75;0.25;32.35000;75.41880;101.96000;48.69000;28.32000;1756.6;275.0;154.0;61.0;13.41;0.000;0.17498;0.04096;0.00;0.000;1.033;0.947;0.000;0.557;68.877;39.52;58.78;15646.6;1017.80;9.00;3.16;1.25;116739.44;55930.00;24859.38;21944.3;5.32;2.55;1.13;15/05/2024 16:10:17;
16/05/2024;3;2.0TD;3;0.000064373748000000;0.194;1.075342853;81.512237;0.557;2.195;78.760237;36.70;10.76720;1.11579;0.75;0.25;32.35000;75.41880;101.96000;48.69000;28.32000;1756.6;275.0;154.0;61.0;14.54;0.000;0.17498;0.04096;0.00;0.000;0.989;0.947;0.000;0.557;65.963;35.50;55.50;15272.6;972.20;10.13;3.16;1.25;130546.00;58577.96;24859.38;21131.4;6.18;2.77;1.18;15/05/2024 16:10:17;
16/05/2024;4;2.0TD;3;0.000060774015000000;0.194;1.078035220;80.142719;0.557;2.195;77.390719;35.82;10.76720;1.11579;0.75;0.25;32.35000;75.41880;101.96000;48.69000;28.32000;1756.6;275.0;154.0;61.0;14.29;0.000;0.17498;0.04096;0.00;0.000;0.972;0.947;0.000;0.557;64.816;35.01;47.86;14796.2;989.00;9.88;3.16;1.25;155519.80;50272.56;0.00;20831.0;7.47;2.41;0.00;15/05/2024 16:10:17;
16/05/2024;5;2.0TD;3;0.000059503256000000;0.193;1.073054475;80.357064;0.557;2.195;77.605064;34.92;10.76720;1.11579;0.75;0.25;32.35000;75.41880;101.96000;48.69000;28.32000;1756.6;275.0;154.0;61.0;15.42;0.000;0.17498;0.04096;0.00;0.000;0.976;0.947;0.000;0.557;65.050;35.00;34.00;14661.7;1219.60;11.01;3.16;1.25;177116.64;53752.36;0.00;20972.6;8.45;2.56;0.00;15/05/2024 16:10:17;
16/05/2024;6;2.0TD;3;0.000060842159000000;0.189;1.051533668;80.216952;0.557;2.195;77.464952;34.04;10.76720;1.11579;0.75;0.25;32.35000;75.41880;101.96000;48.69000;28.32000;1756.6;275.0;154.0;61.0;16.40;0.000;0.17498;0.04096;0.00;0.000;0.977;0.947;0.000;0.557;65.151;34.47;29.62;15081.5;1463.90;11.99;3.16;1.25;197761.72;60570.12;0.00;21551.0;9.18;2.81;0.00;15/05/2024 16:10:17;
16/05/2024;7;2.0TD;3;0.000066509403000000;0.175;0.970419413;79.031058;0.557;2.195;76.279058;34.74;10.76720;1.11579;0.75;0.25;32.35000;75.41880;101.96000;48.69000;28.32000;1756.6;275.0;154.0;61.0;15.47;0.000;0.17498;0.04096;0.00;0.000;0.974;0.947;0.000;0.557;64.918;35.00;32.00;16168.2;1550.60;11.06;3.16;1.25;188787.08;47872.00;24859.38;23641.5;7.99;2.02;1.05;15/05/2024 16:10:17;
16/05/2024;8;2.0TD;3;0.000078829777000000;0.165;0.915479820;76.265070;0.557;2.195;73.513070;35.18;10.76720;1.11579;0.75;0.25;32.35000;75.41880;101.96000;48.69000;28.32000;1756.6;275.0;154.0;61.0;13.24;0.000;0.17498;0.04096;0.00;0.000;0.947;0.947;0.000;0.557;63.101;35.01;38.51;18188.1;926.00;8.83;3.16;1.25;152266.20;49729.76;24859.38;25693.7;5.93;1.94;0.97;15/05/2024 16:10:17;
16/05/2024;9;2.0TD;2;0.000091075423000000;0.178;1.089719850;107.239275;19.184;8.779;79.276275;35.01;10.76720;1.11579;0.75;0.25;32.35000;75.41880;101.96000;48.69000;28.32000;1756.6;275.0;154.0;61.0;17.39;0.154;0.17498;0.04096;0.00;0.000;1.009;0.947;0.000;0.557;67.297;35.01;35.01;20594.9;1277.30;12.98;3.16;1.25;172361.12;154830.00;24859.38;27137.8;6.35;5.71;0.92;15/05/2024 16:10:17;
16/05/2024;10;2.0TD;2;0.000096241013000000;0.146;0.896052702;98.838914;19.184;8.779;70.875914;29.86;10.76720;1.11579;0.75;0.25;32.35000;75.41880;101.96000;48.69000;28.32000;1756.6;275.0;154.0;61.0;17.17;0.154;0.17498;0.04096;0.00;0.000;0.928;0.947;0.000;0.557;61.846;30.00;27.55;25756.8;1573.40;12.76;3.16;1.25;231738.28;95120.00;24859.38;27566.7;8.41;3.45;0.90;15/05/2024 16:10:17;
16/05/2024;11;2.0TD;1;0.000100865358000000;0.149;0.889233247;132.348156;33.081;43.893;55.374156;11.95;10.76720;1.11579;0.75;0.25;32.35000;75.41880;101.96000;48.69000;28.32000;1756.6;275.0;154.0;61.0;20.86;0.926;0.17498;0.04096;0.00;0.000;0.723;0.947;0.000;0.557;48.193;12.00;11.00;28933.7;1578.00;16.45;3.16;1.25;291211.16;132796.80;24859.38;27278.5;10.68;4.87;0.91;15/05/2024 16:10:17;
16/05/2024;12;2.0TD;1;0.000102818780000000;0.148;0.887934748;118.791447;33.081;43.893;41.817447;3.24;10.76720;1.11579;0.75;0.25;32.35000;75.41880;101.96000;48.69000;28.32000;1756.6;275.0;154.0;61.0;17.98;0.926;0.17498;0.04096;0.00;0.000;0.546;0.947;0.000;0.557;36.426;3.25;3.10;29586.0;1671.30;13.57;3.16;1.25;319780.32;22996.80;24859.38;27103.1;11.80;0.85;0.92;15/05/2024 16:10:17;
16/05/2024;13;2.0TD;1;0.000107000781000000;0.146;0.876963199;118.672754;33.081;43.893;41.698754;3.25;10.76720;1.11579;0.75;0.25;32.35000;75.41880;101.96000;48.69000;28.32000;1756.6;275.0;154.0;61.0;17.93;0.926;0.17498;0.04096;0.00;0.000;0.546;0.947;0.000;0.557;36.386;3.25;3.20;29556.7;1785.10;13.52;3.16;1.25;319760.04;22896.00;24859.38;27169.5;11.77;0.84;0.91;15/05/2024 16:10:17;
16/05/2024;14;2.0TD;1;0.000114317346000000;0.144;0.859417027;117.867821;33.081;43.893;40.893821;2.89;10.76720;1.11579;0.75;0.25;32.35000;75.41880;101.96000;48.69000;28.32000;1756.6;275.0;154.0;61.0;17.66;0.926;0.17498;0.04096;0.00;0.000;0.536;0.947;0.000;0.557;35.746;2.95;1.95;29306.0;1872.60;13.25;3.16;1.25;311941.08;22400.00;24859.38;27121.3;11.50;0.83;0.92;15/05/2024 16:10:17;
16/05/2024;15;2.0TD;2;0.000113517887000000;0.162;0.996002243;67.056569;19.184;8.779;39.093569;2.15;10.76720;1.11579;0.75;0.25;32.35000;75.41880;101.96000;48.69000;28.32000;1756.6;275.0;154.0;61.0;17.10;0.154;0.17498;0.04096;0.00;0.000;0.505;0.947;0.000;0.557;33.643;2.15;2.15;29716.8;1759.90;12.69;3.16;1.25;296853.56;15350.40;24859.38;26579.6;11.17;0.58;0.94;15/05/2024 16:10:17;
16/05/2024;16;2.0TD;2;0.000103771994000000;0.169;1.038709642;65.238140;19.184;8.779;37.275140;0.46;10.76720;1.11579;0.75;0.25;32.35000;75.41880;101.96000;48.69000;28.32000;1756.6;275.0;154.0;61.0;17.06;0.154;0.17498;0.04096;0.00;0.000;0.478;0.947;0.000;0.557;31.886;0.49;0.00;29443.1;1722.40;12.65;3.16;1.25;290313.24;12167.60;24859.38;25884.2;11.22;0.47;0.96;15/05/2024 16:10:17;
16/05/2024;17;2.0TD;2;0.000097624504000000;0.177;1.087520294;65.362584;19.184;8.779;37.399584;0.54;10.76720;1.11579;0.75;0.25;32.35000;75.41880;101.96000;48.69000;28.32000;1756.6;275.0;154.0;61.0;16.87;0.154;0.17498;0.04096;0.00;0.000;0.477;0.947;0.000;0.557;31.775;0.57;0.00;29033.1;1713.30;12.46;3.16;1.25;282143.96;12144.80;24859.38;25605.4;11.02;0.47;0.97;15/05/2024 16:10:17;
16/05/2024;18;2.0TD;2;0.000097673768000000;0.182;1.118054992;68.076944;19.184;8.779;40.113944;2.52;10.76720;1.11579;0.75;0.25;32.35000;75.41880;101.96000;48.69000;28.32000;1756.6;275.0;154.0;61.0;17.02;0.154;0.17498;0.04096;0.00;0.000;0.509;0.947;0.000;0.557;33.937;2.60;1.25;28158.8;1749.10;12.61;3.16;1.25;281418.60;20813.00;24859.38;25947.1;10.85;0.80;0.96;15/05/2024 16:10:17;
16/05/2024;19;2.0TD;1;0.000099531041000000;0.161;0.966544915;122.270818;33.081;43.893;45.296818;3.25;10.76720;1.11579;0.75;0.25;32.35000;75.41880;101.96000;48.69000;28.32000;1756.6;275.0;154.0;61.0;20.52;0.926;0.17498;0.04096;0.00;0.000;0.585;0.947;0.000;0.557;39.015;3.25;3.25;27186.2;1324.60;16.11;3.16;1.25;280349.36;116622.72;24859.38;26187.7;10.71;4.45;0.95;15/05/2024 16:10:17;
16/05/2024;20;2.0TD;1;0.000104556306000000;0.161;0.964927928;150.630565;33.081;43.893;73.656565;29.85;10.76720;1.11579;0.75;0.25;32.35000;75.41880;101.96000;48.69000;28.32000;1756.6;275.0;154.0;61.0;17.98;0.926;0.17498;0.04096;0.00;0.000;0.952;0.947;0.000;0.557;63.442;30.00;27.00;24247.8;1311.90;13.57;3.16;1.25;190830.24;148413.24;24859.38;26841.4;7.11;5.53;0.93;15/05/2024 16:10:17;
16/05/2024;21;2.0TD;1;0.000116601456000000;0.162;0.970352762;165.593171;33.081;43.893;88.619171;39.55;10.76720;1.11579;0.75;0.25;32.35000;75.41880;101.96000;48.69000;28.32000;1756.6;275.0;154.0;61.0;20.91;0.926;0.17498;0.04096;0.00;0.000;1.144;0.947;0.000;0.557;76.264;39.52;40.13;20391.9;1118.40;16.50;3.16;1.25;115276.84;311947.20;24859.38;27404.4;4.21;11.38;0.91;15/05/2024 16:10:17;
16/05/2024;22;2.0TD;1;0.000133756129000000;0.168;1.005672016;246.459382;33.081;43.893;169.485382;119.97;10.76720;1.11579;0.75;0.25;32.35000;75.41880;101.96000;48.69000;28.32000;1756.6;275.0;154.0;61.0;8.30;0.926;0.17498;0.04096;0.00;0.000;2.177;0.947;0.000;0.557;145.107;120.00;119.66;18048.4;1559.60;3.89;3.16;1.25;18577.08;65600.00;24859.38;28059.3;0.66;2.34;0.89;15/05/2024 16:10:17;
16/05/2024;23;2.0TD;2;0.000127157290000000;0.197;1.209246970;184.457999;19.184;8.779;156.494999;106.31;10.76720;1.11579;0.75;0.25;32.35000;75.41880;101.96000;48.69000;28.32000;1756.6;275.0;154.0;61.0;8.58;0.154;0.17498;0.04096;0.00;0.000;1.961;0.947;0.000;0.557;130.739;106.39;105.38;17815.3;1452.60;4.17;3.16;1.25;23535.96;62912.00;24859.38;26679.6;0.88;2.36;0.93;15/05/2024 16:10:17;
16/05/2024;24;2.0TD;2;0.000105214919000000;0.202;1.239831329;157.057015;19.184;8.779;129.094015;81.81;10.76720;1.11579;0.75;0.25;32.35000;75.41880;101.96000;48.69000;28.32000;1756.6;275.0;154.0;61.0;10.09;0.154;0.17498;0.04096;0.00;0.000;1.611;0.947;0.000;0.557;107.399;81.94;79.74;17830.3;1119.50;5.68;3.16;1.25;51325.04;62169.12;24859.38;24380.4;2.11;2.55;1.02;15/05/2024 16:10:17;
*
