pvpcdata;
2024;07;09;11;17;58;
05/06/2024;1;2.0TD;3;0.000091605086000000;0.171;0.948455363;147.158201;0.557;2.195;144.406201;117.01;-3.86365;1.08490;0.75;0.25;93.26042;77.80580;101.96000;48.69000;52.19000;1810.3;275.0;154.0;62.0;6.93;0.000;0.17498;0.04096;0.00;0.000;1.850;0.947;0.000;0.557;123.318;117.01;117.01;16222.3;1537.00;2.59;3.20;1.14;20723.08;15872.00;24859.38;23717.8;0.87;0.67;1.05;04/06/2024 16:08:50;
05/06/2024;2;2.0TD;3;0.000077664772000000;0.170;0.945785000;143.019442;0.557;2.195;140.267442;112.42;-3.86365;1.08490;0.75;0.25;93.26042;77.80580;101.96000;48.69000;52.19000;1810.3;275.0;154.0;62.0;8.14;0.000;0.17498;0.04096;0.00;0.000;1.798;0.947;0.000;0.557;119.886;112.42;112.42;15428.6;1461.70;3.80;3.20;1.14;44426.00;15872.00;24859.38;22403.7;1.98;0.71;1.11;04/06/2024 16:08:50;
05/06/2024;3;2.0TD;3;0.000069214005000000;0.171;0.950185652;140.845340;0.557;2.195;138.093340;110.00;-3.86365;1.08490;0.75;0.25;93.26042;77.80580;101.96000;48.69000;52.19000;1810.3;275.0;154.0;62.0;8.63;0.000;0.17498;0.04096;0.00;0.000;1.769;0.947;0.000;0.557;117.927;110.00;110.00;15044.1;1475.40;4.29;3.20;1.14;51207.68;15872.00;24859.38;21451.8;2.39;0.74;1.16;04/06/2024 16:08:50;
05/06/2024;4;2.0TD;3;0.000064877240000000;0.172;0.953147463;140.356172;0.557;2.195;137.604172;110.00;-3.86365;1.08490;0.75;0.25;93.26042;77.80580;101.96000;48.69000;52.19000;1810.3;275.0;154.0;62.0;8.12;0.000;0.17498;0.04096;0.00;0.000;1.761;0.947;0.000;0.557;117.409;110.00;110.00;14746.1;1423.00;3.78;3.20;1.14;63914.48;16000.00;0.00;21143.9;3.02;0.76;0.00;04/06/2024 16:08:50;
05/06/2024;5;2.0TD;3;0.000063065332000000;0.171;0.951105454;134.223335;0.557;2.195;131.471335;104.60;-3.86365;1.08490;0.75;0.25;93.26042;77.80580;101.96000;48.69000;52.19000;1810.3;275.0;154.0;62.0;8.46;0.000;0.17498;0.04096;0.00;0.000;1.684;0.947;0.000;0.557;112.272;104.68;103.68;14457.1;1232.20;4.12;3.20;1.14;70599.20;15872.00;0.00;20997.9;3.36;0.76;0.00;04/06/2024 16:08:50;
05/06/2024;6;2.0TD;3;0.000063297864000000;0.168;0.930588035;136.104549;0.557;2.195;133.352549;107.03;-3.86365;1.08490;0.75;0.25;93.26042;77.80580;101.96000;48.69000;52.19000;1810.3;275.0;154.0;62.0;7.90;0.000;0.17498;0.04096;0.00;0.000;1.713;0.947;0.000;0.557;114.171;107.19;105.40;14431.0;1395.20;3.56;3.20;1.14;67596.64;9106.00;0.00;21517.6;3.14;0.42;0.00;04/06/2024 16:08:50;
05/06/2024;7;2.0TD;3;0.000065918433000000;0.161;0.892618995;139.524421;0.557;2.195;136.772421;110.00;-3.86365;1.08490;0.75;0.25;93.26042;77.80580;101.96000;48.69000;52.19000;1810.3;275.0;154.0;62.0;8.51;0.000;0.17498;0.04096;0.00;0.000;1.767;0.947;0.000;0.557;117.805;110.00;110.00;15844.1;1516.90;4.17;3.20;1.14;63812.64;8960.00;24859.38;23406.9;2.73;0.38;1.06;04/06/2024 16:08:50;
05/06/2024;8;2.0TD;3;0.000074511568000000;0.158;0.879172571;198.093518;0.557;2.195;195.341518;122.87;-3.86365;1.08490;0.75;0.25;93.26042;77.80580;101.96000;48.69000;52.19000;1810.3;275.0;154.0;62.0;45.76;0.000;0.17498;0.04096;0.00;0.000;2.530;0.947;0.000;0.557;168.688;123.08;120.09;17188.7;1267.80;41.42;3.20;1.14;20640.84;1013659.92;24859.38;25570.0;0.81;39.64;0.97;04/06/2024 16:08:50;
05/06/2024;9;2.0TD;2;0.000085967495000000;0.147;0.904598367;218.623881;19.184;8.779;190.660881;119.93;-3.86365;1.08490;0.75;0.25;93.26042;77.80580;101.96000;48.69000;52.19000;1810.3;275.0;154.0;62.0;46.12;0.154;0.17498;0.04096;0.00;0.000;2.493;0.947;0.000;0.557;166.225;120.22;115.81;19535.4;1375.10;41.78;3.20;1.14;16039.52;1085040.00;24859.38;26944.4;0.60;40.27;0.92;04/06/2024 16:08:50;
05/06/2024;10;2.0TD;2;0.000092526863000000;0.143;0.879669576;174.826730;19.184;8.779;146.863730;110.76;-3.86365;1.08490;0.75;0.25;93.26042;77.80580;101.96000;48.69000;52.19000;1810.3;275.0;154.0;62.0;18.12;0.154;0.17498;0.04096;0.00;0.000;1.927;0.947;0.000;0.557;128.489;110.91;107.91;22055.2;1138.50;13.78;3.20;1.14;30558.24;325324.80;24859.38;27622.8;1.11;11.78;0.90;04/06/2024 16:08:50;
05/06/2024;11;2.0TD;1;0.000097754292000000;0.144;0.863381052;185.119412;33.081;43.893;108.145412;81.44;-3.86365;1.08490;0.75;0.25;93.26042;77.80580;101.96000;48.69000;52.19000;1810.3;275.0;154.0;62.0;13.22;0.926;0.17498;0.04096;0.00;0.000;1.418;0.947;0.000;0.557;94.532;81.56;78.56;23239.7;934.00;8.88;3.20;1.14;61685.64;163203.92;24859.38;28112.0;2.19;5.81;0.88;04/06/2024 16:08:50;
05/06/2024;12;2.0TD;1;0.000101141522000000;0.144;0.860249629;151.392004;33.081;43.893;74.418004;55.33;-3.86365;1.08490;0.75;0.25;93.26042;77.80580;101.96000;48.69000;52.19000;1810.3;275.0;154.0;62.0;10.29;0.926;0.17498;0.04096;0.00;0.000;0.976;0.947;0.000;0.557;65.050;55.00;63.00;25847.3;1117.50;5.95;3.20;1.14;84020.00;62190.16;24859.38;28739.2;2.92;2.16;0.86;04/06/2024 16:08:50;
05/06/2024;13;2.0TD;1;0.000106598982000000;0.146;0.873210965;145.635103;33.081;43.893;68.661103;50.58;-3.86365;1.08490;0.75;0.25;93.26042;77.80580;101.96000;48.69000;52.19000;1810.3;275.0;154.0;62.0;9.98;0.926;0.17498;0.04096;0.00;0.000;0.899;0.947;0.000;0.557;59.913;50.21;59.20;26370.3;1139.90;5.64;3.20;1.14;88309.68;51600.00;24859.38;29236.3;3.02;1.76;0.85;04/06/2024 16:08:50;
05/06/2024;14;2.0TD;1;0.000115469772000000;0.144;0.859488245;142.495116;33.081;43.893;65.521116;47.95;-3.86365;1.08490;0.75;0.25;93.26042;77.80580;101.96000;48.69000;52.19000;1810.3;275.0;154.0;62.0;10.01;0.926;0.17498;0.04096;0.00;0.000;0.859;0.947;0.000;0.557;57.273;47.25;62.25;26904.6;1320.30;5.67;3.20;1.14;91132.08;51540.00;24859.38;29532.7;3.09;1.75;0.84;04/06/2024 16:08:50;
05/06/2024;15;2.0TD;2;0.000116491373000000;0.144;0.885278220;78.615548;19.184;8.779;50.652548;35.85;-3.86365;1.08490;0.75;0.25;93.26042;77.80580;101.96000;48.69000;52.19000;1810.3;275.0;154.0;62.0;10.08;0.154;0.17498;0.04096;0.00;0.000;0.664;0.947;0.000;0.557;44.276;35.01;49.00;26949.5;1727.80;5.74;3.20;1.14;102146.96;39502.56;24859.38;29044.7;3.52;1.36;0.86;04/06/2024 16:08:50;
05/06/2024;16;2.0TD;2;0.000108400594000000;0.146;0.892874754;78.506989;19.184;8.779;50.543989;35.65;-3.86365;1.08490;0.75;0.25;93.26042;77.80580;101.96000;48.69000;52.19000;1810.3;275.0;154.0;62.0;10.11;0.154;0.17498;0.04096;0.00;0.000;0.662;0.947;0.000;0.557;44.104;35.01;45.21;26902.8;1796.60;5.77;3.20;1.14;93786.92;45808.40;24859.38;28466.4;3.29;1.61;0.87;04/06/2024 16:08:50;
05/06/2024;17;2.0TD;2;0.000104153408000000;0.147;0.900539430;78.865372;19.184;8.779;50.902372;35.81;-3.86365;1.08490;0.75;0.25;93.26042;77.80580;101.96000;48.69000;52.19000;1810.3;275.0;154.0;62.0;10.22;0.154;0.17498;0.04096;0.00;0.000;0.666;0.947;0.000;0.557;44.378;35.01;48.73;26594.7;1639.80;5.88;3.20;1.14;93779.20;46080.00;24859.38;28055.2;3.34;1.64;0.89;04/06/2024 16:08:50;
05/06/2024;18;2.0TD;2;0.000104113342000000;0.150;0.918321291;104.554958;19.184;8.779;76.591958;55.30;-3.86365;1.08490;0.75;0.25;93.26042;77.80580;101.96000;48.69000;52.19000;1810.3;275.0;154.0;62.0;12.62;0.154;0.17498;0.04096;0.00;0.000;0.999;0.947;0.000;0.557;66.601;54.88;63.87;25194.8;1236.50;8.28;3.20;1.14;77327.60;132148.80;24859.38;28299.3;2.73;4.67;0.88;04/06/2024 16:08:50;
05/06/2024;19;2.0TD;1;0.000104062835000000;0.152;0.910394902;208.506714;33.081;43.893;131.532714;78.90;-3.86365;1.08490;0.75;0.25;93.26042;77.80580;101.96000;48.69000;52.19000;1810.3;275.0;154.0;62.0;35.11;0.926;0.17498;0.04096;0.00;0.000;1.713;0.947;0.000;0.557;114.177;79.00;76.00;22305.3;736.80;30.77;3.20;1.14;58599.56;784000.80;24859.38;28187.0;2.08;27.81;0.88;04/06/2024 16:08:50;
05/06/2024;20;2.0TD;1;0.000105013439000000;0.153;0.917433712;273.563616;33.081;43.893;196.589616;108.14;-3.86365;1.08490;0.75;0.25;93.26042;77.80580;101.96000;48.69000;52.19000;1810.3;275.0;154.0;62.0;61.35;0.926;0.17498;0.04096;0.00;0.000;2.558;0.947;0.000;0.557;170.502;108.41;102.40;21310.4;1001.30;57.01;3.20;1.14;34781.44;1570793.84;24859.38;28599.5;1.22;54.92;0.87;04/06/2024 16:08:50;
05/06/2024;21;2.0TD;1;0.000111096990000000;0.153;0.913621264;287.586402;33.081;43.893;210.612402;124.11;-3.86365;1.08490;0.75;0.25;93.26042;77.80580;101.96000;48.69000;52.19000;1810.3;275.0;154.0;62.0;57.36;0.926;0.17498;0.04096;0.00;0.000;2.740;0.947;0.000;0.557;182.664;124.12;123.97;21030.6;1151.50;53.02;3.20;1.14;17593.32;1475302.40;24859.38;28628.5;0.61;51.53;0.87;04/06/2024 16:08:50;
05/06/2024;22;2.0TD;1;0.000121346405000000;0.154;0.919742934;282.859951;33.081;43.893;205.885951;170.66;-3.86365;1.08490;0.75;0.25;93.26042;77.80580;101.96000;48.69000;52.19000;1810.3;275.0;154.0;62.0;6.62;0.926;0.17498;0.04096;0.00;0.000;2.676;0.947;0.000;0.557;178.410;170.01;183.00;18990.7;1006.00;2.28;3.20;1.14;-6627.88;46080.00;24859.38;28100.7;-0.24;1.64;0.88;04/06/2024 16:08:50;
05/06/2024;23;2.0TD;2;0.000124888194000000;0.158;0.968502367;178.400752;19.184;8.779;150.437752;123.93;-3.86365;1.08490;0.75;0.25;93.26042;77.80580;101.96000;48.69000;52.19000;1810.3;275.0;154.0;62.0;6.35;0.154;0.17498;0.04096;0.00;0.000;1.949;0.947;0.000;0.557;129.911;124.07;121.59;18333.2;1109.70;2.01;3.20;1.14;17633.08;11648.00;24859.38;26966.7;0.65;0.43;0.92;04/06/2024 16:08:50;
05/06/2024;24;2.0TD;2;0.000108559565000000;0.157;0.960280643;166.371095;19.184;8.779;138.408095;113.08;-3.86365;1.08490;0.75;0.25;93.26042;77.80580;101.96000;48.69000;52.19000;1810.3;275.0;154.0;62.0;7.07;0.154;0.17498;0.04096;0.00;0.000;1.794;0.947;0.000;0.557;119.626;113.20;111.20;16608.9;1026.20;2.73;3.20;1.14;31042.60;11371.36;24859.38;24694.0;1.26;0.46;1.01;04/06/2024 16:08:50;
*
