pvpcdata;
2024;04;10;12;05;39;
11/03/2024;1;2.0TD;3;0.000104701511000000;0.221;1.225095356;45.157683;0.557;2.195;42.405683;0.10;19.80153;0.82927;0.75;0.25;14.63250;93.83860;101.96000;97.42000;37.09000;2402.1;275.0;177.0;46.0;16.35;0.000;0.17498;0.04096;0.00;0.000;0.000;0.521;0.565;0.000;0.557;34.730;0.10;0.10;18731.6;2366.50;11.54;3.40;1.41;235456.80;5487.60;24859.38;23032.7;10.22;0.24;1.08;10/03/2024 16:03:50;
11/03/2024;2;2.0TD;3;0.000086321257000000;0.228;1.267761682;44.827319;0.557;2.195;42.075319;0.00;19.80153;0.82927;0.75;0.25;14.63250;93.83860;101.96000;97.42000;37.09000;2402.1;275.0;177.0;46.0;15.99;0.000;0.17498;0.04096;0.00;0.000;0.000;0.514;0.565;0.000;0.557;34.263;0.00;0.00;17917.8;2700.80;11.18;3.40;1.41;235478.12;5372.00;0.00;21540.0;10.93;0.25;0.00;10/03/2024 16:03:50;
11/03/2024;3;2.0TD;3;0.000076271231000000;0.235;1.305063670;45.104212;0.557;2.195;42.352212;-0.39;19.80153;0.82927;0.75;0.25;14.63250;93.83860;101.96000;97.42000;37.09000;2402.1;275.0;177.0;46.0;16.41;0.000;0.17498;0.04096;0.00;0.000;0.000;0.514;0.565;0.000;0.557;34.293;0.00;-2.99;17244.9;2570.80;11.60;3.40;1.41;235478.28;4730.24;0.00;20714.5;11.37;0.23;0.00;10/03/2024 16:03:50;
11/03/2024;4;2.0TD;3;0.000071337342000000;0.238;1.322725719;45.408886;0.557;2.195;42.656886;-0.40;19.80153;0.82927;0.75;0.25;14.63250;93.83860;101.96000;97.42000;37.09000;2402.1;275.0;177.0;46.0;16.58;0.000;0.17498;0.04096;0.00;0.000;0.000;0.517;0.565;0.000;0.557;34.456;0.00;-2.99;17034.8;2631.80;11.77;3.40;1.41;235478.36;4742.40;0.00;20405.5;11.54;0.23;0.00;10/03/2024 16:03:50;
11/03/2024;5;2.0TD;3;0.000069807726000000;0.239;1.326225518;45.455733;0.557;2.195;42.703733;-0.38;19.80153;0.82927;0.75;0.25;14.63250;93.83860;101.96000;97.42000;37.09000;2402.1;275.0;177.0;46.0;16.57;0.000;0.17498;0.04096;0.00;0.000;0.000;0.517;0.565;0.000;0.557;34.466;0.00;-3.00;16960.5;2510.50;11.76;3.40;1.41;235478.40;4705.92;0.00;20431.0;11.53;0.23;0.00;10/03/2024 16:03:50;
11/03/2024;6;2.0TD;3;0.000072157516000000;0.231;1.281338331;44.554654;0.557;2.195;41.802654;-0.37;19.80153;0.82927;0.75;0.25;14.63250;93.83860;101.96000;97.42000;37.09000;2402.1;275.0;177.0;46.0;16.06;0.000;0.17498;0.04096;0.00;0.000;0.000;0.509;0.565;0.000;0.557;33.958;0.00;-3.00;17738.7;2508.40;11.25;3.40;1.41;235478.24;4742.40;0.00;21359.6;11.02;0.22;0.00;10/03/2024 16:03:50;
11/03/2024;7;2.0TD;3;0.000082384420000000;0.208;1.153836835;45.662926;0.557;2.195;42.910926;1.68;19.80153;0.82927;0.75;0.25;14.63250;93.83860;101.96000;97.42000;37.09000;2402.1;275.0;177.0;46.0;15.55;0.000;0.17498;0.04096;0.00;0.000;0.000;0.533;0.565;0.000;0.557;35.522;1.68;1.68;19935.3;2483.60;10.74;3.40;1.41;235063.24;6834.88;24859.38;24822.8;9.47;0.28;1.00;10/03/2024 16:03:50;
11/03/2024;8;2.0TD;3;0.000101300124000000;0.190;1.054741826;46.376554;0.557;2.195;43.624554;5.06;19.80153;0.82927;0.75;0.25;14.63250;93.83860;101.96000;97.42000;37.09000;2402.1;275.0;177.0;46.0;13.29;0.000;0.17498;0.04096;0.00;0.000;0.000;0.550;0.565;0.000;0.557;36.659;4.97;5.98;23341.3;2367.50;8.48;3.40;1.41;208727.72;10624.00;24859.38;28799.2;7.25;0.37;0.86;10/03/2024 16:03:50;
11/03/2024;9;2.0TD;2;0.000112404540000000;0.180;1.102500195;72.148442;19.184;8.779;44.185442;3.20;19.80153;0.82927;0.75;0.25;14.63250;93.83860;101.96000;97.42000;37.09000;2402.1;275.0;177.0;46.0;15.77;0.154;0.17498;0.04096;0.00;0.000;0.000;0.562;0.565;0.000;0.557;37.445;3.20;3.20;24626.0;2851.00;10.96;3.40;1.41;245091.96;68922.92;24859.38;30918.9;7.93;2.23;0.80;10/03/2024 16:03:50;
11/03/2024;10;2.0TD;2;0.000117859211000000;0.163;0.998826165;67.934484;19.184;8.779;39.971484;0.01;19.80153;0.82927;0.75;0.25;14.63250;93.83860;101.96000;97.42000;37.09000;2402.1;275.0;177.0;46.0;15.93;0.154;0.17498;0.04096;0.00;0.000;0.000;0.516;0.565;0.000;0.557;34.369;0.01;0.01;25671.6;2912.10;11.12;3.40;1.41;293390.84;27576.00;24859.38;31089.8;9.44;0.89;0.80;10/03/2024 16:03:50;
11/03/2024;11;2.0TD;1;0.000122237796000000;0.163;0.978822702;117.431618;33.081;43.893;40.457618;-0.12;19.80153;0.82927;0.75;0.25;14.63250;93.83860;101.96000;97.42000;37.09000;2402.1;275.0;177.0;46.0;15.70;0.926;0.17498;0.04096;0.00;0.000;0.000;0.522;0.565;0.000;0.557;34.787;0.00;-0.99;26795.1;3670.80;10.89;3.40;1.41;293393.96;17890.00;24859.38;30877.6;9.50;0.58;0.81;10/03/2024 16:03:50;
11/03/2024;12;2.0TD;1;0.000121625469000000;0.161;0.965503417;117.078759;33.081;43.893;40.104759;-0.37;19.80153;0.82927;0.75;0.25;14.63250;93.83860;101.96000;97.42000;37.09000;2402.1;275.0;177.0;46.0;15.71;0.926;0.17498;0.04096;0.00;0.000;0.000;0.518;0.565;0.000;0.557;34.543;0.00;-3.00;26750.0;3809.60;10.90;3.40;1.41;293394.20;12983.88;24859.38;30402.5;9.65;0.43;0.82;10/03/2024 16:03:50;
11/03/2024;13;2.0TD;1;0.000122228589000000;0.158;0.947867788;116.787533;33.081;43.893;39.813533;-0.56;19.80153;0.82927;0.75;0.25;14.63250;93.83860;101.96000;97.42000;37.09000;2402.1;275.0;177.0;46.0;15.74;0.926;0.17498;0.04096;0.00;0.000;0.000;0.516;0.565;0.000;0.557;34.381;0.00;-5.00;27771.8;3547.10;10.93;3.40;1.41;293394.16;10771.20;24859.38;30109.3;9.74;0.36;0.83;10/03/2024 16:03:50;
11/03/2024;14;2.0TD;1;0.000128821173000000;0.153;0.918161181;116.591414;33.081;43.893;39.617414;-0.57;19.80153;0.82927;0.75;0.25;14.63250;93.83860;101.96000;97.42000;37.09000;2402.1;275.0;177.0;46.0;15.73;0.926;0.17498;0.04096;0.00;0.000;0.000;0.515;0.565;0.000;0.557;34.360;0.00;-5.00;27653.9;3618.90;10.92;3.40;1.41;293394.20;10105.68;24859.38;30071.6;9.76;0.34;0.83;10/03/2024 16:03:50;
11/03/2024;15;2.0TD;2;0.000129430302000000;0.159;0.977132606;67.278933;19.184;8.779;39.315933;-0.35;19.80153;0.82927;0.75;0.25;14.63250;93.83860;101.96000;97.42000;37.09000;2402.1;275.0;177.0;46.0;15.85;0.154;0.17498;0.04096;0.00;0.000;0.000;0.509;0.565;0.000;0.557;33.922;0.00;-3.00;27182.0;3639.30;11.04;3.40;1.41;293394.24;9209.68;24859.38;29674.8;9.89;0.31;0.84;10/03/2024 16:03:50;
11/03/2024;16;2.0TD;2;0.000121585194000000;0.164;1.007931491;67.719757;19.184;8.779;39.756757;-0.37;19.80153;0.82927;0.75;0.25;14.63250;93.83860;101.96000;97.42000;37.09000;2402.1;275.0;177.0;46.0;16.10;0.154;0.17498;0.04096;0.00;0.000;0.000;0.512;0.565;0.000;0.557;34.155;0.00;-3.00;26709.6;3757.10;11.29;3.40;1.41;293394.20;10445.76;24859.38;29093.6;10.08;0.36;0.85;10/03/2024 16:03:50;
11/03/2024;17;2.0TD;2;0.000116207606000000;0.171;1.049855617;68.957707;19.184;8.779;40.994707;-0.24;19.80153;0.82927;0.75;0.25;14.63250;93.83860;101.96000;97.42000;37.09000;2402.1;275.0;177.0;46.0;16.81;0.154;0.17498;0.04096;0.00;0.000;0.000;0.525;0.565;0.000;0.557;35.008;0.00;-2.00;26191.4;3577.00;12.00;3.40;1.41;293394.00;27821.28;24859.38;28828.1;10.18;0.97;0.86;10/03/2024 16:03:50;
11/03/2024;18;2.0TD;2;0.000117542948000000;0.176;1.079191808;70.171156;19.184;8.779;42.208156;0.03;19.80153;0.82927;0.75;0.25;14.63250;93.83860;101.96000;97.42000;37.09000;2402.1;275.0;177.0;46.0;17.41;0.154;0.17498;0.04096;0.00;0.000;0.000;0.538;0.565;0.000;0.557;35.891;0.00;0.33;25494.1;2842.30;12.60;3.40;1.41;272039.88;71297.12;24859.38;29213.4;9.31;2.44;0.85;10/03/2024 16:03:50;
11/03/2024;19;2.0TD;1;0.000124952161000000;0.171;1.026790439;124.782756;33.081;43.893;47.808756;5.81;19.80153;0.82927;0.75;0.25;14.63250;93.83860;101.96000;97.42000;37.09000;2402.1;275.0;177.0;46.0;15.72;0.926;0.17498;0.04096;0.00;0.000;0.000;0.612;0.565;0.000;0.557;40.827;5.51;8.99;23559.7;2227.70;10.91;3.40;1.41;220218.28;78044.00;24859.38;29611.0;7.44;2.64;0.84;10/03/2024 16:03:50;
11/03/2024;20;2.0TD;1;0.000148842510000000;0.174;1.040999256;197.204854;33.081;43.893;120.230854;70.23;19.80153;0.82927;0.75;0.25;14.63250;93.83860;101.96000;97.42000;37.09000;2402.1;275.0;177.0;46.0;11.96;0.926;0.17498;0.04096;0.00;0.000;0.000;1.536;0.565;0.000;0.557;102.411;70.00;73.33;24419.9;1850.80;7.15;3.40;1.41;117911.96;82360.80;24859.38;31468.9;3.75;2.62;0.79;10/03/2024 16:03:50;
11/03/2024;21;2.0TD;1;0.000174943428000000;0.175;1.045928227;217.646515;33.081;43.893;140.672515;87.97;19.80153;0.82927;0.75;0.25;14.63250;93.83860;101.96000;97.42000;37.09000;2402.1;275.0;177.0;46.0;11.27;0.926;0.17498;0.04096;0.00;0.000;0.000;1.796;0.565;0.000;0.557;119.721;87.97;87.97;24982.3;2221.60;6.46;3.40;1.41;94232.88;94200.00;24859.38;33007.5;2.85;2.85;0.75;10/03/2024 16:03:50;
11/03/2024;22;2.0TD;1;0.000179419280000000;0.176;1.052989124;204.991348;33.081;43.893;128.017348;76.64;19.80153;0.82927;0.75;0.25;14.63250;93.83860;101.96000;97.42000;37.09000;2402.1;275.0;177.0;46.0;11.90;0.926;0.17498;0.04096;0.00;0.000;0.000;1.633;0.565;0.000;0.557;108.858;76.64;76.64;24105.4;2083.40;7.09;3.40;1.41;109905.32;92299.20;24859.38;32055.4;3.43;2.88;0.78;10/03/2024 16:03:50;
11/03/2024;23;2.0TD;2;0.000158868987000000;0.190;1.164991350;155.049394;19.184;8.779;127.086394;75.00;19.80153;0.82927;0.75;0.25;14.63250;93.83860;101.96000;97.42000;37.09000;2402.1;275.0;177.0;46.0;12.28;0.154;0.17498;0.04096;0.00;0.000;0.000;1.602;0.565;0.000;0.557;106.795;75.00;75.00;21704.5;2033.00;7.47;3.40;1.41;112647.88;80330.16;24859.38;29158.4;3.86;2.75;0.85;10/03/2024 16:03:50;
11/03/2024;24;2.0TD;2;0.000129853878000000;0.197;1.206620115;94.755946;19.184;8.779;66.792946;26.18;19.80153;0.82927;0.75;0.25;14.63250;93.83860;101.96000;97.42000;37.09000;2402.1;275.0;177.0;46.0;10.87;0.154;0.17498;0.04096;0.00;0.000;0.000;0.837;0.565;0.000;0.557;55.800;26.10;27.24;19635.1;1527.40;6.06;3.40;1.41;90223.36;43146.00;24859.38;26121.6;3.45;1.65;0.95;10/03/2024 16:03:50;
*
