pvpcdata;
2024;05;13;12;31;20;
13/04/2024;1;2.0TD;3;0.000105789290000000;0.199;1.106589852;78.348529;0.557;2.195;75.596529;24.21;16.55343;1.03624;0.75;0.25;9.16708;75.38080;101.96000;48.69000;27.94000;1849.0;275.0;154.0;50.0;19.02;0.000;0.17498;0.04096;0.00;0.000;0.946;0.947;0.000;0.557;63.049;24.15;25.15;16565.3;1019.80;14.25;3.35;1.42;253121.84;48097.92;24859.38;22886.9;11.06;2.10;1.09;12/04/2024 16:04:21;
13/04/2024;2;2.0TD;3;0.000088637175000000;0.205;1.137372286;74.016482;0.557;2.195;71.264482;17.78;16.55343;1.03624;0.75;0.25;9.16708;75.38080;101.96000;48.69000;27.94000;1849.0;275.0;154.0;50.0;21.60;0.000;0.17498;0.04096;0.00;0.000;0.887;0.947;0.000;0.557;59.140;17.73;18.41;15274.9;1099.00;16.83;3.35;1.42;284965.20;53148.16;24859.38;21563.8;13.21;2.46;1.15;12/04/2024 16:04:21;
13/04/2024;3;2.0TD;3;0.000077489420000000;0.208;1.153453092;75.505792;0.557;2.195;72.753792;17.23;16.55343;1.03624;0.75;0.25;9.16708;75.38080;101.96000;48.69000;27.94000;1849.0;275.0;154.0;50.0;23.22;0.000;0.17498;0.04096;0.00;0.000;0.903;0.947;0.000;0.557;60.226;17.15;18.41;14598.0;1051.90;18.45;3.35;1.42;299974.84;53595.32;24859.38;20512.3;14.62;2.61;1.21;12/04/2024 16:04:21;
13/04/2024;4;2.0TD;3;0.000071197015000000;0.209;1.163791137;71.417940;0.557;2.195;68.665940;11.58;16.55343;1.03624;0.75;0.25;9.16708;75.38080;101.96000;48.69000;27.94000;1849.0;275.0;154.0;50.0;25.49;0.000;0.17498;0.04096;0.00;0.000;0.852;0.947;0.000;0.557;56.795;11.13;18.41;13867.8;912.80;20.72;3.35;1.42;352612.96;58459.44;0.00;19836.8;17.78;2.95;0.00;12/04/2024 16:04:21;
13/04/2024;5;2.0TD;3;0.000068450690000000;0.210;1.168915207;68.599775;0.557;2.195;65.847775;8.32;16.55343;1.03624;0.75;0.25;9.16708;75.38080;101.96000;48.69000;27.94000;1849.0;275.0;154.0;50.0;26.41;0.000;0.17498;0.04096;0.00;0.000;0.816;0.947;0.000;0.557;54.419;7.74;16.62;13335.6;932.00;21.64;3.35;1.42;360320.12;61209.72;0.00;19481.2;18.50;3.14;0.00;12/04/2024 16:04:21;
13/04/2024;6;2.0TD;3;0.000068434449000000;0.210;1.164991858;67.236105;0.557;2.195;64.484105;7.12;16.55343;1.03624;0.75;0.25;9.16708;75.38080;101.96000;48.69000;27.94000;1849.0;275.0;154.0;50.0;26.50;0.000;0.17498;0.04096;0.00;0.000;0.799;0.947;0.000;0.557;53.292;6.79;11.79;13453.0;948.20;21.73;3.35;1.42;359359.40;61977.24;0.00;19387.7;18.54;3.20;0.00;12/04/2024 16:04:21;
13/04/2024;7;2.0TD;3;0.000070774588000000;0.203;1.128542533;69.880181;0.557;2.195;67.128181;10.85;16.55343;1.03624;0.75;0.25;9.16708;75.38080;101.96000;48.69000;27.94000;1849.0;275.0;154.0;50.0;25.24;0.000;0.17498;0.04096;0.00;0.000;0.837;0.947;0.000;0.557;55.800;10.39;18.41;13849.6;851.70;20.47;3.35;1.42;350311.72;59099.04;0.00;20002.0;17.51;2.95;0.00;12/04/2024 16:04:21;
13/04/2024;8;2.0TD;3;0.000075262792000000;0.195;1.084833707;69.215091;0.557;2.195;66.463091;11.76;16.55343;1.03624;0.75;0.25;9.16708;75.38080;101.96000;48.69000;27.94000;1849.0;275.0;154.0;50.0;24.15;0.000;0.17498;0.04096;0.00;0.000;0.834;0.947;0.000;0.557;55.617;11.76;11.76;14609.7;849.10;19.38;3.35;1.42;352762.28;54573.72;0.00;21017.5;16.78;2.60;0.00;12/04/2024 16:04:21;
13/04/2024;9;2.0TD;3;0.000089354577000000;0.180;0.998832443;66.943586;0.557;2.195;64.191586;13.26;16.55343;1.03624;0.75;0.25;9.16708;75.38080;101.96000;48.69000;27.94000;1849.0;275.0;154.0;50.0;21.45;0.000;0.17498;0.04096;0.00;0.000;0.816;0.947;0.000;0.557;54.399;13.26;13.26;16277.3;932.00;16.68;3.35;1.42;299085.16;64404.48;0.00;21797.6;13.72;2.95;0.00;12/04/2024 16:04:21;
13/04/2024;10;2.0TD;3;0.000113091554000000;0.164;0.908938342;45.853347;0.557;2.195;43.101347;0.01;16.55343;1.03624;0.75;0.25;9.16708;75.38080;101.96000;48.69000;27.94000;1849.0;275.0;154.0;50.0;17.59;0.000;0.17498;0.04096;0.00;0.000;0.555;0.947;0.000;0.557;37.028;0.01;0.00;18595.0;1243.80;12.82;3.35;1.42;218210.16;76410.88;0.00;22974.3;9.50;3.33;0.00;12/04/2024 16:04:21;
13/04/2024;11;2.0TD;3;0.000129349029000000;0.158;0.877277748;43.139160;0.557;2.195;40.387160;-0.18;16.55343;1.03624;0.75;0.25;9.16708;75.38080;101.96000;48.69000;27.94000;1849.0;275.0;154.0;50.0;15.66;0.000;0.17498;0.04096;0.00;0.000;0.523;0.947;0.000;0.557;34.876;-0.02;-2.50;20727.5;1607.70;10.89;3.35;1.42;181351.76;76379.04;0.00;23658.9;7.67;3.23;0.00;12/04/2024 16:04:21;
13/04/2024;12;2.0TD;3;0.000133648544000000;0.158;0.875190009;41.352366;0.557;2.195;38.600366;-0.39;16.55343;1.03624;0.75;0.25;9.16708;75.38080;101.96000;48.69000;27.94000;1849.0;275.0;154.0;50.0;14.35;0.000;0.17498;0.04096;0.00;0.000;0.500;0.947;0.000;0.557;33.333;-0.10;-4.09;21848.1;1689.00;9.58;3.35;1.42;182423.64;44616.00;0.00;23702.6;7.70;1.88;0.00;12/04/2024 16:04:21;
13/04/2024;13;2.0TD;3;0.000134792090000000;0.157;0.869928008;40.954577;0.557;2.195;38.202577;-0.40;16.55343;1.03624;0.75;0.25;9.16708;75.38080;101.96000;48.69000;27.94000;1849.0;275.0;154.0;50.0;14.05;0.000;0.17498;0.04096;0.00;0.000;0.495;0.947;0.000;0.557;33.018;-0.10;-4.10;21800.3;1753.50;9.28;3.35;1.42;182860.20;34342.00;0.00;23416.4;7.81;1.47;0.00;12/04/2024 16:04:21;
13/04/2024;14;2.0TD;3;0.000141342604000000;0.152;0.845698645;40.743404;0.557;2.195;37.991404;-0.40;16.55343;1.03624;0.75;0.25;9.16708;75.38080;101.96000;48.69000;27.94000;1849.0;275.0;154.0;50.0;14.01;0.000;0.17498;0.04096;0.00;0.000;0.495;0.947;0.000;0.557;32.978;-0.10;-4.10;22075.9;1774.00;9.24;3.35;1.42;182786.56;33044.00;0.00;23360.0;7.82;1.41;0.00;12/04/2024 16:04:21;
13/04/2024;15;2.0TD;3;0.000139862721000000;0.152;0.845839282;41.643116;0.557;2.195;38.891116;-0.50;16.55343;1.03624;0.75;0.25;9.16708;75.38080;101.96000;48.69000;27.94000;1849.0;275.0;154.0;50.0;14.88;0.000;0.17498;0.04096;0.00;0.000;0.506;0.947;0.000;0.557;33.759;-0.20;-4.20;21775.2;1770.30;10.11;3.35;1.42;183137.72;48799.84;0.00;22936.6;7.98;2.13;0.00;12/04/2024 16:04:21;
13/04/2024;16;2.0TD;3;0.000123530279000000;0.164;0.909717821;42.272883;0.557;2.195;39.520883;-0.77;16.55343;1.03624;0.75;0.25;9.16708;75.38080;101.96000;48.69000;27.94000;1849.0;275.0;154.0;50.0;15.34;0.000;0.17498;0.04096;0.00;0.000;0.509;0.947;0.000;0.557;33.952;-0.40;-5.00;20963.3;1825.70;10.57;3.35;1.42;183841.40;48563.48;0.00;21994.5;8.36;2.21;0.00;12/04/2024 16:04:21;
13/04/2024;17;2.0TD;3;0.000112002874000000;0.170;0.942626892;42.619339;0.557;2.195;39.867339;-0.79;16.55343;1.03624;0.75;0.25;9.16708;75.38080;101.96000;48.69000;27.94000;1849.0;275.0;154.0;50.0;15.48;0.000;0.17498;0.04096;0.00;0.000;0.511;0.947;0.000;0.557;34.074;-0.40;-5.00;20427.3;1899.60;10.71;3.35;1.42;184029.76;47237.84;0.00;21584.0;8.53;2.19;0.00;12/04/2024 16:04:21;
13/04/2024;18;2.0TD;3;0.000106662406000000;0.177;0.980737236;44.435042;0.557;2.195;41.683042;-0.25;16.55343;1.03624;0.75;0.25;9.16708;75.38080;101.96000;48.69000;27.94000;1849.0;275.0;154.0;50.0;16.26;0.000;0.17498;0.04096;0.00;0.000;0.531;0.947;0.000;0.557;35.414;-0.08;-2.50;21528.9;1658.30;11.49;3.35;1.42;181721.48;64400.00;0.00;21427.2;8.48;3.01;0.00;12/04/2024 16:04:21;
13/04/2024;19;2.0TD;3;0.000105222051000000;0.184;1.022253540;45.524768;0.557;2.195;42.772768;-0.10;16.55343;1.03624;0.75;0.25;9.16708;75.38080;101.96000;48.69000;27.94000;1849.0;275.0;154.0;50.0;16.81;0.000;0.17498;0.04096;0.00;0.000;0.542;0.947;0.000;0.557;36.125;0.00;-1.45;20784.3;1657.20;12.04;3.35;1.42;182235.76;84333.60;0.00;22142.4;8.23;3.81;0.00;12/04/2024 16:04:21;
13/04/2024;20;2.0TD;3;0.000107763632000000;0.190;1.057907511;53.388462;0.557;2.195;50.636462;3.76;16.55343;1.03624;0.75;0.25;9.16708;75.38080;101.96000;48.69000;27.94000;1849.0;275.0;154.0;50.0;19.28;0.000;0.17498;0.04096;0.00;0.000;0.638;0.947;0.000;0.557;42.551;3.25;12.54;19129.2;1105.90;14.51;3.35;1.42;106843.76;228810.40;0.00;23139.2;4.62;9.89;0.00;12/04/2024 16:04:21;
13/04/2024;21;2.0TD;3;0.000121986973000000;0.198;1.100961296;66.426477;0.557;2.195;63.674477;25.08;16.55343;1.03624;0.75;0.25;9.16708;75.38080;101.96000;48.69000;27.94000;1849.0;275.0;154.0;50.0;8.40;0.000;0.17498;0.04096;0.00;0.000;0.797;0.947;0.000;0.557;53.150;24.96;27.06;18175.2;1141.80;3.63;3.35;1.42;80983.60;7960.00;0.00;24516.5;3.30;0.32;0.00;12/04/2024 16:04:21;
13/04/2024;22;2.0TD;3;0.000147350905000000;0.196;1.088232046;79.239368;0.557;2.195;76.487368;35.25;16.55343;1.03624;0.75;0.25;9.16708;75.38080;101.96000;48.69000;27.94000;1849.0;275.0;154.0;50.0;8.87;0.000;0.17498;0.04096;0.00;0.000;0.959;0.947;0.000;0.557;63.952;35.00;38.43;18896.2;1455.50;4.10;3.35;1.42;63298.64;16000.00;24859.38;25423.6;2.49;0.63;0.98;12/04/2024 16:04:21;
13/04/2024;23;2.0TD;3;0.000140227795000000;0.203;1.125756538;67.242002;0.557;2.195;64.490002;24.42;16.55343;1.03624;0.75;0.25;9.16708;75.38080;101.96000;48.69000;27.94000;1849.0;275.0;154.0;50.0;9.51;0.000;0.17498;0.04096;0.00;0.000;0.804;0.947;0.000;0.557;53.607;24.26;26.95;17624.1;1144.80;4.74;3.35;1.42;81804.08;7424.00;24859.38;24050.0;3.40;0.31;1.03;12/04/2024 16:04:21;
13/04/2024;24;2.0TD;3;0.000123215959000000;0.207;1.152602374;56.047868;0.557;2.195;53.295868;14.13;16.55343;1.03624;0.75;0.25;9.16708;75.38080;101.96000;48.69000;27.94000;1849.0;275.0;154.0;50.0;10.49;0.000;0.17498;0.04096;0.00;0.000;0.662;0.947;0.000;0.557;44.155;13.83;18.41;16123.8;1150.20;5.72;3.35;1.42;93059.12;9280.00;24859.38;22237.0;4.18;0.42;1.12;12/04/2024 16:04:21;
*
