pvpcdata;
2024;03;11;12;38;35;
18/02/2024;1;2.0TD;3;0.000121267302000000;0.239;1.328083095;109.802522;0.557;2.195;107.050522;59.48;12.48030;0.81860;0.75;0.25;47.03542;96.95660;101.96000;97.42000;68.27000;2443.2;275.0;177.0;48.0;14.07;0.000;0.17498;0.04096;0.00;0.000;0.000;1.296;0.565;0.000;0.557;86.400;59.98;51.85;16259.7;1072.20;9.04;3.48;1.55;154152.40;24800.96;24859.38;22544.9;6.84;1.10;1.10;17/02/2024 16:08:22;
18/02/2024;2;2.0TD;3;0.000101682880000000;0.250;1.388929256;105.169180;0.557;2.195;102.417180;54.43;12.48030;0.81860;0.75;0.25;47.03542;96.95660;101.96000;97.42000;68.27000;2443.2;275.0;177.0;48.0;14.72;0.000;0.17498;0.04096;0.00;0.000;0.000;1.229;0.565;0.000;0.557;81.933;54.81;48.51;14704.7;943.10;9.69;3.48;1.55;171854.44;32727.04;0.00;21123.1;8.14;1.55;0.00;17/02/2024 16:08:22;
18/02/2024;3;2.0TD;3;0.000087980025000000;0.259;1.436496778;102.838401;0.557;2.195;100.086401;50.66;12.48030;0.81860;0.75;0.25;47.03542;96.95660;101.96000;97.42000;68.27000;2443.2;275.0;177.0;48.0;16.09;0.000;0.17498;0.04096;0.00;0.000;0.000;1.192;0.565;0.000;0.557;79.496;51.05;44.15;14035.4;846.90;11.06;3.48;1.55;187116.76;35431.20;0.00;20127.7;9.30;1.76;0.00;17/02/2024 16:08:22;
18/02/2024;4;2.0TD;3;0.000079957733000000;0.265;1.470951862;103.636691;0.557;2.195;100.884691;48.88;12.48030;0.81860;0.75;0.25;47.03542;96.95660;101.96000;97.42000;68.27000;2443.2;275.0;177.0;48.0;18.12;0.000;0.17498;0.04096;0.00;0.000;0.000;1.196;0.565;0.000;0.557;79.750;49.16;44.00;14156.7;807.90;13.09;3.48;1.55;216877.52;37665.60;0.00;19445.6;11.15;1.94;0.00;17/02/2024 16:08:22;
18/02/2024;5;2.0TD;3;0.000076266471000000;0.269;1.496748697;102.770448;0.557;2.195;100.018448;47.51;12.48030;0.81860;0.75;0.25;47.03542;96.95660;101.96000;97.42000;68.27000;2443.2;275.0;177.0;48.0;18.57;0.000;0.17498;0.04096;0.00;0.000;0.000;1.182;0.565;0.000;0.557;78.816;47.72;43.32;14224.2;715.40;13.54;3.48;1.55;218784.96;39900.00;0.00;19101.8;11.45;2.09;0.00;17/02/2024 16:08:22;
18/02/2024;6;2.0TD;3;0.000075786882000000;0.268;1.489292628;103.541192;0.557;2.195;100.789192;48.27;12.48030;0.81860;0.75;0.25;47.03542;96.95660;101.96000;97.42000;68.27000;2443.2;275.0;177.0;48.0;18.47;0.000;0.17498;0.04096;0.00;0.000;0.000;1.192;0.565;0.000;0.557;79.486;48.47;44.42;14238.7;741.90;13.44;3.48;1.55;217898.72;38623.20;0.00;19083.8;11.42;2.02;0.00;17/02/2024 16:08:22;
18/02/2024;7;2.0TD;3;0.000077548579000000;0.262;1.452909590;99.810835;0.557;2.195;97.058835;45.86;12.48030;0.81860;0.75;0.25;47.03542;96.95660;101.96000;97.42000;68.27000;2443.2;275.0;177.0;48.0;18.34;0.000;0.17498;0.04096;0.00;0.000;0.000;1.154;0.565;0.000;0.557;76.908;46.02;43.00;13893.2;761.70;13.31;3.48;1.55;221150.40;38687.04;0.00;19524.6;11.33;1.98;0.00;17/02/2024 16:08:22;
18/02/2024;8;2.0TD;3;0.000081931288000000;0.253;1.404379336;101.687306;0.557;2.195;98.935306;48.71;12.48030;0.81860;0.75;0.25;47.03542;96.95660;101.96000;97.42000;68.27000;2443.2;275.0;177.0;48.0;17.51;0.000;0.17498;0.04096;0.00;0.000;0.000;1.184;0.565;0.000;0.557;78.958;48.97;44.00;14233.5;800.70;12.48;3.48;1.55;216046.44;35750.40;0.00;20175.1;10.71;1.77;0.00;17/02/2024 16:08:22;
18/02/2024;9;2.0TD;3;0.000090391588000000;0.244;1.356199395;99.032306;0.557;2.195;96.280306;47.03;12.48030;0.81860;0.75;0.25;47.03542;96.95660;101.96000;97.42000;68.27000;2443.2;275.0;177.0;48.0;17.65;0.000;0.17498;0.04096;0.00;0.000;0.000;1.161;0.565;0.000;0.557;77.395;47.28;42.30;14786.5;770.20;12.62;3.48;1.55;217532.76;45926.40;0.00;20876.9;10.42;2.20;0.00;17/02/2024 16:08:22;
18/02/2024;10;2.0TD;3;0.000113074389000000;0.217;1.206996028;90.492521;0.557;2.195;87.740521;43.02;12.48030;0.81860;0.75;0.25;47.03542;96.95660;101.96000;97.42000;68.27000;2443.2;275.0;177.0;48.0;16.44;0.000;0.17498;0.04096;0.00;0.000;0.000;1.081;0.565;0.000;0.557;72.095;43.03;42.82;17221.7;875.50;11.41;3.48;1.55;190574.64;62933.52;0.00;22225.0;8.57;2.83;0.00;17/02/2024 16:08:22;
18/02/2024;11;2.0TD;3;0.000131406437000000;0.201;1.114165619;80.365117;0.557;2.195;77.613117;40.00;12.48030;0.81860;0.75;0.25;47.03542;96.95660;101.96000;97.42000;68.27000;2443.2;275.0;177.0;48.0;12.10;0.000;0.17498;0.04096;0.00;0.000;0.000;0.969;0.565;0.000;0.557;64.623;40.00;40.00;21332.5;846.70;7.07;3.48;1.55;88315.60;77583.60;0.00;23453.5;3.77;3.31;0.00;17/02/2024 16:08:22;
18/02/2024;12;2.0TD;3;0.000136283095000000;0.198;1.098464363;74.321412;0.557;2.195;71.569412;35.67;12.48030;0.81860;0.75;0.25;47.03542;96.95660;101.96000;97.42000;68.27000;2443.2;275.0;177.0;48.0;11.62;0.000;0.17498;0.04096;0.00;0.000;0.000;0.896;0.565;0.000;0.557;59.740;35.60;37.60;23064.3;825.30;6.59;3.48;1.55;91348.04;65098.96;0.00;23723.8;3.85;2.74;0.00;17/02/2024 16:08:22;
18/02/2024;13;2.0TD;3;0.000134011215000000;0.196;1.087548009;73.437686;0.557;2.195;70.685686;34.90;12.48030;0.81860;0.75;0.25;47.03542;96.95660;101.96000;97.42000;68.27000;2443.2;275.0;177.0;48.0;11.76;0.000;0.17498;0.04096;0.00;0.000;0.000;0.887;0.565;0.000;0.557;59.101;34.80;38.00;23628.8;795.10;6.73;3.48;1.55;101272.16;57587.40;0.00;23609.0;4.29;2.44;0.00;17/02/2024 16:08:22;
18/02/2024;14;2.0TD;3;0.000138906384000000;0.188;1.043943450;71.914680;0.557;2.195;69.162680;33.59;12.48030;0.81860;0.75;0.25;47.03542;96.95660;101.96000;97.42000;68.27000;2443.2;275.0;177.0;48.0;12.20;0.000;0.17498;0.04096;0.00;0.000;0.000;0.873;0.565;0.000;0.557;58.217;33.50;36.50;23926.1;765.90;7.17;3.48;1.55;110861.32;60672.00;0.00;23917.8;4.64;2.54;0.00;17/02/2024 16:08:22;
18/02/2024;15;2.0TD;3;0.000138667425000000;0.189;1.052289626;71.925338;0.557;2.195;69.173338;33.31;12.48030;0.81860;0.75;0.25;47.03542;96.95660;101.96000;97.42000;68.27000;2443.2;275.0;177.0;48.0;12.44;0.000;0.17498;0.04096;0.00;0.000;0.000;0.873;0.565;0.000;0.557;58.177;33.20;36.52;24274.6;802.30;7.41;3.48;1.55;103641.40;72619.20;0.00;23784.2;4.36;3.05;0.00;17/02/2024 16:08:22;
18/02/2024;16;2.0TD;3;0.000125081847000000;0.199;1.107686596;69.001239;0.557;2.195;66.249239;30.17;12.48030;0.81860;0.75;0.25;47.03542;96.95660;101.96000;97.42000;68.27000;2443.2;275.0;177.0;48.0;12.70;0.000;0.17498;0.04096;0.00;0.000;0.000;0.829;0.565;0.000;0.557;55.253;30.18;30.00;24452.4;908.30;7.67;3.48;1.55;99792.32;75628.00;0.00;22872.4;4.36;3.31;0.00;17/02/2024 16:08:22;
18/02/2024;17;2.0TD;3;0.000117702068000000;0.209;1.163320712;73.567657;0.557;2.195;70.815657;32.25;12.48030;0.81860;0.75;0.25;47.03542;96.95660;101.96000;97.42000;68.27000;2443.2;275.0;177.0;48.0;13.89;0.000;0.17498;0.04096;0.00;0.000;0.000;0.879;0.565;0.000;0.557;58.573;32.20;33.70;23250.0;719.90;8.86;3.48;1.55;96103.48;101713.92;0.00;22326.2;4.30;4.56;0.00;17/02/2024 16:08:22;
18/02/2024;18;2.0TD;3;0.000117292975000000;0.216;1.201505013;83.545161;0.557;2.195;80.793161;41.24;12.48030;0.81860;0.75;0.25;47.03542;96.95660;101.96000;97.42000;68.27000;2443.2;275.0;177.0;48.0;12.65;0.000;0.17498;0.04096;0.00;0.000;0.000;0.997;0.565;0.000;0.557;66.441;41.20;42.20;19773.3;731.30;7.62;3.48;1.55;92386.92;77374.08;0.00;22265.5;4.15;3.48;0.00;17/02/2024 16:08:22;
18/02/2024;19;2.0TD;3;0.000130676945000000;0.221;1.228858544;92.962831;0.557;2.195;90.210831;51.96;12.48030;0.81860;0.75;0.25;47.03542;96.95660;101.96000;97.42000;68.27000;2443.2;275.0;177.0;48.0;9.26;0.000;0.17498;0.04096;0.00;0.000;0.000;1.108;0.565;0.000;0.557;73.882;51.96;51.96;19224.6;872.80;4.23;3.48;1.55;63836.32;34792.80;0.00;23311.2;2.74;1.49;0.00;17/02/2024 16:08:22;
18/02/2024;20;2.0TD;3;0.000158923496000000;0.217;1.208087497;106.468080;0.557;2.195;103.716080;63.91;12.48030;0.81860;0.75;0.25;47.03542;96.95660;101.96000;97.42000;68.27000;2443.2;275.0;177.0;48.0;8.48;0.000;0.17498;0.04096;0.00;0.000;0.000;1.278;0.565;0.000;0.557;85.222;63.91;63.91;16980.5;926.60;3.45;3.48;1.55;65875.68;22627.68;0.00;25661.9;2.57;0.88;0.00;17/02/2024 16:08:22;
18/02/2024;21;2.0TD;3;0.000176655230000000;0.214;1.189550833;106.951737;0.557;2.195;104.199737;64.70;12.48030;0.81860;0.75;0.25;47.03542;96.95660;101.96000;97.42000;68.27000;2443.2;275.0;177.0;48.0;8.29;0.000;0.17498;0.04096;0.00;0.000;0.000;1.287;0.565;0.000;0.557;85.831;64.71;64.56;16465.5;975.10;3.26;3.48;1.55;70671.72;17258.40;0.00;26947.8;2.62;0.64;0.00;17/02/2024 16:08:22;
18/02/2024;22;2.0TD;3;0.000178769703000000;0.215;1.196254890;101.956439;0.557;2.195;99.204439;59.78;12.48030;0.81860;0.75;0.25;47.03542;96.95660;101.96000;97.42000;68.27000;2443.2;275.0;177.0;48.0;9.09;0.000;0.17498;0.04096;0.00;0.000;0.000;1.225;0.565;0.000;0.557;81.649;59.83;58.66;19203.1;883.10;4.06;3.48;1.55;69018.28;17386.24;24859.38;27399.4;2.52;0.63;0.91;17/02/2024 16:08:22;
18/02/2024;23;2.0TD;3;0.000160914378000000;0.222;1.231517986;99.562193;0.557;2.195;96.810193;57.29;12.48030;0.81860;0.75;0.25;47.03542;96.95660;101.96000;97.42000;68.27000;2443.2;275.0;177.0;48.0;9.19;0.000;0.17498;0.04096;0.00;0.000;0.000;1.188;0.565;0.000;0.557;79.222;57.33;56.16;18790.4;734.80;4.16;3.48;1.55;60774.40;21988.48;24859.38;25823.6;2.35;0.85;0.96;17/02/2024 16:08:22;
18/02/2024;24;2.0TD;3;0.000134245426000000;0.229;1.271996328;96.798453;0.557;2.195;94.046453;53.90;12.48030;0.81860;0.75;0.25;47.03542;96.95660;101.96000;97.42000;68.27000;2443.2;275.0;177.0;48.0;9.92;0.000;0.17498;0.04096;0.00;0.000;0.000;1.148;0.565;0.000;0.557;76.522;53.94;52.77;18086.3;668.60;4.89;3.48;1.55;58098.52;31920.00;24859.38;23508.8;2.47;1.36;1.06;17/02/2024 16:08:22;
*
