pvpcdata;
2024;07;09;11;18;12;
21/06/2024;1;2.0TD;3;0.000095613455000000;0.171;0.947826214;134.094396;0.557;2.195;131.342396;102.16;-2.02876;1.12867;0.75;0.25;85.92083;77.80580;101.96000;48.69000;52.19000;1740.1;275.0;154.0;62.0;8.89;0.000;0.17498;0.04096;0.00;0.000;1.682;0.947;0.000;0.557;112.162;102.72;96.55;15882.6;1593.00;4.55;3.20;1.14;77268.72;6711.60;24859.38;23957.2;3.23;0.28;1.04;20/06/2024 16:04:38;
21/06/2024;2;2.0TD;3;0.000081425133000000;0.171;0.951176213;131.848418;0.557;2.195;129.096418;99.80;-2.02876;1.12867;0.75;0.25;85.92083;77.80580;101.96000;48.69000;52.19000;1740.1;275.0;154.0;62.0;9.36;0.000;0.17498;0.04096;0.00;0.000;1.654;0.947;0.000;0.557;110.244;100.34;92.93;15675.5;1244.10;5.02;3.20;1.14;80589.28;7990.00;24859.38;22614.8;3.56;0.35;1.10;20/06/2024 16:04:38;
21/06/2024;3;2.0TD;3;0.000072237550000000;0.172;0.954432210;135.575455;0.557;2.195;132.823455;101.68;-2.02876;1.12867;0.75;0.25;85.92083;77.80580;101.96000;48.69000;52.19000;1740.1;275.0;154.0;62.0;10.52;0.000;0.17498;0.04096;0.00;0.000;1.700;0.947;0.000;0.557;113.330;102.30;94.12;15720.1;1278.80;6.18;3.20;1.14;77781.40;31680.00;24859.38;21722.7;3.58;1.46;1.14;20/06/2024 16:04:38;
21/06/2024;4;2.0TD;3;0.000067444783000000;0.169;0.939704007;133.870071;0.557;2.195;131.118071;101.48;-2.02876;1.12867;0.75;0.25;85.92083;77.80580;101.96000;48.69000;52.19000;1740.1;275.0;154.0;62.0;9.57;0.000;0.17498;0.04096;0.00;0.000;1.682;0.947;0.000;0.557;112.162;102.30;92.07;15397.3;1338.20;5.23;3.20;1.14;77836.76;33193.44;0.00;21237.6;3.67;1.56;0.00;20/06/2024 16:04:38;
21/06/2024;5;2.0TD;3;0.000065375918000000;0.168;0.934343533;133.734548;0.557;2.195;130.982548;101.49;-2.02876;1.12867;0.75;0.25;85.92083;77.80580;101.96000;48.69000;52.19000;1740.1;275.0;154.0;62.0;9.54;0.000;0.17498;0.04096;0.00;0.000;1.682;0.947;0.000;0.557;112.142;102.30;92.30;15231.6;1348.40;5.20;3.20;1.14;77866.68;31800.00;0.00;21094.7;3.69;1.51;0.00;20/06/2024 16:04:38;
21/06/2024;6;2.0TD;3;0.000065366515000000;0.167;0.926270329;133.990011;0.557;2.195;131.238011;101.90;-2.02876;1.12867;0.75;0.25;85.92083;77.80580;101.96000;48.69000;52.19000;1740.1;275.0;154.0;62.0;9.44;0.000;0.17498;0.04096;0.00;0.000;1.687;0.947;0.000;0.557;112.457;102.72;92.72;15273.7;1366.50;5.10;3.20;1.14;76842.24;32853.60;0.00;21513.6;3.57;1.53;0.00;20/06/2024 16:04:38;
21/06/2024;7;2.0TD;3;0.000067805406000000;0.161;0.895768579;131.853566;0.557;2.195;129.101566;99.74;-2.02876;1.12867;0.75;0.25;85.92083;77.80580;101.96000;48.69000;52.19000;1740.1;275.0;154.0;62.0;10.36;0.000;0.17498;0.04096;0.00;0.000;1.668;0.947;0.000;0.557;111.198;100.00;97.10;15387.4;1498.30;6.02;3.20;1.14;96609.08;18258.24;24859.38;23224.0;4.16;0.79;1.07;20/06/2024 16:04:38;
21/06/2024;8;2.0TD;3;0.000075960220000000;0.160;0.888400646;152.457648;0.557;2.195;149.705648;113.47;-2.02876;1.12867;0.75;0.25;85.92083;77.80580;101.96000;48.69000;52.19000;1740.1;275.0;154.0;62.0;14.22;0.000;0.17498;0.04096;0.00;0.000;1.936;0.947;0.000;0.557;129.056;113.47;113.47;15889.4;1720.30;9.88;3.20;1.14;39964.16;188106.88;24859.38;25589.4;1.56;7.35;0.97;20/06/2024 16:04:38;
21/06/2024;9;2.0TD;2;0.000087803244000000;0.147;0.899011321;172.653142;19.184;8.779;144.690142;114.09;-2.02876;1.12867;0.75;0.25;85.92083;77.80580;101.96000;48.69000;52.19000;1740.1;275.0;154.0;62.0;10.58;0.154;0.17498;0.04096;0.00;0.000;1.892;0.947;0.000;0.557;126.146;114.32;111.43;20373.1;1760.00;6.24;3.20;1.14;39310.12;104474.16;24859.38;27003.1;1.46;3.87;0.92;20/06/2024 16:04:38;
21/06/2024;10;2.0TD;2;0.000096079140000000;0.140;0.861234329;164.051176;19.184;8.779;136.088176;103.58;-2.02876;1.12867;0.75;0.25;85.92083;77.80580;101.96000;48.69000;52.19000;1740.1;275.0;154.0;62.0;14.42;0.154;0.17498;0.04096;0.00;0.000;1.791;0.947;0.000;0.557;119.375;105.00;84.02;22468.7;1625.80;10.08;3.20;1.14;81483.20;175977.60;24859.38;28011.0;2.91;6.28;0.89;20/06/2024 16:04:38;
21/06/2024;11;2.0TD;1;0.000102423503000000;0.146;0.875612669;183.379633;33.081;43.893;106.405633;79.16;-2.02876;1.12867;0.75;0.25;85.92083;77.80580;101.96000;48.69000;52.19000;1740.1;275.0;154.0;62.0;11.94;0.926;0.17498;0.04096;0.00;0.000;1.393;0.947;0.000;0.557;92.849;80.00;64.99;24172.3;1438.80;7.60;3.20;1.14;107359.20;82584.64;24859.38;28285.6;3.80;2.92;0.88;20/06/2024 16:04:38;
21/06/2024;12;2.0TD;1;0.000105913880000000;0.148;0.884005137;160.628293;33.081;43.893;83.654293;58.85;-2.02876;1.12867;0.75;0.25;85.92083;77.80580;101.96000;48.69000;52.19000;1740.1;275.0;154.0;62.0;12.57;0.926;0.17498;0.04096;0.00;0.000;1.093;0.947;0.000;0.557;72.869;60.00;34.00;25775.7;1196.30;8.23;3.20;1.14;139745.68;72704.52;24859.38;28831.5;4.85;2.52;0.86;20/06/2024 16:04:38;
21/06/2024;13;2.0TD;1;0.000111712410000000;0.147;0.878487296;161.940999;33.081;43.893;84.966999;60.39;-2.02876;1.12867;0.75;0.25;85.92083;77.80580;101.96000;48.69000;52.19000;1740.1;275.0;154.0;62.0;12.22;0.926;0.17498;0.04096;0.00;0.000;1.111;0.947;0.000;0.557;74.077;61.34;40.00;26186.6;1226.40;7.88;3.20;1.14;137369.40;67054.80;24859.38;29076.8;4.72;2.31;0.85;20/06/2024 16:04:38;
21/06/2024;14;2.0TD;1;0.000120965189000000;0.143;0.853512294;158.128821;33.081;43.893;81.154821;57.17;-2.02876;1.12867;0.75;0.25;85.92083;77.80580;101.96000;48.69000;52.19000;1740.1;275.0;154.0;62.0;12.41;0.926;0.17498;0.04096;0.00;0.000;1.065;0.947;0.000;0.557;71.001;57.40;51.52;26371.8;1076.10;8.07;3.20;1.14;141855.72;69645.96;24859.38;29289.9;4.84;2.38;0.85;20/06/2024 16:04:38;
21/06/2024;15;2.0TD;2;0.000122780558000000;0.143;0.875597099;104.160630;19.184;8.779;76.197630;54.88;-2.02876;1.12867;0.75;0.25;85.92083;77.80580;101.96000;48.69000;52.19000;1740.1;275.0;154.0;62.0;11.20;0.154;0.17498;0.04096;0.00;0.000;1.000;0.947;0.000;0.557;66.664;55.10;49.50;26463.9;1058.30;6.86;3.20;1.14;108822.24;64282.16;24859.38;28839.5;3.77;2.23;0.86;20/06/2024 16:04:38;
21/06/2024;16;2.0TD;2;0.000114703991000000;0.145;0.890612863;90.111989;19.184;8.779;62.148989;43.02;-2.02876;1.12867;0.75;0.25;85.92083;77.80580;101.96000;48.69000;52.19000;1740.1;275.0;154.0;62.0;10.86;0.154;0.17498;0.04096;0.00;0.000;0.814;0.947;0.000;0.557;54.278;43.17;39.67;25878.9;1135.80;6.52;3.20;1.14;114014.52;43350.00;24859.38;27969.0;4.08;1.55;0.89;20/06/2024 16:04:38;
21/06/2024;17;2.0TD;2;0.000110099152000000;0.147;0.901520256;86.983712;19.184;8.779;59.020712;39.78;-2.02876;1.12867;0.75;0.25;85.92083;77.80580;101.96000;48.69000;52.19000;1740.1;275.0;154.0;62.0;11.32;0.154;0.17498;0.04096;0.00;0.000;0.772;0.947;0.000;0.557;51.456;40.00;35.00;25724.3;1185.80;6.98;3.20;1.14;117419.72;51133.60;24859.38;27712.6;4.24;1.85;0.90;20/06/2024 16:04:38;
21/06/2024;18;2.0TD;2;0.000109147906000000;0.148;0.905088171;98.829721;19.184;8.779;70.866721;49.78;-2.02876;1.12867;0.75;0.25;85.92083;77.80580;101.96000;48.69000;52.19000;1740.1;275.0;154.0;62.0;11.44;0.154;0.17498;0.04096;0.00;0.000;0.926;0.947;0.000;0.557;61.730;49.80;49.30;25481.7;1035.50;7.10;3.20;1.14;105539.96;65695.32;24859.38;27626.2;3.82;2.38;0.90;20/06/2024 16:04:38;
21/06/2024;19;2.0TD;1;0.000108030048000000;0.148;0.884030058;158.133689;33.081;43.893;81.159689;56.90;-2.02876;1.12867;0.75;0.25;85.92083;77.80580;101.96000;48.69000;52.19000;1740.1;275.0;154.0;62.0;12.38;0.926;0.17498;0.04096;0.00;0.000;1.060;0.947;0.000;0.557;70.696;56.75;60.25;23551.4;1027.90;8.04;3.20;1.14;81063.72;113952.12;24859.38;27365.9;2.96;4.16;0.91;20/06/2024 16:04:38;
21/06/2024;20;2.0TD;1;0.000107262488000000;0.153;0.914646749;183.759778;33.081;43.893;106.785778;77.32;-2.02876;1.12867;0.75;0.25;85.92083;77.80580;101.96000;48.69000;52.19000;1740.1;275.0;154.0;62.0;13.55;0.926;0.17498;0.04096;0.00;0.000;1.389;0.947;0.000;0.557;92.615;77.46;74.46;21011.9;999.90;9.21;3.20;1.14;63701.96;168028.00;24859.38;27860.7;2.29;6.03;0.89;20/06/2024 16:04:38;
21/06/2024;21;2.0TD;1;0.000108708541000000;0.160;0.957407918;210.729648;33.081;43.893;133.755648;99.83;-2.02876;1.12867;0.75;0.25;85.92083;77.80580;101.96000;48.69000;52.19000;1740.1;275.0;154.0;62.0;13.39;0.926;0.17498;0.04096;0.00;0.000;1.730;0.947;0.000;0.557;115.306;100.01;97.00;18805.3;1215.30;9.05;3.20;1.14;37524.00;187635.04;24859.38;27621.4;1.36;6.79;0.90;20/06/2024 16:04:38;
21/06/2024;22;2.0TD;1;0.000115806409000000;0.160;0.955469568;220.880808;33.081;43.893;143.906808;114.67;-2.02876;1.12867;0.75;0.25;85.92083;77.80580;101.96000;48.69000;52.19000;1740.1;275.0;154.0;62.0;7.17;0.926;0.17498;0.04096;0.00;0.000;1.861;0.947;0.000;0.557;124.057;114.86;111.98;17546.9;1265.80;2.83;3.20;1.14;21243.96;31448.64;24859.38;27399.4;0.78;1.15;0.91;20/06/2024 16:04:38;
21/06/2024;23;2.0TD;2;0.000122952908000000;0.165;1.012132299;171.269176;19.184;8.779;143.306176;114.76;-2.02876;1.12867;0.75;0.25;85.92083;77.80580;101.96000;48.69000;52.19000;1740.1;275.0;154.0;62.0;6.82;0.154;0.17498;0.04096;0.00;0.000;1.845;0.947;0.000;0.557;123.009;115.00;112.00;16921.0;1452.60;2.48;3.20;1.14;3636.60;37073.60;24859.38;26444.3;0.14;1.40;0.94;20/06/2024 16:04:38;
21/06/2024;24;2.0TD;2;0.000111338167000000;0.164;1.006840490;160.877358;19.184;8.779;132.914358;105.01;-2.02876;1.12867;0.75;0.25;85.92083;77.80580;101.96000;48.69000;52.19000;1740.1;275.0;154.0;62.0;7.88;0.154;0.17498;0.04096;0.00;0.000;1.713;0.947;0.000;0.557;114.187;105.74;96.00;16008.4;1299.40;3.54;3.20;1.14;13716.64;47940.00;24859.38;24487.2;0.56;1.96;1.02;20/06/2024 16:04:38;
*
