pvpcdata;
2024;05;13;12;31;17;
09/04/2024;1;2.0TD;3;0.000093840694000000;0.199;1.104798461;45.519008;0.557;2.195;42.767008;-0.72;18.52280;0.94875;0.75;0.25;1.28958;75.38080;101.96000;48.69000;27.94000;2019.5;275.0;154.0;50.0;16.56;0.000;0.17498;0.04096;0.00;0.000;0.535;0.947;0.000;0.557;35.668;0.00;-7.50;21804.9;2498.60;11.79;3.35;1.42;237116.92;11964.32;24859.38;23227.6;10.21;0.52;1.07;08/04/2024 16:08:08;
09/04/2024;2;2.0TD;3;0.000077502126000000;0.205;1.139725148;46.760887;0.557;2.195;44.008887;-0.80;18.52280;0.94875;0.75;0.25;1.28958;75.38080;101.96000;48.69000;27.94000;2019.5;275.0;154.0;50.0;17.48;0.000;0.17498;0.04096;0.00;0.000;0.548;0.947;0.000;0.557;36.521;0.00;-8.00;20802.4;2426.80;12.71;3.35;1.42;246986.56;7827.72;24859.38;21998.7;11.23;0.36;1.13;08/04/2024 16:08:08;
09/04/2024;3;2.0TD;3;0.000068428939000000;0.209;1.159279857;49.999596;0.557;2.195;47.247596;-0.81;18.52280;0.94875;0.75;0.25;1.28958;75.38080;101.96000;48.69000;27.94000;2019.5;275.0;154.0;50.0;20.01;0.000;0.17498;0.04096;0.00;0.000;0.586;0.947;0.000;0.557;39.079;0.00;-8.00;20150.8;2465.60;15.24;3.35;1.42;283768.28;11941.76;24859.38;21038.3;13.49;0.57;1.18;08/04/2024 16:08:08;
09/04/2024;4;2.0TD;3;0.000064099236000000;0.210;1.168396297;49.866856;0.557;2.195;47.114856;-0.80;18.52280;0.94875;0.75;0.25;1.28958;75.38080;101.96000;48.69000;27.94000;2019.5;275.0;154.0;50.0;19.86;0.000;0.17498;0.04096;0.00;0.000;0.584;0.947;0.000;0.557;38.937;0.00;-8.00;19514.0;2372.40;15.09;3.35;1.42;299006.64;11964.32;0.00;20601.5;14.51;0.58;0.00;08/04/2024 16:08:08;
09/04/2024;5;2.0TD;3;0.000062569895000000;0.210;1.165779537;49.964866;0.557;2.195;47.212866;-0.82;18.52280;0.94875;0.75;0.25;1.28958;75.38080;101.96000;48.69000;27.94000;2019.5;275.0;154.0;50.0;19.96;0.000;0.17498;0.04096;0.00;0.000;0.585;0.947;0.000;0.557;39.018;0.00;-8.00;19351.5;2392.00;15.19;3.35;1.42;299643.40;11964.32;0.00;20518.7;14.60;0.58;0.00;08/04/2024 16:08:08;
09/04/2024;6;2.0TD;3;0.000064559119000000;0.202;1.124647230;48.652651;0.557;2.195;45.900651;-0.82;18.52280;0.94875;0.75;0.25;1.28958;75.38080;101.96000;48.69000;27.94000;2019.5;275.0;154.0;50.0;19.14;0.000;0.17498;0.04096;0.00;0.000;0.573;0.947;0.000;0.557;38.186;0.00;-8.00;19903.9;2485.40;14.37;3.35;1.42;293181.96;11949.28;0.00;21239.9;13.80;0.56;0.00;08/04/2024 16:08:08;
09/04/2024;7;2.0TD;3;0.000073184779000000;0.189;1.048192458;47.093255;0.557;2.195;44.341255;-0.72;18.52280;0.94875;0.75;0.25;1.28958;75.38080;101.96000;48.69000;27.94000;2019.5;275.0;154.0;50.0;18.16;0.000;0.17498;0.04096;0.00;0.000;0.559;0.947;0.000;0.557;37.292;0.00;-8.50;21412.8;2395.50;13.39;3.35;1.42;281448.36;12505.68;24859.38;23804.3;11.82;0.53;1.04;08/04/2024 16:08:08;
09/04/2024;8;2.0TD;3;0.000090372769000000;0.175;0.974881191;40.201480;0.557;2.195;37.449480;-0.32;18.52280;0.94875;0.75;0.25;1.28958;75.38080;101.96000;48.69000;27.94000;2019.5;275.0;154.0;50.0;12.42;0.000;0.17498;0.04096;0.00;0.000;0.478;0.947;0.000;0.557;31.871;0.00;-5.00;24419.0;2130.30;7.65;3.35;1.42;171000.80;9921.60;24859.38;26884.9;6.36;0.37;0.92;08/04/2024 16:08:08;
09/04/2024;9;2.0TD;2;0.000102627481000000;0.190;1.163126561;67.187658;19.184;8.779;39.224658;-0.02;18.52280;0.94875;0.75;0.25;1.28958;75.38080;101.96000;48.69000;27.94000;2019.5;275.0;154.0;50.0;13.04;0.154;0.17498;0.04096;0.00;0.000;0.494;0.947;0.000;0.557;32.961;0.00;-0.50;25552.0;1923.70;8.27;3.35;1.42;183289.20;22264.32;24859.38;27862.5;6.58;0.80;0.89;08/04/2024 16:08:08;
09/04/2024;10;2.0TD;2;0.000111021746000000;0.153;0.937206526;67.232909;19.184;8.779;39.269909;-0.63;18.52280;0.94875;0.75;0.25;1.28958;75.38080;101.96000;48.69000;27.94000;2019.5;275.0;154.0;50.0;14.73;0.154;0.17498;0.04096;0.00;0.000;0.511;0.947;0.000;0.557;34.058;0.00;-7.00;27261.3;2910.80;9.96;3.35;1.42;238170.52;17840.00;24859.38;28206.2;8.44;0.63;0.88;08/04/2024 16:08:08;
09/04/2024;11;2.0TD;1;0.000117736880000000;0.159;0.953036527;119.298243;33.081;43.893;42.324243;-0.77;18.52280;0.94875;0.75;0.25;1.28958;75.38080;101.96000;48.69000;27.94000;2019.5;275.0;154.0;50.0;16.52;0.926;0.17498;0.04096;0.00;0.000;0.548;0.947;0.000;0.557;36.517;0.00;-8.00;28040.7;2990.30;11.75;3.35;1.42;280071.92;23335.00;24859.38;27931.1;10.03;0.84;0.89;08/04/2024 16:08:08;
09/04/2024;12;2.0TD;1;0.000119766389000000;0.162;0.970880391;119.891189;33.081;43.893;42.917189;-0.83;18.52280;0.94875;0.75;0.25;1.28958;75.38080;101.96000;48.69000;27.94000;2019.5;275.0;154.0;50.0;16.99;0.926;0.17498;0.04096;0.00;0.000;0.554;0.947;0.000;0.557;36.933;-0.01;-8.01;27687.3;3147.60;12.22;3.35;1.42;293754.52;15980.00;24859.38;27387.7;10.73;0.58;0.91;08/04/2024 16:08:08;
09/04/2024;13;2.0TD;1;0.000123325087000000;0.159;0.954460208;119.827906;33.081;43.893;42.853906;-0.88;18.52280;0.94875;0.75;0.25;1.28958;75.38080;101.96000;48.69000;27.94000;2019.5;275.0;154.0;50.0;17.08;0.926;0.17498;0.04096;0.00;0.000;0.555;0.947;0.000;0.557;36.974;-0.02;-8.00;27457.9;3323.50;12.31;3.35;1.42;305947.20;2682.96;24859.38;27103.6;11.29;0.10;0.92;08/04/2024 16:08:08;
09/04/2024;14;2.0TD;1;0.000130496342000000;0.154;0.922036361;119.349916;33.081;43.893;42.375916;-0.91;18.52280;0.94875;0.75;0.25;1.28958;75.38080;101.96000;48.69000;27.94000;2019.5;275.0;154.0;50.0;16.86;0.926;0.17498;0.04096;0.00;0.000;0.551;0.947;0.000;0.557;36.720;-0.02;-8.02;27264.4;3395.70;12.09;3.35;1.42;297491.12;2684.64;24859.38;26876.4;11.07;0.10;0.92;08/04/2024 16:08:08;
09/04/2024;15;2.0TD;2;0.000130010910000000;0.173;1.063528737;68.914656;19.184;8.779;40.951656;-0.92;18.52280;0.94875;0.75;0.25;1.28958;75.38080;101.96000;48.69000;27.94000;2019.5;275.0;154.0;50.0;15.86;0.154;0.17498;0.04096;0.00;0.000;0.524;0.947;0.000;0.557;34.911;-0.02;-8.02;26852.1;3419.30;11.09;3.35;1.42;265275.44;3013.64;24859.38;26433.2;10.04;0.11;0.94;08/04/2024 16:08:08;
09/04/2024;16;2.0TD;2;0.000119496693000000;0.180;1.102606596;68.966699;19.184;8.779;41.003699;-1.05;18.52280;0.94875;0.75;0.25;1.28958;75.38080;101.96000;48.69000;27.94000;2019.5;275.0;154.0;50.0;15.83;0.154;0.17498;0.04096;0.00;0.000;0.521;0.947;0.000;0.557;34.748;-0.02;-9.00;26297.1;3418.90;11.06;3.35;1.42;256259.36;3235.44;24859.38;25705.9;9.97;0.13;0.97;08/04/2024 16:08:08;
09/04/2024;17;2.0TD;2;0.000111750707000000;0.186;1.142085386;69.030501;19.184;8.779;41.067501;-1.06;18.52280;0.94875;0.75;0.25;1.28958;75.38080;101.96000;48.69000;27.94000;2019.5;275.0;154.0;50.0;15.72;0.154;0.17498;0.04096;0.00;0.000;0.519;0.947;0.000;0.557;34.626;-0.02;-9.00;26039.8;3396.40;10.95;3.35;1.42;249359.08;3775.20;24859.38;25383.1;9.82;0.15;0.98;08/04/2024 16:08:08;
09/04/2024;18;2.0TD;2;0.000109879253000000;0.192;1.177544452;72.434014;19.184;8.779;44.471014;-0.91;18.52280;0.94875;0.75;0.25;1.28958;75.38080;101.96000;48.69000;27.94000;2019.5;275.0;154.0;50.0;18.21;0.154;0.17498;0.04096;0.00;0.000;0.560;0.947;0.000;0.557;37.307;-0.02;-8.00;26467.0;3318.10;13.44;3.35;1.42;313626.64;8099.84;24859.38;25780.7;12.17;0.31;0.96;08/04/2024 16:08:08;
09/04/2024;19;2.0TD;1;0.000111247328000000;0.167;1.000441794;120.264913;33.081;43.893;43.290913;-0.46;18.52280;0.94875;0.75;0.25;1.28958;75.38080;101.96000;48.69000;27.94000;2019.5;275.0;154.0;50.0;16.78;0.926;0.17498;0.04096;0.00;0.000;0.556;0.947;0.000;0.557;37.095;0.00;-5.00;27476.6;2956.00;12.01;3.35;1.42;273065.76;13505.92;24859.38;25941.2;10.53;0.52;0.96;08/04/2024 16:08:08;
09/04/2024;20;2.0TD;1;0.000118256405000000;0.167;1.001551733;119.139925;33.081;43.893;42.165925;0.04;18.52280;0.94875;0.75;0.25;1.28958;75.38080;101.96000;48.69000;27.94000;2019.5;275.0;154.0;50.0;15.33;0.926;0.17498;0.04096;0.00;0.000;0.542;0.947;0.000;0.557;36.131;0.01;0.44;27988.0;2129.70;10.56;3.35;1.42;246427.60;14661.60;24859.38;27075.6;9.10;0.54;0.92;08/04/2024 16:08:08;
09/04/2024;21;2.0TD;1;0.000137800596000000;0.170;1.016552420;118.951140;33.081;43.893;41.977140;5.00;18.52280;0.94875;0.75;0.25;1.28958;75.38080;101.96000;48.69000;27.94000;2019.5;275.0;154.0;50.0;10.12;0.926;0.17498;0.04096;0.00;0.000;0.538;0.947;0.000;0.557;35.877;5.00;5.03;27403.2;2361.20;5.35;3.35;1.42;119665.92;9907.60;24859.38;28864.4;4.15;0.34;0.86;08/04/2024 16:08:08;
09/04/2024;22;2.0TD;1;0.000160255441000000;0.171;1.021433227;130.791869;33.081;43.893;53.817869;15.87;18.52280;0.94875;0.75;0.25;1.28958;75.38080;101.96000;48.69000;27.94000;2019.5;275.0;154.0;50.0;9.18;0.926;0.17498;0.04096;0.00;0.000;0.689;0.947;0.000;0.557;45.958;14.72;34.71;26816.9;1637.80;4.41;3.35;1.42;84335.40;19219.28;24859.38;29097.7;2.90;0.66;0.85;08/04/2024 16:08:08;
09/04/2024;23;2.0TD;2;0.000144208079000000;0.198;1.213292687;71.647947;19.184;8.779;43.684947;6.70;18.52280;0.94875;0.75;0.25;1.28958;75.38080;101.96000;48.69000;27.94000;2019.5;275.0;154.0;50.0;9.77;0.154;0.17498;0.04096;0.00;0.000;0.547;0.947;0.000;0.557;36.464;6.35;11.35;25312.3;1920.70;5.00;3.35;1.42;99086.92;9834.84;24859.38;26755.5;3.70;0.37;0.93;08/04/2024 16:08:08;
09/04/2024;24;2.0TD;2;0.000119436781000000;0.206;1.261438233;70.789143;19.184;8.779;42.826143;5.00;18.52280;0.94875;0.75;0.25;1.28958;75.38080;101.96000;48.69000;27.94000;2019.5;275.0;154.0;50.0;10.53;0.154;0.17498;0.04096;0.00;0.000;0.533;0.947;0.000;0.557;35.510;5.00;5.03;24390.2;2033.60;5.76;3.35;1.42;103250.32;9920.00;24859.38;23990.3;4.30;0.41;1.04;08/04/2024 16:08:08;
*
