pvpcdata;
2024;08;09;11;56;49;
22/07/2024;1;2.0TD;3;0.000114089760000000;0.176;0.980315626;130.528507;0.557;2.195;127.776507;93.86;2.34965;1.01849;0.75;0.25;79.53042;88.92900;101.96000;73.51000;74.07000;2238.6;275.0;234.0;61.0;9.05;0.000;0.17498;0.04096;0.00;0.000;1.630;0.947;0.000;0.557;108.653;94.50;85.00;19472.6;1409.40;4.83;3.13;1.09;86919.36;10930.32;24859.38;25385.8;3.42;0.43;0.98;21/07/2024 16:10:35;
22/07/2024;2;2.0TD;3;0.000096255815000000;0.177;0.981842178;126.275199;0.557;2.195;123.523199;90.11;2.34965;1.01849;0.75;0.25;79.53042;88.92900;101.96000;73.51000;74.07000;2238.6;275.0;234.0;61.0;9.15;0.000;0.17498;0.04096;0.00;0.000;1.574;0.947;0.000;0.557;104.947;90.90;79.10;18259.0;1310.40;4.93;3.13;1.09;101767.64;15980.00;0.00;23871.9;4.26;0.67;0.00;21/07/2024 16:10:35;
22/07/2024;3;2.0TD;3;0.000085303744000000;0.176;0.975625890;115.735603;0.557;2.195;112.983603;79.22;2.34965;1.01849;0.75;0.25;79.53042;88.92900;101.96000;73.51000;74.07000;2238.6;275.0;234.0;61.0;11.30;0.000;0.17498;0.04096;0.00;0.000;1.441;0.947;0.000;0.557;96.074;80.00;66.90;17321.0;1101.30;7.08;3.13;1.09;137822.56;24673.12;0.00;22949.8;6.01;1.08;0.00;21/07/2024 16:10:35;
22/07/2024;4;2.0TD;3;0.000079236866000000;0.173;0.960939977;113.339499;0.557;2.195;110.587499;77.09;2.34965;1.01849;0.75;0.25;79.53042;88.92900;101.96000;73.51000;74.07000;2238.6;275.0;234.0;61.0;11.66;0.000;0.17498;0.04096;0.00;0.000;1.414;0.947;0.000;0.557;94.277;77.98;64.83;16936.3;1226.60;7.44;3.13;1.09;119255.68;46220.16;0.00;22238.0;5.36;2.08;0.00;21/07/2024 16:10:35;
22/07/2024;5;2.0TD;3;0.000075870223000000;0.170;0.945633566;111.453766;0.557;2.195;108.701766;75.56;2.34965;1.01849;0.75;0.25;79.53042;88.92900;101.96000;73.51000;74.07000;2238.6;275.0;234.0;61.0;11.84;0.000;0.17498;0.04096;0.00;0.000;1.394;0.947;0.000;0.557;92.907;76.31;65.01;16829.0;1196.70;7.62;3.13;1.09;122788.64;45191.44;0.00;22036.9;5.57;2.05;0.00;21/07/2024 16:10:35;
22/07/2024;6;2.0TD;3;0.000074714809000000;0.166;0.924793070;116.881820;0.557;2.195;114.129820;81.34;2.34965;1.01849;0.75;0.25;79.53042;88.92900;101.96000;73.51000;74.07000;2238.6;275.0;234.0;61.0;10.96;0.000;0.17498;0.04096;0.00;0.000;1.468;0.947;0.000;0.557;97.881;82.00;72.00;16526.5;1171.60;6.74;3.13;1.09;112226.20;39119.04;0.00;22460.5;5.00;1.74;0.00;21/07/2024 16:10:35;
22/07/2024;7;2.0TD;3;0.000075681970000000;0.160;0.888667278;127.682251;0.557;2.195;124.930251;91.79;2.34965;1.01849;0.75;0.25;79.53042;88.92900;101.96000;73.51000;74.07000;2238.6;275.0;234.0;61.0;10.18;0.000;0.17498;0.04096;0.00;0.000;1.615;0.947;0.000;0.557;107.698;92.21;85.76;17829.1;1253.80;5.96;3.13;1.09;106138.28;15980.00;24859.38;24648.4;4.31;0.65;1.01;21/07/2024 16:10:35;
22/07/2024;8;2.0TD;3;0.000078516721000000;0.159;0.882521905;129.046483;0.557;2.195;126.294483;96.09;2.34965;1.01849;0.75;0.25;79.53042;88.92900;101.96000;73.51000;74.07000;2238.6;275.0;234.0;61.0;7.13;0.000;0.17498;0.04096;0.00;0.000;1.635;0.947;0.000;0.557;108.968;96.11;95.79;19950.5;1092.30;2.91;3.13;1.09;37070.92;15980.00;24859.38;26830.5;1.38;0.60;0.93;21/07/2024 16:10:35;
22/07/2024;9;2.0TD;2;0.000089651553000000;0.141;0.864594452;152.438675;19.184;8.779;124.475675;94.41;2.34965;1.01849;0.75;0.25;79.53042;88.92900;101.96000;73.51000;74.07000;2238.6;275.0;234.0;61.0;8.78;0.154;0.17498;0.04096;0.00;0.000;1.636;0.947;0.000;0.557;109.093;94.81;87.14;21315.1;1182.70;4.56;3.13;1.09;38859.08;66812.56;24859.38;28657.5;1.36;2.33;0.87;21/07/2024 16:10:35;
22/07/2024;10;2.0TD;2;0.000102253687000000;0.139;0.852788477;118.178056;19.184;8.779;90.215056;63.24;2.34965;1.01849;0.75;0.25;79.53042;88.92900;101.96000;73.51000;74.07000;2238.6;275.0;234.0;61.0;10.51;0.154;0.17498;0.04096;0.00;0.000;1.188;0.947;0.000;0.557;79.205;63.37;60.37;24061.7;1060.10;6.29;3.13;1.09;66189.36;99340.80;24859.38;30272.8;2.19;3.28;0.82;21/07/2024 16:10:35;
22/07/2024;11;2.0TD;1;0.000112375382000000;0.144;0.860885043;160.293227;33.081;43.893;83.319227;56.29;2.34965;1.01849;0.75;0.25;79.53042;88.92900;101.96000;73.51000;74.07000;2238.6;275.0;234.0;61.0;10.41;0.926;0.17498;0.04096;0.00;0.000;1.092;0.947;0.000;0.557;72.831;56.18;59.18;25949.7;981.00;6.19;3.13;1.09;77147.68;89815.72;24859.38;30980.2;2.49;2.90;0.80;21/07/2024 16:10:35;
22/07/2024;12;2.0TD;1;0.000118203971000000;0.146;0.873011565;157.554408;33.081;43.893;80.580408;55.06;2.34965;1.01849;0.75;0.25;79.53042;88.92900;101.96000;73.51000;74.07000;2238.6;275.0;234.0;61.0;9.16;0.926;0.17498;0.04096;0.00;0.000;1.055;0.947;0.000;0.557;70.314;54.99;57.01;27388.5;991.20;4.94;3.13;1.09;84291.80;47580.00;24859.38;31734.0;2.66;1.50;0.78;21/07/2024 16:10:35;
22/07/2024;13;2.0TD;1;0.000125429676000000;0.146;0.875034086;158.577786;33.081;43.893;81.603786;55.73;2.34965;1.01849;0.75;0.25;79.53042;88.92900;101.96000;73.51000;74.07000;2238.6;275.0;234.0;61.0;9.37;0.926;0.17498;0.04096;0.00;0.000;1.068;0.947;0.000;0.557;71.207;55.66;57.67;26786.7;1003.80;5.15;3.13;1.09;83284.68;58229.40;24859.38;32299.6;2.58;1.80;0.77;21/07/2024 16:10:35;
22/07/2024;14;2.0TD;1;0.000136788379000000;0.142;0.850287432;158.571604;33.081;43.893;81.597604;56.12;2.34965;1.01849;0.75;0.25;79.53042;88.92900;101.96000;73.51000;74.07000;2238.6;275.0;234.0;61.0;9.22;0.926;0.17498;0.04096;0.00;0.000;1.072;0.947;0.000;0.557;71.451;56.05;58.06;26990.8;998.20;5.00;3.13;1.09;82903.60;57080.56;24859.38;32970.7;2.51;1.73;0.75;21/07/2024 16:10:35;
22/07/2024;15;2.0TD;2;0.000142552554000000;0.143;0.876158771;108.713084;19.184;8.779;80.750084;56.29;2.34965;1.01849;0.75;0.25;79.53042;88.92900;101.96000;73.51000;74.07000;2238.6;275.0;234.0;61.0;9.03;0.154;0.17498;0.04096;0.00;0.000;1.060;0.947;0.000;0.557;70.647;56.18;59.18;27163.8;1007.70;4.81;3.13;1.09;82777.44;51740.64;24859.38;33141.4;2.50;1.56;0.75;21/07/2024 16:10:35;
22/07/2024;16;2.0TD;2;0.000138215152000000;0.141;0.864952043;109.255248;19.184;8.779;81.292248;56.03;2.34965;1.01849;0.75;0.25;79.53042;88.92900;101.96000;73.51000;74.07000;2238.6;275.0;234.0;61.0;9.88;0.154;0.17498;0.04096;0.00;0.000;1.069;0.947;0.000;0.557;71.246;55.92;58.92;27273.8;995.30;5.66;3.13;1.09;103363.60;56172.56;24859.38;32568.1;3.17;1.72;0.76;21/07/2024 16:10:35;
22/07/2024;17;2.0TD;2;0.000135009975000000;0.141;0.867001910;108.988254;19.184;8.779;81.025254;55.94;2.34965;1.01849;0.75;0.25;79.53042;88.92900;101.96000;73.51000;74.07000;2238.6;275.0;234.0;61.0;9.74;0.154;0.17498;0.04096;0.00;0.000;1.065;0.947;0.000;0.557;71.012;55.79;60.00;27298.6;1034.30;5.52;3.13;1.09;103527.96;49578.88;24859.38;32208.8;3.21;1.54;0.77;21/07/2024 16:10:35;
22/07/2024;18;2.0TD;2;0.000135218089000000;0.144;0.880420518;110.048995;19.184;8.779;82.085995;56.45;2.34965;1.01849;0.75;0.25;79.53042;88.92900;101.96000;73.51000;74.07000;2238.6;275.0;234.0;61.0;9.96;0.154;0.17498;0.04096;0.00;0.000;1.076;0.947;0.000;0.557;71.753;56.31;60.31;27061.3;1006.30;5.74;3.13;1.09;102810.36;58258.56;24859.38;32420.3;3.17;1.80;0.77;21/07/2024 16:10:35;
22/07/2024;19;2.0TD;1;0.000134350880000000;0.142;0.852430197;168.994638;33.081;43.893;92.020638;63.37;2.34965;1.01849;0.75;0.25;79.53042;88.92900;101.96000;73.51000;74.07000;2238.6;275.0;234.0;61.0;10.96;0.926;0.17498;0.04096;0.00;0.000;1.209;0.947;0.000;0.557;80.578;63.37;63.37;26620.9;1094.90;6.74;3.13;1.09;96810.16;95821.60;24859.38;32277.3;3.00;2.97;0.77;21/07/2024 16:10:35;
22/07/2024;20;2.0TD;1;0.000132141191000000;0.146;0.873176424;200.682972;33.081;43.893;123.708972;91.10;2.34965;1.01849;0.75;0.25;79.53042;88.92900;101.96000;73.51000;74.07000;2238.6;275.0;234.0;61.0;10.19;0.926;0.17498;0.04096;0.00;0.000;1.619;0.947;0.000;0.557;107.948;91.32;86.23;25729.1;1172.30;5.97;3.13;1.09;51395.80;114912.16;24859.38;32022.8;1.60;3.59;0.78;21/07/2024 16:10:35;
22/07/2024;21;2.0TD;1;0.000133232549000000;0.147;0.878200225;216.977385;33.081;43.893;140.003385;106.36;2.34965;1.01849;0.75;0.25;79.53042;88.92900;101.96000;73.51000;74.07000;2238.6;275.0;234.0;61.0;8.83;0.926;0.17498;0.04096;0.00;0.000;1.831;0.947;0.000;0.557;122.060;106.55;102.65;25158.6;1290.40;4.61;3.13;1.09;41318.52;81018.60;24859.38;31957.5;1.29;2.54;0.78;21/07/2024 16:10:35;
22/07/2024;22;2.0TD;1;0.000143486729000000;0.145;0.869687579;245.538029;33.081;43.893;168.564029;133.52;2.34965;1.01849;0.75;0.25;79.53042;88.92900;101.96000;73.51000;74.07000;2238.6;275.0;234.0;61.0;6.45;0.926;0.17498;0.04096;0.00;0.000;2.208;0.947;0.000;0.557;147.217;133.58;132.58;24016.2;1544.90;2.23;3.13;1.09;26994.52;18676.32;24859.38;31631.8;0.85;0.59;0.79;21/07/2024 16:10:35;
22/07/2024;23;2.0TD;2;0.000149361995000000;0.151;0.925162872;174.539964;19.184;8.779;146.576964;114.25;2.34965;1.01849;0.75;0.25;79.53042;88.92900;101.96000;73.51000;74.07000;2238.6;275.0;234.0;61.0;6.92;0.154;0.17498;0.04096;0.00;0.000;1.910;0.947;0.000;0.557;127.347;114.43;111.43;23800.8;1487.70;2.70;3.13;1.09;42964.24;15862.08;24859.38;30903.8;1.39;0.51;0.80;21/07/2024 16:10:35;
22/07/2024;24;2.0TD;2;0.000132449456000000;0.148;0.910798713;162.935073;19.184;8.779;134.972073;103.77;2.34965;1.01849;0.75;0.25;79.53042;88.92900;101.96000;73.51000;74.07000;2238.6;275.0;234.0;61.0;7.77;0.154;0.17498;0.04096;0.00;0.000;1.764;0.947;0.000;0.557;117.571;104.21;96.92;21689.8;1387.20;3.55;3.13;1.09;60499.80;15862.08;24859.38;28467.2;2.13;0.56;0.87;21/07/2024 16:10:35;
*
