pvpcdata;
2024;11;12;10;29;12;
13/10/2024;1;2.0TD;3;0.000090013508000000;0.190;1.052943878;121.840913;0.557;2.195;119.088913;69.62;10.08910;1.18081;0.75;0.25;52.75042;93.10680;101.96000;84.74000;75.42000;1761.5;275.0;200.0;45.0;15.32;0.000;0.17498;0.04096;0.00;0.000;1.501;0.947;0.000;0.557;100.074;69.78;67.28;14359.4;966.00;11.08;3.19;1.05;174456.04;28764.00;24859.38;20593.3;8.47;1.40;1.21;12/10/2024 16:09:18;
13/10/2024;2;2.0TD;3;0.000077698398000000;0.198;1.102258524;116.973772;0.557;2.195;114.221772;62.61;10.08910;1.18081;0.75;0.25;52.75042;93.10680;101.96000;84.74000;75.42000;1761.5;275.0;200.0;45.0;17.67;0.000;0.17498;0.04096;0.00;0.000;1.430;0.947;0.000;0.557;95.343;62.91;57.91;14324.4;930.50;13.43;3.19;1.05;225683.28;37632.00;0.00;19610.6;11.51;1.92;0.00;12/10/2024 16:09:18;
13/10/2024;3;2.0TD;3;0.000069798203000000;0.206;1.143580989;111.994756;0.557;2.195;109.242756;56.80;10.08910;1.18081;0.75;0.25;52.75042;93.10680;101.96000;84.74000;75.42000;1761.5;275.0;200.0;45.0;18.79;0.000;0.17498;0.04096;0.00;0.000;1.359;0.947;0.000;0.557;90.582;57.00;54.00;13615.3;997.20;14.55;3.19;1.05;231428.08;42176.00;0.00;18803.4;12.31;2.24;0.00;12/10/2024 16:09:18;
13/10/2024;4;2.0TD;3;0.000064688519000000;0.201;1.114887040;113.785311;0.557;2.195;111.033311;58.44;10.08910;1.18081;0.75;0.25;52.75042;93.10680;101.96000;84.74000;75.42000;1761.5;275.0;200.0;45.0;18.99;0.000;0.17498;0.04096;0.00;0.000;1.387;0.947;0.000;0.557;92.450;58.69;55.69;12893.3;1194.80;14.75;3.19;1.05;227958.04;39188.24;0.00;18116.5;12.58;2.16;0.00;12/10/2024 16:09:18;
13/10/2024;5;2.0TD;3;0.000061942207000000;0.205;1.141366441;110.681098;0.557;2.195;107.929098;54.47;10.08910;1.18081;0.75;0.25;52.75042;93.10680;101.96000;84.74000;75.42000;1761.5;275.0;200.0;45.0;20.12;0.000;0.17498;0.04096;0.00;0.000;1.344;0.947;0.000;0.557;89.567;55.00;49.01;12809.6;1235.00;15.88;3.19;1.05;235465.60;49665.84;0.00;17954.2;13.11;2.77;0.00;12/10/2024 16:09:18;
13/10/2024;6;2.0TD;3;0.000061197879000000;0.202;1.122661317;116.329841;0.557;2.195;113.577841;60.29;10.08910;1.18081;0.75;0.25;52.75042;93.10680;101.96000;84.74000;75.42000;1761.5;275.0;200.0;45.0;19.15;0.000;0.17498;0.04096;0.00;0.000;1.417;0.947;0.000;0.557;94.490;60.87;54.88;12654.1;1345.20;14.91;3.19;1.05;223270.40;42442.88;0.00;17821.6;12.53;2.38;0.00;12/10/2024 16:09:18;
13/10/2024;7;2.0TD;3;0.000062286063000000;0.198;1.098285836;114.103364;0.557;2.195;111.351364;54.90;10.08910;1.18081;0.75;0.25;52.75042;93.10680;101.96000;84.74000;75.42000;1761.5;275.0;200.0;45.0;23.02;0.000;0.17498;0.04096;0.00;0.000;1.394;0.947;0.000;0.557;92.947;55.10;52.60;12796.7;1118.80;18.78;3.19;1.05;296356.84;46916.80;0.00;18279.5;16.21;2.57;0.00;12/10/2024 16:09:18;
13/10/2024;8;2.0TD;3;0.000066481098000000;0.188;1.042804521;123.414447;0.557;2.195;120.662447;64.90;10.08910;1.18081;0.75;0.25;52.75042;93.10680;101.96000;84.74000;75.42000;1761.5;275.0;200.0;45.0;21.51;0.000;0.17498;0.04096;0.00;0.000;1.524;0.947;0.000;0.557;101.567;64.97;63.97;14364.8;1096.20;17.27;3.19;1.05;275408.36;53292.72;0.00;19028.3;14.47;2.80;0.00;12/10/2024 16:09:18;
13/10/2024;9;2.0TD;3;0.000070601611000000;0.182;1.012306775;113.600807;0.557;2.195;110.848807;60.00;10.08910;1.18081;0.75;0.25;52.75042;93.10680;101.96000;84.74000;75.42000;1761.5;275.0;200.0;45.0;18.74;0.000;0.17498;0.04096;0.00;0.000;1.407;0.947;0.000;0.557;93.780;60.00;60.00;14854.2;1010.70;14.50;3.19;1.05;236390.68;45813.04;0.00;19466.1;12.14;2.35;0.00;12/10/2024 16:09:18;
13/10/2024;10;2.0TD;3;0.000084567424000000;0.167;0.925963357;106.210887;0.557;2.195;103.458887;46.45;10.08910;1.18081;0.75;0.25;52.75042;93.10680;101.96000;84.74000;75.42000;1761.5;275.0;200.0;45.0;27.24;0.000;0.17498;0.04096;0.00;0.000;1.330;0.947;0.000;0.557;88.653;46.50;45.51;16271.9;884.70;23.00;3.19;1.05;245253.24;233879.20;0.00;20830.5;11.77;11.23;0.00;12/10/2024 16:09:18;
13/10/2024;11;2.0TD;3;0.000096565106000000;0.152;0.846103425;80.869945;0.557;2.195;78.117945;35.06;10.08910;1.18081;0.75;0.25;52.75042;93.10680;101.96000;84.74000;75.42000;1761.5;275.0;200.0;45.0;18.10;0.000;0.17498;0.04096;0.00;0.000;1.017;0.947;0.000;0.557;67.810;35.06;35.06;20280.8;963.60;13.86;3.19;1.05;213802.44;91604.04;0.00;22028.7;9.71;4.16;0.00;12/10/2024 16:09:18;
13/10/2024;12;2.0TD;3;0.000100425474000000;0.151;0.838692412;50.000224;0.557;2.195;47.248224;7.03;10.08910;1.18081;0.75;0.25;52.75042;93.10680;101.96000;84.74000;75.42000;1761.5;275.0;200.0;45.0;19.77;0.000;0.17498;0.04096;0.00;0.000;0.616;0.947;0.000;0.557;41.049;6.99;7.74;22267.1;1164.90;15.53;3.19;1.05;251667.00;100885.68;0.00;22706.1;11.08;4.44;0.00;12/10/2024 16:09:18;
13/10/2024;13;2.0TD;3;0.000101910555000000;0.147;0.817524927;42.918468;0.557;2.195;40.166468;4.49;10.08910;1.18081;0.75;0.25;52.75042;93.10680;101.96000;84.74000;75.42000;1761.5;275.0;200.0;45.0;16.37;0.000;0.17498;0.04096;0.00;0.000;0.525;0.947;0.000;0.557;35.018;4.49;4.53;22213.8;1147.60;12.13;3.19;1.05;254653.40;19817.28;0.00;22630.2;11.25;0.88;0.00;12/10/2024 16:09:18;
13/10/2024;14;2.0TD;3;0.000107371594000000;0.144;0.799778819;37.355388;0.557;2.195;34.603388;-0.05;10.08910;1.18081;0.75;0.25;52.75042;93.10680;101.96000;84.74000;75.42000;1761.5;275.0;200.0;45.0;16.21;0.000;0.17498;0.04096;0.00;0.000;0.454;0.947;0.000;0.557;30.247;0.08;-2.92;22757.1;1085.80;11.97;3.19;1.05;258836.84;16554.36;0.00;23006.4;11.25;0.72;0.00;12/10/2024 16:09:18;
13/10/2024;15;2.0TD;3;0.000107108336000000;0.145;0.804711376;37.629520;0.557;2.195;34.877520;-0.02;10.08910;1.18081;0.75;0.25;52.75042;93.10680;101.96000;84.74000;75.42000;1761.5;275.0;200.0;45.0;16.39;0.000;0.17498;0.04096;0.00;0.000;0.457;0.947;0.000;0.557;30.460;0.00;-0.49;22659.3;1339.60;12.15;3.19;1.05;258973.64;16511.76;0.00;22667.9;11.42;0.73;0.00;12/10/2024 16:09:18;
13/10/2024;16;2.0TD;3;0.000095510746000000;0.155;0.863021950;38.649073;0.557;2.195;35.897073;-0.02;10.08910;1.18081;0.75;0.25;52.75042;93.10680;101.96000;84.74000;75.42000;1761.5;275.0;200.0;45.0;17.00;0.000;0.17498;0.04096;0.00;0.000;0.466;0.947;0.000;0.557;31.079;0.00;-0.59;21779.5;1317.60;12.76;3.19;1.05;259089.32;16520.28;0.00;21595.6;12.00;0.76;0.00;12/10/2024 16:09:18;
13/10/2024;17;2.0TD;3;0.000089409833000000;0.170;0.943979741;47.596598;0.557;2.195;44.844598;6.80;10.08910;1.18081;0.75;0.25;52.75042;93.10680;101.96000;84.74000;75.42000;1761.5;275.0;200.0;45.0;17.32;0.000;0.17498;0.04096;0.00;0.000;0.575;0.947;0.000;0.557;38.328;6.80;6.80;22064.0;1131.20;13.08;3.19;1.05;251737.80;26846.40;0.00;21294.4;11.82;1.26;0.00;12/10/2024 16:09:18;
13/10/2024;18;2.0TD;3;0.000089409871000000;0.179;0.993388387;79.062441;0.557;2.195;76.310441;31.46;10.08910;1.18081;0.75;0.25;52.75042;93.10680;101.96000;84.74000;75.42000;1761.5;275.0;200.0;45.0;18.66;0.000;0.17498;0.04096;0.00;0.000;0.971;0.947;0.000;0.557;64.724;31.28;36.28;20447.3;779.70;14.42;3.19;1.05;217084.68;93387.12;0.00;21531.1;10.08;4.34;0.00;12/10/2024 16:09:18;
13/10/2024;19;2.0TD;3;0.000093812679000000;0.178;0.991473203;114.421354;0.557;2.195;111.669354;62.82;10.08910;1.18081;0.75;0.25;52.75042;93.10680;101.96000;84.74000;75.42000;1761.5;275.0;200.0;45.0;16.92;0.000;0.17498;0.04096;0.00;0.000;1.422;0.947;0.000;0.557;94.795;62.82;62.82;17901.5;1024.40;12.68;3.19;1.05;115951.80;166622.40;0.00;22292.8;5.20;7.47;0.00;12/10/2024 16:09:18;
13/10/2024;20;2.0TD;3;0.000106026625000000;0.174;0.968971862;145.996103;0.557;2.195;143.244103;93.02;10.08910;1.18081;0.75;0.25;52.75042;93.10680;101.96000;84.74000;75.42000;1761.5;275.0;200.0;45.0;13.53;0.000;0.17498;0.04096;0.00;0.000;1.830;0.947;0.000;0.557;122.013;93.08;92.08;16341.5;1055.00;9.29;3.19;1.05;76540.72;137357.44;0.00;23018.1;3.33;5.97;0.00;12/10/2024 16:09:18;
13/10/2024;21;2.0TD;3;0.000130258970000000;0.167;0.927119490;164.761611;0.557;2.195;162.009611;116.68;10.08910;1.18081;0.75;0.25;52.75042;93.10680;101.96000;84.74000;75.42000;1761.5;275.0;200.0;45.0;6.43;0.000;0.17498;0.04096;0.00;0.000;2.082;0.947;0.000;0.557;138.825;116.97;112.98;16556.5;1291.50;2.19;3.19;1.05;10705.20;43912.00;0.00;24920.6;0.43;1.76;0.00;12/10/2024 16:09:18;
13/10/2024;22;2.0TD;3;0.000134115165000000;0.165;0.918496664;171.415710;0.557;2.195;168.663710;120.97;10.08910;1.18081;0.75;0.25;52.75042;93.10680;101.96000;84.74000;75.42000;1761.5;275.0;200.0;45.0;8.00;0.000;0.17498;0.04096;0.00;0.000;2.172;0.947;0.000;0.557;144.775;121.28;116.98;16378.1;1285.70;3.76;3.19;1.05;8767.64;59880.00;24859.38;24828.8;0.35;2.41;1.00;12/10/2024 16:09:18;
13/10/2024;23;2.0TD;3;0.000118962955000000;0.168;0.933133505;149.438453;0.557;2.195;146.686453;102.53;10.08910;1.18081;0.75;0.25;52.75042;93.10680;101.96000;84.74000;75.42000;1761.5;275.0;200.0;45.0;7.54;0.000;0.17498;0.04096;0.00;0.000;1.884;0.947;0.000;0.557;125.587;102.78;99.05;15362.9;1101.00;3.30;3.19;1.05;24035.32;27944.00;24859.38;23275.3;1.03;1.20;1.07;12/10/2024 16:09:18;
13/10/2024;24;2.0TD;3;0.000100854391000000;0.178;0.988896467;140.552928;0.557;2.195;137.800928;93.53;10.08910;1.18081;0.75;0.25;52.75042;93.10680;101.96000;84.74000;75.42000;1761.5;275.0;200.0;45.0;8.06;0.000;0.17498;0.04096;0.00;0.000;1.755;0.947;0.000;0.557;116.978;93.56;93.06;14724.0;1034.90;3.82;3.19;1.05;29966.60;27944.00;24859.38;21654.9;1.38;1.29;1.15;12/10/2024 16:09:18;
*
