pvpcdata;
2024;02;09;12;01;28;
02/01/2024;1;2.0TD;3;0.000106093697000000;0.240;1.331174686;91.458416;0.557;2.195;88.706416;37.75;14.34617;0.73120;0.75;0.25;40.90792;98.29260;101.96000;97.42000;81.63000;2811.8;275.0;177.0;62.0;20.89;0.000;0.17498;0.03702;0.00;0.000;0.000;1.073;0.565;0.000;0.557;71.537;37.80;37.01;14647.3;949.90;15.75;3.56;1.58;247746.92;62460.20;24859.38;21283.5;11.64;2.93;1.17;01/01/2024 16:08:00;
02/01/2024;2;2.0TD;3;0.000085704829000000;0.250;1.389303389;76.882541;0.557;2.195;74.130541;23.98;14.34617;0.73120;0.75;0.25;40.90792;98.29260;101.96000;97.42000;81.63000;2811.8;275.0;177.0;62.0;22.61;0.000;0.17498;0.03702;0.00;0.000;0.000;0.890;0.565;0.000;0.557;59.304;25.00;10.00;15469.1;1132.80;17.47;3.56;1.58;279122.12;72285.40;0.00;20114.7;13.88;3.59;0.00;01/01/2024 16:08:00;
02/01/2024;3;2.0TD;3;0.000074820496000000;0.257;1.428006846;56.304515;0.557;2.195;53.552515;3.79;14.34617;0.73120;0.75;0.25;40.90792;98.29260;101.96000;97.42000;81.63000;2811.8;275.0;177.0;62.0;26.35;0.000;0.17498;0.03702;0.00;0.000;0.000;0.639;0.565;0.000;0.557;42.603;3.99;0.06;15537.5;830.30;21.21;3.56;1.58;302401.52;97557.76;0.00;18858.1;16.04;5.17;0.00;01/01/2024 16:08:00;
02/01/2024;4;2.0TD;3;0.000069220276000000;0.262;1.456214273;68.420716;0.557;2.195;65.668716;13.38;14.34617;0.73120;0.75;0.25;40.90792;98.29260;101.96000;97.42000;81.63000;2811.8;275.0;177.0;62.0;26.05;0.000;0.17498;0.03702;0.00;0.000;0.000;0.781;0.565;0.000;0.557;52.035;14.00;0.02;15962.5;739.90;20.91;3.56;1.58;294895.72;95129.92;0.00;18649.7;15.81;5.10;0.00;01/01/2024 16:08:00;
02/01/2024;5;2.0TD;3;0.000067441075000000;0.263;1.461948959;63.933529;0.557;2.195;61.181529;9.51;14.34617;0.73120;0.75;0.25;40.90792;98.29260;101.96000;97.42000;81.63000;2811.8;275.0;177.0;62.0;26.38;0.000;0.17498;0.03702;0.00;0.000;0.000;0.727;0.565;0.000;0.557;48.441;10.00;0.00;16061.5;827.60;21.24;3.56;1.58;299869.40;95650.92;0.00;18624.5;16.10;5.14;0.00;01/01/2024 16:08:00;
02/01/2024;6;2.0TD;3;0.000069853422000000;0.258;1.434345069;67.189820;0.557;2.195;64.437820;13.79;14.34617;0.73120;0.75;0.25;40.90792;98.29260;101.96000;97.42000;81.63000;2811.8;275.0;177.0;62.0;24.84;0.000;0.17498;0.03702;0.00;0.000;0.000;0.768;0.565;0.000;0.557;51.222;14.54;0.09;15826.8;860.60;19.70;3.56;1.58;295231.32;83761.20;0.00;19238.1;15.35;4.35;0.00;01/01/2024 16:08:00;
02/01/2024;7;2.0TD;3;0.000080323706000000;0.239;1.325072959;89.714229;0.557;2.195;86.962229;36.09;14.34617;0.73120;0.75;0.25;40.90792;98.29260;101.96000;97.42000;81.63000;2811.8;275.0;177.0;62.0;21.22;0.000;0.17498;0.03702;0.00;0.000;0.000;1.053;0.565;0.000;0.557;70.187;36.29;33.99;14693.5;1428.00;16.08;3.56;1.58;254027.80;66924.24;24859.38;21517.3;11.81;3.11;1.16;01/01/2024 16:08:00;
02/01/2024;8;2.0TD;3;0.000101558498000000;0.219;1.215638233;93.235240;0.557;2.195;90.483240;44.35;14.34617;0.73120;0.75;0.25;40.90792;98.29260;101.96000;97.42000;81.63000;2811.8;275.0;177.0;62.0;16.94;0.000;0.17498;0.03702;0.00;0.000;0.000;1.113;0.565;0.000;0.557;74.227;44.70;40.21;13696.0;1173.20;11.80;3.56;1.58;213765.52;54804.20;24859.38;24864.7;8.60;2.20;1.00;01/01/2024 16:08:00;
02/01/2024;9;2.0TD;2;0.000114927211000000;0.205;1.257552865;125.907126;19.184;8.779;97.944126;53.42;14.34617;0.73120;0.75;0.25;40.90792;98.29260;101.96000;97.42000;81.63000;2811.8;275.0;177.0;62.0;14.64;0.178;0.17498;0.03702;0.00;0.000;0.000;1.219;0.565;0.000;0.557;81.281;53.78;49.01;14539.0;1198.00;9.50;3.56;1.58;171349.96;66380.16;24859.38;27643.2;6.20;2.40;0.90;01/01/2024 16:08:00;
02/01/2024;10;2.0TD;2;0.000123102166000000;0.195;1.195843852;122.364932;19.184;8.779;94.401932;54.09;14.34617;0.73120;0.75;0.25;40.90792;98.29260;101.96000;97.42000;81.63000;2811.8;275.0;177.0;62.0;11.72;0.178;0.17498;0.03702;0.00;0.000;0.000;1.185;0.565;0.000;0.557;78.997;54.23;52.23;15840.3;1222.70;6.58;3.56;1.58;102665.28;65805.44;24859.38;29403.2;3.49;2.24;0.85;01/01/2024 16:08:00;
02/01/2024;11;2.0TD;1;0.000131459681000000;0.187;1.117967584;166.538411;33.081;43.893;89.564411;50.00;14.34617;0.73120;0.75;0.25;40.90792;98.29260;101.96000;97.42000;81.63000;2811.8;275.0;177.0;62.0;11.43;1.068;0.17498;0.03702;0.00;0.000;0.000;1.132;0.565;0.000;0.557;75.454;50.00;50.00;17307.8;1334.20;6.29;3.56;1.58;94846.08;71121.60;24859.38;30364.3;3.12;2.34;0.82;01/01/2024 16:08:00;
02/01/2024;12;2.0TD;1;0.000131625443000000;0.185;1.107430955;168.853488;33.081;43.893;91.879488;52.03;14.34617;0.73120;0.75;0.25;40.90792;98.29260;101.96000;97.42000;81.63000;2811.8;275.0;177.0;62.0;11.45;1.068;0.17498;0.03702;0.00;0.000;0.000;1.163;0.565;0.000;0.557;77.535;52.20;50.00;18242.7;1486.80;6.31;3.56;1.58;101622.28;64930.32;24859.38;30332.8;3.35;2.14;0.82;01/01/2024 16:08:00;
02/01/2024;13;2.0TD;1;0.000131094131000000;0.182;1.091423920;160.317331;33.081;43.893;83.343331;44.77;14.34617;0.73120;0.75;0.25;40.90792;98.29260;101.96000;97.42000;81.63000;2811.8;275.0;177.0;62.0;11.79;1.068;0.17498;0.03702;0.00;0.000;0.000;1.058;0.565;0.000;0.557;70.510;45.00;41.60;19220.4;1423.50;6.65;3.56;1.58;108286.48;67670.40;24859.38;30188.7;3.59;2.24;0.82;01/01/2024 16:08:00;
02/01/2024;14;2.0TD;1;0.000138496855000000;0.180;1.079069325;157.660550;33.081;43.893;80.686550;42.82;14.34617;0.73120;0.75;0.25;40.90792;98.29260;101.96000;97.42000;81.63000;2811.8;275.0;177.0;62.0;11.64;1.068;0.17498;0.03702;0.00;0.000;0.000;1.026;0.565;0.000;0.557;68.378;43.00;39.99;20076.1;1305.40;6.50;3.56;1.58;100494.16;71730.00;24859.38;30333.0;3.31;2.36;0.82;01/01/2024 16:08:00;
02/01/2024;15;2.0TD;2;0.000141174181000000;0.181;1.109315932;108.082551;19.184;8.779;80.119551;42.80;14.34617;0.73120;0.75;0.25;40.90792;98.29260;101.96000;97.42000;81.63000;2811.8;275.0;177.0;62.0;12.02;0.178;0.17498;0.03702;0.00;0.000;0.000;1.018;0.565;0.000;0.557;67.840;43.00;39.99;19515.0;1360.80;6.88;3.56;1.58;110169.08;72003.60;24859.38;30122.3;3.66;2.39;0.83;01/01/2024 16:08:00;
02/01/2024;16;2.0TD;2;0.000135399333000000;0.188;1.151053199;106.144606;19.184;8.779;78.181606;40.61;14.34617;0.73120;0.75;0.25;40.90792;98.29260;101.96000;97.42000;81.63000;2811.8;275.0;177.0;62.0;12.21;0.178;0.17498;0.03702;0.00;0.000;0.000;0.987;0.565;0.000;0.557;65.809;40.99;36.00;19396.8;1610.50;7.07;3.56;1.58;102460.52;81006.00;24859.38;29472.1;3.48;2.75;0.84;01/01/2024 16:08:00;
02/01/2024;17;2.0TD;2;0.000131727386000000;0.195;1.193542009;109.953662;19.184;8.779;81.990662;43.43;14.34617;0.73120;0.75;0.25;40.90792;98.29260;101.96000;97.42000;81.63000;2811.8;275.0;177.0;62.0;12.15;0.178;0.17498;0.03702;0.00;0.000;0.000;1.029;0.565;0.000;0.557;68.611;43.66;39.99;18950.2;1263.60;7.01;3.56;1.58;100197.48;80820.00;24859.38;29383.4;3.41;2.75;0.85;01/01/2024 16:08:00;
02/01/2024;18;2.0TD;2;0.000136661746000000;0.202;1.238618231;122.856612;19.184;8.779;94.893612;51.54;14.34617;0.73120;0.75;0.25;40.90792;98.29260;101.96000;97.42000;81.63000;2811.8;275.0;177.0;62.0;14.22;0.178;0.17498;0.03702;0.00;0.000;0.000;1.184;0.565;0.000;0.557;78.946;52.20;43.00;16236.1;1256.30;9.08;3.56;1.58;182385.36;63578.40;24859.38;29821.6;6.12;2.13;0.83;01/01/2024 16:08:00;
02/01/2024;19;2.0TD;1;0.000156282076000000;0.208;1.246783914;178.277402;33.081;43.893;101.303402;57.09;14.34617;0.73120;0.75;0.25;40.90792;98.29260;101.96000;97.42000;81.63000;2811.8;275.0;177.0;62.0;12.62;1.068;0.17498;0.03702;0.00;0.000;0.000;1.258;0.565;0.000;0.557;83.860;57.77;47.80;16366.9;1202.70;7.48;3.56;1.58;175145.72;33069.12;24859.38;31161.1;5.62;1.06;0.80;01/01/2024 16:08:00;
02/01/2024;20;2.0TD;1;0.000172914140000000;0.208;1.245959724;183.550322;33.081;43.893;106.576322;62.00;14.34617;0.73120;0.75;0.25;40.90792;98.29260;101.96000;97.42000;81.63000;2811.8;275.0;177.0;62.0;12.01;1.068;0.17498;0.03702;0.00;0.000;0.000;1.323;0.565;0.000;0.557;88.225;62.45;55.95;16757.8;1261.00;6.87;3.56;1.58;169114.72;21705.60;24859.38;31406.3;5.38;0.69;0.79;01/01/2024 16:08:00;
02/01/2024;21;2.0TD;1;0.000185394309000000;0.208;1.245663453;178.351090;33.081;43.893;101.377090;57.36;14.34617;0.73120;0.75;0.25;40.90792;98.29260;101.96000;97.42000;81.63000;2811.8;275.0;177.0;62.0;12.41;1.068;0.17498;0.03702;0.00;0.000;0.000;1.259;0.565;0.000;0.557;83.921;58.00;48.01;17832.2;1224.40;7.27;3.56;1.58;176076.32;32877.60;24859.38;32165.8;5.47;1.02;0.77;01/01/2024 16:08:00;
02/01/2024;22;2.0TD;1;0.000189279186000000;0.210;1.255301395;173.507113;33.081;43.893;96.533113;52.40;14.34617;0.73120;0.75;0.25;40.90792;98.29260;101.96000;97.42000;81.63000;2811.8;275.0;177.0;62.0;13.29;1.068;0.17498;0.03702;0.00;0.000;0.000;1.197;0.565;0.000;0.557;79.779;52.83;46.30;18451.8;1309.20;8.15;3.56;1.58;183159.00;48518.40;24859.38;31491.3;5.82;1.54;0.79;01/01/2024 16:08:00;
02/01/2024;23;2.0TD;2;0.000173934668000000;0.215;1.319017010;115.470256;19.184;8.779;87.507256;45.87;14.34617;0.73120;0.75;0.25;40.90792;98.29260;101.96000;97.42000;81.63000;2811.8;275.0;177.0;62.0;13.07;0.178;0.17498;0.03702;0.00;0.000;0.000;1.080;0.565;0.000;0.557;72.022;46.26;40.66;17531.8;1309.90;7.93;3.56;1.58;151403.84;55223.04;24859.38;29190.3;5.19;1.89;0.85;01/01/2024 16:08:00;
02/01/2024;24;2.0TD;2;0.000145570841000000;0.220;1.348175404;106.553488;19.184;8.779;78.590488;39.64;14.34617;0.73120;0.75;0.25;40.90792;98.29260;101.96000;97.42000;81.63000;2811.8;275.0;177.0;62.0;11.81;0.178;0.17498;0.03702;0.00;0.000;0.000;0.966;0.565;0.000;0.557;64.418;40.10;33.99;17374.0;1414.40;6.67;3.56;1.58;100221.72;51008.16;24859.38;26404.9;3.80;1.93;0.94;01/01/2024 16:08:00;
*
