pvpcdata;
2024;02;09;12;01;41;
16/01/2024;1;2.0TD;3;0.000129303033000000;0.240;1.331174686;128.853479;0.557;2.195;126.101479;86.35;2.04419;0.76083;0.75;0.25;90.11583;98.29260;101.96000;97.42000;81.63000;2702.3;275.0;177.0;62.0;10.93;0.000;0.17498;0.03702;0.00;0.000;0.000;1.525;0.565;0.000;0.557;101.694;86.59;83.00;15261.9;1087.30;5.79;3.56;1.58;44040.48;79850.00;24859.38;25726.3;1.71;3.10;0.97;15/01/2024 16:05:54;
16/01/2024;2;2.0TD;3;0.000105420133000000;0.250;1.389303389;126.697927;0.557;2.195;123.945927;83.26;2.04419;0.76083;0.75;0.25;90.11583;98.29260;101.96000;97.42000;81.63000;2702.3;275.0;177.0;62.0;11.52;0.000;0.17498;0.03702;0.00;0.000;0.000;1.487;0.565;0.000;0.557;99.156;83.33;82.26;15316.1;1091.10;6.38;3.56;1.58;47680.92;79850.00;24859.38;23899.2;2.00;3.34;1.04;15/01/2024 16:05:54;
16/01/2024;3;2.0TD;3;0.000092698455000000;0.257;1.428006846;123.398535;0.557;2.195;120.646535;80.82;2.04419;0.76083;0.75;0.25;90.11583;98.29260;101.96000;97.42000;81.63000;2702.3;275.0;177.0;62.0;10.83;0.000;0.17498;0.03702;0.00;0.000;0.000;1.440;0.565;0.000;0.557;95.979;80.94;79.00;15340.0;1025.00;5.69;3.56;1.58;55332.16;49954.16;24859.38;22908.6;2.42;2.18;1.09;15/01/2024 16:05:54;
16/01/2024;4;2.0TD;3;0.000086349676000000;0.262;1.456214273;120.969523;0.557;2.195;118.217523;78.62;2.04419;0.76083;0.75;0.25;90.11583;98.29260;101.96000;97.42000;81.63000;2702.3;275.0;177.0;62.0;10.76;0.000;0.17498;0.03702;0.00;0.000;0.000;1.405;0.565;0.000;0.557;93.674;78.65;78.15;15261.8;1007.80;5.62;3.56;1.58;73418.88;52509.36;0.00;22415.4;3.28;2.34;0.00;15/01/2024 16:05:54;
16/01/2024;5;2.0TD;3;0.000084057089000000;0.263;1.461948959;120.768919;0.557;2.195;118.016919;78.34;2.04419;0.76083;0.75;0.25;90.11583;98.29260;101.96000;97.42000;81.63000;2702.3;275.0;177.0;62.0;10.81;0.000;0.17498;0.03702;0.00;0.000;0.000;1.402;0.565;0.000;0.557;93.441;78.35;78.25;15649.6;1063.90;5.67;3.56;1.58;73927.48;52828.76;0.00;22344.2;3.31;2.36;0.00;15/01/2024 16:05:54;
16/01/2024;6;2.0TD;3;0.000086348277000000;0.258;1.434345069;122.421440;0.557;2.195;119.669440;80.20;2.04419;0.76083;0.75;0.25;90.11583;98.29260;101.96000;97.42000;81.63000;2702.3;275.0;177.0;62.0;10.61;0.000;0.17498;0.03702;0.00;0.000;0.000;1.427;0.565;0.000;0.557;95.126;80.37;77.37;16038.6;962.10;5.47;3.56;1.58;75792.76;50592.96;0.00;23095.3;3.28;2.19;0.00;15/01/2024 16:05:54;
16/01/2024;7;2.0TD;3;0.000098128776000000;0.239;1.325072959;130.198936;0.557;2.195;127.446936;88.47;2.04419;0.76083;0.75;0.25;90.11583;98.29260;101.96000;97.42000;81.63000;2702.3;275.0;177.0;62.0;9.96;0.000;0.17498;0.03702;0.00;0.000;0.000;1.543;0.565;0.000;0.557;102.862;89.00;81.95;16736.5;1354.20;4.82;3.56;1.58;65612.76;35325.64;24859.38;26099.6;2.51;1.35;0.95;15/01/2024 16:05:54;
16/01/2024;8;2.0TD;3;0.000125665914000000;0.219;1.215638233;140.406041;0.557;2.195;137.654041;99.99;2.04419;0.76083;0.75;0.25;90.11583;98.29260;101.96000;97.42000;81.63000;2702.3;275.0;177.0;62.0;8.35;0.000;0.17498;0.03702;0.00;0.000;0.000;1.694;0.565;0.000;0.557;112.923;101.00;85.00;19123.6;1286.70;3.21;3.56;1.58;26069.76;46818.72;24859.38;30499.7;0.85;1.54;0.82;15/01/2024 16:05:54;
16/01/2024;9;2.0TD;2;0.000141136850000000;0.205;1.257552865;194.996173;19.184;8.779;167.033173;126.04;2.04419;0.76083;0.75;0.25;90.11583;98.29260;101.96000;97.42000;81.63000;2702.3;275.0;177.0;62.0;7.43;0.178;0.17498;0.03702;0.00;0.000;0.000;2.079;0.565;0.000;0.557;138.616;127.07;111.82;20939.3;1519.70;2.29;3.56;1.58;9946.40;40230.40;24859.38;32769.5;0.30;1.23;0.76;15/01/2024 16:05:54;
16/01/2024;10;2.0TD;2;0.000146174252000000;0.195;1.195843852;186.161571;19.184;8.779;158.198571;119.80;2.04419;0.76083;0.75;0.25;90.11583;98.29260;101.96000;97.42000;81.63000;2702.3;275.0;177.0;62.0;7.53;0.178;0.17498;0.03702;0.00;0.000;0.000;1.986;0.565;0.000;0.557;132.383;120.18;114.17;21404.0;1442.70;2.39;3.56;1.58;15393.76;39368.32;24859.38;33295.7;0.46;1.18;0.75;15/01/2024 16:05:54;
16/01/2024;11;2.0TD;1;0.000152555705000000;0.187;1.117967584;211.482159;33.081;43.893;134.508159;99.10;2.04419;0.76083;0.75;0.25;90.11583;98.29260;101.96000;97.42000;81.63000;2702.3;275.0;177.0;62.0;8.56;1.068;0.17498;0.03702;0.00;0.000;0.000;1.700;0.565;0.000;0.557;113.317;99.28;95.75;21707.2;1186.30;3.42;3.56;1.58;29214.52;60253.60;24859.38;33368.9;0.88;1.81;0.74;15/01/2024 16:05:54;
16/01/2024;12;2.0TD;1;0.000150724440000000;0.185;1.107430955;202.027928;33.081;43.893;125.053928;91.27;2.04419;0.76083;0.75;0.25;90.11583;98.29260;101.96000;97.42000;81.63000;2702.3;275.0;177.0;62.0;8.72;1.068;0.17498;0.03702;0.00;0.000;0.000;1.583;0.565;0.000;0.557;105.530;91.69;83.59;21707.8;1175.20;3.58;3.56;1.58;37336.96;56782.00;24859.38;33266.9;1.12;1.71;0.75;15/01/2024 16:05:54;
16/01/2024;13;2.0TD;1;0.000149844722000000;0.182;1.091423920;203.295216;33.081;43.893;126.321216;92.77;2.04419;0.76083;0.75;0.25;90.11583;98.29260;101.96000;97.42000;81.63000;2702.3;275.0;177.0;62.0;8.54;1.068;0.17498;0.03702;0.00;0.000;0.000;1.603;0.565;0.000;0.557;106.870;93.00;88.35;21283.5;1124.40;3.40;3.56;1.58;32442.04;54264.00;24859.38;32886.8;0.99;1.65;0.76;15/01/2024 16:05:54;
16/01/2024;14;2.0TD;1;0.000156576627000000;0.180;1.079069325;199.344415;33.081;43.893;122.370415;89.42;2.04419;0.76083;0.75;0.25;90.11583;98.29260;101.96000;97.42000;81.63000;2702.3;275.0;177.0;62.0;8.77;1.068;0.17498;0.03702;0.00;0.000;0.000;1.556;0.565;0.000;0.557;103.703;89.42;89.42;21421.0;1303.30;3.63;3.56;1.58;30134.92;64270.08;24859.38;32896.4;0.92;1.95;0.76;15/01/2024 16:05:54;
16/01/2024;15;2.0TD;2;0.000158417681000000;0.181;1.109315932;150.065103;19.184;8.779;122.102103;90.00;2.04419;0.76083;0.75;0.25;90.11583;98.29260;101.96000;97.42000;81.63000;2702.3;275.0;177.0;62.0;8.77;0.178;0.17498;0.03702;0.00;0.000;0.000;1.551;0.565;0.000;0.557;103.388;90.00;90.00;21264.9;1248.40;3.63;3.56;1.58;29549.72;64310.40;24859.38;32660.1;0.90;1.97;0.76;15/01/2024 16:05:54;
16/01/2024;16;2.0TD;2;0.000153082946000000;0.188;1.151053199;149.341841;19.184;8.779;121.378841;87.78;2.04419;0.76083;0.75;0.25;90.11583;98.29260;101.96000;97.42000;81.63000;2702.3;275.0;177.0;62.0;9.79;0.178;0.17498;0.03702;0.00;0.000;0.000;1.533;0.565;0.000;0.557;102.170;88.00;83.60;20796.2;1090.10;4.65;3.56;1.58;30854.52;94090.92;24859.38;32196.8;0.96;2.92;0.77;15/01/2024 16:05:54;
16/01/2024;17;2.0TD;2;0.000149000673000000;0.195;1.193542009;146.464866;19.184;8.779;118.501866;84.78;2.04419;0.76083;0.75;0.25;90.11583;98.29260;101.96000;97.42000;81.63000;2702.3;275.0;177.0;62.0;9.83;0.178;0.17498;0.03702;0.00;0.000;0.000;1.487;0.565;0.000;0.557;99.164;84.88;83.09;20563.0;1166.90;4.69;3.56;1.58;26656.24;98835.00;24859.38;32055.9;0.83;3.08;0.78;15/01/2024 16:05:54;
16/01/2024;18;2.0TD;2;0.000154186528000000;0.202;1.238618231;150.808291;19.184;8.779;122.845291;88.00;2.04419;0.76083;0.75;0.25;90.11583;98.29260;101.96000;97.42000;81.63000;2702.3;275.0;177.0;62.0;9.60;0.178;0.17498;0.03702;0.00;0.000;0.000;1.533;0.565;0.000;0.557;102.200;88.00;88.00;20523.2;1195.90;4.46;3.56;1.58;25419.28;94090.92;24859.38;32406.2;0.78;2.90;0.77;15/01/2024 16:05:54;
16/01/2024;19;2.0TD;1;0.000176140385000000;0.208;1.246783914;201.377151;33.081;43.893;124.403151;89.02;2.04419;0.76083;0.75;0.25;90.11583;98.29260;101.96000;97.42000;81.63000;2702.3;275.0;177.0;62.0;8.46;1.068;0.17498;0.03702;0.00;0.000;0.000;1.545;0.565;0.000;0.557;102.982;89.02;89.02;20842.5;1073.40;3.32;3.56;1.58;29427.36;56214.40;24859.38;33263.1;0.88;1.69;0.75;15/01/2024 16:05:54;
16/01/2024;20;2.0TD;1;0.000198052327000000;0.208;1.245959724;214.573343;33.081;43.893;137.599343;99.39;2.04419;0.76083;0.75;0.25;90.11583;98.29260;101.96000;97.42000;81.63000;2702.3;275.0;177.0;62.0;8.85;1.068;0.17498;0.03702;0.00;0.000;0.000;1.709;0.565;0.000;0.557;113.906;99.49;97.50;21325.9;1184.50;3.71;3.56;1.58;40651.00;60494.36;24859.38;33986.0;1.20;1.78;0.73;15/01/2024 16:05:54;
16/01/2024;21;2.0TD;1;0.000212219533000000;0.208;1.245663453;215.676247;33.081;43.893;138.702247;99.67;2.04419;0.76083;0.75;0.25;90.11583;98.29260;101.96000;97.42000;81.63000;2702.3;275.0;177.0;62.0;9.47;1.068;0.17498;0.03702;0.00;0.000;0.000;1.722;0.565;0.000;0.557;114.819;99.78;97.78;21352.4;1234.00;4.33;3.56;1.58;36308.92;87780.00;24859.38;34413.7;1.06;2.55;0.72;15/01/2024 16:05:54;
16/01/2024;22;2.0TD;1;0.000214309442000000;0.210;1.255301395;202.393817;33.081;43.893;125.419817;88.75;2.04419;0.76083;0.75;0.25;90.11583;98.29260;101.96000;97.42000;81.63000;2702.3;275.0;177.0;62.0;9.39;1.068;0.17498;0.03702;0.00;0.000;0.000;1.555;0.565;0.000;0.557;103.652;88.75;88.75;19763.6;1344.60;4.25;3.56;1.58;42459.56;74773.60;24859.38;33431.8;1.27;2.24;0.74;15/01/2024 16:05:54;
16/01/2024;23;2.0TD;2;0.000194980364000000;0.215;1.319017010;137.507086;19.184;8.779;109.544086;76.00;2.04419;0.76083;0.75;0.25;90.11583;98.29260;101.96000;97.42000;81.63000;2702.3;275.0;177.0;62.0;9.74;0.178;0.17498;0.03702;0.00;0.000;0.000;1.352;0.565;0.000;0.557;90.159;75.99;76.20;18425.9;988.80;4.60;3.56;1.58;30324.32;84152.20;24859.38;30304.5;1.00;2.78;0.82;15/01/2024 16:05:54;
16/01/2024;24;2.0TD;2;0.000161967736000000;0.220;1.348175404;117.435044;19.184;8.779;89.472044;60.16;2.04419;0.76083;0.75;0.25;90.11583;98.29260;101.96000;97.42000;81.63000;2702.3;275.0;177.0;62.0;9.01;0.178;0.17498;0.03702;0.00;0.000;0.000;1.100;0.565;0.000;0.557;73.337;60.00;62.62;18659.0;1218.00;3.87;3.56;1.58;10771.12;69820.08;24859.38;27203.5;0.40;2.57;0.91;15/01/2024 16:05:54;
*
