pvpcdata;
2024;11;12;10;29;04;
04/10/2024;1;2.0TD;3;0.000086067550000000;0.184;1.022597714;133.070464;0.557;2.195;130.318464;99.10;-1.46726;1.20301;0.75;0.25;98.97583;93.10680;101.96000;84.74000;75.42000;1729.0;275.0;200.0;45.0;9.36;0.000;0.17498;0.04096;0.00;0.000;1.651;0.947;0.000;0.557;110.066;99.00;100.00;16520.1;1835.30;5.12;3.19;1.05;42850.40;52410.72;24859.38;23458.9;1.83;2.23;1.06;03/10/2024 16:06:44;
04/10/2024;2;2.0TD;3;0.000073484184000000;0.192;1.064924604;135.669858;0.557;2.195;132.917858;100.18;-1.46726;1.20301;0.75;0.25;98.97583;93.10680;101.96000;84.74000;75.42000;1729.0;275.0;200.0;45.0;9.70;0.000;0.17498;0.04096;0.00;0.000;1.673;0.947;0.000;0.557;111.508;100.20;100.02;15641.7;1908.20;5.46;3.19;1.05;44488.96;52665.76;24859.38;22353.6;1.99;2.36;1.11;03/10/2024 16:06:44;
04/10/2024;3;2.0TD;3;0.000066013998000000;0.196;1.090117841;133.844687;0.557;2.195;131.092687;97.63;-1.46726;1.20301;0.75;0.25;98.97583;93.10680;101.96000;84.74000;75.42000;1729.0;275.0;200.0;45.0;10.38;0.000;0.17498;0.04096;0.00;0.000;1.644;0.947;0.000;0.557;109.609;98.02;93.78;14952.8;1519.00;6.14;3.19;1.05;73650.04;33856.56;24859.38;21531.6;3.42;1.57;1.15;03/10/2024 16:06:44;
04/10/2024;4;2.0TD;3;0.000062399567000000;0.199;1.107026054;130.047756;0.557;2.195;127.295756;94.41;-1.46726;1.20301;0.75;0.25;98.97583;93.10680;101.96000;84.74000;75.42000;1729.0;275.0;200.0;45.0;10.21;0.000;0.17498;0.04096;0.00;0.000;1.593;0.947;0.000;0.557;106.168;94.80;90.61;14781.8;1509.00;5.97;3.19;1.05;89972.72;36470.88;0.00;21167.2;4.25;1.72;0.00;03/10/2024 16:06:44;
04/10/2024;5;2.0TD;3;0.000061099491000000;0.200;1.111968943;138.303124;0.557;2.195;135.551124;101.79;-1.46726;1.20301;0.75;0.25;98.97583;93.10680;101.96000;84.74000;75.42000;1729.0;275.0;200.0;45.0;9.52;0.000;0.17498;0.04096;0.00;0.000;1.694;0.947;0.000;0.557;112.959;102.68;94.97;14164.7;1842.00;5.28;3.19;1.05;77185.04;33856.56;0.00;21044.6;3.67;1.61;0.00;03/10/2024 16:06:44;
04/10/2024;6;2.0TD;3;0.000062423436000000;0.196;1.090527822;134.561091;0.557;2.195;131.809091;98.85;-1.46726;1.20301;0.75;0.25;98.97583;93.10680;101.96000;84.74000;75.42000;1729.0;275.0;200.0;45.0;9.75;0.000;0.17498;0.04096;0.00;0.000;1.653;0.947;0.000;0.557;110.208;99.54;92.75;14730.1;1663.30;5.51;3.19;1.05;84935.92;33408.00;0.00;21488.1;3.95;1.55;0.00;03/10/2024 16:06:44;
04/10/2024;7;2.0TD;3;0.000070237508000000;0.180;0.998636864;137.673519;0.557;2.195;134.921519;102.77;-1.46726;1.20301;0.75;0.25;98.97583;93.10680;101.96000;84.74000;75.42000;1729.0;275.0;200.0;45.0;9.90;0.000;0.17498;0.04096;0.00;0.000;1.715;0.947;0.000;0.557;114.340;103.00;100.76;16322.1;1852.90;5.66;3.19;1.05;82600.20;25344.48;24859.38;23482.0;3.52;1.08;1.06;03/10/2024 16:06:44;
04/10/2024;8;2.0TD;3;0.000089476068000000;0.161;0.895606282;162.163419;0.557;2.195;159.411419;127.71;-1.46726;1.20301;0.75;0.25;98.97583;93.10680;101.96000;84.74000;75.42000;1729.0;275.0;200.0;45.0;7.58;0.000;0.17498;0.04096;0.00;0.000;2.060;0.947;0.000;0.557;137.305;127.79;126.65;16194.7;1304.20;3.34;3.19;1.05;8677.84;53736.32;24859.38;26101.4;0.33;2.06;0.95;03/10/2024 16:06:44;
04/10/2024;9;2.0TD;2;0.000094813747000000;0.187;1.145917260;207.686991;19.184;8.779;179.723991;141.24;-1.46726;1.20301;0.75;0.25;98.97583;93.10680;101.96000;84.74000;75.42000;1729.0;275.0;200.0;45.0;7.79;0.154;0.17498;0.04096;0.00;0.000;2.271;0.947;0.000;0.557;151.410;141.37;139.76;16829.5;1417.40;3.55;3.19;1.05;-3130.60;74354.40;24859.38;27107.8;-0.12;2.74;0.92;03/10/2024 16:06:44;
04/10/2024;10;2.0TD;2;0.000094062986000000;0.152;0.935536489;179.569967;19.184;8.779;151.606967;116.37;-1.46726;1.20301;0.75;0.25;98.97583;93.10680;101.96000;84.74000;75.42000;1729.0;275.0;200.0;45.0;13.15;0.154;0.17498;0.04096;0.00;0.000;1.974;0.947;0.000;0.557;131.603;116.57;113.98;19028.5;1583.00;8.91;3.19;1.05;24023.92;199538.40;24859.38;27878.4;0.86;7.16;0.89;03/10/2024 16:06:44;
04/10/2024;11;2.0TD;1;0.000095526488000000;0.150;0.895367184;208.297411;33.081;43.893;131.323411;100.10;-1.46726;1.20301;0.75;0.25;98.97583;93.10680;101.96000;84.74000;75.42000;1729.0;275.0;200.0;45.0;11.50;0.926;0.17498;0.04096;0.00;0.000;1.713;0.947;0.000;0.557;114.194;100.11;99.96;22144.7;1484.80;7.26;3.19;1.05;41058.80;140777.60;24859.38;28456.5;1.44;4.95;0.87;03/10/2024 16:06:44;
04/10/2024;12;2.0TD;1;0.000095391634000000;0.149;0.894232622;180.910552;33.081;43.893;103.936552;76.39;-1.46726;1.20301;0.75;0.25;98.97583;93.10680;101.96000;84.74000;75.42000;1729.0;275.0;200.0;45.0;11.83;0.926;0.17498;0.04096;0.00;0.000;1.357;0.947;0.000;0.557;90.458;76.39;76.39;24945.8;1454.60;7.59;3.19;1.05;67908.84;126819.00;24859.38;28925.6;2.35;4.38;0.86;03/10/2024 16:06:44;
04/10/2024;13;2.0TD;1;0.000098622361000000;0.147;0.882711404;161.131994;33.081;43.893;84.157994;60.81;-1.46726;1.20301;0.75;0.25;98.97583;93.10680;101.96000;84.74000;75.42000;1729.0;275.0;200.0;45.0;10.58;0.926;0.17498;0.04096;0.00;0.000;1.101;0.947;0.000;0.557;73.372;60.20;70.01;25807.4;1702.50;6.34;3.19;1.05;84222.12;73879.20;24859.38;28838.7;2.92;2.56;0.86;03/10/2024 16:06:44;
04/10/2024;14;2.0TD;1;0.000104333356000000;0.145;0.866247963;159.264314;33.081;43.893;82.290314;59.33;-1.46726;1.20301;0.75;0.25;98.97583;93.10680;101.96000;84.74000;75.42000;1729.0;275.0;200.0;45.0;10.58;0.926;0.17498;0.04096;0.00;0.000;1.078;0.947;0.000;0.557;71.869;59.30;59.90;26925.0;1486.60;6.34;3.19;1.05;85928.72;73084.80;24859.38;29031.2;2.96;2.52;0.86;03/10/2024 16:06:44;
04/10/2024;15;2.0TD;2;0.000105263695000000;0.163;1.002760363;99.749489;19.184;8.779;71.786489;50.00;-1.46726;1.20301;0.75;0.25;98.97583;93.10680;101.96000;84.74000;75.42000;1729.0;275.0;200.0;45.0;10.69;0.154;0.17498;0.04096;0.00;0.000;0.926;0.947;0.000;0.557;61.725;50.00;50.00;26033.1;1291.40;6.45;3.19;1.05;96610.60;62757.60;24859.38;28570.6;3.38;2.20;0.87;03/10/2024 16:06:44;
04/10/2024;16;2.0TD;2;0.000098912312000000;0.170;1.041115534;99.374266;19.184;8.779;71.411266;48.97;-1.46726;1.20301;0.75;0.25;98.97583;93.10680;101.96000;84.74000;75.42000;1729.0;275.0;200.0;45.0;11.04;0.154;0.17498;0.04096;0.00;0.000;0.916;0.947;0.000;0.557;61.035;49.10;46.10;25448.9;1139.60;6.80;3.19;1.05;98299.12;66062.00;24859.38;27800.2;3.54;2.38;0.89;03/10/2024 16:06:44;
04/10/2024;17;2.0TD;2;0.000095797463000000;0.177;1.088072988;110.328601;19.184;8.779;82.365601;57.78;-1.46726;1.20301;0.75;0.25;98.97583;93.10680;101.96000;84.74000;75.42000;1729.0;275.0;200.0;45.0;11.04;0.154;0.17498;0.04096;0.00;0.000;1.050;0.947;0.000;0.557;69.979;57.88;55.88;24888.5;1253.50;6.80;3.19;1.05;88801.64;72035.60;24859.38;27300.9;3.25;2.64;0.91;03/10/2024 16:06:44;
04/10/2024;18;2.0TD;2;0.000098340933000000;0.182;1.119016091;135.781813;19.184;8.779;107.818813;77.42;-1.46726;1.20301;0.75;0.25;98.97583;93.10680;101.96000;84.74000;75.42000;1729.0;275.0;200.0;45.0;12.32;0.154;0.17498;0.04096;0.00;0.000;1.368;0.947;0.000;0.557;91.217;77.42;77.42;21479.7;1384.70;8.08;3.19;1.05;64969.52;130592.00;24859.38;27289.9;2.38;4.79;0.91;03/10/2024 16:06:44;
04/10/2024;19;2.0TD;1;0.000101847644000000;0.164;0.983305641;210.357075;33.081;43.893;133.383075;99.98;-1.46726;1.20301;0.75;0.25;98.97583;93.10680;101.96000;84.74000;75.42000;1729.0;275.0;200.0;45.0;12.01;0.926;0.17498;0.04096;0.00;0.000;1.719;0.947;0.000;0.557;114.590;100.20;97.21;19476.0;1576.60;7.77;3.19;1.05;42593.84;142563.20;24859.38;27016.0;1.58;5.28;0.92;03/10/2024 16:06:44;
04/10/2024;20;2.0TD;1;0.000111084013000000;0.170;1.016965221;253.093246;33.081;43.893;176.119246;137.16;-1.46726;1.20301;0.75;0.25;98.97583;93.10680;101.96000;84.74000;75.42000;1729.0;275.0;200.0;45.0;10.23;0.926;0.17498;0.04096;0.00;0.000;2.258;0.947;0.000;0.557;150.529;137.24;136.24;17305.4;1464.30;5.99;3.19;1.05;3541.44;131780.00;24859.38;26719.5;0.13;4.93;0.93;03/10/2024 16:06:44;
04/10/2024;21;2.0TD;1;0.000131069039000000;0.172;1.027725807;261.961625;33.081;43.893;184.987625;146.04;-1.46726;1.20301;0.75;0.25;98.97583;93.10680;101.96000;84.74000;75.42000;1729.0;275.0;200.0;45.0;8.55;0.926;0.17498;0.04096;0.00;0.000;2.368;0.947;0.000;0.557;157.839;146.03;146.23;18276.6;1435.10;4.31;3.19;1.05;-1262.32;97804.00;24859.38;28133.6;-0.04;3.48;0.88;03/10/2024 16:06:44;
04/10/2024;22;2.0TD;1;0.000134935547000000;0.173;1.035241956;262.762268;33.081;43.893;185.788268;146.41;-1.46726;1.20301;0.75;0.25;98.97583;93.10680;101.96000;84.74000;75.42000;1729.0;275.0;200.0;45.0;8.72;0.926;0.17498;0.04096;0.00;0.000;2.376;0.947;0.000;0.557;158.387;146.41;146.41;17792.3;1415.10;4.48;3.19;1.05;-1253.88;99800.00;24859.38;27515.1;-0.05;3.63;0.90;03/10/2024 16:06:44;
04/10/2024;23;2.0TD;2;0.000121126432000000;0.199;1.223514116;179.584068;19.184;8.779;151.621068;117.14;-1.46726;1.20301;0.75;0.25;98.97583;93.10680;101.96000;84.74000;75.42000;1729.0;275.0;200.0;45.0;7.31;0.154;0.17498;0.04096;0.00;0.000;1.897;0.947;0.000;0.557;126.456;117.17;116.67;17116.0;1266.80;3.07;3.19;1.05;13165.36;39560.40;24859.38;25267.5;0.52;1.57;0.98;03/10/2024 16:06:44;
04/10/2024;24;2.0TD;2;0.000104925584000000;0.206;1.262686970;178.142888;19.184;8.779;150.179888;114.67;-1.46726;1.20301;0.75;0.25;98.97583;93.10680;101.96000;84.74000;75.42000;1729.0;275.0;200.0;45.0;7.88;0.154;0.17498;0.04096;0.00;0.000;1.868;0.947;0.000;0.557;124.527;115.00;110.78;15973.2;1370.00;3.64;3.19;1.05;14401.36;45269.28;24859.38;23235.2;0.62;1.95;1.07;03/10/2024 16:06:44;
*
