pvpcdata;
2024;10;09;11;29;40;
18/09/2024;1;2.0TD;3;0.000091902637000000;0.162;0.902739836;100.001612;0.557;2.195;97.249612;70.74;-0.05885;1.25422;0.75;0.25;90.92042;90.68500;101.96000;73.51000;91.63000;1776.4;275.0;234.0;48.0;10.05;0.000;0.17498;0.04096;0.00;0.000;1.255;0.947;0.000;0.557;83.691;70.59;73.59;19248.6;1020.40;5.92;3.08;1.05;30744.60;89548.80;24859.38;24493.5;1.26;3.66;1.01;17/09/2024 16:14:24;
18/09/2024;2;2.0TD;3;0.000078781773000000;0.170;0.944899601;113.737705;0.557;2.195;110.985705;81.00;-0.05885;1.25422;0.75;0.25;90.92042;90.68500;101.96000;73.51000;91.63000;1776.4;275.0;234.0;48.0;10.79;0.000;0.17498;0.04096;0.00;0.000;1.423;0.947;0.000;0.557;94.859;81.00;81.00;17711.1;1066.00;6.66;3.08;1.05;41984.88;89136.48;24859.38;23406.3;1.79;3.81;1.06;17/09/2024 16:14:24;
18/09/2024;3;2.0TD;3;0.000071373390000000;0.173;0.961780103;114.808194;0.557;2.195;112.056194;81.22;-0.05885;1.25422;0.75;0.25;90.92042;90.68500;101.96000;73.51000;91.63000;1776.4;275.0;234.0;48.0;11.23;0.000;0.17498;0.04096;0.00;0.000;1.433;0.947;0.000;0.557;95.529;81.22;81.22;17052.2;1141.10;7.10;3.08;1.05;46606.08;89280.00;24859.38;22651.7;2.06;3.94;1.10;17/09/2024 16:14:24;
18/09/2024;4;2.0TD;3;0.000067489247000000;0.176;0.976852288;114.974830;0.557;2.195;112.222830;81.22;-0.05885;1.25422;0.75;0.25;90.92042;90.68500;101.96000;73.51000;91.63000;1776.4;275.0;234.0;48.0;11.13;0.000;0.17498;0.04096;0.00;0.000;1.431;0.947;0.000;0.557;95.427;81.22;81.22;16233.4;1057.40;7.00;3.08;1.05;60740.00;92038.40;0.00;21830.2;2.78;4.22;0.00;17/09/2024 16:14:24;
18/09/2024;5;2.0TD;3;0.000065597068000000;0.176;0.979712855;116.241382;0.557;2.195;113.489382;82.44;-0.05885;1.25422;0.75;0.25;90.92042;90.68500;101.96000;73.51000;91.63000;1776.4;275.0;234.0;48.0;10.97;0.000;0.17498;0.04096;0.00;0.000;1.448;0.947;0.000;0.557;96.504;82.44;82.44;15769.8;998.00;6.84;3.08;1.05;59341.16;88929.12;0.00;21676.3;2.74;4.10;0.00;17/09/2024 16:14:24;
18/09/2024;6;2.0TD;3;0.000066024483000000;0.172;0.957003679;120.197624;0.557;2.195;117.445624;88.01;-0.05885;1.25422;0.75;0.25;90.92042;90.68500;101.96000;73.51000;91.63000;1776.4;275.0;234.0;48.0;9.05;0.000;0.17498;0.04096;0.00;0.000;1.503;0.947;0.000;0.557;100.209;88.01;88.01;16173.8;1001.50;4.92;3.08;1.05;52982.84;55117.80;0.00;21971.0;2.41;2.51;0.00;17/09/2024 16:14:24;
18/09/2024;7;2.0TD;3;0.000072139639000000;0.160;0.887493253;132.656429;0.557;2.195;129.904429;99.12;-0.05885;1.25422;0.75;0.25;90.92042;90.68500;101.96000;73.51000;91.63000;1776.4;275.0;234.0;48.0;9.54;0.000;0.17498;0.04096;0.00;0.000;1.680;0.947;0.000;0.557;111.986;99.22;97.32;16007.8;902.30;5.41;3.08;1.05;38747.24;65309.12;24859.38;23799.2;1.63;2.74;1.04;17/09/2024 16:14:24;
18/09/2024;8;2.0TD;3;0.000085686452000000;0.151;0.839458813;148.182665;0.557;2.195;145.430665;113.19;-0.05885;1.25422;0.75;0.25;90.92042;90.68500;101.96000;73.51000;91.63000;1776.4;275.0;234.0;48.0;9.62;0.000;0.17498;0.04096;0.00;0.000;1.895;0.947;0.000;0.557;126.351;113.22;112.72;18198.7;989.60;5.49;3.08;1.05;29136.72;94116.80;24859.38;26941.2;1.08;3.49;0.92;17/09/2024 16:14:24;
18/09/2024;9;2.0TD;2;0.000089730023000000;0.154;0.944077072;198.216748;19.184;8.779;170.253748;122.84;-0.05885;1.25422;0.75;0.25;90.92042;90.68500;101.96000;73.51000;91.63000;1776.4;275.0;234.0;48.0;20.68;0.154;0.17498;0.04096;0.00;0.000;2.213;0.947;0.000;0.557;147.533;123.00;119.86;18985.8;1049.20;16.55;3.08;1.05;24696.76;413592.48;24859.38;27982.3;0.88;14.78;0.89;17/09/2024 16:14:24;
18/09/2024;10;2.0TD;2;0.000092762445000000;0.140;0.859617545;176.116918;19.184;8.779;148.153918;108.32;-0.05885;1.25422;0.75;0.25;90.92042;90.68500;101.96000;73.51000;91.63000;1776.4;275.0;234.0;48.0;17.89;0.154;0.17498;0.04096;0.00;0.000;1.949;0.947;0.000;0.557;129.959;108.65;103.15;19069.2;1228.00;13.76;3.08;1.05;34980.44;333330.24;24859.38;28573.1;1.22;11.67;0.87;17/09/2024 16:14:24;
18/09/2024;11;2.0TD;1;0.000096211484000000;0.144;0.864337368;195.592588;33.081;43.893;118.618588;85.59;-0.05885;1.25422;0.75;0.25;90.92042;90.68500;101.96000;73.51000;91.63000;1776.4;275.0;234.0;48.0;13.97;0.926;0.17498;0.04096;0.00;0.000;1.555;0.947;0.000;0.557;103.687;85.74;82.31;21887.0;990.10;9.84;3.08;1.05;55214.88;205162.40;24859.38;28984.9;1.90;7.08;0.86;17/09/2024 16:14:24;
18/09/2024;12;2.0TD;1;0.000097744644000000;0.149;0.893543203;170.378022;33.081;43.893;93.404022;65.82;-0.05885;1.25422;0.75;0.25;90.92042;90.68500;101.96000;73.51000;91.63000;1776.4;275.0;234.0;48.0;11.68;0.926;0.17498;0.04096;0.00;0.000;1.219;0.947;0.000;0.557;81.291;65.82;65.82;24977.4;883.30;7.55;3.08;1.05;86861.44;109727.52;24859.38;29344.0;2.96;3.74;0.85;17/09/2024 16:14:24;
18/09/2024;13;2.0TD;1;0.000101315733000000;0.144;0.863393782;161.493380;33.081;43.893;84.519380;60.03;-0.05885;1.25422;0.75;0.25;90.92042;90.68500;101.96000;73.51000;91.63000;1776.4;275.0;234.0;48.0;10.17;0.926;0.17498;0.04096;0.00;0.000;1.108;0.947;0.000;0.557;73.880;60.00;61.00;25607.4;906.40;6.04;3.08;1.05;93247.36;59349.76;24859.38;29412.2;3.17;2.02;0.85;17/09/2024 16:14:24;
18/09/2024;14;2.0TD;1;0.000108934974000000;0.138;0.824143632;161.004576;33.081;43.893;84.030576;60.04;-0.05885;1.25422;0.75;0.25;90.92042;90.68500;101.96000;73.51000;91.63000;1776.4;275.0;234.0;48.0;10.12;0.926;0.17498;0.04096;0.00;0.000;1.108;0.947;0.000;0.557;73.840;60.00;61.00;25736.7;937.50;5.99;3.08;1.05;92765.16;59349.76;24859.38;29551.9;3.14;2.01;0.84;17/09/2024 16:14:24;
18/09/2024;15;2.0TD;2;0.000110006643000000;0.136;0.835031316;108.372007;19.184;8.779;80.409007;57.68;-0.05885;1.25422;0.75;0.25;90.92042;90.68500;101.96000;73.51000;91.63000;1776.4;275.0;234.0;48.0;10.24;0.154;0.17498;0.04096;0.00;0.000;1.062;0.947;0.000;0.557;70.782;57.61;59.62;25677.8;984.90;6.11;3.08;1.05;95636.60;57511.52;24859.38;29104.9;3.29;1.98;0.85;17/09/2024 16:14:24;
18/09/2024;16;2.0TD;2;0.000103957557000000;0.141;0.863783371;107.752647;19.184;8.779;79.789647;56.60;-0.05885;1.25422;0.75;0.25;90.92042;90.68500;101.96000;73.51000;91.63000;1776.4;275.0;234.0;48.0;10.48;0.154;0.17498;0.04096;0.00;0.000;1.049;0.947;0.000;0.557;69.929;56.47;60.26;24953.5;881.90;6.35;3.08;1.05;97394.48;56796.48;24859.38;28165.4;3.46;2.02;0.88;17/09/2024 16:14:24;
18/09/2024;17;2.0TD;2;0.000101976375000000;0.147;0.904273924;113.225907;19.184;8.779;85.262907;61.00;-0.05885;1.25422;0.75;0.25;90.92042;90.68500;101.96000;73.51000;91.63000;1776.4;275.0;234.0;48.0;10.42;0.154;0.17498;0.04096;0.00;0.000;1.115;0.947;0.000;0.557;74.335;61.00;61.00;24439.2;928.80;6.29;3.08;1.05;91681.64;60291.00;24859.38;28104.9;3.26;2.15;0.88;17/09/2024 16:14:24;
18/09/2024;18;2.0TD;2;0.000105313533000000;0.149;0.913513895;143.819631;19.184;8.779;115.856631;85.33;-0.05885;1.25422;0.75;0.25;90.92042;90.68500;101.96000;73.51000;91.63000;1776.4;275.0;234.0;48.0;12.19;0.154;0.17498;0.04096;0.00;0.000;1.512;0.947;0.000;0.557;100.832;85.50;81.56;22513.0;1020.30;8.06;3.08;1.05;65314.20;137882.40;24859.38;28307.5;2.31;4.87;0.88;17/09/2024 16:14:24;
18/09/2024;19;2.0TD;1;0.000108421824000000;0.158;0.945445200;196.902938;33.081;43.893;119.928938;88.00;-0.05885;1.25422;0.75;0.25;90.92042;90.68500;101.96000;73.51000;91.63000;1776.4;275.0;234.0;48.0;11.44;0.926;0.17498;0.04096;0.00;0.000;1.553;0.947;0.000;0.557;103.565;88.00;88.00;22472.3;1017.40;7.31;3.08;1.05;47999.16;135500.40;24859.38;28472.1;1.69;4.76;0.87;17/09/2024 16:14:24;
18/09/2024;20;2.0TD;1;0.000112648335000000;0.157;0.939518099;229.407103;33.081;43.893;152.433103;119.85;-0.05885;1.25422;0.75;0.25;90.92042;90.68500;101.96000;73.51000;91.63000;1776.4;275.0;234.0;48.0;7.35;0.926;0.17498;0.04096;0.00;0.000;1.976;0.947;0.000;0.557;131.748;120.01;117.91;20765.5;1696.40;3.22;3.08;1.05;11879.88;54104.40;24859.38;28166.4;0.42;1.92;0.88;17/09/2024 16:14:24;
18/09/2024;21;2.0TD;1;0.000132477562000000;0.151;0.901605280;255.072347;33.081;43.893;178.098347;143.02;-0.05885;1.25422;0.75;0.25;90.92042;90.68500;101.96000;73.51000;91.63000;1776.4;275.0;234.0;48.0;6.82;0.926;0.17498;0.04096;0.00;0.000;2.321;0.947;0.000;0.557;154.733;143.02;143.02;21114.4;1650.90;2.69;3.08;1.05;25941.20;28054.40;24859.38;29346.5;0.88;0.96;0.85;17/09/2024 16:14:24;
18/09/2024;22;2.0TD;1;0.000144394872000000;0.144;0.864540325;260.528316;33.081;43.893;183.554316;148.26;-0.05885;1.25422;0.75;0.25;90.92042;90.68500;101.96000;73.51000;91.63000;1776.4;275.0;234.0;48.0;7.21;0.926;0.17498;0.04096;0.00;0.000;2.407;0.947;0.000;0.557;160.449;148.26;148.26;21126.9;1654.10;3.08;3.08;1.05;32441.56;32390.08;24859.38;29133.4;1.11;1.11;0.85;17/09/2024 16:14:24;
18/09/2024;23;2.0TD;2;0.000127901365000000;0.151;0.927659335;169.904984;19.184;8.779;141.941984;112.10;-0.05885;1.25422;0.75;0.25;90.92042;90.68500;101.96000;73.51000;91.63000;1776.4;275.0;234.0;48.0;7.57;0.154;0.17498;0.04096;0.00;0.000;1.850;0.947;0.000;0.557;123.320;112.24;110.31;19656.0;1564.00;3.44;3.08;1.05;59777.76;7350.80;24859.38;26697.4;2.24;0.28;0.93;17/09/2024 16:14:24;
18/09/2024;24;2.0TD;2;0.000107991075000000;0.158;0.967227320;166.617956;19.184;8.779;138.654956;109.66;-0.05885;1.25422;0.75;0.25;90.92042;90.68500;101.96000;73.51000;91.63000;1776.4;275.0;234.0;48.0;6.48;0.154;0.17498;0.04096;0.00;0.000;1.796;0.947;0.000;0.557;119.736;109.85;107.61;17997.4;1700.00;2.35;3.08;1.05;18556.44;14062.40;24859.38;24462.8;0.76;0.57;1.02;17/09/2024 16:14:24;
*
