pvpcdata;
2024;05;13;12;31;33;
27/04/2024;1;2.0TD;3;0.000102438681000000;0.199;1.106589852;92.607461;0.557;2.195;89.855461;47.94;12.58926;1.01258;0.75;0.25;25.02375;75.38080;101.96000;48.69000;27.94000;1892.2;275.0;154.0;50.0;11.41;0.000;0.17498;0.04096;0.00;0.000;1.124;0.947;0.000;0.557;74.942;47.88;48.84;20082.8;1245.10;6.64;3.35;1.42;117217.28;12800.00;24859.38;23322.2;5.03;0.55;1.07;26/04/2024 16:12:46;
27/04/2024;2;2.0TD;3;0.000085864978000000;0.205;1.137372286;85.142673;0.557;2.195;82.390673;40.00;12.58926;1.01258;0.75;0.25;25.02375;75.38080;101.96000;48.69000;27.94000;1892.2;275.0;154.0;50.0;12.88;0.000;0.17498;0.04096;0.00;0.000;1.026;0.947;0.000;0.557;68.374;40.00;40.00;18648.9;1396.20;8.11;3.35;1.42;128125.40;26340.48;24859.38;22105.3;5.80;1.19;1.12;26/04/2024 16:12:46;
27/04/2024;3;2.0TD;3;0.000075189482000000;0.208;1.153453092;82.072907;0.557;2.195;79.320907;34.98;12.58926;1.01258;0.75;0.25;25.02375;75.38080;101.96000;48.69000;27.94000;1892.2;275.0;154.0;50.0;15.23;0.000;0.17498;0.04096;0.00;0.000;0.985;0.947;0.000;0.557;65.663;35.00;34.70;17568.0;1517.70;10.46;3.35;1.42;159049.56;34836.40;24859.38;20921.8;7.60;1.67;1.19;26/04/2024 16:12:46;
27/04/2024;4;2.0TD;3;0.000069214164000000;0.209;1.163791137;82.825282;0.557;2.195;80.073282;35.00;12.58926;1.01258;0.75;0.25;25.02375;75.38080;101.96000;48.69000;27.94000;1892.2;275.0;154.0;50.0;15.77;0.000;0.17498;0.04096;0.00;0.000;0.993;0.947;0.000;0.557;66.231;35.00;35.00;17695.4;1360.20;11.00;3.35;1.42;188174.68;34653.52;0.00;20250.8;9.29;1.71;0.00;26/04/2024 16:12:46;
27/04/2024;5;2.0TD;3;0.000066606105000000;0.210;1.168915207;83.138353;0.557;2.195;80.386353;34.98;12.58926;1.01258;0.75;0.25;25.02375;75.38080;101.96000;48.69000;27.94000;1892.2;275.0;154.0;50.0;15.99;0.000;0.17498;0.04096;0.00;0.000;0.997;0.947;0.000;0.557;66.435;35.00;34.70;17794.9;1309.40;11.22;3.35;1.42;188252.88;34653.52;0.00;19871.4;9.47;1.74;0.00;26/04/2024 16:12:46;
27/04/2024;6;2.0TD;3;0.000066590513000000;0.210;1.164991858;83.911543;0.557;2.195;81.159543;34.92;12.58926;1.01258;0.75;0.25;25.02375;75.38080;101.96000;48.69000;27.94000;1892.2;275.0;154.0;50.0;16.68;0.000;0.17498;0.04096;0.00;0.000;1.006;0.947;0.000;0.557;67.074;35.00;34.00;17633.9;1550.60;11.91;3.35;1.42;192151.60;43044.48;0.00;19745.1;9.73;2.18;0.00;26/04/2024 16:12:46;
27/04/2024;7;2.0TD;3;0.000068670412000000;0.203;1.128542533;82.830901;0.557;2.195;80.078901;34.97;12.58926;1.01258;0.75;0.25;25.02375;75.38080;101.96000;48.69000;27.94000;1892.2;275.0;154.0;50.0;16.13;0.000;0.17498;0.04096;0.00;0.000;0.998;0.947;0.000;0.557;66.566;35.00;34.50;18136.7;1315.80;11.36;3.35;1.42;188180.68;41772.48;0.00;20250.7;9.29;2.06;0.00;26/04/2024 16:12:46;
27/04/2024;8;2.0TD;3;0.000072078103000000;0.195;1.084833707;82.589953;0.557;2.195;79.837953;34.19;12.58926;1.01258;0.75;0.25;25.02375;75.38080;101.96000;48.69000;27.94000;1892.2;275.0;154.0;50.0;17.15;0.000;0.17498;0.04096;0.00;0.000;1.002;0.947;0.000;0.557;66.810;34.21;33.91;18607.1;1503.60;12.38;3.35;1.42;218208.12;40048.80;0.00;20868.5;10.46;1.92;0.00;26/04/2024 16:12:46;
27/04/2024;9;2.0TD;3;0.000086475783000000;0.180;0.998832443;77.862543;0.557;2.195;75.110543;30.00;12.58926;1.01258;0.75;0.25;25.02375;75.38080;101.96000;48.69000;27.94000;1892.2;275.0;154.0;50.0;18.23;0.000;0.17498;0.04096;0.00;0.000;0.955;0.947;0.000;0.557;63.653;30.00;30.00;19954.6;1421.60;13.46;3.35;1.42;230515.52;65692.08;0.00;22000.2;10.48;2.99;0.00;26/04/2024 16:12:46;
27/04/2024;10;2.0TD;3;0.000109432905000000;0.164;0.908938342;60.087151;0.557;2.195;57.335151;16.00;12.58926;1.01258;0.75;0.25;25.02375;75.38080;101.96000;48.69000;27.94000;1892.2;275.0;154.0;50.0;18.05;0.000;0.17498;0.04096;0.00;0.000;0.739;0.947;0.000;0.557;49.257;15.40;27.65;23263.2;1192.70;13.28;3.35;1.42;241619.52;73455.36;0.00;23729.2;10.18;3.10;0.00;26/04/2024 16:12:46;
27/04/2024;11;2.0TD;3;0.000125272110000000;0.158;0.877277748;49.128745;0.557;2.195;46.376745;7.86;12.58926;1.01258;0.75;0.25;25.02375;75.38080;101.96000;48.69000;27.94000;1892.2;275.0;154.0;50.0;17.12;0.000;0.17498;0.04096;0.00;0.000;0.601;0.947;0.000;0.557;40.049;7.30;19.55;26731.8;1284.00;12.35;3.35;1.42;238667.24;63688.80;0.00;24488.6;9.75;2.60;0.00;26/04/2024 16:12:46;
27/04/2024;12;2.0TD;3;0.000130278520000000;0.158;0.875190009;42.850069;0.557;2.195;40.098069;3.25;12.58926;1.01258;0.75;0.25;25.02375;75.38080;101.96000;48.69000;27.94000;1892.2;275.0;154.0;50.0;16.39;0.000;0.17498;0.04096;0.00;0.000;0.519;0.947;0.000;0.557;34.627;3.25;3.25;26698.6;2610.10;11.62;3.35;1.42;246941.60;38908.48;0.00;24594.2;10.04;1.58;0.00;26/04/2024 16:12:46;
27/04/2024;13;2.0TD;3;0.000132203392000000;0.157;0.869928008;39.808399;0.557;2.195;37.056399;0.06;12.58926;1.01258;0.75;0.25;25.02375;75.38080;101.96000;48.69000;27.94000;1892.2;275.0;154.0;50.0;17.02;0.000;0.17498;0.04096;0.00;0.000;0.480;0.947;0.000;0.557;32.028;0.03;0.44;26425.1;1854.40;12.25;3.35;1.42;249620.40;45642.12;0.00;24107.8;10.35;1.89;0.00;26/04/2024 16:12:46;
27/04/2024;14;2.0TD;3;0.000139098566000000;0.152;0.845698645;37.906435;0.557;2.195;35.154435;0.00;12.58926;1.01258;0.75;0.25;25.02375;75.38080;101.96000;48.69000;27.94000;1892.2;275.0;154.0;50.0;15.59;0.000;0.17498;0.04096;0.00;0.000;0.458;0.947;0.000;0.557;30.516;0.00;0.00;25502.8;2128.70;10.82;3.35;1.42;217796.08;45527.08;0.00;24327.3;8.95;1.87;0.00;26/04/2024 16:12:46;
27/04/2024;15;2.0TD;3;0.000137733283000000;0.152;0.845839282;37.964035;0.557;2.195;35.212035;-0.04;12.58926;1.01258;0.75;0.25;25.02375;75.38080;101.96000;48.69000;27.94000;1892.2;275.0;154.0;50.0;15.68;0.000;0.17498;0.04096;0.00;0.000;0.458;0.947;0.000;0.557;30.566;0.00;-0.50;24705.9;1991.30;10.91;3.35;1.42;217854.56;43148.16;0.00;23918.5;9.11;1.80;0.00;26/04/2024 16:12:46;
27/04/2024;16;2.0TD;3;0.000121573346000000;0.164;0.909717821;41.995099;0.557;2.195;39.243099;0.00;12.58926;1.01258;0.75;0.25;25.02375;75.38080;101.96000;48.69000;27.94000;1892.2;275.0;154.0;50.0;18.74;0.000;0.17498;0.04096;0.00;0.000;0.506;0.947;0.000;0.557;33.714;0.00;0.00;26007.0;1777.40;13.97;3.35;1.42;276911.08;42297.76;0.00;22856.3;12.12;1.85;0.00;26/04/2024 16:12:46;
27/04/2024;17;2.0TD;3;0.000110325537000000;0.170;0.942626892;42.838543;0.557;2.195;40.086543;0.00;12.58926;1.01258;0.75;0.25;25.02375;75.38080;101.96000;48.69000;27.94000;1892.2;275.0;154.0;50.0;19.28;0.000;0.17498;0.04096;0.00;0.000;0.514;0.947;0.000;0.557;34.262;0.00;0.00;25301.9;1732.00;14.51;3.35;1.42;276930.48;43663.20;0.00;22090.0;12.54;1.98;0.00;26/04/2024 16:12:46;
27/04/2024;18;2.0TD;3;0.000105077955000000;0.177;0.980737236;44.082358;0.557;2.195;41.330358;0.00;12.58926;1.01258;0.75;0.25;25.02375;75.38080;101.96000;48.69000;27.94000;1892.2;275.0;154.0;50.0;20.12;0.000;0.17498;0.04096;0.00;0.000;0.527;0.947;0.000;0.557;35.115;0.00;0.00;25058.6;1836.10;15.35;3.35;1.42;276885.24;61443.36;0.00;22047.1;12.56;2.79;0.00;26/04/2024 16:12:46;
27/04/2024;19;2.0TD;3;0.000103702724000000;0.184;1.022253540;44.976995;0.557;2.195;42.224995;0.47;12.58926;1.01258;0.75;0.25;25.02375;75.38080;101.96000;48.69000;27.94000;1892.2;275.0;154.0;50.0;20.19;0.000;0.17498;0.04096;0.00;0.000;0.535;0.947;0.000;0.557;35.663;0.44;1.00;25604.5;1538.90;15.42;3.35;1.42;276266.04;69387.76;0.00;22415.0;12.33;3.10;0.00;26/04/2024 16:12:46;
27/04/2024;20;2.0TD;3;0.000105731612000000;0.190;1.057907511;60.328963;0.557;2.195;57.576963;15.71;12.58926;1.01258;0.75;0.25;25.02375;75.38080;101.96000;48.69000;27.94000;1892.2;275.0;154.0;50.0;17.48;0.000;0.17498;0.04096;0.00;0.000;0.726;0.947;0.000;0.557;48.384;14.98;31.99;23902.2;1065.90;12.71;3.35;1.42;203054.72;88900.00;0.00;22971.3;8.84;3.87;0.00;26/04/2024 16:12:46;
27/04/2024;21;2.0TD;3;0.000118160003000000;0.198;1.100961296;90.051461;0.557;2.195;87.299461;45.60;12.58926;1.01258;0.75;0.25;25.02375;75.38080;101.96000;48.69000;27.94000;1892.2;275.0;154.0;50.0;11.71;0.000;0.17498;0.04096;0.00;0.000;1.093;0.947;0.000;0.557;72.871;45.51;47.31;22377.3;1110.30;6.94;3.35;1.42;126903.64;40769.60;0.00;24168.0;5.25;1.69;0.00;26/04/2024 16:12:46;
27/04/2024;22;2.0TD;3;0.000142379190000000;0.196;1.088232046;112.453907;0.557;2.195;109.701907;65.27;12.58926;1.01258;0.75;0.25;25.02375;75.38080;101.96000;48.69000;27.94000;1892.2;275.0;154.0;50.0;10.61;0.000;0.17498;0.04096;0.00;0.000;1.376;0.947;0.000;0.557;91.724;65.27;65.27;19719.6;1094.80;5.84;3.35;1.42;97076.60;27793.36;24859.38;25660.9;3.78;1.08;0.97;26/04/2024 16:12:46;
27/04/2024;23;2.0TD;3;0.000136506534000000;0.203;1.125756538;110.128174;0.557;2.195;107.376174;62.78;12.58926;1.01258;0.75;0.25;25.02375;75.38080;101.96000;48.69000;27.94000;1892.2;275.0;154.0;50.0;10.67;0.000;0.17498;0.04096;0.00;0.000;1.339;0.947;0.000;0.557;89.257;62.78;62.78;18245.1;1027.00;5.90;3.35;1.42;99236.96;20172.60;24859.38;24486.3;4.05;0.82;1.02;26/04/2024 16:12:46;
27/04/2024;24;2.0TD;3;0.000119904522000000;0.207;1.152602374;104.603491;0.557;2.195;101.851491;58.52;12.58926;1.01258;0.75;0.25;25.02375;75.38080;101.96000;48.69000;27.94000;1892.2;275.0;154.0;50.0;10.13;0.000;0.17498;0.04096;0.00;0.000;1.266;0.947;0.000;0.557;84.384;58.52;58.52;18891.5;1204.30;5.36;3.35;1.42;54838.64;41739.76;24859.38;22666.8;2.42;1.84;1.10;26/04/2024 16:12:46;
*
