pvpcdata;
2024;03;11;12;38;33;
16/02/2024;1;2.0TD;3;0.000111009273000000;0.226;1.255630220;95.021814;0.557;2.195;92.269814;51.91;10.67853;0.85063;0.75;0.25;54.24250;96.95660;101.96000;97.42000;68.27000;2351.2;275.0;177.0;48.0;11.80;0.000;0.17498;0.04096;0.00;0.000;0.000;1.129;0.565;0.000;0.557;75.260;51.76;55.00;17597.3;880.90;6.77;3.48;1.55;108078.64;31816.24;24859.38;24350.0;4.44;1.31;1.02;15/02/2024 16:10:17;
16/02/2024;2;2.0TD;3;0.000091420932000000;0.236;1.309629186;95.925215;0.557;2.195;93.173215;51.08;10.67853;0.85063;0.75;0.25;54.24250;96.95660;101.96000;97.42000;68.27000;2351.2;275.0;177.0;48.0;12.75;0.000;0.17498;0.04096;0.00;0.000;0.000;1.131;0.565;0.000;0.557;75.382;51.08;51.08;16293.4;769.10;7.72;3.48;1.55;116189.00;38128.48;24859.38;23219.0;5.00;1.64;1.07;15/02/2024 16:10:17;
16/02/2024;3;2.0TD;3;0.000080493781000000;0.238;1.322105545;95.837047;0.557;2.195;93.085047;49.92;10.67853;0.85063;0.75;0.25;54.24250;96.95660;101.96000;97.42000;68.27000;2351.2;275.0;177.0;48.0;13.72;0.000;0.17498;0.04096;0.00;0.000;0.000;1.128;0.565;0.000;0.557;75.189;49.92;49.92;16630.1;643.30;8.69;3.48;1.55;124461.48;44313.20;24859.38;22293.3;5.58;1.99;1.12;15/02/2024 16:10:17;
16/02/2024;4;2.0TD;3;0.000075076179000000;0.242;1.342372940;91.547374;0.557;2.195;88.795374;47.06;10.67853;0.85063;0.75;0.25;54.24250;96.95660;101.96000;97.42000;68.27000;2351.2;275.0;177.0;48.0;12.94;0.000;0.17498;0.04096;0.00;0.000;0.000;1.072;0.565;0.000;0.557;71.493;47.06;47.06;15635.3;860.00;7.91;3.48;1.55;145603.20;26859.80;0.00;21816.5;6.67;1.23;0.00;15/02/2024 16:10:17;
16/02/2024;5;2.0TD;3;0.000073311980000000;0.241;1.341386672;86.247547;0.557;2.195;83.495547;42.11;10.67853;0.85063;0.75;0.25;54.24250;96.95660;101.96000;97.42000;68.27000;2351.2;275.0;177.0;48.0;13.74;0.000;0.17498;0.04096;0.00;0.000;0.000;1.009;0.565;0.000;0.557;67.280;42.00;44.00;16831.9;1020.50;8.71;3.48;1.55;153981.40;36429.80;0.00;21857.5;7.04;1.67;0.00;15/02/2024 16:10:17;
16/02/2024;6;2.0TD;3;0.000075647646000000;0.236;1.313116043;89.600603;0.557;2.195;86.848603;46.00;10.67853;0.85063;0.75;0.25;54.24250;96.95660;101.96000;97.42000;68.27000;2351.2;275.0;177.0;48.0;12.79;0.000;0.17498;0.04096;0.00;0.000;0.000;1.054;0.565;0.000;0.557;70.265;46.00;46.00;16908.2;950.30;7.76;3.48;1.55;146444.72;27926.88;0.00;22465.7;6.52;1.24;0.00;15/02/2024 16:10:17;
16/02/2024;7;2.0TD;3;0.000087121818000000;0.220;1.223062224;95.510869;0.557;2.195;92.758869;51.37;10.67853;0.85063;0.75;0.25;54.24250;96.95660;101.96000;97.42000;68.27000;2351.2;275.0;177.0;48.0;13.10;0.000;0.17498;0.04096;0.00;0.000;0.000;1.140;0.565;0.000;0.557;76.031;51.57;46.57;19444.7;820.30;8.07;3.48;1.55;137828.88;38431.68;24859.38;24916.2;5.53;1.54;1.00;15/02/2024 16:10:17;
16/02/2024;8;2.0TD;3;0.000111822548000000;0.210;1.168792146;100.475061;0.557;2.195;97.723061;60.50;10.67853;0.85063;0.75;0.25;54.24250;96.95660;101.96000;97.42000;68.27000;2351.2;275.0;177.0;48.0;8.63;0.000;0.17498;0.04096;0.00;0.000;0.000;1.211;0.565;0.000;0.557;80.762;60.50;60.50;19503.0;850.60;3.60;3.48;1.55;52252.80;25816.08;24859.38;28640.5;1.82;0.90;0.87;15/02/2024 16:10:17;
16/02/2024;9;2.0TD;2;0.000122101347000000;0.200;1.224294793;131.584032;19.184;8.779;103.621032;65.86;10.67853;0.85063;0.75;0.25;54.24250;96.95660;101.96000;97.42000;68.27000;2351.2;275.0;177.0;48.0;8.62;0.154;0.17498;0.04096;0.00;0.000;0.000;1.295;0.565;0.000;0.557;86.350;66.06;62.84;20082.1;1302.20;3.59;3.48;1.55;58538.80;26724.48;24859.38;30717.5;1.91;0.87;0.81;15/02/2024 16:10:17;
16/02/2024;10;2.0TD;2;0.000125292071000000;0.192;1.176633046;123.172641;19.184;8.779;95.209641;58.62;10.67853;0.85063;0.75;0.25;54.24250;96.95660;101.96000;97.42000;68.27000;2351.2;275.0;177.0;48.0;9.48;0.154;0.17498;0.04096;0.00;0.000;0.000;1.198;0.565;0.000;0.557;79.873;59.00;51.40;23216.4;1211.50;4.45;3.48;1.55;70075.16;43917.12;24859.38;31241.5;2.24;1.41;0.80;15/02/2024 16:10:17;
16/02/2024;11;2.0TD;1;0.000127785662000000;0.188;1.126424600;161.723378;33.081;43.893;84.749378;48.56;10.67853;0.85063;0.75;0.25;54.24250;96.95660;101.96000;97.42000;68.27000;2351.2;275.0;177.0;48.0;10.36;0.926;0.17498;0.04096;0.00;0.000;0.000;1.070;0.565;0.000;0.557;71.337;48.73;45.00;24635.3;1159.30;5.33;3.48;1.55;85076.56;57184.64;24859.38;31306.4;2.72;1.83;0.79;15/02/2024 16:10:17;
16/02/2024;12;2.0TD;1;0.000124712354000000;0.190;1.136420722;160.548723;33.081;43.893;83.574723;47.06;10.67853;0.85063;0.75;0.25;54.24250;96.95660;101.96000;97.42000;68.27000;2351.2;275.0;177.0;48.0;10.77;0.926;0.17498;0.04096;0.00;0.000;0.000;1.053;0.565;0.000;0.557;70.230;47.06;46.97;24846.3;1217.00;5.74;3.48;1.55;90812.44;61882.80;24859.38;30936.5;2.94;2.00;0.80;15/02/2024 16:10:17;
16/02/2024;13;2.0TD;1;0.000123130892000000;0.185;1.105606006;154.712204;33.081;43.893;77.738204;42.10;10.67853;0.85063;0.75;0.25;54.24250;96.95660;101.96000;97.42000;68.27000;2351.2;275.0;177.0;48.0;11.17;0.926;0.17498;0.04096;0.00;0.000;0.000;0.984;0.565;0.000;0.557;65.601;42.10;42.10;25821.3;1405.60;6.14;3.48;1.55;101869.72;61324.80;24859.38;30616.6;3.33;2.00;0.81;15/02/2024 16:10:17;
16/02/2024;14;2.0TD;1;0.000128149964000000;0.182;1.088051148;156.555531;33.081;43.893;79.581531;44.20;10.67853;0.85063;0.75;0.25;54.24250;96.95660;101.96000;97.42000;68.27000;2351.2;275.0;177.0;48.0;10.77;0.926;0.17498;0.04096;0.00;0.000;0.000;1.010;0.565;0.000;0.557;67.327;44.20;44.20;25702.3;1316.40;5.74;3.48;1.55;94349.48;54833.60;24859.38;30317.0;3.11;1.81;0.82;15/02/2024 16:10:17;
16/02/2024;15;2.0TD;2;0.000129754831000000;0.180;1.107278641;104.089355;19.184;8.779;76.126355;42.10;10.67853;0.85063;0.75;0.25;54.24250;96.95660;101.96000;97.42000;68.27000;2351.2;275.0;177.0;48.0;10.87;0.154;0.17498;0.04096;0.00;0.000;0.000;0.968;0.565;0.000;0.557;64.513;42.10;42.10;25678.5;1321.30;5.84;3.48;1.55;96547.16;52059.24;24859.38;29709.1;3.25;1.75;0.84;15/02/2024 16:10:17;
16/02/2024;16;2.0TD;2;0.000124704831000000;0.185;1.134524727;104.928584;19.184;8.779;76.965584;42.10;10.67853;0.85063;0.75;0.25;54.24250;96.95660;101.96000;97.42000;68.27000;2351.2;275.0;177.0;48.0;11.30;0.154;0.17498;0.04096;0.00;0.000;0.000;0.974;0.565;0.000;0.557;64.949;42.10;42.10;25261.3;1111.20;6.27;3.48;1.55;91891.24;64907.20;24859.38;28974.0;3.17;2.24;0.86;15/02/2024 16:10:17;
16/02/2024;17;2.0TD;2;0.000120356758000000;0.187;1.150193202;110.433220;19.184;8.779;82.470220;46.96;10.67853;0.85063;0.75;0.25;54.24250;96.95660;101.96000;97.42000;68.27000;2351.2;275.0;177.0;48.0;10.90;0.154;0.17498;0.04096;0.00;0.000;0.000;1.042;0.565;0.000;0.557;69.477;47.06;44.71;23980.6;1077.70;5.87;3.48;1.55;81735.84;60890.28;24859.38;28498.9;2.87;2.14;0.87;15/02/2024 16:10:17;
16/02/2024;18;2.0TD;2;0.000122099453000000;0.190;1.168358986;115.546833;19.184;8.779;87.583833;52.08;10.67853;0.85063;0.75;0.25;54.24250;96.95660;101.96000;97.42000;68.27000;2351.2;275.0;177.0;48.0;9.84;0.154;0.17498;0.04096;0.00;0.000;0.000;1.104;0.565;0.000;0.557;73.599;52.08;52.08;21980.0;1019.50;4.81;3.48;1.55;60877.92;50603.52;24859.38;28340.1;2.15;1.79;0.88;15/02/2024 16:10:17;
16/02/2024;19;2.0TD;1;0.000132666721000000;0.196;1.173244537;177.228533;33.081;43.893;100.254533;63.21;10.67853;0.85063;0.75;0.25;54.24250;96.95660;101.96000;97.42000;68.27000;2351.2;275.0;177.0;48.0;8.01;0.926;0.17498;0.04096;0.00;0.000;0.000;1.257;0.565;0.000;0.557;83.824;63.22;63.07;22120.5;1174.30;2.98;3.48;1.55;36290.56;23940.00;24859.38;28600.1;1.27;0.84;0.87;15/02/2024 16:10:17;
16/02/2024;20;2.0TD;1;0.000156251107000000;0.200;1.200411176;194.132232;33.081;43.893;117.158232;77.74;10.67853;0.85063;0.75;0.25;54.24250;96.95660;101.96000;97.42000;68.27000;2351.2;275.0;177.0;48.0;7.08;0.926;0.17498;0.04096;0.00;0.000;0.000;1.464;0.565;0.000;0.557;97.631;77.93;74.98;18513.3;1270.40;2.05;3.48;1.55;22241.84;14364.00;24859.38;29929.7;0.74;0.48;0.83;15/02/2024 16:10:17;
16/02/2024;21;2.0TD;1;0.000168250172000000;0.202;1.210981042;188.702136;33.081;43.893;111.728136;72.89;10.67853;0.85063;0.75;0.25;54.24250;96.95660;101.96000;97.42000;68.27000;2351.2;275.0;177.0;48.0;7.32;0.926;0.17498;0.04096;0.00;0.000;0.000;1.394;0.565;0.000;0.557;92.951;73.09;70.14;17927.6;1276.10;2.29;3.48;1.55;24303.36;20441.60;24859.38;30390.3;0.80;0.67;0.82;15/02/2024 16:10:17;
16/02/2024;22;2.0TD;1;0.000172274283000000;0.202;1.207248579;184.822080;33.081;43.893;107.848080;69.48;10.67853;0.85063;0.75;0.25;54.24250;96.95660;101.96000;97.42000;68.27000;2351.2;275.0;177.0;48.0;7.55;0.926;0.17498;0.04096;0.00;0.000;0.000;1.346;0.565;0.000;0.557;89.723;69.66;66.66;18349.7;1187.70;2.52;3.48;1.55;25848.32;23775.00;24859.38;29481.4;0.88;0.81;0.84;15/02/2024 16:10:17;
16/02/2024;23;2.0TD;2;0.000161247024000000;0.207;1.272802892;131.134777;19.184;8.779;103.171777;65.75;10.67853;0.85063;0.75;0.25;54.24250;96.95660;101.96000;97.42000;68.27000;2351.2;275.0;177.0;48.0;7.87;0.154;0.17498;0.04096;0.00;0.000;0.000;1.282;0.565;0.000;0.557;85.477;65.94;62.64;18447.5;1095.60;2.84;3.48;1.55;27476.28;25312.32;24859.38;27305.8;1.01;0.93;0.91;15/02/2024 16:10:17;
16/02/2024;24;2.0TD;2;0.000140670519000000;0.214;1.313859432;127.235252;19.184;8.779;99.272252;61.52;10.67853;0.85063;0.75;0.25;54.24250;96.95660;101.96000;97.42000;68.27000;2351.2;275.0;177.0;48.0;8.45;0.154;0.17498;0.04096;0.00;0.000;0.000;1.227;0.565;0.000;0.557;81.772;61.60;60.01;19372.9;974.60;3.42;3.48;1.55;29263.80;31668.88;24859.38;25041.4;1.17;1.26;0.99;15/02/2024 16:10:17;
*
