pvpcdata;
2024;06;11;12;31;16;
28/05/2024;1;2.0TD;3;0.000085590669000000;0.183;1.015978754;84.802292;0.557;2.195;82.050292;34.45;11.98793;1.13426;0.75;0.25;27.46708;75.41880;101.96000;48.69000;28.32000;1728.0;275.0;154.0;61.0;18.55;0.000;0.17498;0.04096;0.00;0.000;1.040;0.947;0.000;0.557;69.357;35.00;27.62;17655.6;1423.60;14.14;3.16;1.25;262607.68;51295.64;24859.38;23968.4;10.96;2.14;1.04;27/05/2024 16:16:50;
28/05/2024;2;2.0TD;3;0.000071758483000000;0.188;1.046476345;86.356089;0.557;2.195;83.604089;34.58;11.98793;1.13426;0.75;0.25;27.46708;75.41880;101.96000;48.69000;28.32000;1728.0;275.0;154.0;61.0;19.42;0.000;0.17498;0.04096;0.00;0.000;1.056;0.947;0.000;0.557;70.373;35.00;29.21;17080.9;1323.50;15.01;3.16;1.25;260944.44;53692.80;24859.38;22615.4;11.54;2.37;1.10;27/05/2024 16:16:50;
28/05/2024;3;2.0TD;3;0.000064261430000000;0.191;1.062287909;89.190984;0.557;2.195;86.438984;34.81;11.98793;1.13426;0.75;0.25;27.46708;75.41880;101.96000;48.69000;28.32000;1728.0;275.0;154.0;61.0;21.36;0.000;0.17498;0.04096;0.00;0.000;1.089;0.947;0.000;0.557;72.576;35.01;31.50;17234.7;1064.50;16.95;3.16;1.25;289013.36;54332.00;24859.38;21722.7;13.30;2.50;1.14;27/05/2024 16:16:50;
28/05/2024;4;2.0TD;3;0.000060702278000000;0.191;1.062780569;90.134256;0.557;2.195;87.382256;34.78;11.98793;1.13426;0.75;0.25;27.46708;75.41880;101.96000;48.69000;28.32000;1728.0;275.0;154.0;61.0;22.17;0.000;0.17498;0.04096;0.00;0.000;1.101;0.947;0.000;0.557;73.368;35.01;31.36;16603.1;1120.30;17.76;3.16;1.25;322530.32;55552.00;0.00;21293.0;15.15;2.61;0.00;27/05/2024 16:16:50;
28/05/2024;5;2.0TD;3;0.000059467055000000;0.191;1.059859331;90.278367;0.557;2.195;87.526367;34.71;11.98793;1.13426;0.75;0.25;27.46708;75.41880;101.96000;48.69000;28.32000;1728.0;275.0;154.0;61.0;22.36;0.000;0.17498;0.04096;0.00;0.000;1.102;0.947;0.000;0.557;73.489;35.01;30.66;16273.4;1218.40;17.95;3.16;1.25;321897.64;54740.40;0.00;20986.9;15.34;2.61;0.00;27/05/2024 16:16:50;
28/05/2024;6;2.0TD;3;0.000060851810000000;0.187;1.038804839;88.489975;0.557;2.195;85.737975;34.79;11.98793;1.13426;0.75;0.25;27.46708;75.41880;101.96000;48.69000;28.32000;1728.0;275.0;154.0;61.0;21.04;0.000;0.17498;0.04096;0.00;0.000;1.083;0.947;0.000;0.557;72.230;35.01;31.85;16624.6;1248.50;16.63;3.16;1.25;307616.04;52188.40;0.00;21641.3;14.21;2.41;0.00;27/05/2024 16:16:50;
28/05/2024;7;2.0TD;3;0.000066241399000000;0.173;0.962156899;91.456386;0.557;2.195;88.704386;41.22;11.98793;1.13426;0.75;0.25;27.46708;75.41880;101.96000;48.69000;28.32000;1728.0;275.0;154.0;61.0;17.95;0.000;0.17498;0.04096;0.00;0.000;1.134;0.947;0.000;0.557;75.621;41.22;41.22;17534.9;856.50;13.54;3.16;1.25;255375.00;39246.88;24859.38;23585.4;10.83;1.66;1.05;27/05/2024 16:16:50;
28/05/2024;8;2.0TD;3;0.000078915704000000;0.161;0.895725863;98.894192;0.557;2.195;96.142192;51.95;11.98793;1.13426;0.75;0.25;27.46708;75.41880;101.96000;48.69000;28.32000;1728.0;275.0;154.0;61.0;14.30;0.000;0.17498;0.04096;0.00;0.000;1.242;0.947;0.000;0.557;82.809;51.79;55.99;19083.6;766.10;9.89;3.16;1.25;119991.68;109220.88;24859.38;25699.5;4.67;4.25;0.97;27/05/2024 16:16:50;
28/05/2024;9;2.0TD;2;0.000091557457000000;0.176;1.077785782;109.842956;19.184;8.779;81.879956;40.67;11.98793;1.13426;0.75;0.25;27.46708;75.41880;101.96000;48.69000;28.32000;1728.0;275.0;154.0;61.0;12.44;0.154;0.17498;0.04096;0.00;0.000;1.044;0.947;0.000;0.557;69.625;40.74;39.44;21894.6;1300.00;8.03;3.16;1.25;99711.96;95120.00;24859.38;27348.1;3.65;3.48;0.91;27/05/2024 16:16:50;
28/05/2024;10;2.0TD;2;0.000096921430000000;0.146;0.896825375;103.950607;19.184;8.779;75.987607;34.76;11.98793;1.13426;0.75;0.25;27.46708;75.41880;101.96000;48.69000;28.32000;1728.0;275.0;154.0;61.0;15.08;0.154;0.17498;0.04096;0.00;0.000;0.995;0.947;0.000;0.557;66.306;35.00;30.51;24047.5;1386.70;10.67;3.16;1.25;121089.96;154570.00;24859.38;28170.1;4.30;5.49;0.88;27/05/2024 16:16:50;
28/05/2024;11;2.0TD;1;0.000101944742000000;0.146;0.875738501;142.434451;33.081;43.893;65.460451;28.20;11.98793;1.13426;0.75;0.25;27.46708;75.41880;101.96000;48.69000;28.32000;1728.0;275.0;154.0;61.0;11.82;0.926;0.17498;0.04096;0.00;0.000;0.857;0.947;0.000;0.557;57.120;28.20;28.20;27053.2;1297.00;7.41;3.16;1.25;141444.44;41574.00;24859.38;28052.9;5.04;1.48;0.89;27/05/2024 16:16:50;
28/05/2024;12;2.0TD;1;0.000104068659000000;0.146;0.872024239;111.777805;33.081;43.893;34.803805;0.12;11.98793;1.13426;0.75;0.25;27.46708;75.41880;101.96000;48.69000;28.32000;1728.0;275.0;154.0;61.0;13.55;0.926;0.17498;0.04096;0.00;0.000;0.456;0.947;0.000;0.557;30.369;0.07;1.07;26718.6;1382.00;9.14;3.16;1.25;210804.32;19827.60;24859.38;27946.9;7.54;0.71;0.89;27/05/2024 16:16:50;
28/05/2024;13;2.0TD;1;0.000108427340000000;0.146;0.874293176;113.313445;33.081;43.893;36.339445;0.27;11.98793;1.13426;0.75;0.25;27.46708;75.41880;101.96000;48.69000;28.32000;1728.0;275.0;154.0;61.0;14.72;0.926;0.17498;0.04096;0.00;0.000;0.476;0.947;0.000;0.557;31.709;0.08;5.10;26732.8;1046.00;10.31;3.16;1.25;242825.88;19877.20;24859.38;27879.0;8.71;0.71;0.89;27/05/2024 16:16:50;
28/05/2024;14;2.0TD;1;0.000115831078000000;0.141;0.842542782;113.467530;33.081;43.893;36.493530;0.20;11.98793;1.13426;0.75;0.25;27.46708;75.41880;101.96000;48.69000;28.32000;1728.0;275.0;154.0;61.0;15.06;0.926;0.17498;0.04096;0.00;0.000;0.480;0.947;0.000;0.557;31.983;0.00;5.00;26783.1;1090.40;10.65;3.16;1.25;252643.32;19802.80;24859.38;27906.7;9.05;0.71;0.89;27/05/2024 16:16:50;
28/05/2024;15;2.0TD;2;0.000115193394000000;0.163;0.998386148;63.716891;19.184;8.779;35.753891;0.00;11.98793;1.13426;0.75;0.25;27.46708;75.41880;101.96000;48.69000;28.32000;1728.0;275.0;154.0;61.0;14.81;0.154;0.17498;0.04096;0.00;0.000;0.461;0.947;0.000;0.557;30.742;0.00;0.00;26428.4;1440.10;10.40;3.16;1.25;243427.36;19840.00;24859.38;27713.0;8.78;0.72;0.90;27/05/2024 16:16:50;
28/05/2024;16;2.0TD;2;0.000105375071000000;0.169;1.033949739;64.079036;19.184;8.779;36.116036;0.22;11.98793;1.13426;0.75;0.25;27.46708;75.41880;101.96000;48.69000;28.32000;1728.0;275.0;154.0;61.0;14.74;0.154;0.17498;0.04096;0.00;0.000;0.463;0.947;0.000;0.557;30.894;0.00;5.00;26879.5;1235.60;10.33;3.16;1.25;232830.04;19802.80;24859.38;26872.5;8.66;0.74;0.93;27/05/2024 16:16:50;
28/05/2024;17;2.0TD;2;0.000099132895000000;0.174;1.069158340;64.471832;19.184;8.779;36.508832;0.24;11.98793;1.13426;0.75;0.25;27.46708;75.41880;101.96000;48.69000;28.32000;1728.0;275.0;154.0;61.0;14.92;0.154;0.17498;0.04096;0.00;0.000;0.466;0.947;0.000;0.557;31.097;0.01;5.51;26077.6;1123.30;10.51;3.16;1.25;232817.60;19815.20;24859.38;26402.5;8.82;0.75;0.94;27/05/2024 16:16:50;
28/05/2024;18;2.0TD;2;0.000099386152000000;0.177;1.087125528;70.288876;19.184;8.779;42.325876;5.25;11.98793;1.13426;0.75;0.25;27.46708;75.41880;101.96000;48.69000;28.32000;1728.0;275.0;154.0;61.0;14.70;0.154;0.17498;0.04096;0.00;0.000;0.539;0.947;0.000;0.557;35.960;5.00;12.00;25842.3;945.90;10.29;3.16;1.25;224663.84;25520.00;24859.38;26736.6;8.40;0.95;0.93;27/05/2024 16:16:50;
28/05/2024;19;2.0TD;1;0.000101277017000000;0.154;0.922751955;127.695546;33.081;43.893;50.721546;8.20;11.98793;1.13426;0.75;0.25;27.46708;75.41880;101.96000;48.69000;28.32000;1728.0;275.0;154.0;61.0;18.85;0.926;0.17498;0.04096;0.00;0.000;0.659;0.947;0.000;0.557;43.952;8.00;13.01;25768.0;1097.10;14.44;3.16;1.25;220632.08;143279.76;24859.38;26916.6;8.20;5.32;0.92;27/05/2024 16:16:50;
28/05/2024;20;2.0TD;1;0.000105996073000000;0.158;0.947423796;150.102641;33.081;43.893;73.128641;29.50;11.98793;1.13426;0.75;0.25;27.46708;75.41880;101.96000;48.69000;28.32000;1728.0;275.0;154.0;61.0;16.46;0.926;0.17498;0.04096;0.00;0.000;0.947;0.947;0.000;0.557;63.150;29.60;27.81;22907.2;1289.20;12.05;3.16;1.25;143065.40;161621.60;24859.38;27349.9;5.23;5.91;0.91;27/05/2024 16:16:50;
28/05/2024;21;2.0TD;1;0.000117330327000000;0.156;0.935271981;167.533667;33.081;43.893;90.559667;41.10;11.98793;1.13426;0.75;0.25;27.46708;75.41880;101.96000;48.69000;28.32000;1728.0;275.0;154.0;61.0;19.82;0.926;0.17498;0.04096;0.00;0.000;1.175;0.947;0.000;0.557;78.338;41.10;41.10;22316.0;869.70;15.41;3.16;1.25;100305.16;306146.72;24859.38;27989.7;3.58;10.94;0.89;27/05/2024 16:16:50;
28/05/2024;22;2.0TD;1;0.000132661185000000;0.160;0.955721660;193.166343;33.081;43.893;116.192343;71.08;11.98793;1.13426;0.75;0.25;27.46708;75.41880;101.96000;48.69000;28.32000;1728.0;275.0;154.0;61.0;11.34;0.926;0.17498;0.04096;0.00;0.000;1.502;0.947;0.000;0.557;100.165;70.96;74.06;18606.4;721.50;6.93;3.16;1.25;101018.12;67712.80;24859.38;27954.3;3.61;2.42;0.89;27/05/2024 16:16:50;
28/05/2024;23;2.0TD;2;0.000127875376000000;0.187;1.149570670;128.661923;19.184;8.779;100.698923;56.15;11.98793;1.13426;0.75;0.25;27.46708;75.41880;101.96000;48.69000;28.32000;1728.0;275.0;154.0;61.0;11.94;0.154;0.17498;0.04096;0.00;0.000;1.273;0.947;0.000;0.557;84.834;55.94;60.82;18631.2;821.20;7.53;3.16;1.25;115265.36;60635.76;24859.38;26668.4;4.32;2.27;0.93;27/05/2024 16:16:50;
28/05/2024;24;2.0TD;2;0.000105843502000000;0.192;1.178038822;112.154929;19.184;8.779;84.191929;41.70;11.98793;1.13426;0.75;0.25;27.46708;75.41880;101.96000;48.69000;28.32000;1728.0;275.0;154.0;61.0;12.40;0.154;0.17498;0.04096;0.00;0.000;1.059;0.947;0.000;0.557;70.630;41.46;48.59;19535.0;669.70;7.99;3.16;1.25;128883.88;41496.00;24859.38;24457.1;5.27;1.70;1.02;27/05/2024 16:16:50;
*
