pvpcdata;
2024;04;10;12;05;33;
04/03/2024;1;2.0TD;3;0.000108109644000000;0.221;1.225095356;53.574321;0.557;2.195;50.822321;6.01;21.47121;0.82348;0.75;0.25;7.95375;93.83860;101.96000;97.42000;37.09000;2419.0;275.0;177.0;46.0;15.97;0.000;0.17498;0.04096;0.00;0.000;0.000;0.624;0.565;0.000;0.557;41.623;6.00;6.39;22019.3;652.30;11.16;3.40;1.41;188400.80;43939.20;24859.38;23056.6;8.17;1.91;1.08;03/03/2024 16:08:15;
04/03/2024;2;2.0TD;3;0.000088937255000000;0.228;1.267761682;51.746158;0.557;2.195;48.994158;3.20;21.47121;0.82348;0.75;0.25;7.95375;93.83860;101.96000;97.42000;37.09000;2419.0;275.0;177.0;46.0;17.08;0.000;0.17498;0.04096;0.00;0.000;0.000;0.598;0.565;0.000;0.557;39.897;3.20;3.13;20882.9;984.80;12.27;3.40;1.41;220497.36;46359.04;0.00;21742.5;10.14;2.13;0.00;03/03/2024 16:08:15;
04/03/2024;3;2.0TD;3;0.000078321802000000;0.235;1.305063670;54.533726;0.557;2.195;51.781726;3.06;21.47121;0.82348;0.75;0.25;7.95375;93.83860;101.96000;97.42000;37.09000;2419.0;275.0;177.0;46.0;19.22;0.000;0.17498;0.04096;0.00;0.000;0.000;0.629;0.565;0.000;0.557;41.928;3.20;0.51;20700.8;1132.30;14.41;3.40;1.41;246853.64;54314.40;0.00;20907.1;11.81;2.60;0.00;03/03/2024 16:08:15;
04/03/2024;4;2.0TD;3;0.000073226801000000;0.238;1.322725719;55.464211;0.557;2.195;52.712211;3.10;21.47121;0.82348;0.75;0.25;7.95375;93.83860;101.96000;97.42000;37.09000;2419.0;275.0;177.0;46.0;19.82;0.000;0.17498;0.04096;0.00;0.000;0.000;0.639;0.565;0.000;0.557;42.578;3.20;1.20;20481.1;1097.10;15.01;3.40;1.41;246777.12;61398.96;0.00;20536.0;12.02;2.99;0.00;03/03/2024 16:08:15;
04/03/2024;5;2.0TD;3;0.000071644828000000;0.239;1.326225518;55.104115;0.557;2.195;52.352115;3.04;21.47121;0.82348;0.75;0.25;7.95375;93.83860;101.96000;97.42000;37.09000;2419.0;275.0;177.0;46.0;19.56;0.000;0.17498;0.04096;0.00;0.000;0.000;0.634;0.565;0.000;0.557;42.253;3.19;0.50;20529.3;1216.20;14.75;3.40;1.41;246900.28;57594.20;0.00;20643.2;11.96;2.79;0.00;03/03/2024 16:08:15;
04/03/2024;6;2.0TD;3;0.000074079891000000;0.231;1.281338331;54.215830;0.557;2.195;51.463830;3.06;21.47121;0.82348;0.75;0.25;7.95375;93.83860;101.96000;97.42000;37.09000;2419.0;275.0;177.0;46.0;19.10;0.000;0.17498;0.04096;0.00;0.000;0.000;0.627;0.565;0.000;0.557;41.806;3.20;0.50;20962.9;1187.70;14.29;3.40;1.41;246759.28;61514.88;0.00;21574.6;11.44;2.85;0.00;03/03/2024 16:08:15;
04/03/2024;7;2.0TD;3;0.000084931124000000;0.208;1.153836835;51.599319;0.557;2.195;48.847319;3.20;21.47121;0.82348;0.75;0.25;7.95375;93.83860;101.96000;97.42000;37.09000;2419.0;275.0;177.0;46.0;17.61;0.000;0.17498;0.04096;0.00;0.000;0.000;0.607;0.565;0.000;0.557;40.436;3.20;3.13;23031.7;980.00;12.80;3.40;1.41;246497.68;46746.00;24859.38;24847.4;9.92;1.88;1.00;03/03/2024 16:08:15;
04/03/2024;8;2.0TD;3;0.000105831888000000;0.190;1.054741826;66.117742;0.557;2.195;63.365742;20.00;21.47121;0.82348;0.75;0.25;7.95375;93.83860;101.96000;97.42000;37.09000;2419.0;275.0;177.0;46.0;13.43;0.000;0.17498;0.04096;0.00;0.000;0.000;0.799;0.565;0.000;0.557;53.248;20.00;20.10;26625.9;1072.50;8.62;3.40;1.41;194857.84;26748.96;24859.38;28582.9;6.82;0.94;0.87;03/03/2024 16:08:15;
04/03/2024;9;2.0TD;2;0.000118199638000000;0.180;1.102500195;93.712037;19.184;8.779;65.749037;25.02;21.47121;0.82348;0.75;0.25;7.95375;93.83860;101.96000;97.42000;37.09000;2419.0;275.0;177.0;46.0;10.69;0.154;0.17498;0.04096;0.00;0.000;0.000;0.836;0.565;0.000;0.557;55.719;25.00;25.50;28581.9;1209.40;5.88;3.40;1.41;112923.88;43008.00;24859.38;30767.8;3.67;1.40;0.81;03/03/2024 16:08:15;
04/03/2024;10;2.0TD;2;0.000124707262000000;0.163;0.998826165;81.430207;19.184;8.779;53.467207;15.03;21.47121;0.82348;0.75;0.25;7.95375;93.83860;101.96000;97.42000;37.09000;2419.0;275.0;177.0;46.0;11.08;0.154;0.17498;0.04096;0.00;0.000;0.000;0.690;0.565;0.000;0.557;45.973;15.00;16.00;29736.3;1063.20;6.27;3.40;1.41;132300.04;39574.72;24859.38;31385.4;4.22;1.26;0.79;03/03/2024 16:08:15;
04/03/2024;11;2.0TD;1;0.000129550012000000;0.163;0.978822702;124.409889;33.081;43.893;47.435889;7.60;21.47121;0.82348;0.75;0.25;7.95375;93.83860;101.96000;97.42000;37.09000;2419.0;275.0;177.0;46.0;12.63;0.926;0.17498;0.04096;0.00;0.000;0.000;0.612;0.565;0.000;0.557;40.787;7.60;7.60;30109.8;1400.20;7.82;3.40;1.41;151750.68;68713.92;24859.38;31360.2;4.84;2.19;0.79;03/03/2024 16:08:15;
04/03/2024;12;2.0TD;1;0.000128962883000000;0.161;0.965503417;120.768688;33.081;43.893;43.794688;3.20;21.47121;0.82348;0.75;0.25;7.95375;93.83860;101.96000;97.42000;37.09000;2419.0;275.0;177.0;46.0;14.01;0.926;0.17498;0.04096;0.00;0.000;0.000;0.566;0.565;0.000;0.557;37.721;3.20;3.13;29743.8;1553.40;9.20;3.40;1.41;205249.44;54280.24;24859.38;30910.6;6.64;1.76;0.80;03/03/2024 16:08:15;
04/03/2024;13;2.0TD;1;0.000129049935000000;0.158;0.947867788;121.089773;33.081;43.893;44.115773;3.20;21.47121;0.82348;0.75;0.25;7.95375;93.83860;101.96000;97.42000;37.09000;2419.0;275.0;177.0;46.0;14.38;0.926;0.17498;0.04096;0.00;0.000;0.000;0.571;0.565;0.000;0.557;38.096;3.20;3.13;29346.7;1566.20;9.57;3.40;1.41;213579.60;54314.40;24859.38;30565.6;6.99;1.78;0.81;03/03/2024 16:08:15;
04/03/2024;14;2.0TD;1;0.000135995094000000;0.153;0.918161181;120.560309;33.081;43.893;43.586309;2.85;21.47121;0.82348;0.75;0.25;7.95375;93.83860;101.96000;97.42000;37.09000;2419.0;275.0;177.0;46.0;14.44;0.926;0.17498;0.04096;0.00;0.000;0.000;0.567;0.565;0.000;0.557;37.802;2.91;1.81;29373.9;1703.60;9.63;3.40;1.41;213757.40;54573.76;24859.38;30462.0;7.02;1.79;0.82;03/03/2024 16:08:15;
04/03/2024;15;2.0TD;2;0.000136527646000000;0.159;0.977132606;69.291228;19.184;8.779;41.328228;1.64;21.47121;0.82348;0.75;0.25;7.95375;93.83860;101.96000;97.42000;37.09000;2419.0;275.0;177.0;46.0;14.31;0.154;0.17498;0.04096;0.00;0.000;0.000;0.535;0.565;0.000;0.557;35.658;1.68;1.00;29731.5;1706.00;9.50;3.40;1.41;206122.48;54402.36;24859.38;30057.1;6.86;1.81;0.83;03/03/2024 16:08:15;
04/03/2024;16;2.0TD;2;0.000128466912000000;0.164;1.007931491;68.985296;19.184;8.779;41.022296;0.99;21.47121;0.82348;0.75;0.25;7.95375;93.83860;101.96000;97.42000;37.09000;2419.0;275.0;177.0;46.0;14.55;0.154;0.17498;0.04096;0.00;0.000;0.000;0.529;0.565;0.000;0.557;35.242;1.00;0.90;29472.5;1632.30;9.74;3.40;1.41;206361.88;55897.60;24859.38;29469.0;7.00;1.90;0.84;03/03/2024 16:08:15;
04/03/2024;17;2.0TD;2;0.000122555238000000;0.171;1.049855617;71.027137;19.184;8.779;43.064137;2.33;21.47121;0.82348;0.75;0.25;7.95375;93.83860;101.96000;97.42000;37.09000;2419.0;275.0;177.0;46.0;14.72;0.154;0.17498;0.04096;0.00;0.000;0.000;0.552;0.565;0.000;0.557;36.775;2.33;2.26;28737.0;1552.30;9.91;3.40;1.41;197718.96;67564.00;24859.38;29271.2;6.75;2.31;0.85;03/03/2024 16:08:15;
04/03/2024;18;2.0TD;2;0.000123646095000000;0.176;1.079191808;72.237663;19.184;8.779;44.274663;3.20;21.47121;0.82348;0.75;0.25;7.95375;93.83860;101.96000;97.42000;37.09000;2419.0;275.0;177.0;46.0;14.71;0.154;0.17498;0.04096;0.00;0.000;0.000;0.565;0.565;0.000;0.557;37.648;3.20;3.20;28044.1;1406.50;9.90;3.40;1.41;197116.84;71297.12;24859.38;29631.9;6.65;2.41;0.84;03/03/2024 16:08:15;
04/03/2024;19;2.0TD;1;0.000131112072000000;0.171;1.026790439;120.896480;33.081;43.893;43.922480;5.03;21.47121;0.82348;0.75;0.25;7.95375;93.83860;101.96000;97.42000;37.09000;2419.0;275.0;177.0;46.0;11.97;0.926;0.17498;0.04096;0.00;0.000;0.000;0.563;0.565;0.000;0.557;37.508;5.00;5.95;27247.3;1015.50;7.16;3.40;1.41;125663.24;64332.00;24859.38;30021.6;4.19;2.14;0.83;03/03/2024 16:08:15;
04/03/2024;20;2.0TD;1;0.000156284960000000;0.174;1.040999256;128.541390;33.081;43.893;51.567390;14.12;21.47121;0.82348;0.75;0.25;7.95375;93.83860;101.96000;97.42000;37.09000;2419.0;275.0;177.0;46.0;9.20;0.926;0.17498;0.04096;0.00;0.000;0.000;0.659;0.565;0.000;0.557;43.924;14.00;17.50;28922.2;1005.60;4.39;3.40;1.41;94260.60;22416.64;24859.38;32264.2;2.92;0.69;0.77;03/03/2024 16:08:15;
04/03/2024;21;2.0TD;1;0.000181768335000000;0.175;1.045928227;141.312914;33.081;43.893;64.338914;25.02;21.47121;0.82348;0.75;0.25;7.95375;93.83860;101.96000;97.42000;37.09000;2419.0;275.0;177.0;46.0;8.97;0.926;0.17498;0.04096;0.00;0.000;0.000;0.821;0.565;0.000;0.557;54.756;25.00;25.50;29726.1;996.10;4.16;3.40;1.41;84450.12;29840.00;24859.38;33418.7;2.53;0.89;0.74;03/03/2024 16:08:15;
04/03/2024;22;2.0TD;1;0.000186376332000000;0.176;1.052989124;133.309719;33.081;43.893;56.335719;17.99;21.47121;0.82348;0.75;0.25;7.95375;93.83860;101.96000;97.42000;37.09000;2419.0;275.0;177.0;46.0;9.25;0.926;0.17498;0.04096;0.00;0.000;0.000;0.719;0.565;0.000;0.557;47.904;17.98;18.16;29043.7;1000.80;4.44;3.40;1.41;91460.84;27669.60;24859.38;32494.4;2.81;0.85;0.77;03/03/2024 16:08:15;
04/03/2024;23;2.0TD;2;0.000165034138000000;0.190;1.164991350;77.355762;19.184;8.779;49.392762;12.51;21.47121;0.82348;0.75;0.25;7.95375;93.83860;101.96000;97.42000;37.09000;2419.0;275.0;177.0;46.0;9.20;0.154;0.17498;0.04096;0.00;0.000;0.000;0.623;0.565;0.000;0.557;41.506;12.50;12.75;26413.7;804.10;4.39;3.40;1.41;81216.76;23850.00;24859.38;29584.4;2.75;0.81;0.84;03/03/2024 16:08:15;
04/03/2024;24;2.0TD;2;0.000135053563000000;0.197;1.206620115;70.184210;19.184;8.779;42.221210;6.05;21.47121;0.82348;0.75;0.25;7.95375;93.83860;101.96000;97.42000;37.09000;2419.0;275.0;177.0;46.0;9.52;0.154;0.17498;0.04096;0.00;0.000;0.000;0.529;0.565;0.000;0.557;35.272;6.10;4.60;23752.0;786.20;4.71;3.40;1.41;86311.08;14238.00;24859.38;26607.5;3.24;0.54;0.93;03/03/2024 16:08:15;
*
