pvpcdata;
2024;03;11;12;38;28;
10/02/2024;1;2.0TD;3;0.000122484351000000;0.232;1.286637752;75.109197;0.557;2.195;72.357197;27.09;21.87155;0.76383;0.75;0.25;9.47042;96.95660;101.96000;97.42000;68.27000;2618.4;275.0;177.0;48.0;12.72;0.000;0.17498;0.03702;0.00;0.000;0.000;0.881;0.565;0.000;0.557;58.731;26.78;33.50;19948.1;950.90;7.69;3.48;1.55;66047.12;106791.36;24859.38;25728.0;2.57;4.15;0.97;09/02/2024 16:10:26;
10/02/2024;2;2.0TD;3;0.000101707745000000;0.241;1.340011597;61.337737;0.557;2.195;58.585737;14.26;21.87155;0.76383;0.75;0.25;9.47042;96.95660;101.96000;97.42000;68.27000;2618.4;275.0;177.0;48.0;14.20;0.000;0.17498;0.03702;0.00;0.000;0.000;0.708;0.565;0.000;0.557;47.208;14.00;20.11;20005.4;904.20;9.17;3.48;1.55;74676.48;120903.60;24859.38;24036.4;3.11;5.03;1.03;09/02/2024 16:10:26;
10/02/2024;3;2.0TD;3;0.000087982480000000;0.247;1.373292261;52.265994;0.557;2.195;49.513994;5.28;21.87155;0.76383;0.75;0.25;9.47042;96.95660;101.96000;97.42000;68.27000;2618.4;275.0;177.0;48.0;15.79;0.000;0.17498;0.03702;0.00;0.000;0.000;0.596;0.565;0.000;0.557;39.706;5.00;10.50;20284.0;1099.40;10.76;3.48;1.55;90765.56;129707.84;24859.38;22803.4;3.98;5.69;1.09;09/02/2024 16:10:26;
10/02/2024;4;2.0TD;3;0.000080558109000000;0.248;1.376955105;50.366308;0.557;2.195;47.614308;3.20;21.87155;0.76383;0.75;0.25;9.47042;96.95660;101.96000;97.42000;68.27000;2618.4;275.0;177.0;48.0;16.34;0.000;0.17498;0.03702;0.00;0.000;0.000;0.572;0.565;0.000;0.557;38.152;3.20;3.20;19914.0;1453.30;11.31;3.48;1.55;123165.12;129734.80;0.00;22357.7;5.51;5.80;0.00;09/02/2024 16:10:26;
10/02/2024;5;2.0TD;3;0.000077349754000000;0.252;1.399346197;50.252242;0.557;2.195;47.500242;3.20;21.87155;0.76383;0.75;0.25;9.47042;96.95660;101.96000;97.42000;68.27000;2618.4;275.0;177.0;48.0;16.13;0.000;0.17498;0.03702;0.00;0.000;0.000;0.569;0.565;0.000;0.557;37.939;3.20;3.20;20487.9;1612.20;11.10;3.48;1.55;123153.32;121818.12;0.00;22066.3;5.58;5.52;0.00;09/02/2024 16:10:26;
10/02/2024;6;2.0TD;3;0.000077564901000000;0.252;1.401769466;50.239722;0.557;2.195;47.487722;3.20;21.87155;0.76383;0.75;0.25;9.47042;96.95660;101.96000;97.42000;68.27000;2618.4;275.0;177.0;48.0;16.12;0.000;0.17498;0.03702;0.00;0.000;0.000;0.569;0.565;0.000;0.557;37.929;3.20;3.20;20316.8;1719.70;11.09;3.48;1.55;123126.60;121818.12;0.00;22091.5;5.57;5.51;0.00;09/02/2024 16:10:26;
10/02/2024;7;2.0TD;3;0.000080872327000000;0.246;1.367661989;49.632115;0.557;2.195;46.880115;3.20;21.87155;0.76383;0.75;0.25;9.47042;96.95660;101.96000;97.42000;68.27000;2618.4;275.0;177.0;48.0;15.82;0.000;0.17498;0.03702;0.00;0.000;0.000;0.564;0.565;0.000;0.557;37.624;3.20;3.20;20814.6;1698.50;10.79;3.48;1.55;123093.56;121818.12;0.00;22689.8;5.43;5.37;0.00;09/02/2024 16:10:26;
10/02/2024;8;2.0TD;3;0.000089071774000000;0.238;1.323793746;48.665075;0.557;2.195;45.913075;3.31;21.87155;0.76383;0.75;0.25;9.47042;96.95660;101.96000;97.42000;68.27000;2618.4;275.0;177.0;48.0;15.18;0.000;0.17498;0.03702;0.00;0.000;0.000;0.556;0.565;0.000;0.557;37.086;3.20;5.00;21356.6;1436.50;10.15;3.48;1.55;122938.92;116940.32;0.00;23637.7;5.20;4.95;0.00;09/02/2024 16:10:26;
10/02/2024;9;2.0TD;3;0.000103758344000000;0.225;1.248852524;49.302601;0.557;2.195;46.550601;3.88;21.87155;0.76383;0.75;0.25;9.47042;96.95660;101.96000;97.42000;68.27000;2618.4;275.0;177.0;48.0;15.51;0.000;0.17498;0.03702;0.00;0.000;0.000;0.570;0.565;0.000;0.557;38.000;3.20;14.00;22319.1;1491.70;10.48;3.48;1.55;77244.52;183940.40;0.00;24920.1;3.10;7.38;0.00;09/02/2024 16:10:26;
10/02/2024;10;2.0TD;3;0.000128646265000000;0.205;1.140265946;46.206096;0.557;2.195;43.454096;3.20;21.87155;0.76383;0.75;0.25;9.47042;96.95660;101.96000;97.42000;68.27000;2618.4;275.0;177.0;48.0;14.28;0.000;0.17498;0.03702;0.00;0.000;0.000;0.541;0.565;0.000;0.557;36.061;3.20;3.20;24025.7;2043.70;9.25;3.48;1.55;102327.40;149727.60;0.00;27263.4;3.75;5.49;0.00;09/02/2024 16:10:26;
10/02/2024;11;2.0TD;3;0.000143814166000000;0.194;1.075651237;40.487762;0.557;2.195;37.735762;0.57;21.87155;0.76383;0.75;0.25;9.47042;96.95660;101.96000;97.42000;68.27000;2618.4;275.0;177.0;48.0;12.52;0.000;0.17498;0.03702;0.00;0.000;0.000;0.474;0.565;0.000;0.557;31.604;0.43;3.20;24891.2;1302.10;7.49;3.48;1.55;119131.52;90481.32;0.00;27970.7;4.26;3.23;0.00;09/02/2024 16:10:26;
10/02/2024;12;2.0TD;3;0.000144240299000000;0.192;1.067572261;38.876145;0.557;2.195;36.124145;0.00;21.87155;0.76383;0.75;0.25;9.47042;96.95660;101.96000;97.42000;68.27000;2618.4;275.0;177.0;48.0;11.81;0.000;0.17498;0.03702;0.00;0.000;0.000;0.455;0.565;0.000;0.557;30.305;0.00;0.00;25263.0;1270.40;6.78;3.48;1.55;135348.56;54334.80;0.00;27956.9;4.84;1.94;0.00;09/02/2024 16:10:26;
10/02/2024;13;2.0TD;3;0.000140519924000000;0.192;1.064511913;40.279129;0.557;2.195;37.527129;-0.05;21.87155;0.76383;0.75;0.25;9.47042;96.95660;101.96000;97.42000;68.27000;2618.4;275.0;177.0;48.0;13.02;0.000;0.17498;0.03702;0.00;0.000;0.000;0.472;0.565;0.000;0.557;31.482;0.00;-1.00;25238.3;1389.70;7.99;3.48;1.55;164550.32;56361.36;0.00;27646.4;5.95;2.04;0.00;09/02/2024 16:10:26;
10/02/2024;14;2.0TD;3;0.000146308923000000;0.188;1.043465349;39.562763;0.557;2.195;36.810763;-0.11;21.87155;0.76383;0.75;0.25;9.47042;96.95660;101.96000;97.42000;68.27000;2618.4;275.0;177.0;48.0;12.59;0.000;0.17498;0.03702;0.00;0.000;0.000;0.465;0.565;0.000;0.557;30.985;0.00;-2.00;25375.4;1546.30;7.56;3.48;1.55;164550.32;45420.00;0.00;27792.2;5.92;1.63;0.00;09/02/2024 16:10:26;
10/02/2024;15;2.0TD;3;0.000145843721000000;0.187;1.040276253;40.170383;0.557;2.195;37.418383;-0.26;21.87155;0.76383;0.75;0.25;9.47042;96.95660;101.96000;97.42000;68.27000;2618.4;275.0;177.0;48.0;13.27;0.000;0.17498;0.03702;0.00;0.000;0.000;0.473;0.565;0.000;0.557;31.523;0.00;-5.00;24966.0;1651.90;8.24;3.48;1.55;164550.32;61687.24;0.00;27455.9;5.99;2.25;0.00;09/02/2024 16:10:26;
10/02/2024;16;2.0TD;3;0.000133489082000000;0.197;1.093457416;40.983570;0.557;2.195;38.231570;-0.29;21.87155;0.76383;0.75;0.25;9.47042;96.95660;101.96000;97.42000;68.27000;2618.4;275.0;177.0;48.0;13.71;0.000;0.17498;0.03702;0.00;0.000;0.000;0.479;0.565;0.000;0.557;31.939;0.00;-5.00;24487.2;1809.70;8.68;3.48;1.55;164550.32;65620.52;0.00;26523.2;6.20;2.47;0.00;09/02/2024 16:10:26;
10/02/2024;17;2.0TD;3;0.000125075206000000;0.204;1.133202814;40.901331;0.557;2.195;38.149331;-0.11;21.87155;0.76383;0.75;0.25;9.47042;96.95660;101.96000;97.42000;68.27000;2618.4;275.0;177.0;48.0;13.28;0.000;0.17498;0.03702;0.00;0.000;0.000;0.475;0.565;0.000;0.557;31.685;0.00;-2.00;23899.1;1534.50;8.25;3.48;1.55;125321.12;89521.56;0.00;26037.3;4.81;3.44;0.00;09/02/2024 16:10:26;
10/02/2024;18;2.0TD;3;0.000123898474000000;0.209;1.162671320;41.563911;0.557;2.195;38.811911;0.52;21.87155;0.76383;0.75;0.25;9.47042;96.95660;101.96000;97.42000;68.27000;2618.4;275.0;177.0;48.0;13.06;0.000;0.17498;0.03702;0.00;0.000;0.000;0.482;0.565;0.000;0.557;32.102;0.43;2.00;23054.3;1463.30;8.03;3.48;1.55;119131.80;89844.48;0.00;26031.3;4.58;3.45;0.00;09/02/2024 16:10:26;
10/02/2024;19;2.0TD;3;0.000133941236000000;0.216;1.200159760;41.775253;0.557;2.195;39.023253;3.97;21.87155;0.76383;0.75;0.25;9.47042;96.95660;101.96000;97.42000;68.27000;2618.4;275.0;177.0;48.0;9.60;0.000;0.17498;0.03702;0.00;0.000;0.000;0.481;0.565;0.000;0.557;32.091;3.20;14.25;22010.1;1654.00;4.57;3.48;1.55;102325.08;21728.00;0.00;27159.5;3.77;0.80;0.00;09/02/2024 16:10:26;
10/02/2024;20;2.0TD;3;0.000154457811000000;0.221;1.228106696;66.951558;0.557;2.195;64.199558;25.60;21.87155;0.76383;0.75;0.25;9.47042;96.95660;101.96000;97.42000;68.27000;2618.4;275.0;177.0;48.0;8.15;0.000;0.17498;0.03702;0.00;0.000;0.000;0.789;0.565;0.000;0.557;52.579;25.01;34.30;20921.6;1419.00;3.12;3.48;1.55;64720.80;25487.92;0.00;28933.3;2.24;0.88;0.00;09/02/2024 16:10:26;
10/02/2024;21;2.0TD;3;0.000165862381000000;0.224;1.246824315;80.603897;0.557;2.195;77.851897;36.97;21.87155;0.76383;0.75;0.25;9.47042;96.95660;101.96000;97.42000;68.27000;2618.4;275.0;177.0;48.0;7.64;0.000;0.17498;0.03702;0.00;0.000;0.000;0.954;0.565;0.000;0.557;63.604;36.46;44.66;21123.0;1388.90;2.61;3.48;1.55;58155.12;19176.00;0.00;29606.7;1.96;0.65;0.00;09/02/2024 16:10:26;
10/02/2024;22;2.0TD;3;0.000171028764000000;0.227;1.258536725;84.070800;0.557;2.195;81.318800;38.41;21.87155;0.76383;0.75;0.25;9.47042;96.95660;101.96000;97.42000;68.27000;2618.4;275.0;177.0;48.0;8.83;0.000;0.17498;0.03702;0.00;0.000;0.000;0.994;0.565;0.000;0.557;66.274;37.90;46.30;20960.3;1357.30;3.80;3.48;1.55;57343.00;30298.08;24859.38;29571.4;1.94;1.02;0.84;09/02/2024 16:10:26;
10/02/2024;23;2.0TD;3;0.000161858570000000;0.231;1.282038158;77.799288;0.557;2.195;75.047288;32.85;21.87155;0.76383;0.75;0.25;9.47042;96.95660;101.96000;97.42000;68.27000;2618.4;275.0;177.0;48.0;9.16;0.000;0.17498;0.03702;0.00;0.000;0.000;0.914;0.565;0.000;0.557;60.964;32.68;34.90;20010.6;1640.00;4.13;3.48;1.55;60436.40;29955.60;24859.38;27871.4;2.17;1.07;0.89;09/02/2024 16:10:26;
10/02/2024;24;2.0TD;3;0.000143409388000000;0.237;1.315121655;67.478632;0.557;2.195;64.726632;23.55;21.87155;0.76383;0.75;0.25;9.47042;96.95660;101.96000;97.42000;68.27000;2618.4;275.0;177.0;48.0;9.95;0.000;0.17498;0.03702;0.00;0.000;0.000;0.785;0.565;0.000;0.557;52.325;23.00;34.10;20156.1;1051.20;4.92;3.48;1.55;66027.52;35102.40;24859.38;25581.1;2.58;1.37;0.97;09/02/2024 16:10:26;
*
