pvpcdata;
2025;01;13;09;30;28;
13/12/2024;1;2.0TD;3;0.000132685943000000;0.235;1.304663618;168.167193;0.557;2.195;165.415193;132.60;-12.27568;0.76411;0.75;0.25;143.72750;94.62480;101.96000;84.74000;90.60000;2764.0;275.0;200.0;53.0;6.99;0.000;0.17498;0.04096;0.00;0.000;2.009;0.947;0.000;0.557;133.939;132.71;130.70;22684.2;1288.70;2.82;3.25;0.92;10442.76;40840.00;24859.38;27041.3;0.39;1.51;0.92;12/12/2024 16:27:04;
13/12/2024;2;2.0TD;3;0.000109669525000000;0.244;1.357435162;160.065039;0.557;2.195;157.313039;124.93;-12.27568;0.76411;0.75;0.25;143.72750;94.62480;101.96000;84.74000;90.60000;2764.0;275.0;200.0;53.0;7.29;0.000;0.17498;0.04096;0.00;0.000;1.897;0.947;0.000;0.557;126.457;125.00;123.71;20696.7;1207.80;3.12;3.25;0.92;11789.72;41640.00;24859.38;25092.2;0.47;1.66;0.99;12/12/2024 16:27:04;
13/12/2024;3;2.0TD;3;0.000095850242000000;0.254;1.409681598;155.014470;0.557;2.195;152.262470;119.01;-12.27568;0.76411;0.75;0.25;143.72750;94.62480;101.96000;84.74000;90.60000;2764.0;275.0;200.0;53.0;8.25;0.000;0.17498;0.04096;0.00;0.000;1.821;0.947;0.000;0.557;121.421;118.97;119.54;19619.7;1346.20;4.08;3.25;0.92;34123.00;38440.00;24859.38;23864.1;1.43;1.61;1.04;12/12/2024 16:27:04;
13/12/2024;4;2.0TD;3;0.000088840814000000;0.255;1.415998111;148.676406;0.557;2.195;145.924406;114.98;-12.27568;0.76411;0.75;0.25;143.72750;94.62480;101.96000;84.74000;90.60000;2764.0;275.0;200.0;53.0;7.21;0.000;0.17498;0.04096;0.00;0.000;1.744;0.947;0.000;0.557;116.274;114.95;115.52;19125.4;1182.10;3.04;3.25;0.92;36359.84;34383.52;0.00;23288.5;1.56;1.48;0.00;12/12/2024 16:27:04;
13/12/2024;5;2.0TD;3;0.000086149170000000;0.256;1.420894157;149.532465;0.557;2.195;146.780465;115.67;-12.27568;0.76411;0.75;0.25;143.72750;94.62480;101.96000;84.74000;90.60000;2764.0;275.0;200.0;53.0;7.10;0.000;0.17498;0.04096;0.00;0.000;1.753;0.947;0.000;0.557;116.863;115.64;116.21;18968.0;1145.90;2.93;3.25;0.92;35525.52;32364.64;0.00;23171.2;1.53;1.40;0.00;12/12/2024 16:27:04;
13/12/2024;6;2.0TD;3;0.000088405242000000;0.246;1.366931834;158.888792;0.557;2.195;156.136792;123.91;-12.27568;0.76411;0.75;0.25;143.72750;94.62480;101.96000;84.74000;90.60000;2764.0;275.0;200.0;53.0;7.18;0.000;0.17498;0.04096;0.00;0.000;1.880;0.947;0.000;0.557;125.310;123.96;123.00;19166.3;1099.90;3.01;3.25;0.92;31215.40;40480.00;0.00;23806.8;1.31;1.70;0.00;12/12/2024 16:27:04;
13/12/2024;7;2.0TD;3;0.000099905281000000;0.222;1.234209681;174.502178;0.557;2.195;171.750178;138.09;-12.27568;0.76411;0.75;0.25;143.72750;94.62480;101.96000;84.74000;90.60000;2764.0;275.0;200.0;53.0;8.01;0.000;0.17498;0.04096;0.00;0.000;2.108;0.947;0.000;0.557;140.548;138.00;140.00;21126.1;1038.80;3.84;3.25;0.92;9588.52;66816.00;24859.38;26310.3;0.36;2.54;0.94;12/12/2024 16:27:04;
13/12/2024;8;2.0TD;3;0.000125550680000000;0.203;1.128081011;193.803350;0.557;2.195;191.051350;155.02;-12.27568;0.76411;0.75;0.25;143.72750;94.62480;101.96000;84.74000;90.60000;2764.0;275.0;200.0;53.0;9.07;0.000;0.17498;0.04096;0.00;0.000;2.382;0.947;0.000;0.557;158.812;154.90;157.90;24407.2;977.50;4.90;3.25;0.92;6971.48;118272.00;24859.38;30648.1;0.23;3.86;0.81;12/12/2024 16:27:04;
13/12/2024;9;2.0TD;2;0.000141287814000000;0.191;1.170393603;228.286136;19.184;8.779;200.323136;164.11;-12.27568;0.76411;0.75;0.25;143.72750;94.62480;101.96000;84.74000;90.60000;2764.0;275.0;200.0;53.0;9.07;0.154;0.17498;0.04096;0.00;0.000;2.523;0.947;0.000;0.557;168.197;164.07;165.07;25342.8;944.70;4.90;3.25;0.92;5514.44;131328.00;24859.38;32974.3;0.17;3.98;0.75;12/12/2024 16:27:04;
13/12/2024;10;2.0TD;2;0.000148893379000000;0.184;1.129695273;226.604370;19.184;8.779;198.641370;163.84;-12.27568;0.76411;0.75;0.25;143.72750;94.62480;101.96000;84.74000;90.60000;2764.0;275.0;200.0;53.0;8.92;0.154;0.17498;0.04096;0.00;0.000;2.517;0.947;0.000;0.557;167.771;163.80;164.80;26587.1;1124.40;4.75;3.25;0.92;5546.80;130688.00;24859.38;33921.0;0.16;3.85;0.73;12/12/2024 16:27:04;
13/12/2024;11;2.0TD;1;0.000154262047000000;0.176;1.053756803;257.798614;33.081;43.893;180.824614;150.40;-12.27568;0.76411;0.75;0.25;143.72750;94.62480;101.96000;84.74000;90.60000;2764.0;275.0;200.0;53.0;7.79;0.926;0.17498;0.04096;0.00;0.000;2.306;0.947;0.000;0.557;153.762;150.35;151.35;27736.5;1600.60;3.62;3.25;0.92;7717.00;88704.00;24859.38;33537.0;0.23;2.64;0.74;12/12/2024 16:27:04;
13/12/2024;12;2.0TD;1;0.000152774896000000;0.174;1.040692328;250.698325;33.081;43.893;173.724325;145.06;-12.27568;0.76411;0.75;0.25;143.72750;94.62480;101.96000;84.74000;90.60000;2764.0;275.0;200.0;53.0;7.43;0.926;0.17498;0.04096;0.00;0.000;2.220;0.947;0.000;0.557;147.976;145.01;146.01;28530.6;1444.10;3.26;3.25;0.92;10341.28;71184.00;24859.38;32629.9;0.32;2.18;0.76;12/12/2024 16:27:04;
13/12/2024;13;2.0TD;1;0.000152102005000000;0.173;1.036122387;246.203211;33.081;43.893;169.229211;141.05;-12.27568;0.76411;0.75;0.25;143.72750;94.62480;101.96000;84.74000;90.60000;2764.0;275.0;200.0;53.0;7.79;0.926;0.17498;0.04096;0.00;0.000;2.164;0.947;0.000;0.557;144.270;141.00;142.00;28160.9;1442.00;3.62;3.25;0.92;21422.04;70176.00;24859.38;32156.6;0.67;2.18;0.77;12/12/2024 16:27:04;
13/12/2024;14;2.0TD;1;0.000158778828000000;0.172;1.032137117;241.597137;33.081;43.893;164.623137;137.81;-12.27568;0.76411;0.75;0.25;143.72750;94.62480;101.96000;84.74000;90.60000;2764.0;275.0;200.0;53.0;7.28;0.926;0.17498;0.04096;0.00;0.000;2.107;0.947;0.000;0.557;140.463;137.76;138.76;27948.6;1425.10;3.11;3.25;0.92;19424.16;56160.00;24859.38;32335.7;0.60;1.74;0.77;12/12/2024 16:27:04;
13/12/2024;15;2.0TD;2;0.000161337566000000;0.172;1.054801713;191.679009;19.184;8.779;163.716009;137.81;-12.27568;0.76411;0.75;0.25;143.72750;94.62480;101.96000;84.74000;90.60000;2764.0;275.0;200.0;53.0;7.29;0.154;0.17498;0.04096;0.00;0.000;2.095;0.947;0.000;0.557;139.689;137.76;138.76;27930.4;1411.30;3.12;3.25;0.92;19417.16;56304.00;24859.38;32187.2;0.60;1.75;0.77;12/12/2024 16:27:04;
13/12/2024;16;2.0TD;2;0.000156162591000000;0.181;1.110848511;200.682392;19.184;8.779;172.719392;143.23;-12.27568;0.76411;0.75;0.25;143.72750;94.62480;101.96000;84.74000;90.60000;2764.0;275.0;200.0;53.0;8.33;0.154;0.17498;0.04096;0.00;0.000;2.194;0.947;0.000;0.557;146.248;143.18;144.18;28411.0;1466.20;4.16;3.25;0.92;8826.96;98944.00;24859.38;31894.8;0.28;3.10;0.78;12/12/2024 16:27:04;
13/12/2024;17;2.0TD;2;0.000153801892000000;0.184;1.127257931;211.626770;19.184;8.779;183.663770;151.77;-12.27568;0.76411;0.75;0.25;143.72750;94.62480;101.96000;84.74000;90.60000;2764.0;275.0;200.0;53.0;8.53;0.154;0.17498;0.04096;0.00;0.000;2.327;0.947;0.000;0.557;155.121;151.66;154.66;28385.4;1089.00;4.36;3.25;0.92;1632.64;113728.00;24859.38;32167.6;0.05;3.54;0.77;12/12/2024 16:27:04;
13/12/2024;18;2.0TD;2;0.000161891296000000;0.191;1.172324988;218.190029;19.184;8.779;190.227029;156.22;-12.27568;0.76411;0.75;0.25;143.72750;94.62480;101.96000;84.74000;90.60000;2764.0;275.0;200.0;53.0;8.61;0.154;0.17498;0.04096;0.00;0.000;2.396;0.947;0.000;0.557;159.720;156.06;160.06;26519.0;1076.10;4.44;3.25;0.92;1753.60;119232.00;24859.38;32868.3;0.05;3.63;0.76;12/12/2024 16:27:04;
13/12/2024;19;2.0TD;1;0.000183342207000000;0.204;1.221798980;288.250026;33.081;43.893;211.276026;172.75;-12.27568;0.76411;0.75;0.25;143.72750;94.62480;101.96000;84.74000;90.60000;2764.0;275.0;200.0;53.0;6.83;0.926;0.17498;0.04096;0.00;0.000;2.632;0.947;0.000;0.557;175.478;172.35;182.35;26798.1;1123.80;2.66;3.25;0.92;1680.96;64656.00;24859.38;34287.5;0.05;1.89;0.73;12/12/2024 16:27:04;
13/12/2024;20;2.0TD;1;0.000192978958000000;0.211;1.263932494;288.998819;33.081;43.893;212.024819;172.72;-12.27568;0.76411;0.75;0.25;143.72750;94.62480;101.96000;84.74000;90.60000;2764.0;275.0;200.0;53.0;6.47;0.926;0.17498;0.04096;0.00;0.000;2.626;0.947;0.000;0.557;175.082;172.35;181.34;26676.6;1150.50;2.30;3.25;0.92;25387.48;29160.00;24859.38;34444.2;0.74;0.85;0.72;12/12/2024 16:27:04;
13/12/2024;21;2.0TD;1;0.000199885191000000;0.214;1.282848986;289.499787;33.081;43.893;212.525787;172.49;-12.27568;0.76411;0.75;0.25;143.72750;94.62480;101.96000;84.74000;90.60000;2764.0;275.0;200.0;53.0;6.68;0.926;0.17498;0.04096;0.00;0.000;2.626;0.947;0.000;0.557;175.062;172.35;175.85;26853.2;1147.40;2.51;3.25;0.92;25421.72;37120.00;24859.38;34781.2;0.73;1.07;0.71;12/12/2024 16:27:04;
13/12/2024;22;2.0TD;1;0.000201396868000000;0.219;1.309094376;258.074037;33.081;43.893;181.100037;146.36;-12.27568;0.76411;0.75;0.25;143.72750;94.62480;101.96000;84.74000;90.60000;2764.0;275.0;200.0;53.0;6.71;0.926;0.17498;0.04096;0.00;0.000;2.228;0.947;0.000;0.557;148.564;146.22;149.72;26378.3;1112.40;2.54;3.25;0.92;28919.92;33000.00;24859.38;34214.5;0.85;0.96;0.73;12/12/2024 16:27:04;
13/12/2024;23;2.0TD;2;0.000186724599000000;0.220;1.346628568;202.881021;19.184;8.779;174.918021;141.59;-12.27568;0.76411;0.75;0.25;143.72750;94.62480;101.96000;84.74000;90.60000;2764.0;275.0;200.0;53.0;7.14;0.154;0.17498;0.04096;0.00;0.000;2.151;0.947;0.000;0.557;143.375;141.45;145.00;26423.3;1069.30;2.97;3.25;0.92;29410.52;38240.00;24859.38;31225.5;0.94;1.22;0.80;12/12/2024 16:27:04;
13/12/2024;24;2.0TD;2;0.000164453499000000;0.227;1.392075281;188.936108;19.184;8.779;160.973108;130.17;-12.27568;0.76411;0.75;0.25;143.72750;94.62480;101.96000;84.74000;90.60000;2764.0;275.0;200.0;53.0;6.56;0.154;0.17498;0.04096;0.00;0.000;1.968;0.947;0.000;0.557;131.192;129.96;136.96;23978.9;748.70;2.39;3.25;0.92;117.56;42960.00;24859.38;28422.0;0.00;1.51;0.87;12/12/2024 16:27:04;
*
