pvpcdata;
2024;02;09;12;01;40;
14/01/2024;1;2.0TD;3;0.000143858150000000;0.253;1.403985161;135.868260;0.557;2.195;133.116260;85.72;5.79180;0.70955;0.75;0.25;75.12542;98.29260;101.96000;97.42000;81.63000;2897.6;275.0;177.0;62.0;13.48;0.000;0.17498;0.03702;0.00;0.000;0.000;1.594;0.565;0.000;0.557;106.238;86.10;81.10;12427.5;1025.80;8.34;3.56;1.58;104303.20;73211.04;24859.38;24262.6;4.30;3.02;1.02;13/01/2024 16:10:15;
14/01/2024;2;2.0TD;3;0.000121187484000000;0.261;1.452409565;132.403022;0.557;2.195;129.651022;82.53;5.79180;0.70955;0.75;0.25;75.12542;98.29260;101.96000;97.42000;81.63000;2897.6;275.0;177.0;62.0;13.30;0.000;0.17498;0.03702;0.00;0.000;0.000;1.542;0.565;0.000;0.557;102.816;82.78;79.00;13074.2;935.10;8.16;3.56;1.58;110339.96;72139.20;0.00;22365.9;4.93;3.23;0.00;13/01/2024 16:10:15;
14/01/2024;3;2.0TD;3;0.000104086319000000;0.273;1.516806716;130.431401;0.557;2.195;127.679401;78.48;5.79180;0.70955;0.75;0.25;75.12542;98.29260;101.96000;97.42000;81.63000;2897.6;275.0;177.0;62.0;14.87;0.000;0.17498;0.03702;0.00;0.000;0.000;1.504;0.565;0.000;0.557;100.298;78.66;75.66;13152.5;847.50;9.73;3.56;1.58;125318.68;79800.00;0.00;21088.7;5.94;3.78;0.00;13/01/2024 16:10:15;
14/01/2024;4;2.0TD;3;0.000093596860000000;0.278;1.543038231;124.900731;0.557;2.195;122.148731;72.23;5.79180;0.70955;0.75;0.25;75.12542;98.29260;101.96000;97.42000;81.63000;2897.6;275.0;177.0;62.0;16.47;0.000;0.17498;0.03702;0.00;0.000;0.000;1.434;0.565;0.000;0.557;95.578;72.53;67.50;13168.7;842.30;11.33;3.56;1.58;161229.20;70734.72;0.00;20479.1;7.87;3.45;0.00;13/01/2024 16:10:15;
14/01/2024;5;2.0TD;3;0.000088156104000000;0.280;1.555036841;122.193967;0.557;2.195;119.441967;69.04;5.79180;0.70955;0.75;0.25;75.12542;98.29260;101.96000;97.42000;81.63000;2897.6;275.0;177.0;62.0;17.43;0.000;0.17498;0.03702;0.00;0.000;0.000;1.400;0.565;0.000;0.557;93.314;69.34;64.30;13242.7;852.40;12.29;3.56;1.58;165709.12;81970.56;0.00;20152.2;8.22;4.07;0.00;13/01/2024 16:10:15;
14/01/2024;6;2.0TD;3;0.000086835566000000;0.278;1.542115227;118.932471;0.557;2.195;116.180471;68.44;5.79180;0.70955;0.75;0.25;75.12542;98.29260;101.96000;97.42000;81.63000;2897.6;275.0;177.0;62.0;15.66;0.000;0.17498;0.03702;0.00;0.000;0.000;1.364;0.565;0.000;0.557;90.908;69.13;59.13;13282.4;992.00;10.52;3.56;1.58;130596.40;82098.24;0.00;20221.7;6.46;4.06;0.00;13/01/2024 16:10:15;
14/01/2024;7;2.0TD;3;0.000088262011000000;0.274;1.522126391;118.142049;0.557;2.195;115.390049;69.01;5.79180;0.70955;0.75;0.25;75.12542;98.29260;101.96000;97.42000;81.63000;2897.6;275.0;177.0;62.0;14.76;0.000;0.17498;0.03702;0.00;0.000;0.000;1.359;0.565;0.000;0.557;90.573;69.71;60.76;13208.3;1112.70;9.62;3.56;1.58;129603.08;69585.60;0.00;20714.2;6.26;3.36;0.00;13/01/2024 16:10:15;
14/01/2024;8;2.0TD;3;0.000092585132000000;0.263;1.460912261;120.824864;0.557;2.195;118.072864;72.44;5.79180;0.70955;0.75;0.25;75.12542;98.29260;101.96000;97.42000;81.63000;2897.6;275.0;177.0;62.0;14.20;0.000;0.17498;0.03702;0.00;0.000;0.000;1.402;0.565;0.000;0.557;93.486;72.95;65.29;13704.4;971.20;9.06;3.56;1.58;122088.60;73160.64;0.00;21540.6;5.67;3.40;0.00;13/01/2024 16:10:15;
14/01/2024;9;2.0TD;3;0.000101434055000000;0.251;1.395861991;125.887976;0.557;2.195;123.135976;77.05;5.79180;0.70955;0.75;0.25;75.12542;98.29260;101.96000;97.42000;81.63000;2897.6;275.0;177.0;62.0;14.46;0.000;0.17498;0.03702;0.00;0.000;0.000;1.476;0.565;0.000;0.557;98.430;77.90;68.00;13484.7;1261.80;9.32;3.56;1.58;115469.96;97092.00;0.00;22805.3;5.06;4.26;0.00;13/01/2024 16:10:15;
14/01/2024;10;2.0TD;3;0.000123903411000000;0.231;1.283658855;125.732638;0.557;2.195;122.980638;78.89;5.79180;0.70955;0.75;0.25;75.12542;98.29260;101.96000;97.42000;81.63000;2897.6;275.0;177.0;62.0;14.07;0.000;0.17498;0.03702;0.00;0.000;0.000;1.499;0.565;0.000;0.557;99.903;79.45;71.45;14901.5;1111.20;8.93;3.56;1.58;117225.20;98890.00;0.00;24190.5;4.85;4.09;0.00;13/01/2024 16:10:15;
14/01/2024;11;2.0TD;3;0.000148272892000000;0.211;1.171838328;115.189761;0.557;2.195;112.437761;74.40;5.79180;0.70955;0.75;0.25;75.12542;98.29260;101.96000;97.42000;81.63000;2897.6;275.0;177.0;62.0;11.61;0.000;0.17498;0.03702;0.00;0.000;0.000;1.393;0.565;0.000;0.557;92.847;74.69;69.71;15718.0;989.00;6.47;3.56;1.58;61038.40;103131.12;0.00;25390.3;2.40;4.06;0.00;13/01/2024 16:10:15;
14/01/2024;12;2.0TD;3;0.000159155918000000;0.205;1.136389187;108.075069;0.557;2.195;105.323069;69.00;5.79180;0.70955;0.75;0.25;75.12542;98.29260;101.96000;97.42000;81.63000;2897.6;275.0;177.0;62.0;11.65;0.000;0.17498;0.03702;0.00;0.000;0.000;1.311;0.565;0.000;0.557;87.405;69.00;69.00;17291.0;1045.40;6.51;3.56;1.58;65350.84;103798.40;0.00;25979.3;2.52;4.00;0.00;13/01/2024 16:10:15;
14/01/2024;13;2.0TD;3;0.000160504249000000;0.203;1.126373776;106.373652;0.557;2.195;103.621652;67.80;5.79180;0.70955;0.75;0.25;75.12542;98.29260;101.96000;97.42000;81.63000;2897.6;275.0;177.0;62.0;11.60;0.000;0.17498;0.03702;0.00;0.000;0.000;1.292;0.565;0.000;0.557;86.136;67.80;67.80;18581.6;1083.00;6.46;3.56;1.58;65960.12;101377.92;0.00;25906.7;2.55;3.91;0.00;13/01/2024 16:10:15;
14/01/2024;14;2.0TD;3;0.000167851808000000;0.201;1.114322345;103.177262;0.557;2.195;100.425262;65.49;5.79180;0.70955;0.75;0.25;75.12542;98.29260;101.96000;97.42000;81.63000;2897.6;275.0;177.0;62.0;11.43;0.000;0.17498;0.03702;0.00;0.000;0.000;1.254;0.565;0.000;0.557;83.618;65.40;67.40;19429.2;944.30;6.29;3.56;1.58;67546.28;97544.76;0.00;26253.2;2.57;3.72;0.00;13/01/2024 16:10:15;
14/01/2024;15;2.0TD;3;0.000169084069000000;0.202;1.120638267;100.259486;0.557;2.195;97.507486;63.11;5.79180;0.70955;0.75;0.25;75.12542;98.29260;101.96000;97.42000;81.63000;2897.6;275.0;177.0;62.0;11.35;0.000;0.17498;0.03702;0.00;0.000;0.000;1.217;0.565;0.000;0.557;81.121;63.10;63.25;19854.1;797.40;6.21;3.56;1.58;69478.12;94492.32;0.00;26392.1;2.63;3.58;0.00;13/01/2024 16:10:15;
14/01/2024;16;2.0TD;3;0.000153532829000000;0.214;1.186670832;102.194426;0.557;2.195;99.442426;62.33;5.79180;0.70955;0.75;0.25;75.12542;98.29260;101.96000;97.42000;81.63000;2897.6;275.0;177.0;62.0;12.91;0.000;0.17498;0.03702;0.00;0.000;0.000;1.229;0.565;0.000;0.557;81.913;62.30;63.05;19947.3;776.70;7.77;3.56;1.58;70160.44;128356.80;0.00;25540.3;2.75;5.03;0.00;13/01/2024 16:10:15;
14/01/2024;17;2.0TD;3;0.000145254261000000;0.223;1.241221564;106.917401;0.557;2.195;104.165401;65.27;5.79180;0.70955;0.75;0.25;75.12542;98.29260;101.96000;97.42000;81.63000;2897.6;275.0;177.0;62.0;13.18;0.000;0.17498;0.03702;0.00;0.000;0.000;1.278;0.565;0.000;0.557;85.172;65.13;68.68;18906.3;786.20;8.04;3.56;1.58;67667.64;134775.00;0.00;25188.8;2.69;5.35;0.00;13/01/2024 16:10:15;
14/01/2024;18;2.0TD;3;0.000147388269000000;0.230;1.275150791;115.754605;0.557;2.195;113.002605;72.88;5.79180;0.70955;0.75;0.25;75.12542;98.29260;101.96000;97.42000;81.63000;2897.6;275.0;177.0;62.0;12.17;0.000;0.17498;0.03702;0.00;0.000;0.000;1.378;0.565;0.000;0.557;91.872;72.84;73.94;17114.9;628.40;7.03;3.56;1.58;62454.88;117817.60;0.00;25636.8;2.44;4.60;0.00;13/01/2024 16:10:15;
14/01/2024;19;2.0TD;3;0.000170589243000000;0.230;1.277051424;129.416215;0.557;2.195;126.664215;86.22;5.79180;0.70955;0.75;0.25;75.12542;98.29260;101.96000;97.42000;81.63000;2897.6;275.0;177.0;62.0;9.77;0.000;0.17498;0.03702;0.00;0.000;0.000;1.545;0.565;0.000;0.557;102.979;86.18;87.18;16675.8;699.20;4.63;3.56;1.58;56231.16;71814.08;0.00;27675.7;2.03;2.59;0.00;13/01/2024 16:10:15;
14/01/2024;20;2.0TD;3;0.000188387562000000;0.230;1.278311548;135.909385;0.557;2.195;133.157385;92.01;5.79180;0.70955;0.75;0.25;75.12542;98.29260;101.96000;97.42000;81.63000;2897.6;275.0;177.0;62.0;9.18;0.000;0.17498;0.03702;0.00;0.000;0.000;1.624;0.565;0.000;0.557;108.258;92.01;92.01;16727.6;699.30;4.04;3.56;1.58;79847.48;37329.28;0.00;29001.1;2.75;1.29;0.00;13/01/2024 16:10:15;
14/01/2024;21;2.0TD;3;0.000201746832000000;0.229;1.272914785;128.463997;0.557;2.195;125.711997;86.03;5.79180;0.70955;0.75;0.25;75.12542;98.29260;101.96000;97.42000;81.63000;2897.6;275.0;177.0;62.0;9.28;0.000;0.17498;0.03702;0.00;0.000;0.000;1.534;0.565;0.000;0.557;102.288;86.03;86.03;16249.9;704.90;4.14;3.56;1.58;85692.04;39694.32;0.00;30251.9;2.83;1.31;0.00;13/01/2024 16:10:15;
14/01/2024;22;2.0TD;3;0.000204602345000000;0.228;1.268499258;127.739113;0.557;2.195;124.987113;84.49;5.79180;0.70955;0.75;0.25;75.12542;98.29260;101.96000;97.42000;81.63000;2897.6;275.0;177.0;62.0;10.32;0.000;0.17498;0.03702;0.00;0.000;0.000;1.527;0.565;0.000;0.557;101.781;84.49;84.49;16358.9;746.20;5.18;3.56;1.58;87203.32;44552.24;24859.38;30244.4;2.88;1.47;0.82;13/01/2024 16:10:15;
14/01/2024;23;2.0TD;3;0.000187161096000000;0.231;1.280642631;125.881589;0.557;2.195;123.129589;83.03;5.79180;0.70955;0.75;0.25;75.12542;98.29260;101.96000;97.42000;81.63000;2897.6;275.0;177.0;62.0;10.05;0.000;0.17498;0.03702;0.00;0.000;0.000;1.500;0.565;0.000;0.557;100.024;82.97;83.97;15616.9;919.90;4.91;3.56;1.58;27893.08;85673.28;24859.38;28194.6;0.99;3.04;0.88;13/01/2024 16:10:15;
14/01/2024;24;2.0TD;3;0.000158551565000000;0.236;1.311806445;114.072385;0.557;2.195;111.320385;72.38;5.79180;0.70955;0.75;0.25;75.12542;98.29260;101.96000;97.42000;81.63000;2897.6;275.0;177.0;62.0;10.89;0.000;0.17498;0.03702;0.00;0.000;0.000;1.351;0.565;0.000;0.557;90.065;72.52;69.54;15710.7;795.10;5.75;3.56;1.58;35585.64;88484.88;24859.38;25915.3;1.37;3.41;0.96;13/01/2024 16:10:15;
*
