pvpcdata;
2024;11;12;10;29;01;
01/10/2024;1;2.0TD;3;0.000084851309000000;0.181;1.004291034;138.516680;0.557;2.195;135.764680;103.98;-1.19861;1.19054;0.75;0.25;97.90125;93.10680;101.96000;84.74000;75.42000;1747.1;275.0;200.0;45.0;8.96;0.000;0.17498;0.04096;0.00;0.000;1.724;0.947;0.000;0.557;114.957;104.00;103.75;15709.3;1589.60;4.72;3.19;1.05;39751.96;43976.96;24859.38;23000.4;1.73;1.91;1.08;30/09/2024 17:58:12;
01/10/2024;2;2.0TD;3;0.000072064269000000;0.187;1.038947700;131.144320;0.557;2.195;128.392320;97.72;-1.19861;1.19054;0.75;0.25;97.90125;93.10680;101.96000;84.74000;75.42000;1747.1;275.0;200.0;45.0;8.53;0.000;0.17498;0.04096;0.00;0.000;1.622;0.947;0.000;0.557;108.165;97.68;98.18;15407.3;1464.60;4.29;3.19;1.05;45184.76;22918.56;24859.38;21685.7;2.08;1.06;1.15;30/09/2024 17:58:12;
01/10/2024;3;2.0TD;3;0.000064994035000000;0.191;1.061131092;133.161011;0.557;2.195;130.409011;97.71;-1.19861;1.19054;0.75;0.25;97.90125;93.10680;101.96000;84.74000;75.42000;1747.1;275.0;200.0;45.0;9.85;0.000;0.17498;0.04096;0.00;0.000;1.642;0.947;0.000;0.557;109.495;97.68;97.99;14565.1;1449.50;5.61;3.19;1.05;67088.88;25025.28;24859.38;20850.7;3.22;1.20;1.19;30/09/2024 17:58:12;
01/10/2024;4;2.0TD;3;0.000061689749000000;0.192;1.065920691;129.422731;0.557;2.195;126.670731;94.90;-1.19861;1.19054;0.75;0.25;97.90125;93.10680;101.96000;84.74000;75.42000;1747.1;275.0;200.0;45.0;9.48;0.000;0.17498;0.04096;0.00;0.000;1.594;0.947;0.000;0.557;106.267;94.86;95.36;14249.5;1164.40;5.24;3.19;1.05;81768.24;25280.64;0.00;20423.0;4.00;1.24;0.00;30/09/2024 17:58:12;
01/10/2024;5;2.0TD;3;0.000060411359000000;0.191;1.059037363;117.793538;0.557;2.195;115.041538;84.04;-1.19861;1.19054;0.75;0.25;97.90125;93.10680;101.96000;84.74000;75.42000;1747.1;275.0;200.0;45.0;10.81;0.000;0.17498;0.04096;0.00;0.000;1.449;0.947;0.000;0.557;96.592;84.01;84.51;14736.7;1088.10;6.57;3.19;1.05;98653.56;36662.40;0.00;20581.5;4.79;1.78;0.00;30/09/2024 17:58:12;
01/10/2024;6;2.0TD;3;0.000061716249000000;0.186;1.035382991;113.396777;0.557;2.195;110.644777;80.40;-1.19861;1.19054;0.75;0.25;97.90125;93.10680;101.96000;84.74000;75.42000;1747.1;275.0;200.0;45.0;11.20;0.000;0.17498;0.04096;0.00;0.000;1.399;0.947;0.000;0.557;93.292;80.35;81.15;15393.5;1017.60;6.96;3.19;1.05;104350.20;43502.40;0.00;21240.5;4.91;2.05;0.00;30/09/2024 17:58:12;
01/10/2024;7;2.0TD;3;0.000069838563000000;0.173;0.959626593;121.033087;0.557;2.195;118.281087;88.22;-1.19861;1.19054;0.75;0.25;97.90125;93.10680;101.96000;84.74000;75.42000;1747.1;275.0;200.0;45.0;10.81;0.000;0.17498;0.04096;0.00;0.000;1.513;0.947;0.000;0.557;100.836;88.13;89.72;16529.6;937.40;6.57;3.19;1.05;91513.68;36370.48;24859.38;23244.5;3.94;1.56;1.07;30/09/2024 17:58:12;
01/10/2024;8;2.0TD;3;0.000089229576000000;0.163;0.904868760;151.383856;0.557;2.195;148.631856;116.79;-1.19861;1.19054;0.75;0.25;97.90125;93.10680;101.96000;84.74000;75.42000;1747.1;275.0;200.0;45.0;8.80;0.000;0.17498;0.04096;0.00;0.000;1.917;0.947;0.000;0.557;127.800;117.04;113.04;17156.7;1136.80;4.56;3.19;1.05;24011.28;71903.52;24859.38;26464.8;0.91;2.72;0.94;30/09/2024 17:58:12;
01/10/2024;9;2.0TD;2;0.000094446557000000;0.188;1.154877450;200.853105;19.184;8.779;172.890105;123.56;-1.19861;1.19054;0.75;0.25;97.90125;93.10680;101.96000;84.74000;75.42000;1747.1;275.0;200.0;45.0;19.34;0.154;0.17498;0.04096;0.00;0.000;2.183;0.947;0.000;0.557;145.530;123.81;119.81;18141.6;1217.20;15.10;3.19;1.05;16373.16;377499.36;24859.38;27742.2;0.59;13.61;0.90;30/09/2024 17:58:12;
01/10/2024;10;2.0TD;2;0.000093388963000000;0.150;0.921696139;159.935150;19.184;8.779;131.972150;100.00;-1.19861;1.19054;0.75;0.25;97.90125;93.10680;101.96000;84.74000;75.42000;1747.1;275.0;200.0;45.0;12.59;0.154;0.17498;0.04096;0.00;0.000;1.721;0.947;0.000;0.557;114.758;100.00;100.01;19947.3;1744.40;8.35;3.19;1.05;44140.84;163934.80;24859.38;27885.8;1.58;5.88;0.89;30/09/2024 17:58:12;
01/10/2024;11;2.0TD;1;0.000094571448000000;0.150;0.896670667;208.236600;33.081;43.893;131.262600;99.13;-1.19861;1.19054;0.75;0.25;97.90125;93.10680;101.96000;84.74000;75.42000;1747.1;275.0;200.0;45.0;12.08;0.926;0.17498;0.04096;0.00;0.000;1.712;0.947;0.000;0.557;114.141;99.54;93.37;22212.6;1600.40;7.84;3.19;1.05;48766.24;151050.00;24859.38;28649.3;1.70;5.27;0.87;30/09/2024 17:58:12;
01/10/2024;12;2.0TD;1;0.000094392241000000;0.151;0.903102674;185.623096;33.081;43.893;108.649096;79.16;-1.19861;1.19054;0.75;0.25;97.90125;93.10680;101.96000;84.74000;75.42000;1747.1;275.0;200.0;45.0;12.60;0.926;0.17498;0.04096;0.00;0.000;1.416;0.947;0.000;0.557;94.395;79.49;72.21;25985.2;1218.80;8.36;3.19;1.05;69925.68;148954.40;24859.38;29154.7;2.40;5.11;0.85;30/09/2024 17:58:12;
01/10/2024;13;2.0TD;1;0.000097561793000000;0.147;0.882283705;158.940216;33.081;43.893;81.966216;58.67;-1.19861;1.19054;0.75;0.25;97.90125;93.10680;101.96000;84.74000;75.42000;1747.1;275.0;200.0;45.0;10.50;0.926;0.17498;0.04096;0.00;0.000;1.072;0.947;0.000;0.557;71.461;58.48;61.58;26679.9;1775.70;6.26;3.19;1.05;91673.68;66393.60;24859.38;29210.0;3.14;2.27;0.85;30/09/2024 17:58:12;
01/10/2024;14;2.0TD;1;0.000104083203000000;0.148;0.886469350;155.561938;33.081;43.893;78.587938;55.55;-1.19861;1.19054;0.75;0.25;97.90125;93.10680;101.96000;84.74000;75.42000;1747.1;275.0;200.0;45.0;10.66;0.926;0.17498;0.04096;0.00;0.000;1.027;0.947;0.000;0.557;68.456;55.41;57.59;27593.7;1848.50;6.42;3.19;1.05;94848.72;69735.24;24859.38;29481.6;3.22;2.37;0.84;30/09/2024 17:58:12;
01/10/2024;15;2.0TD;2;0.000104394677000000;0.172;1.054843829;109.143211;19.184;8.779;81.180211;56.14;-1.19861;1.19054;0.75;0.25;97.90125;93.10680;101.96000;84.74000;75.42000;1747.1;275.0;200.0;45.0;11.64;0.154;0.17498;0.04096;0.00;0.000;1.039;0.947;0.000;0.557;69.266;56.28;53.28;27070.3;1302.70;7.40;3.19;1.05;127259.76;65755.20;24859.38;29440.8;4.32;2.23;0.84;30/09/2024 17:58:12;
01/10/2024;16;2.0TD;2;0.000097526931000000;0.181;1.108204218;112.631715;19.184;8.779;84.668715;57.79;-1.19861;1.19054;0.75;0.25;97.90125;93.10680;101.96000;84.74000;75.42000;1747.1;275.0;200.0;45.0;12.38;0.154;0.17498;0.04096;0.00;0.000;1.075;0.947;0.000;0.557;71.692;57.98;53.69;26381.9;1229.10;8.14;3.19;1.05;125184.16;84375.80;24859.38;28800.8;4.35;2.93;0.86;30/09/2024 17:58:12;
01/10/2024;17;2.0TD;2;0.000094448717000000;0.188;1.153345129;110.841909;19.184;8.779;82.878909;55.77;-1.19861;1.19054;0.75;0.25;97.90125;93.10680;101.96000;84.74000;75.42000;1747.1;275.0;200.0;45.0;12.50;0.154;0.17498;0.04096;0.00;0.000;1.046;0.947;0.000;0.557;69.763;55.90;53.10;26272.8;1263.40;8.26;3.19;1.05;127800.68;83220.00;24859.38;28564.4;4.47;2.91;0.87;30/09/2024 17:58:12;
01/10/2024;18;2.0TD;2;0.000097911047000000;0.188;1.154259446;137.232141;19.184;8.779;109.269141;75.84;-1.19861;1.19054;0.75;0.25;97.90125;93.10680;101.96000;84.74000;75.42000;1747.1;275.0;200.0;45.0;14.31;0.154;0.17498;0.04096;0.00;0.000;1.380;0.947;0.000;0.557;91.977;76.14;70.11;23472.6;1237.20;10.07;3.19;1.05;72873.64;193071.60;24859.38;28862.9;2.52;6.69;0.86;30/09/2024 17:58:12;
01/10/2024;19;2.0TD;1;0.000103796240000000;0.167;0.998701906;223.755049;33.081;43.893;146.781049;103.49;-1.19861;1.19054;0.75;0.25;97.90125;93.10680;101.96000;84.74000;75.42000;1747.1;275.0;200.0;45.0;19.18;0.926;0.17498;0.04096;0.00;0.000;1.887;0.947;0.000;0.557;125.776;103.57;102.57;19631.4;1653.70;14.94;3.19;1.05;38264.96;354265.92;24859.38;27945.3;1.37;12.68;0.89;30/09/2024 17:58:12;
01/10/2024;20;2.0TD;1;0.000116939994000000;0.168;1.003520887;274.193593;33.081;43.893;197.219593;143.22;-1.19861;1.19054;0.75;0.25;97.90125;93.10680;101.96000;84.74000;75.42000;1747.1;275.0;200.0;45.0;21.88;0.926;0.17498;0.04096;0.00;0.000;2.533;0.947;0.000;0.557;168.852;143.44;140.44;18726.4;1453.60;17.64;3.19;1.05;-2937.00;471235.20;24859.38;27963.8;-0.11;16.85;0.89;30/09/2024 17:58:12;
01/10/2024;21;2.0TD;1;0.000142610776000000;0.167;0.998337376;293.940763;33.081;43.893;216.966763;173.74;-1.19861;1.19054;0.75;0.25;97.90125;93.10680;101.96000;84.74000;75.42000;1747.1;275.0;200.0;45.0;8.17;0.926;0.17498;0.04096;0.00;0.000;2.789;0.947;0.000;0.557;185.918;173.81;172.68;20155.4;1294.20;3.93;3.19;1.05;-28753.24;120679.20;24859.38;29729.3;-0.97;4.06;0.84;30/09/2024 17:58:12;
01/10/2024;22;2.0TD;1;0.000145109482000000;0.169;1.013340319;285.020219;33.081;43.893;208.046219;165.80;-1.19861;1.19054;0.75;0.25;97.90125;93.10680;101.96000;84.74000;75.42000;1747.1;275.0;200.0;45.0;8.28;0.926;0.17498;0.04096;0.00;0.000;2.670;0.947;0.000;0.557;177.969;165.98;162.99;19576.0;1258.90;4.04;3.19;1.05;-24273.04;116726.08;24859.38;29071.3;-0.83;4.02;0.86;30/09/2024 17:58:12;
01/10/2024;23;2.0TD;2;0.000126049356000000;0.200;1.224511173;190.405070;19.184;8.779;162.442070;125.15;-1.19861;1.19054;0.75;0.25;97.90125;93.10680;101.96000;84.74000;75.42000;1747.1;275.0;200.0;45.0;7.74;0.154;0.17498;0.04096;0.00;0.000;2.031;0.947;0.000;0.557;135.368;125.45;120.45;18191.0;1161.40;3.50;3.19;1.05;15821.20;52534.72;24859.38;26590.4;0.59;1.98;0.93;30/09/2024 17:58:12;
01/10/2024;24;2.0TD;2;0.000104813081000000;0.210;1.286986986;176.820094;19.184;8.779;148.857094;110.23;-1.19861;1.19054;0.75;0.25;97.90125;93.10680;101.96000;84.74000;75.42000;1747.1;275.0;200.0;45.0;10.50;0.154;0.17498;0.04096;0.00;0.000;1.845;0.947;0.000;0.557;123.022;110.60;105.01;16791.2;1204.20;6.26;3.19;1.05;37311.08;90378.88;24859.38;24384.6;1.53;3.71;1.02;30/09/2024 17:58:12;
*
