pvpcdata;
2024;07;09;11;18;05;
13/06/2024;1;2.0TD;3;0.000094107887000000;0.169;0.937017681;138.356013;0.557;2.195;135.604013;97.44;3.14728;1.14372;0.75;0.25;65.21667;77.80580;101.96000;48.69000;52.19000;1717.2;275.0;154.0;62.0;11.50;0.000;0.17498;0.04096;0.00;0.000;1.740;0.947;0.000;0.557;116.000;97.86;91.85;17571.1;1318.80;7.16;3.20;1.14;102978.20;41664.00;24859.38;23690.5;4.35;1.76;1.05;12/06/2024 16:06:50;
13/06/2024;2;2.0TD;3;0.000079627863000000;0.169;0.937111533;133.834321;0.557;2.195;131.082321;92.81;3.14728;1.14372;0.75;0.25;65.21667;77.80580;101.96000;48.69000;52.19000;1717.2;275.0;154.0;62.0;12.32;0.000;0.17498;0.04096;0.00;0.000;1.682;0.947;0.000;0.557;112.132;93.10;88.82;16739.9;1221.80;7.98;3.20;1.14;111111.36;43776.00;24859.38;22523.8;4.93;1.94;1.10;12/06/2024 16:06:50;
13/06/2024;3;2.0TD;3;0.000070936693000000;0.169;0.938332939;131.436702;0.557;2.195;128.684702;90.09;3.14728;1.14372;0.75;0.25;65.21667;77.80580;101.96000;48.69000;52.19000;1717.2;275.0;154.0;62.0;13.02;0.000;0.17498;0.04096;0.00;0.000;1.651;0.947;0.000;0.557;110.081;90.34;86.46;15897.6;1113.40;8.68;3.20;1.14;121286.48;42176.00;24859.38;21707.1;5.59;1.94;1.15;12/06/2024 16:06:50;
13/06/2024;4;2.0TD;3;0.000066454061000000;0.168;0.934316892;136.152797;0.557;2.195;133.400797;94.90;3.14728;1.14372;0.75;0.25;65.21667;77.80580;101.96000;48.69000;52.19000;1717.2;275.0;154.0;62.0;12.28;0.000;0.17498;0.04096;0.00;0.000;1.713;0.947;0.000;0.557;114.213;95.26;90.26;15171.5;1191.40;7.94;3.20;1.14;127568.40;41664.00;0.00;21307.5;5.99;1.96;0.00;12/06/2024 16:06:50;
13/06/2024;5;2.0TD;3;0.000064467176000000;0.168;0.931262080;142.603661;0.557;2.195;139.851661;101.33;3.14728;1.14372;0.75;0.25;65.21667;77.80580;101.96000;48.69000;52.19000;1717.2;275.0;154.0;62.0;11.29;0.000;0.17498;0.04096;0.00;0.000;1.796;0.947;0.000;0.557;119.736;101.76;95.42;14924.0;1090.90;6.95;3.20;1.14;115833.84;30464.00;0.00;21064.7;5.50;1.45;0.00;12/06/2024 16:06:50;
13/06/2024;6;2.0TD;3;0.000064563380000000;0.166;0.924132814;145.631321;0.557;2.195;142.879321;104.98;3.14728;1.14372;0.75;0.25;65.21667;77.80580;101.96000;48.69000;52.19000;1717.2;275.0;154.0;62.0;10.40;0.000;0.17498;0.04096;0.00;0.000;1.838;0.947;0.000;0.557;122.538;105.36;100.00;14490.7;1094.60;6.06;3.20;1.14;113408.24;17088.00;0.00;21548.5;5.26;0.79;0.00;12/06/2024 16:06:50;
13/06/2024;7;2.0TD;3;0.000066991590000000;0.160;0.887822362;160.795053;0.557;2.195;158.043053;119.02;3.14728;1.14372;0.75;0.25;65.21667;77.80580;101.96000;48.69000;52.19000;1717.2;275.0;154.0;62.0;9.86;0.000;0.17498;0.04096;0.00;0.000;2.044;0.947;0.000;0.557;136.244;120.00;107.75;15307.4;1327.30;5.52;3.20;1.14;89321.16;15094.56;24859.38;23399.0;3.82;0.65;1.06;12/06/2024 16:06:50;
13/06/2024;8;2.0TD;3;0.000075449146000000;0.158;0.879365892;173.748083;0.557;2.195;170.996083;129.11;3.14728;1.14372;0.75;0.25;65.21667;77.80580;101.96000;48.69000;52.19000;1717.2;275.0;154.0;62.0;11.02;0.000;0.17498;0.04096;0.00;0.000;2.215;0.947;0.000;0.557;147.665;130.00;118.10;16708.6;1353.20;6.68;3.20;1.14;39082.08;106368.00;24859.38;25496.6;1.53;4.17;0.98;12/06/2024 16:06:50;
13/06/2024;9;2.0TD;2;0.000086974837000000;0.145;0.891146264;168.598783;19.184;8.779;140.635783;89.75;3.14728;1.14372;0.75;0.25;65.21667;77.80580;101.96000;48.69000;52.19000;1717.2;275.0;154.0;62.0;25.76;0.154;0.17498;0.04096;0.00;0.000;1.842;0.947;0.000;0.557;122.826;90.00;85.65;18892.1;1139.90;21.42;3.20;1.14;70806.44;483753.60;24859.38;27046.0;2.62;17.89;0.92;12/06/2024 16:06:50;
13/06/2024;10;2.0TD;2;0.000093924711000000;0.141;0.864037017;135.372189;19.184;8.779;107.409189;72.94;3.14728;1.14372;0.75;0.25;65.21667;77.80580;101.96000;48.69000;52.19000;1717.2;275.0;154.0;62.0;14.31;0.154;0.17498;0.04096;0.00;0.000;1.412;0.947;0.000;0.557;94.136;72.94;72.94;23608.3;976.80;9.97;3.20;1.14;79383.56;170766.00;24859.38;27591.1;2.88;6.19;0.90;12/06/2024 16:06:50;
13/06/2024;11;2.0TD;1;0.000099529081000000;0.144;0.865250660;138.513205;33.081;43.893;61.539205;35.17;3.14728;1.14372;0.75;0.25;65.21667;77.80580;101.96000;48.69000;52.19000;1717.2;275.0;154.0;62.0;11.57;0.926;0.17498;0.04096;0.00;0.000;0.807;0.947;0.000;0.557;53.793;35.02;38.52;25431.1;1167.40;7.23;3.20;1.14;116933.84;60047.20;24859.38;27905.7;4.19;2.15;0.89;12/06/2024 16:06:50;
13/06/2024;12;2.0TD;1;0.000102981975000000;0.147;0.879021843;139.967253;33.081;43.893;62.993253;35.00;3.14728;1.14372;0.75;0.25;65.21667;77.80580;101.96000;48.69000;52.19000;1717.2;275.0;154.0;62.0;12.85;0.926;0.17498;0.04096;0.00;0.000;0.824;0.947;0.000;0.557;54.920;35.00;35.00;25333.4;1348.90;8.51;3.20;1.14;156201.60;59334.00;24859.38;28245.9;5.53;2.10;0.88;12/06/2024 16:06:50;
13/06/2024;13;2.0TD;1;0.000108877336000000;0.148;0.885296970;138.518293;33.081;43.893;61.544293;33.61;3.14728;1.14372;0.75;0.25;65.21667;77.80580;101.96000;48.69000;52.19000;1717.2;275.0;154.0;62.0;12.95;0.926;0.17498;0.04096;0.00;0.000;0.804;0.947;0.000;0.557;53.610;33.90;27.90;26223.0;1328.50;8.61;3.20;1.14;164795.36;57216.00;24859.38;28671.6;5.75;2.00;0.87;12/06/2024 16:06:50;
13/06/2024;14;2.0TD;1;0.000118336224000000;0.144;0.861600745;112.659949;33.081;43.893;35.685949;9.51;3.14728;1.14372;0.75;0.25;65.21667;77.80580;101.96000;48.69000;52.19000;1717.2;275.0;154.0;62.0;14.97;0.926;0.17498;0.04096;0.00;0.000;0.468;0.947;0.000;0.557;31.194;10.00;1.65;27003.6;1700.70;10.63;3.20;1.14;234950.44;54568.80;24859.38;29578.5;7.94;1.84;0.84;12/06/2024 16:06:50;
13/06/2024;15;2.0TD;2;0.000119733518000000;0.145;0.887335219;53.110648;19.184;8.779;25.147648;0.00;3.14728;1.14372;0.75;0.25;65.21667;77.80580;101.96000;48.69000;52.19000;1717.2;275.0;154.0;62.0;16.16;0.154;0.17498;0.04096;0.00;0.000;0.329;0.947;0.000;0.557;21.963;0.00;0.00;26245.8;1455.80;11.82;3.20;1.14;250901.48;63320.00;24859.38;28699.7;8.74;2.21;0.87;12/06/2024 16:06:50;
13/06/2024;16;2.0TD;2;0.000111510390000000;0.148;0.906202178;54.365865;19.184;8.779;26.402865;-0.06;3.14728;1.14372;0.75;0.25;65.21667;77.80580;101.96000;48.69000;52.19000;1717.2;275.0;154.0;62.0;17.24;0.154;0.17498;0.04096;0.00;0.000;0.345;0.947;0.000;0.557;22.999;0.00;-1.00;25174.3;1486.70;12.90;3.20;1.14;271982.16;63400.00;24859.38;27919.7;9.74;2.27;0.89;12/06/2024 16:06:50;
13/06/2024;17;2.0TD;2;0.000107253015000000;0.149;0.916760833;54.540532;19.184;8.779;26.577532;-0.08;3.14728;1.14372;0.75;0.25;65.21667;77.80580;101.96000;48.69000;52.19000;1717.2;275.0;154.0;62.0;17.39;0.154;0.17498;0.04096;0.00;0.000;0.347;0.947;0.000;0.557;23.131;0.00;-1.35;24968.8;1499.60;13.05;3.20;1.14;279642.12;56778.80;24859.38;27688.2;10.10;2.05;0.90;12/06/2024 16:06:50;
13/06/2024;18;2.0TD;2;0.000107336134000000;0.152;0.935425776;58.527877;19.184;8.779;30.564877;5.10;3.14728;1.14372;0.75;0.25;65.21667;77.80580;101.96000;48.69000;52.19000;1717.2;275.0;154.0;62.0;15.56;0.154;0.17498;0.04096;0.00;0.000;0.398;0.947;0.000;0.557;26.532;5.49;0.00;25551.5;1939.20;11.22;3.20;1.14;235506.48;59110.80;24859.38;28475.9;8.27;2.08;0.87;12/06/2024 16:06:50;
13/06/2024;19;2.0TD;1;0.000107287083000000;0.154;0.921351047;128.050053;33.081;43.893;51.076053;14.46;3.14728;1.14372;0.75;0.25;65.21667;77.80580;101.96000;48.69000;52.19000;1717.2;275.0;154.0;62.0;22.89;0.926;0.17498;0.04096;0.00;0.000;0.664;0.947;0.000;0.557;44.260;14.74;11.00;25773.4;2059.70;18.55;3.20;1.14;212880.68;283613.04;24859.38;28100.1;7.58;10.09;0.88;12/06/2024 16:06:50;
13/06/2024;20;2.0TD;1;0.000108168220000000;0.159;0.949541875;147.404125;33.081;43.893;70.430125;35.82;3.14728;1.14372;0.75;0.25;65.21667;77.80580;101.96000;48.69000;52.19000;1717.2;275.0;154.0;62.0;17.79;0.926;0.17498;0.04096;0.00;0.000;0.912;0.947;0.000;0.557;60.768;35.45;43.96;24051.0;1082.00;13.45;3.20;1.14;94587.60;260723.92;24859.38;28257.8;3.35;9.23;0.88;12/06/2024 16:06:50;
13/06/2024;21;2.0TD;1;0.000113864476000000;0.159;0.952389800;207.366149;33.081;43.893;130.392149;82.24;3.14728;1.14372;0.75;0.25;65.21667;77.80580;101.96000;48.69000;52.19000;1717.2;275.0;154.0;62.0;22.33;0.926;0.17498;0.04096;0.00;0.000;1.688;0.947;0.000;0.557;112.504;82.10;85.65;20973.4;887.80;17.99;3.20;1.14;64437.60;420132.00;24859.38;28317.6;2.28;14.84;0.88;12/06/2024 16:06:50;
13/06/2024;22;2.0TD;1;0.000123747189000000;0.156;0.934802094;224.139749;33.081;43.893;147.165749;111.88;3.14728;1.14372;0.75;0.25;65.21667;77.80580;101.96000;48.69000;52.19000;1717.2;275.0;154.0;62.0;7.27;0.926;0.17498;0.04096;0.00;0.000;1.910;0.947;0.000;0.557;127.306;111.81;112.94;19043.9;1182.00;2.93;3.20;1.14;38168.08;19200.00;24859.38;28055.8;1.36;0.68;0.89;12/06/2024 16:06:50;
13/06/2024;23;2.0TD;2;0.000127783746000000;0.164;1.003997208;173.273281;19.184;8.779;145.310281;109.88;3.14728;1.14372;0.75;0.25;65.21667;77.80580;101.96000;48.69000;52.19000;1717.2;275.0;154.0;62.0;7.61;0.154;0.17498;0.04096;0.00;0.000;1.873;0.947;0.000;0.557;124.837;109.81;110.83;18682.7;1280.30;3.27;3.20;1.14;40088.32;22592.00;24859.38;26742.5;1.50;0.84;0.93;12/06/2024 16:06:50;
13/06/2024;24;2.0TD;2;0.000111573790000000;0.160;0.983017750;158.347013;19.184;8.779;130.384013;95.28;3.14728;1.14372;0.75;0.25;65.21667;77.80580;101.96000;48.69000;52.19000;1717.2;275.0;154.0;62.0;9.96;0.154;0.17498;0.04096;0.00;0.000;1.686;0.947;0.000;0.557;112.400;95.26;95.51;17944.1;1216.90;5.62;3.20;1.14;53025.32;58732.80;24859.38;24304.9;2.18;2.42;1.02;12/06/2024 16:06:50;
*
