pvpcdata;
2024;07;09;11;18;02;
10/06/2024;1;2.0TD;3;0.000090027975000000;0.176;0.978840255;113.786165;0.557;2.195;111.034165;69.63;8.29999;1.15788;0.75;0.25;44.60583;77.80580;101.96000;48.69000;52.19000;1696.2;275.0;154.0;62.0;12.04;0.000;0.17498;0.04096;0.00;0.000;1.416;0.947;0.000;0.557;94.416;69.41;72.35;18905.4;1514.10;7.70;3.20;1.14;107719.00;35264.00;24859.38;21791.9;4.94;1.62;1.14;09/06/2024 16:08:52;
10/06/2024;2;2.0TD;3;0.000078008435000000;0.175;0.974696426;79.432273;0.557;2.195;76.680273;36.64;8.29999;1.15788;0.75;0.25;44.60583;77.80580;101.96000;48.69000;52.19000;1696.2;275.0;154.0;62.0;16.31;0.000;0.17498;0.04096;0.00;0.000;0.979;0.947;0.000;0.557;65.259;35.50;59.26;19037.1;962.50;11.97;3.20;1.14;187411.36;62322.00;0.00;20861.9;8.98;2.99;0.00;09/06/2024 16:08:52;
10/06/2024;3;2.0TD;3;0.000069514100000000;0.177;0.985462199;82.992570;0.557;2.195;80.240570;39.03;8.29999;1.15788;0.75;0.25;44.60583;77.80580;101.96000;48.69000;52.19000;1696.2;275.0;154.0;62.0;16.79;0.000;0.17498;0.04096;0.00;0.000;1.023;0.947;0.000;0.557;68.173;38.20;53.10;18024.1;1067.50;12.45;3.20;1.14;192690.88;60073.44;0.00;20302.7;9.49;2.96;0.00;09/06/2024 16:08:52;
10/06/2024;4;2.0TD;3;0.000065182417000000;0.176;0.979047095;81.205085;0.557;2.195;78.453085;35.25;8.29999;1.15788;0.75;0.25;44.60583;77.80580;101.96000;48.69000;52.19000;1696.2;275.0;154.0;62.0;19.13;0.000;0.17498;0.04096;0.00;0.000;1.001;0.947;0.000;0.557;66.711;35.01;39.91;17918.0;926.40;14.79;3.20;1.14;234417.92;62509.32;0.00;20070.6;11.68;3.11;0.00;09/06/2024 16:08:52;
10/06/2024;5;2.0TD;3;0.000063210704000000;0.174;0.965782926;81.393337;0.557;2.195;78.641337;35.26;8.29999;1.15788;0.75;0.25;44.60583;77.80580;101.96000;48.69000;52.19000;1696.2;275.0;154.0;62.0;19.39;0.000;0.17498;0.04096;0.00;0.000;1.005;0.947;0.000;0.557;66.985;35.00;40.56;17643.6;882.60;15.05;3.20;1.14;239135.96;62391.60;0.00;20032.7;11.94;3.11;0.00;09/06/2024 16:08:52;
10/06/2024;6;2.0TD;3;0.000063450075000000;0.169;0.941448571;80.535865;0.557;2.195;77.783865;35.53;8.29999;1.15788;0.75;0.25;44.60583;77.80580;101.96000;48.69000;52.19000;1696.2;275.0;154.0;62.0;18.68;0.000;0.17498;0.04096;0.00;0.000;0.998;0.947;0.000;0.557;66.538;35.01;45.00;18175.2;995.60;14.34;3.20;1.14;233828.88;61360.32;0.00;20584.3;11.36;2.98;0.00;09/06/2024 16:08:52;
10/06/2024;7;2.0TD;3;0.000066924307000000;0.162;0.899812727;83.220275;0.557;2.195;80.468275;38.94;8.29999;1.15788;0.75;0.25;44.60583;77.80580;101.96000;48.69000;52.19000;1696.2;275.0;154.0;62.0;17.94;0.000;0.17498;0.04096;0.00;0.000;1.039;0.947;0.000;0.557;69.249;38.50;48.14;18976.2;900.70;13.60;3.20;1.14;234079.16;49197.00;24859.38;22661.3;10.33;2.17;1.10;09/06/2024 16:08:52;
10/06/2024;8;2.0TD;3;0.000073841363000000;0.157;0.871457422;100.469682;0.557;2.195;97.717682;55.26;8.29999;1.15788;0.75;0.25;44.60583;77.80580;101.96000;48.69000;52.19000;1696.2;275.0;154.0;62.0;16.60;0.000;0.17498;0.04096;0.00;0.000;1.267;0.947;0.000;0.557;84.457;55.05;60.05;19122.9;826.30;12.26;3.20;1.14;177886.56;104857.20;24859.38;25078.2;7.09;4.18;0.99;09/06/2024 16:08:52;
10/06/2024;9;2.0TD;2;0.000085386404000000;0.145;0.889843355;107.234564;19.184;8.779;79.271564;36.21;8.29999;1.15788;0.75;0.25;44.60583;77.80580;101.96000;48.69000;52.19000;1696.2;275.0;154.0;62.0;20.50;0.154;0.17498;0.04096;0.00;0.000;1.038;0.947;0.000;0.557;69.232;35.50;50.94;21085.0;1016.70;16.16;3.20;1.14;147219.52;258155.52;24859.38;26622.0;5.53;9.70;0.93;09/06/2024 16:08:52;
10/06/2024;10;2.0TD;2;0.000092795019000000;0.138;0.844050831;106.681654;19.184;8.779;78.718654;38.58;8.29999;1.15788;0.75;0.25;44.60583;77.80580;101.96000;48.69000;52.19000;1696.2;275.0;154.0;62.0;18.07;0.154;0.17498;0.04096;0.00;0.000;1.038;0.947;0.000;0.557;69.172;38.30;45.45;23820.6;956.10;13.73;3.20;1.14;145100.64;212234.60;24859.38;27829.0;5.21;7.63;0.89;09/06/2024 16:08:52;
10/06/2024;11;2.0TD;1;0.000098803070000000;0.143;0.858426315;146.791648;33.081;43.893;69.817648;35.57;8.29999;1.15788;0.75;0.25;44.60583;77.80580;101.96000;48.69000;52.19000;1696.2;275.0;154.0;62.0;12.34;0.926;0.17498;0.04096;0.00;0.000;0.916;0.947;0.000;0.557;61.082;35.13;46.13;25624.4;1061.40;8.00;3.20;1.14;149171.96;49888.80;24859.38;28011.5;5.33;1.78;0.89;09/06/2024 16:08:52;
10/06/2024;12;2.0TD;1;0.000102390645000000;0.147;0.882706063;148.154304;33.081;43.893;71.180304;35.62;8.29999;1.15788;0.75;0.25;44.60583;77.80580;101.96000;48.69000;52.19000;1696.2;275.0;154.0;62.0;13.25;0.926;0.17498;0.04096;0.00;0.000;0.931;0.947;0.000;0.557;62.057;35.10;47.10;27624.3;1243.30;8.91;3.20;1.14;148785.52;78318.40;24859.38;28268.7;5.26;2.77;0.88;09/06/2024 16:08:52;
10/06/2024;13;2.0TD;1;0.000107955899000000;0.146;0.872388224;147.475698;33.081;43.893;70.501698;35.51;8.29999;1.15788;0.75;0.25;44.60583;77.80580;101.96000;48.69000;52.19000;1696.2;275.0;154.0;62.0;12.83;0.926;0.17498;0.04096;0.00;0.000;0.923;0.947;0.000;0.557;61.519;35.01;47.51;28535.2;1187.50;8.49;3.20;1.14;149466.12;68083.20;24859.38;28546.6;5.24;2.38;0.87;09/06/2024 16:08:52;
10/06/2024;14;2.0TD;1;0.000117312493000000;0.140;0.836378011;146.538860;33.081;43.893;69.564860;35.44;8.29999;1.15788;0.75;0.25;44.60583;77.80580;101.96000;48.69000;52.19000;1696.2;275.0;154.0;62.0;12.41;0.926;0.17498;0.04096;0.00;0.000;0.915;0.947;0.000;0.557;61.021;35.01;45.45;28670.1;1241.50;8.07;3.20;1.14;157510.80;50107.20;24859.38;28787.3;5.47;1.74;0.86;09/06/2024 16:08:52;
10/06/2024;15;2.0TD;2;0.000119223502000000;0.140;0.860203636;96.981800;19.184;8.779;69.018800;35.25;8.29999;1.15788;0.75;0.25;44.60583;77.80580;101.96000;48.69000;52.19000;1696.2;275.0;154.0;62.0;12.90;0.154;0.17498;0.04096;0.00;0.000;0.908;0.947;0.000;0.557;60.542;35.00;42.50;28400.0;986.00;8.56;3.20;1.14;168746.76;50107.20;24859.38;28443.6;5.93;1.76;0.87;09/06/2024 16:08:52;
10/06/2024;16;2.0TD;2;0.000111152943000000;0.141;0.866758629;98.038435;19.184;8.779;70.075435;34.88;8.29999;1.15788;0.75;0.25;44.60583;77.80580;101.96000;48.69000;52.19000;1696.2;275.0;154.0;62.0;14.13;0.154;0.17498;0.04096;0.00;0.000;0.921;0.947;0.000;0.557;61.415;34.80;36.91;27417.3;1021.20;9.79;3.20;1.14;194284.28;50076.00;24859.38;27494.2;7.07;1.82;0.90;09/06/2024 16:08:52;
10/06/2024;17;2.0TD;2;0.000106627208000000;0.144;0.883979346;98.222683;19.184;8.779;70.259683;34.80;8.29999;1.15788;0.75;0.25;44.60583;77.80580;101.96000;48.69000;52.19000;1696.2;275.0;154.0;62.0;14.21;0.154;0.17498;0.04096;0.00;0.000;0.921;0.947;0.000;0.557;61.415;34.80;34.80;27204.9;1160.00;9.87;3.20;1.14;194295.00;49906.72;24859.38;27254.0;7.13;1.83;0.91;09/06/2024 16:08:52;
10/06/2024;18;2.0TD;2;0.000106392491000000;0.146;0.895223337;97.403502;19.184;8.779;69.440502;35.08;8.29999;1.15788;0.75;0.25;44.60583;77.80580;101.96000;48.69000;52.19000;1696.2;275.0;154.0;62.0;13.12;0.154;0.17498;0.04096;0.00;0.000;0.909;0.947;0.000;0.557;60.593;35.00;37.11;27119.4;1021.60;8.78;3.20;1.14;166519.88;49732.80;24859.38;27467.2;6.06;1.81;0.91;09/06/2024 16:08:52;
10/06/2024;19;2.0TD;1;0.000106394900000000;0.145;0.867581625;151.599154;33.081;43.893;74.625154;35.08;8.29999;1.15788;0.75;0.25;44.60583;77.80580;101.96000;48.69000;52.19000;1696.2;275.0;154.0;62.0;16.86;0.926;0.17498;0.04096;0.00;0.000;0.978;0.947;0.000;0.557;65.174;35.00;37.00;23944.4;1018.70;12.52;3.20;1.14;154052.80;165956.64;24859.38;27538.6;5.59;6.03;0.90;09/06/2024 16:08:52;
10/06/2024;20;2.0TD;1;0.000107695698000000;0.149;0.891159822;154.414080;33.081;43.893;77.440080;40.70;8.29999;1.15788;0.75;0.25;44.60583;77.80580;101.96000;48.69000;52.19000;1696.2;275.0;154.0;62.0;13.43;0.926;0.17498;0.04096;0.00;0.000;1.011;0.947;0.000;0.557;67.397;40.56;43.50;23245.4;1183.10;9.09;3.20;1.14;120433.16;109010.88;24859.38;27976.6;4.30;3.90;0.89;09/06/2024 16:08:52;
10/06/2024;21;2.0TD;1;0.000114089794000000;0.151;0.906075337;188.026861;33.081;43.893;111.052861;71.36;8.29999;1.15788;0.75;0.25;44.60583;77.80580;101.96000;48.69000;52.19000;1696.2;275.0;154.0;62.0;11.42;0.926;0.17498;0.04096;0.00;0.000;1.447;0.947;0.000;0.557;96.483;71.36;71.36;22007.6;946.60;7.08;3.20;1.14;116729.96;58080.00;24859.38;28198.8;4.14;2.06;0.88;09/06/2024 16:08:52;
10/06/2024;22;2.0TD;1;0.000124552423000000;0.149;0.894949767;206.720007;33.081;43.893;129.746007;86.60;8.29999;1.15788;0.75;0.25;44.60583;77.80580;101.96000;48.69000;52.19000;1696.2;275.0;154.0;62.0;12.37;0.926;0.17498;0.04096;0.00;0.000;1.694;0.947;0.000;0.557;112.920;86.75;83.75;18626.7;979.90;8.03;3.20;1.14;185050.72;16128.00;24859.38;28150.3;6.57;0.57;0.88;09/06/2024 16:08:52;
10/06/2024;23;2.0TD;2;0.000128224322000000;0.153;0.939462700;139.862580;19.184;8.779;111.899580;71.39;8.29999;1.15788;0.75;0.25;44.60583;77.80580;101.96000;48.69000;52.19000;1696.2;275.0;154.0;62.0;12.72;0.154;0.17498;0.04096;0.00;0.000;1.456;0.947;0.000;0.557;97.050;71.48;69.48;18266.7;855.50;8.38;3.20;1.14;175504.24;23808.00;24859.38;26754.5;6.56;0.89;0.93;09/06/2024 16:08:52;
10/06/2024;24;2.0TD;2;0.000110342041000000;0.151;0.928381630;139.294403;19.184;8.779;111.331403;69.96;8.29999;1.15788;0.75;0.25;44.60583;77.80580;101.96000;48.69000;52.19000;1696.2;275.0;154.0;62.0;13.83;0.154;0.17498;0.04096;0.00;0.000;1.451;0.947;0.000;0.557;96.725;70.06;68.06;18834.4;949.20;9.49;3.20;1.14;177662.56;28032.00;24859.38;24288.7;7.31;1.15;1.02;09/06/2024 16:08:52;
*
