pvpcdata;
2024;11;12;10;29;30;
31/10/2024;1;2.0TD;3;0.000085405392000000;0.186;1.031541768;117.795391;0.557;2.195;115.043391;79.75;-2.01570;1.09353;0.75;0.25;101.16958;93.10680;101.96000;84.74000;75.42000;1902.1;275.0;200.0;45.0;16.28;0.000;0.17498;0.04096;0.00;0.000;1.455;0.947;0.000;0.557;97.001;80.00;77.00;14998.5;1344.70;12.04;3.19;1.05;150746.20;97486.88;24859.38;22684.7;6.65;4.30;1.10;30/10/2024 16:10:20;
31/10/2024;2;2.0TD;3;0.000071988284000000;0.191;1.063098965;114.169065;0.557;2.195;111.417065;76.78;-2.01570;1.09353;0.75;0.25;101.16958;93.10680;101.96000;84.74000;75.42000;1902.1;275.0;200.0;45.0;15.85;0.000;0.17498;0.04096;0.00;0.000;1.403;0.947;0.000;0.557;93.549;76.79;76.64;14597.9;1058.70;11.61;3.19;1.05;153102.24;70312.00;24859.38;21379.4;7.16;3.29;1.16;30/10/2024 16:10:20;
31/10/2024;3;2.0TD;3;0.000064707584000000;0.197;1.094044718;113.661439;0.557;2.195;110.909439;75.00;-2.01570;1.09353;0.75;0.25;101.16958;93.10680;101.96000;84.74000;75.42000;1902.1;275.0;200.0;45.0;16.75;0.000;0.17498;0.04096;0.00;0.000;1.390;0.947;0.000;0.557;92.656;75.00;75.00;15025.9;1151.50;12.51;3.19;1.05;161314.96;70759.44;24859.38;20537.7;7.85;3.45;1.21;30/10/2024 16:10:20;
31/10/2024;4;2.0TD;3;0.000061316915000000;0.200;1.108578701;110.771407;0.557;2.195;108.019407;72.59;-2.01570;1.09353;0.75;0.25;101.16958;93.10680;101.96000;84.74000;75.42000;1902.1;275.0;200.0;45.0;16.56;0.000;0.17498;0.04096;0.00;0.000;1.350;0.947;0.000;0.557;90.016;72.59;72.59;14819.3;1223.70;12.32;3.19;1.05;180668.72;68714.00;0.00;20244.6;8.92;3.39;0.00;30/10/2024 16:10:20;
31/10/2024;5;2.0TD;3;0.000060096963000000;0.202;1.119547430;109.182096;0.557;2.195;106.430096;70.99;-2.01570;1.09353;0.75;0.25;101.16958;93.10680;101.96000;84.74000;75.42000;1902.1;275.0;200.0;45.0;16.71;0.000;0.17498;0.04096;0.00;0.000;1.328;0.947;0.000;0.557;88.544;70.99;70.99;15105.0;1334.60;12.47;3.19;1.05;183840.00;67287.36;0.00;20144.9;9.13;3.34;0.00;30/10/2024 16:10:20;
31/10/2024;6;2.0TD;3;0.000061611848000000;0.195;1.084147073;114.677101;0.557;2.195;111.925101;76.79;-2.01570;1.09353;0.75;0.25;101.16958;93.10680;101.96000;84.74000;75.42000;1902.1;275.0;200.0;45.0;15.95;0.000;0.17498;0.04096;0.00;0.000;1.405;0.947;0.000;0.557;93.661;77.00;74.00;13573.8;1016.00;11.71;3.19;1.05;172951.24;70439.84;0.00;20791.5;8.32;3.39;0.00;30/10/2024 16:10:20;
31/10/2024;7;2.0TD;3;0.000070147837000000;0.178;0.987357949;126.826232;0.557;2.195;124.074232;88.07;-2.01570;1.09353;0.75;0.25;101.16958;93.10680;101.96000;84.74000;75.42000;1902.1;275.0;200.0;45.0;16.16;0.000;0.17498;0.04096;0.00;0.000;1.580;0.947;0.000;0.557;105.326;88.39;83.39;14887.0;1008.30;11.92;3.19;1.05;119749.48;131801.52;24859.38;23180.2;5.17;5.69;1.07;30/10/2024 16:10:20;
31/10/2024;8;2.0TD;3;0.000089658520000000;0.161;0.896019448;159.488362;0.557;2.195;156.736362;116.71;-2.01570;1.09353;0.75;0.25;101.16958;93.10680;101.96000;84.74000;75.42000;1902.1;275.0;200.0;45.0;16.75;0.000;0.17498;0.04096;0.00;0.000;2.025;0.947;0.000;0.557;135.001;117.05;112.07;17813.3;1299.20;12.51;3.19;1.05;60539.32;239000.00;24859.38;25929.1;2.33;9.22;0.96;30/10/2024 16:10:20;
31/10/2024;9;2.0TD;2;0.000096776671000000;0.187;1.145894440;191.902149;19.184;8.779;163.939149;121.20;-2.01570;1.09353;0.75;0.25;101.16958;93.10680;101.96000;84.74000;75.42000;1902.1;275.0;200.0;45.0;15.17;0.154;0.17498;0.04096;0.00;0.000;2.072;0.947;0.000;0.557;138.112;121.58;116.58;18131.7;1504.20;10.93;3.19;1.05;62860.84;215280.00;24859.38;27720.0;2.27;7.77;0.90;30/10/2024 16:10:20;
31/10/2024;10;2.0TD;2;0.000096912079000000;0.157;0.965791508;162.986257;19.184;8.779;135.023257;102.48;-2.01570;1.09353;0.75;0.25;101.16958;93.10680;101.96000;84.74000;75.42000;1902.1;275.0;200.0;45.0;12.80;0.154;0.17498;0.04096;0.00;0.000;1.751;0.947;0.000;0.557;116.701;102.80;97.80;18113.6;1222.30;8.56;3.19;1.05;93774.28;122846.00;24859.38;28196.5;3.33;4.36;0.88;30/10/2024 16:10:20;
31/10/2024;11;2.0TD;1;0.000098572244000000;0.162;0.967816224;202.944297;33.081;43.893;125.970297;93.08;-2.01570;1.09353;0.75;0.25;101.16958;93.10680;101.96000;84.74000;75.42000;1902.1;275.0;200.0;45.0;13.26;0.926;0.17498;0.04096;0.00;0.000;1.626;0.947;0.000;0.557;108.408;93.20;91.00;18207.0;1066.70;9.02;3.19;1.05;110135.20;120023.20;24859.38;28259.5;3.90;4.25;0.88;30/10/2024 16:10:20;
31/10/2024;12;2.0TD;1;0.000097804520000000;0.161;0.965382935;192.664368;33.081;43.893;115.690368;84.86;-2.01570;1.09353;0.75;0.25;101.16958;93.10680;101.96000;84.74000;75.42000;1902.1;275.0;200.0;45.0;12.85;0.926;0.17498;0.04096;0.00;0.000;1.495;0.947;0.000;0.557;99.647;85.04;82.04;18595.5;1184.80;8.61;3.19;1.05;123848.68;95746.88;24859.38;28392.7;4.36;3.37;0.88;30/10/2024 16:10:20;
31/10/2024;13;2.0TD;1;0.000100121031000000;0.157;0.941363289;195.284392;33.081;43.893;118.310392;88.56;-2.01570;1.09353;0.75;0.25;101.16958;93.10680;101.96000;84.74000;75.42000;1902.1;275.0;200.0;45.0;11.72;0.926;0.17498;0.04096;0.00;0.000;1.534;0.947;0.000;0.557;102.256;88.91;83.91;18998.9;1411.00;7.48;3.19;1.05;122064.64;65004.40;24859.38;28336.9;4.31;2.29;0.88;30/10/2024 16:10:20;
31/10/2024;14;2.0TD;1;0.000106545455000000;0.154;0.923657914;190.490871;33.081;43.893;113.516871;84.97;-2.01570;1.09353;0.75;0.25;101.16958;93.10680;101.96000;84.74000;75.42000;1902.1;275.0;200.0;45.0;11.48;0.926;0.17498;0.04096;0.00;0.000;1.476;0.947;0.000;0.557;98.368;85.31;80.31;19538.9;1407.00;7.24;3.19;1.05;128317.04;54501.12;24859.38;28722.2;4.47;1.90;0.87;30/10/2024 16:10:20;
31/10/2024;15;2.0TD;2;0.000106211945000000;0.178;1.091537185;143.610998;19.184;8.779;115.647998;85.18;-2.01570;1.09353;0.75;0.25;101.16958;93.10680;101.96000;84.74000;75.42000;1902.1;275.0;200.0;45.0;11.85;0.154;0.17498;0.04096;0.00;0.000;1.473;0.947;0.000;0.557;98.173;85.51;80.51;18888.8;1326.20;7.61;3.19;1.05;106196.36;84921.36;24859.38;28386.3;3.74;2.99;0.88;30/10/2024 16:10:20;
31/10/2024;16;2.0TD;2;0.000099026989000000;0.184;1.130342182;158.443557;19.184;8.779;130.480557;95.20;-2.01570;1.09353;0.75;0.25;101.16958;93.10680;101.96000;84.74000;75.42000;1902.1;275.0;200.0;45.0;13.68;0.154;0.17498;0.04096;0.00;0.000;1.653;0.947;0.000;0.557;110.203;95.50;91.30;17697.0;1362.20;9.44;3.19;1.05;91004.08;144339.20;24859.38;27553.0;3.30;5.24;0.90;30/10/2024 16:10:20;
31/10/2024;17;2.0TD;2;0.000095146662000000;0.190;1.164214232;177.685436;19.184;8.779;149.722436;112.77;-2.01570;1.09353;0.75;0.25;101.16958;93.10680;101.96000;84.74000;75.42000;1902.1;275.0;200.0;45.0;11.49;0.154;0.17498;0.04096;0.00;0.000;1.887;0.947;0.000;0.557;125.817;113.00;110.01;17640.1;1482.40;7.25;3.19;1.05;65727.80;104769.60;24859.38;26951.9;2.44;3.89;0.92;30/10/2024 16:10:20;
31/10/2024;18;2.0TD;2;0.000098744947000000;0.192;1.180013268;205.154006;19.184;8.779;177.191006;129.70;-2.01570;1.09353;0.75;0.25;101.16958;93.10680;101.96000;84.74000;75.42000;1902.1;275.0;200.0;45.0;17.05;0.154;0.17498;0.04096;0.00;0.000;2.230;0.947;0.000;0.557;148.650;130.00;126.15;17860.4;1530.10;12.81;3.19;1.05;65184.92;253900.24;24859.38;26850.1;2.43;9.46;0.93;30/10/2024 16:10:20;
31/10/2024;19;2.0TD;1;0.000108925594000000;0.166;0.994555514;251.438117;33.081;43.893;174.464117;133.99;-2.01570;1.09353;0.75;0.25;101.16958;93.10680;101.96000;84.74000;75.42000;1902.1;275.0;200.0;45.0;12.95;0.926;0.17498;0.04096;0.00;0.000;2.244;0.947;0.000;0.557;149.626;134.14;132.10;18608.7;1529.70;8.71;3.19;1.05;51578.96;164550.00;24859.38;27679.4;1.86;5.94;0.90;30/10/2024 16:10:20;
31/10/2024;20;2.0TD;1;0.000122875545000000;0.161;0.965788594;249.547563;33.081;43.893;172.573563;134.55;-2.01570;1.09353;0.75;0.25;101.16958;93.10680;101.96000;84.74000;75.42000;1902.1;275.0;200.0;45.0;11.42;0.926;0.17498;0.04096;0.00;0.000;2.230;0.947;0.000;0.557;148.642;135.01;129.01;18892.6;1573.80;7.18;3.19;1.05;49228.44;129610.00;24859.38;28393.2;1.73;4.56;0.88;30/10/2024 16:10:20;
31/10/2024;21;2.0TD;1;0.000139651409000000;0.159;0.951398204;265.323290;33.081;43.893;188.349290;148.72;-2.01570;1.09353;0.75;0.25;101.16958;93.10680;101.96000;84.74000;75.42000;1902.1;275.0;200.0;45.0;10.91;0.926;0.17498;0.04096;0.00;0.000;2.438;0.947;0.000;0.557;162.510;148.72;148.72;18948.7;1430.50;6.67;3.19;1.05;29965.52;135592.00;24859.38;28522.3;1.05;4.75;0.87;30/10/2024 16:10:20;
31/10/2024;22;2.0TD;1;0.000140557777000000;0.168;1.003051612;249.994714;33.081;43.893;173.020714;134.05;-2.01570;1.09353;0.75;0.25;101.16958;93.10680;101.96000;84.74000;75.42000;1902.1;275.0;200.0;45.0;11.42;0.926;0.17498;0.04096;0.00;0.000;2.222;0.947;0.000;0.557;148.134;134.34;130.45;18466.1;1468.60;7.18;3.19;1.05;44245.16;129610.00;24859.38;27683.2;1.60;4.68;0.90;30/10/2024 16:10:20;
31/10/2024;23;2.0TD;2;0.000123804265000000;0.199;1.223404539;178.829780;19.184;8.779;150.866780;115.06;-2.01570;1.09353;0.75;0.25;101.16958;93.10680;101.96000;84.74000;75.42000;1902.1;275.0;200.0;45.0;9.21;0.154;0.17498;0.04096;0.00;0.000;1.887;0.947;0.000;0.557;125.827;115.20;113.20;16702.7;1236.80;4.97;3.19;1.05;73741.52;27916.00;24859.38;25446.6;2.90;1.10;0.98;30/10/2024 16:10:20;
31/10/2024;24;2.0TD;2;0.000104616928000000;0.206;1.261462447;168.042520;19.184;8.779;140.079520;101.80;-2.01570;1.09353;0.75;0.25;101.16958;93.10680;101.96000;84.74000;75.42000;1902.1;275.0;200.0;45.0;12.94;0.154;0.17498;0.04096;0.00;0.000;1.742;0.947;0.000;0.557;116.152;102.00;99.00;14863.1;1034.50;8.70;3.19;1.05;102705.64;74899.20;24859.38;23264.5;4.41;3.22;1.07;30/10/2024 16:10:20;
*
