pvpcdata;
2024;12;11;12;05;20;
01/11/2024;1;2.0TD;3;0.000100630333000000;0.203;1.129930623;131.224785;0.557;2.195;128.472785;86.48;2.87660;1.06768;0.75;0.25;81.61042;93.11680;101.96000;84.74000;75.52000;1951.9;275.0;200.0;46.0;13.92;0.000;0.17498;0.04096;0.00;0.000;1.602;0.947;0.000;0.557;106.793;86.48;86.48;14008.9;937.30;9.68;3.21;1.03;154807.04;29852.16;24859.38;21656.2;7.15;1.38;1.15;31/10/2024 18:34:27;
01/11/2024;2;2.0TD;3;0.000085982941000000;0.212;1.175791128;129.232284;0.557;2.195;126.480284;81.51;2.87660;1.06768;0.75;0.25;81.61042;93.11680;101.96000;84.74000;75.52000;1951.9;275.0;200.0;46.0;16.49;0.000;0.17498;0.04096;0.00;0.000;1.565;0.947;0.000;0.557;104.356;81.71;78.72;13123.6;947.30;12.25;3.21;1.03;190731.60;35539.52;24859.38;20488.2;9.31;1.73;1.21;31/10/2024 18:34:27;
01/11/2024;3;2.0TD;3;0.000075285838000000;0.216;1.202462647;123.589167;0.557;2.195;120.837167;74.67;2.87660;1.06768;0.75;0.25;81.61042;93.11680;101.96000;84.74000;75.52000;1951.9;275.0;200.0;46.0;18.42;0.000;0.17498;0.04096;0.00;0.000;1.491;0.947;0.000;0.557;99.372;75.00;71.01;12657.9;1127.00;14.18;3.21;1.03;213410.72;41304.48;24859.38;19709.8;10.83;2.10;1.26;31/10/2024 18:34:27;
01/11/2024;4;2.0TD;3;0.000069412142000000;0.221;1.225158728;125.027421;0.557;2.195;122.275421;70.70;2.87660;1.06768;0.75;0.25;81.61042;93.11680;101.96000;84.74000;75.52000;1951.9;275.0;200.0;46.0;23.15;0.000;0.17498;0.04096;0.00;0.000;1.502;0.947;0.000;0.557;100.143;70.70;70.70;13409.8;1307.40;18.91;3.21;1.03;318171.12;44360.48;0.00;19173.1;16.59;2.31;0.00;31/10/2024 18:34:27;
01/11/2024;5;2.0TD;3;0.000066781452000000;0.218;1.213201370;125.295796;0.557;2.195;122.543796;70.68;2.87660;1.06768;0.75;0.25;81.61042;93.11680;101.96000;84.74000;75.52000;1951.9;275.0;200.0;46.0;23.63;0.000;0.17498;0.04096;0.00;0.000;1.509;0.947;0.000;0.557;100.610;70.68;70.68;13321.2;1410.60;19.39;3.21;1.03;318809.96;44360.48;0.00;18733.6;17.02;2.37;0.00;31/10/2024 18:34:27;
01/11/2024;6;2.0TD;3;0.000066701919000000;0.215;1.194619661;126.178589;0.557;2.195;123.426589;71.66;2.87660;1.06768;0.75;0.25;81.61042;93.11680;101.96000;84.74000;75.52000;1951.9;275.0;200.0;46.0;23.61;0.000;0.17498;0.04096;0.00;0.000;1.524;0.947;0.000;0.557;101.585;71.66;71.66;12198.2;1363.50;19.37;3.21;1.03;318493.48;43593.44;0.00;18691.8;17.04;2.33;0.00;31/10/2024 18:34:27;
01/11/2024;7;2.0TD;3;0.000068661217000000;0.211;1.170652272;126.865779;0.557;2.195;124.113779;73.56;2.87660;1.06768;0.75;0.25;81.61042;93.11680;101.96000;84.74000;75.52000;1951.9;275.0;200.0;46.0;22.60;0.000;0.17498;0.04096;0.00;0.000;1.537;0.947;0.000;0.557;102.488;73.84;71.01;12135.3;1330.80;18.36;3.21;1.03;310944.08;41803.68;0.00;19211.7;16.19;2.18;0.00;31/10/2024 18:34:27;
01/11/2024;8;2.0TD;3;0.000072785317000000;0.204;1.131411237;121.381723;0.557;2.195;118.629723;77.99;2.87660;1.06768;0.75;0.25;81.61042;93.11680;101.96000;84.74000;75.52000;1951.9;275.0;200.0;46.0;14.27;0.000;0.17498;0.04096;0.00;0.000;1.478;0.947;0.000;0.557;98.529;78.00;77.77;13013.8;838.00;10.03;3.21;1.03;162323.76;37809.68;0.00;19954.5;8.13;1.89;0.00;31/10/2024 18:34:27;
01/11/2024;9;2.0TD;3;0.000081603195000000;0.189;1.047446043;112.889867;0.557;2.195;110.137867;73.09;2.87660;1.06768;0.75;0.25;81.61042;93.11680;101.96000;84.74000;75.52000;1951.9;275.0;200.0;46.0;13.36;0.000;0.17498;0.04096;0.00;0.000;1.389;0.947;0.000;0.557;92.630;73.09;73.09;13580.5;956.10;9.12;3.21;1.03;116376.64;72560.40;0.00;20712.5;5.62;3.50;0.00;31/10/2024 18:34:27;
01/11/2024;10;2.0TD;3;0.000100194885000000;0.169;0.939801277;108.474805;0.557;2.195;105.722805;70.24;2.87660;1.06768;0.75;0.25;81.61042;93.11680;101.96000;84.74000;75.52000;1951.9;275.0;200.0;46.0;14.05;0.000;0.17498;0.04096;0.00;0.000;1.357;0.947;0.000;0.557;90.438;70.00;75.00;16038.6;822.70;9.81;3.21;1.03;143449.80;70958.16;0.00;21846.1;6.57;3.25;0.00;31/10/2024 18:34:27;
01/11/2024;11;2.0TD;3;0.000112360752000000;0.160;0.891283244;103.903617;0.557;2.195;101.151617;66.89;2.87660;1.06768;0.75;0.25;81.61042;93.11680;101.96000;84.74000;75.52000;1951.9;275.0;200.0;46.0;14.21;0.000;0.17498;0.04096;0.00;0.000;1.308;0.947;0.000;0.557;87.199;66.71;71.01;18576.2;826.00;9.97;3.21;1.03;147714.88;82694.00;0.00;23116.9;6.39;3.58;0.00;31/10/2024 18:34:27;
01/11/2024;12;2.0TD;3;0.000114934088000000;0.159;0.883008366;82.883719;0.557;2.195;80.131719;47.92;2.87660;1.06768;0.75;0.25;81.61042;93.11680;101.96000;84.74000;75.52000;1951.9;275.0;200.0;46.0;15.39;0.000;0.17498;0.04096;0.00;0.000;1.037;0.947;0.000;0.557;69.138;47.80;50.80;22225.9;920.30;11.15;3.21;1.03;183930.68;79970.80;0.00;23678.6;7.77;3.38;0.00;31/10/2024 18:34:27;
01/11/2024;13;2.0TD;3;0.000114549955000000;0.160;0.888040131;84.719537;0.557;2.195;81.967537;50.19;2.87660;1.06768;0.75;0.25;81.61042;93.11680;101.96000;84.74000;75.52000;1951.9;275.0;200.0;46.0;14.62;0.000;0.17498;0.04096;0.00;0.000;1.060;0.947;0.000;0.557;70.661;49.99;55.00;22557.1;934.50;10.38;3.21;1.03;180792.48;65696.32;0.00;23753.9;7.61;2.77;0.00;31/10/2024 18:34:27;
01/11/2024;14;2.0TD;3;0.000120773580000000;0.160;0.886894158;85.249657;0.557;2.195;82.497657;50.50;2.87660;1.06768;0.75;0.25;81.61042;93.11680;101.96000;84.74000;75.52000;1951.9;275.0;200.0;46.0;14.76;0.000;0.17498;0.04096;0.00;0.000;1.067;0.947;0.000;0.557;71.118;50.24;56.95;23110.4;937.90;10.52;3.21;1.03;180407.64;74147.20;0.00;24199.3;7.46;3.06;0.00;31/10/2024 18:34:27;
01/11/2024;15;2.0TD;3;0.000120679406000000;0.161;0.896482695;95.881232;0.557;2.195;93.129232;60.23;2.87660;1.06768;0.75;0.25;81.61042;93.11680;101.96000;84.74000;75.52000;1951.9;275.0;200.0;46.0;13.99;0.000;0.17498;0.04096;0.00;0.000;1.203;0.947;0.000;0.557;80.214;60.00;65.88;21907.0;890.50;9.75;3.21;1.03;165971.16;68864.32;0.00;24097.7;6.89;2.86;0.00;31/10/2024 18:34:27;
01/11/2024;16;2.0TD;3;0.000108486528000000;0.169;0.939416813;111.227800;0.557;2.195;108.475800;70.59;2.87660;1.06768;0.75;0.25;81.61042;93.11680;101.96000;84.74000;75.52000;1951.9;275.0;200.0;46.0;16.02;0.000;0.17498;0.04096;0.00;0.000;1.392;0.947;0.000;0.557;92.793;70.43;74.43;19533.5;803.30;11.78;3.21;1.03;151439.96;119024.20;0.00;22967.6;6.59;5.18;0.00;31/10/2024 18:34:27;
01/11/2024;17;2.0TD;3;0.000103375399000000;0.177;0.985624084;126.010583;0.557;2.195;123.258583;83.88;2.87660;1.06768;0.75;0.25;81.61042;93.11680;101.96000;84.74000;75.52000;1951.9;275.0;200.0;46.0;14.48;0.000;0.17498;0.04096;0.00;0.000;1.571;0.947;0.000;0.557;104.722;83.76;86.10;16607.9;867.10;10.24;3.21;1.03;124312.56;102194.40;0.00;22123.1;5.62;4.62;0.00;31/10/2024 18:34:27;
01/11/2024;18;2.0TD;3;0.000107346126000000;0.185;1.030145268;148.274349;0.557;2.195;145.522349;105.48;2.87660;1.06768;0.75;0.25;81.61042;93.11680;101.96000;84.74000;75.52000;1951.9;275.0;200.0;46.0;10.69;0.000;0.17498;0.04096;0.00;0.000;1.842;0.947;0.000;0.557;122.803;105.48;105.48;14634.4;1172.80;6.45;3.21;1.03;94420.08;47536.64;0.00;21997.0;4.29;2.16;0.00;31/10/2024 18:34:27;
01/11/2024;19;2.0TD;3;0.000127565738000000;0.186;1.031674445;169.866125;0.557;2.195;167.114125;125.61;2.87660;1.06768;0.75;0.25;81.61042;93.11680;101.96000;84.74000;75.52000;1951.9;275.0;200.0;46.0;8.39;0.000;0.17498;0.04096;0.00;0.000;2.114;0.947;0.000;0.557;140.905;125.88;122.88;15098.4;1489.80;4.15;3.21;1.03;58623.72;37912.32;0.00;23254.3;2.52;1.63;0.00;31/10/2024 18:34:27;
01/11/2024;20;2.0TD;3;0.000141530466000000;0.187;1.039658847;163.692190;0.557;2.195;160.940190;119.93;2.87660;1.06768;0.75;0.25;81.61042;93.11680;101.96000;84.74000;75.52000;1951.9;275.0;200.0;46.0;8.83;0.000;0.17498;0.04096;0.00;0.000;2.034;0.947;0.000;0.557;135.585;120.01;119.01;15507.7;1307.50;4.59;3.21;1.03;91229.80;19780.48;0.00;24168.0;3.77;0.82;0.00;31/10/2024 18:34:27;
01/11/2024;21;2.0TD;3;0.000150324091000000;0.185;1.026376157;162.686319;0.557;2.195;159.934319;119.44;2.87660;1.06768;0.75;0.25;81.61042;93.11680;101.96000;84.74000;75.52000;1951.9;275.0;200.0;46.0;8.71;0.000;0.17498;0.04096;0.00;0.000;2.024;0.947;0.000;0.557;134.965;119.70;116.59;16976.5;1548.70;4.47;3.21;1.03;92502.24;21221.20;0.00;25420.0;3.64;0.83;0.00;31/10/2024 18:34:27;
01/11/2024;22;2.0TD;3;0.000149202905000000;0.186;1.031290148;153.587089;0.557;2.195;150.835089;110.50;2.87660;1.06768;0.75;0.25;81.61042;93.11680;101.96000;84.74000;75.52000;1951.9;275.0;200.0;46.0;9.98;0.000;0.17498;0.04096;0.00;0.000;1.908;0.947;0.000;0.557;127.179;110.75;107.45;16820.3;1407.60;5.74;3.21;1.03;104876.96;14815.52;24859.38;25221.2;4.16;0.59;0.99;31/10/2024 18:34:27;
01/11/2024;23;2.0TD;3;0.000132413942000000;0.190;1.056522245;142.993107;0.557;2.195;140.241107;101.18;2.87660;1.06768;0.75;0.25;81.61042;93.11680;101.96000;84.74000;75.52000;1951.9;275.0;200.0;46.0;10.11;0.000;0.17498;0.04096;0.00;0.000;1.768;0.947;0.000;0.557;117.849;101.09;102.52;15694.1;1043.90;5.87;3.21;1.03;97419.08;15318.96;24859.38;23456.9;4.15;0.65;1.06;31/10/2024 18:34:27;
01/11/2024;24;2.0TD;3;0.000110601415000000;0.198;1.100900342;137.598485;0.557;2.195;134.846485;95.75;2.87660;1.06768;0.75;0.25;81.61042;93.11680;101.96000;84.74000;75.52000;1951.9;275.0;200.0;46.0;10.33;0.000;0.17498;0.04096;0.00;0.000;1.688;0.947;0.000;0.557;112.559;95.65;97.38;13858.4;868.90;6.09;3.21;1.03;81599.92;25531.60;24859.38;21666.2;3.77;1.18;1.15;31/10/2024 18:34:27;
*
