pvpcdata;
2024;05;13;12;31;14;
06/04/2024;1;2.0TD;3;0.000105437271000000;0.199;1.106589852;45.993563;0.557;2.195;43.241563;-0.09;18.65916;0.96485;0.75;0.25;0.74417;75.38080;101.96000;48.69000;27.94000;1985.8;275.0;154.0;50.0;15.89;0.000;0.17498;0.04096;0.00;0.000;0.541;0.947;0.000;0.557;36.064;0.00;-1.00;25234.5;2440.60;11.12;3.35;1.42;199852.12;33740.00;24859.38;23243.4;8.60;1.45;1.07;05/04/2024 16:10:47;
06/04/2024;2;2.0TD;3;0.000087994947000000;0.205;1.137372286;47.066707;0.557;2.195;44.314707;-0.45;18.65916;0.96485;0.75;0.25;0.74417;75.38080;101.96000;48.69000;27.94000;1985.8;275.0;154.0;50.0;16.95;0.000;0.17498;0.04096;0.00;0.000;0.552;0.947;0.000;0.557;36.775;0.00;-4.00;22894.9;2936.70;12.18;3.35;1.42;202190.64;42927.36;24859.38;22155.1;9.13;1.94;1.12;05/04/2024 16:10:47;
06/04/2024;3;2.0TD;3;0.000076617723000000;0.208;1.153453092;48.096322;0.557;2.195;45.344322;-0.79;18.65916;0.96485;0.75;0.25;0.74417;75.38080;101.96000;48.69000;27.94000;1985.8;275.0;154.0;50.0;18.04;0.000;0.17498;0.04096;0.00;0.000;0.563;0.947;0.000;0.557;37.536;0.00;-6.00;20522.3;3169.00;13.27;3.35;1.42;228906.60;27434.88;24859.38;21187.0;10.80;1.29;1.17;05/04/2024 16:10:47;
06/04/2024;4;2.0TD;3;0.000070206769000000;0.209;1.163791137;49.496401;0.557;2.195;46.744401;-0.95;18.65916;0.96485;0.75;0.25;0.74417;75.38080;101.96000;48.69000;27.94000;1985.8;275.0;154.0;50.0;19.31;0.000;0.17498;0.04096;0.00;0.000;0.580;0.947;0.000;0.557;38.663;0.00;-7.00;20192.6;3185.10;14.54;3.35;1.42;261851.64;38112.00;0.00;20629.9;12.69;1.85;0.00;05/04/2024 16:10:47;
06/04/2024;5;2.0TD;3;0.000067448483000000;0.210;1.168915207;50.173945;0.557;2.195;47.421945;-1.14;18.65916;0.96485;0.75;0.25;0.74417;75.38080;101.96000;48.69000;27.94000;1985.8;275.0;154.0;50.0;20.02;0.000;0.17498;0.04096;0.00;0.000;0.588;0.947;0.000;0.557;39.191;0.00;-8.00;20337.4;3404.10;15.25;3.35;1.42;268030.20;42330.96;0.00;20347.5;13.17;2.08;0.00;05/04/2024 16:10:47;
06/04/2024;6;2.0TD;3;0.000067293475000000;0.210;1.164991858;50.493385;0.557;2.195;47.741385;-1.16;18.65916;0.96485;0.75;0.25;0.74417;75.38080;101.96000;48.69000;27.94000;1985.8;275.0;154.0;50.0;20.30;0.000;0.17498;0.04096;0.00;0.000;0.592;0.947;0.000;0.557;39.455;0.00;-8.00;20093.3;3410.60;15.53;3.35;1.42;268207.72;47700.00;0.00;20338.4;13.19;2.35;0.00;05/04/2024 16:10:47;
06/04/2024;7;2.0TD;3;0.000069636063000000;0.203;1.128542533;49.154946;0.557;2.195;46.402946;-1.21;18.65916;0.96485;0.75;0.25;0.74417;75.38080;101.96000;48.69000;27.94000;1985.8;275.0;154.0;50.0;19.48;0.000;0.17498;0.04096;0.00;0.000;0.579;0.947;0.000;0.557;38.572;0.00;-8.00;20058.3;3626.70;14.71;3.35;1.42;268662.80;38088.00;0.00;20858.7;12.88;1.83;0.00;05/04/2024 16:10:47;
06/04/2024;8;2.0TD;3;0.000074486240000000;0.195;1.084833707;47.559350;0.557;2.195;44.807350;-1.12;18.65916;0.96485;0.75;0.25;0.74417;75.38080;101.96000;48.69000;27.94000;1985.8;275.0;154.0;50.0;18.33;0.000;0.17498;0.04096;0.00;0.000;0.562;0.947;0.000;0.557;37.495;0.00;-7.53;20395.1;3611.50;13.56;3.35;1.42;263035.20;31823.52;0.00;21746.9;12.10;1.46;0.00;05/04/2024 16:10:47;
06/04/2024;9;2.0TD;3;0.000087705829000000;0.180;0.998832443;44.182614;0.557;2.195;41.430614;-0.91;18.65916;0.96485;0.75;0.25;0.74417;75.38080;101.96000;48.69000;27.94000;1985.8;275.0;154.0;50.0;15.77;0.000;0.17498;0.04096;0.00;0.000;0.527;0.947;0.000;0.557;35.110;0.00;-6.50;22088.9;3640.80;11.00;3.35;1.42;208462.04;41081.76;0.00;22690.8;9.19;1.81;0.00;05/04/2024 16:10:47;
06/04/2024;10;2.0TD;3;0.000111298856000000;0.164;0.908938342;45.995403;0.557;2.195;43.243403;-0.79;18.65916;0.96485;0.75;0.25;0.74417;75.38080;101.96000;48.69000;27.94000;1985.8;275.0;154.0;50.0;17.66;0.000;0.17498;0.04096;0.00;0.000;0.557;0.947;0.000;0.557;37.150;0.00;-6.50;24017.2;3354.00;12.89;3.35;1.42;266511.56;43698.72;0.00;24073.6;11.07;1.82;0.00;05/04/2024 16:10:47;
06/04/2024;11;2.0TD;3;0.000128049031000000;0.158;0.877277748;46.431401;0.557;2.195;43.679401;-0.46;18.65916;0.96485;0.75;0.25;0.74417;75.38080;101.96000;48.69000;27.94000;1985.8;275.0;154.0;50.0;17.89;0.000;0.17498;0.04096;0.00;0.000;0.566;0.947;0.000;0.557;37.719;-0.01;-3.00;25262.0;4588.30;13.12;3.35;1.42;266198.60;52950.00;0.00;24316.1;10.95;2.18;0.00;05/04/2024 16:10:47;
06/04/2024;12;2.0TD;3;0.000132945922000000;0.158;0.875190009;44.538071;0.557;2.195;41.786071;-0.69;18.65916;0.96485;0.75;0.25;0.74417;75.38080;101.96000;48.69000;27.94000;1985.8;275.0;154.0;50.0;16.51;0.000;0.17498;0.04096;0.00;0.000;0.541;0.947;0.000;0.557;36.084;-0.01;-5.00;25562.7;4023.00;11.74;3.35;1.42;266049.24;20112.00;0.00;24385.1;10.91;0.82;0.00;05/04/2024 16:10:47;
06/04/2024;13;2.0TD;3;0.000134252527000000;0.157;0.869928008;44.807434;0.557;2.195;42.055434;-0.66;18.65916;0.96485;0.75;0.25;0.74417;75.38080;101.96000;48.69000;27.94000;1985.8;275.0;154.0;50.0;16.74;0.000;0.17498;0.04096;0.00;0.000;0.545;0.947;0.000;0.557;36.348;-0.01;-5.01;25996.8;3885.70;11.97;3.35;1.42;264870.08;22168.00;0.00;23970.5;11.05;0.92;0.00;05/04/2024 16:10:47;
06/04/2024;14;2.0TD;3;0.000140701366000000;0.152;0.845698645;44.134939;0.557;2.195;41.382939;-0.79;18.65916;0.96485;0.75;0.25;0.74417;75.38080;101.96000;48.69000;27.94000;1985.8;275.0;154.0;50.0;16.45;0.000;0.17498;0.04096;0.00;0.000;0.539;0.947;0.000;0.557;35.922;-0.01;-6.00;26185.6;3907.70;11.68;3.35;1.42;264915.20;17379.84;0.00;24167.2;10.96;0.72;0.00;05/04/2024 16:10:47;
06/04/2024;15;2.0TD;3;0.000139435412000000;0.152;0.845839282;44.450587;0.557;2.195;41.698587;-0.75;18.65916;0.96485;0.75;0.25;0.74417;75.38080;101.96000;48.69000;27.94000;1985.8;275.0;154.0;50.0;16.68;0.000;0.17498;0.04096;0.00;0.000;0.543;0.947;0.000;0.557;36.196;-0.01;-6.00;25798.4;3621.50;11.91;3.35;1.42;265043.80;18137.56;0.00;23783.2;11.14;0.76;0.00;05/04/2024 16:10:47;
06/04/2024;16;2.0TD;3;0.000123174747000000;0.164;0.909717821;45.476259;0.557;2.195;42.724259;-0.97;18.65916;0.96485;0.75;0.25;0.74417;75.38080;101.96000;48.69000;27.94000;1985.8;275.0;154.0;50.0;17.40;0.000;0.17498;0.04096;0.00;0.000;0.551;0.947;0.000;0.557;36.704;-0.02;-7.53;24815.5;3590.40;12.63;3.35;1.42;265635.24;22361.00;0.00;22801.5;11.65;0.98;0.00;05/04/2024 16:10:47;
06/04/2024;17;2.0TD;3;0.000111692361000000;0.170;0.942626892;45.921127;0.557;2.195;43.169127;-0.78;18.65916;0.96485;0.75;0.25;0.74417;75.38080;101.96000;48.69000;27.94000;1985.8;275.0;154.0;50.0;17.40;0.000;0.17498;0.04096;0.00;0.000;0.553;0.947;0.000;0.557;36.896;-0.01;-6.00;24109.5;3563.00;12.63;3.35;1.42;266217.56;15110.00;0.00;22275.9;11.95;0.68;0.00;05/04/2024 16:10:47;
06/04/2024;18;2.0TD;3;0.000106477356000000;0.177;0.980737236;48.474554;0.557;2.195;45.722554;-0.60;18.65916;0.96485;0.75;0.25;0.74417;75.38080;101.96000;48.69000;27.94000;1985.8;275.0;154.0;50.0;19.14;0.000;0.17498;0.04096;0.00;0.000;0.583;0.947;0.000;0.557;38.846;-0.01;-3.91;23409.5;4167.10;14.37;3.35;1.42;265259.36;53670.00;0.00;22191.3;11.95;2.42;0.00;05/04/2024 16:10:47;
06/04/2024;19;2.0TD;3;0.000104890613000000;0.184;1.022253540;47.050993;0.557;2.195;44.298993;-0.49;18.65916;0.96485;0.75;0.25;0.74417;75.38080;101.96000;48.69000;27.94000;1985.8;275.0;154.0;50.0;17.62;0.000;0.17498;0.04096;0.00;0.000;0.561;0.947;0.000;0.557;37.414;0.00;-4.00;22963.8;3271.40;12.85;3.35;1.42;235243.96;60996.00;0.00;23048.5;10.21;2.65;0.00;05/04/2024 16:10:47;
06/04/2024;20;2.0TD;3;0.000107214200000000;0.190;1.057907511;47.057711;0.557;2.195;44.305711;0.01;18.65916;0.96485;0.75;0.25;0.74417;75.38080;101.96000;48.69000;27.94000;1985.8;275.0;154.0;50.0;16.94;0.000;0.17498;0.04096;0.00;0.000;0.558;0.947;0.000;0.557;37.231;0.01;0.01;25381.3;2666.20;12.17;3.35;1.42;242257.88;47372.72;0.00;23807.4;10.18;1.99;0.00;05/04/2024 16:10:47;
06/04/2024;21;2.0TD;3;0.000122439643000000;0.198;1.100961296;49.776723;0.557;2.195;47.024723;3.25;18.65916;0.96485;0.75;0.25;0.74417;75.38080;101.96000;48.69000;27.94000;1985.8;275.0;154.0;50.0;15.69;0.000;0.17498;0.04096;0.00;0.000;0.589;0.947;0.000;0.557;39.252;3.25;3.24;26941.8;2284.20;10.92;3.35;1.42;253729.64;21624.00;0.00;25219.3;10.06;0.86;0.00;05/04/2024 16:10:47;
06/04/2024;22;2.0TD;3;0.000147942921000000;0.196;1.088232046;55.684197;0.557;2.195;52.932197;7.93;18.65916;0.96485;0.75;0.25;0.74417;75.38080;101.96000;48.69000;27.94000;1985.8;275.0;154.0;50.0;15.94;0.000;0.17498;0.04096;0.00;0.000;0.664;0.947;0.000;0.557;44.257;8.00;7.01;26982.1;2176.90;11.17;3.35;1.42;241205.68;25648.00;24859.38;26107.2;9.24;0.98;0.95;05/04/2024 16:10:47;
06/04/2024;23;2.0TD;3;0.000140556093000000;0.203;1.125756538;51.805155;0.557;2.195;49.053155;3.44;18.65916;0.96485;0.75;0.25;0.74417;75.38080;101.96000;48.69000;27.94000;1985.8;275.0;154.0;50.0;17.00;0.000;0.17498;0.04096;0.00;0.000;0.612;0.947;0.000;0.557;40.775;3.44;3.43;26040.2;2043.40;12.23;3.35;1.42;242032.92;33814.00;24859.38;24581.2;9.85;1.38;1.01;05/04/2024 16:10:47;
06/04/2024;24;2.0TD;3;0.000123935513000000;0.207;1.152602374;53.450454;0.557;2.195;50.698454;3.15;18.65916;0.96485;0.75;0.25;0.74417;75.38080;101.96000;48.69000;27.94000;1985.8;275.0;154.0;50.0;18.50;0.000;0.17498;0.04096;0.00;0.000;0.630;0.947;0.000;0.557;42.003;3.25;1.82;24794.9;1962.30;13.73;3.35;1.42;242065.88;44851.40;24859.38;22708.1;10.66;1.98;1.09;05/04/2024 16:10:47;
*
