pvpcdata;
2024;02;09;12;01;42;
17/01/2024;1;2.0TD;3;0.000129605582000000;0.239;1.327200233;62.305888;0.557;2.195;59.553888;19.22;17.83440;0.77270;0.75;0.25;26.95500;98.29260;101.96000;97.42000;81.63000;2660.8;275.0;177.0;62.0;13.01;0.000;0.17498;0.03702;0.00;0.000;0.000;0.721;0.565;0.000;0.557;48.066;19.13;20.53;19703.2;1316.00;7.87;3.56;1.58;111072.68;68478.24;24859.38;25968.3;4.28;2.64;0.96;16/01/2024 16:12:06;
17/01/2024;2;2.0TD;3;0.000105645343000000;0.247;1.370562399;59.309799;0.557;2.195;56.557799;15.86;17.83440;0.77270;0.75;0.25;26.95500;98.29260;101.96000;97.42000;81.63000;2660.8;275.0;177.0;62.0;13.70;0.000;0.17498;0.03702;0.00;0.000;0.000;0.680;0.565;0.000;0.557;45.355;15.93;14.93;19525.0;1372.70;8.56;3.56;1.58;114858.96;69136.20;24859.38;24390.6;4.71;2.83;1.02;16/01/2024 16:12:06;
17/01/2024;3;2.0TD;3;0.000092868627000000;0.253;1.406571612;48.527964;0.557;2.195;45.775964;5.91;17.83440;0.77270;0.75;0.25;26.95500;98.29260;101.96000;97.42000;81.63000;2660.8;275.0;177.0;62.0;14.96;0.000;0.17498;0.03702;0.00;0.000;0.000;0.548;0.565;0.000;0.557;36.533;6.00;4.45;19256.1;1196.70;9.82;3.56;1.58;133575.56;71640.00;24859.38;23434.2;5.70;3.06;1.06;16/01/2024 16:12:06;
17/01/2024;4;2.0TD;3;0.000086496601000000;0.256;1.422330616;47.667931;0.557;2.195;44.915931;4.72;17.83440;0.77270;0.75;0.25;26.95500;98.29260;101.96000;97.42000;81.63000;2660.8;275.0;177.0;62.0;15.39;0.000;0.17498;0.03702;0.00;0.000;0.000;0.536;0.565;0.000;0.557;35.761;4.90;1.90;19190.3;1243.40;10.25;3.56;1.58;165066.16;71111.52;0.00;23035.1;7.17;3.09;0.00;16/01/2024 16:12:06;
17/01/2024;5;2.0TD;3;0.000084267358000000;0.254;1.410588717;47.635283;0.557;2.195;44.883283;4.72;17.83440;0.77270;0.75;0.25;26.95500;98.29260;101.96000;97.42000;81.63000;2660.8;275.0;177.0;62.0;15.42;0.000;0.17498;0.03702;0.00;0.000;0.000;0.537;0.565;0.000;0.557;35.792;4.90;1.90;19387.7;1244.00;10.28;3.56;1.58;165080.56;71022.24;0.00;22962.7;7.19;3.09;0.00;16/01/2024 16:12:06;
17/01/2024;6;2.0TD;3;0.000086513255000000;0.247;1.374691521;47.220134;0.557;2.195;44.468134;4.82;17.83440;0.77270;0.75;0.25;26.95500;98.29260;101.96000;97.42000;81.63000;2660.8;275.0;177.0;62.0;15.19;0.000;0.17498;0.03702;0.00;0.000;0.000;0.535;0.565;0.000;0.557;35.660;5.00;2.00;19644.9;1236.80;10.05;3.56;1.58;165113.04;71640.00;0.00;23564.9;7.01;3.04;0.00;16/01/2024 16:12:06;
17/01/2024;7;2.0TD;3;0.000098234601000000;0.227;1.262124602;60.295959;0.557;2.195;57.543959;16.69;17.83440;0.77270;0.75;0.25;26.95500;98.29260;101.96000;97.42000;81.63000;2660.8;275.0;177.0;62.0;14.39;0.000;0.17498;0.03702;0.00;0.000;0.000;0.703;0.565;0.000;0.557;46.898;16.70;16.50;19932.6;1367.10;9.25;3.56;1.58;153669.16;65076.00;24859.38;26331.0;5.84;2.47;0.94;16/01/2024 16:12:06;
17/01/2024;8;2.0TD;3;0.000126039590000000;0.212;1.180338099;88.016311;0.557;2.195;85.264311;43.58;17.83440;0.77270;0.75;0.25;26.95500;98.29260;101.96000;97.42000;81.63000;2660.8;275.0;177.0;62.0;10.60;0.000;0.17498;0.03702;0.00;0.000;0.000;1.055;0.565;0.000;0.557;70.350;44.20;35.80;20636.5;1630.60;5.46;3.56;1.58;78067.00;63040.00;24859.38;30426.5;2.57;2.07;0.82;16/01/2024 16:12:06;
17/01/2024;9;2.0TD;2;0.000141524706000000;0.198;1.216178714;112.726402;19.184;8.779;84.763402;44.40;17.83440;0.77270;0.75;0.25;26.95500;98.29260;101.96000;97.42000;81.63000;2660.8;275.0;177.0;62.0;10.00;0.178;0.17498;0.03702;0.00;0.000;0.000;1.061;0.565;0.000;0.557;70.754;45.50;36.70;20578.8;2954.00;4.86;3.56;1.58;56588.48;77846.04;24859.38;32793.6;1.73;2.37;0.76;16/01/2024 16:12:06;
17/01/2024;10;2.0TD;2;0.000146109175000000;0.189;1.161228162;112.295312;19.184;8.779;84.332312;44.44;17.83440;0.77270;0.75;0.25;26.95500;98.29260;101.96000;97.42000;81.63000;2660.8;275.0;177.0;62.0;10.13;0.178;0.17498;0.03702;0.00;0.000;0.000;1.064;0.565;0.000;0.557;70.927;45.50;36.30;20985.5;2736.10;4.99;3.56;1.58;64094.16;77730.88;24859.38;33389.0;1.92;2.33;0.74;16/01/2024 16:12:06;
17/01/2024;11;2.0TD;1;0.000152284276000000;0.181;1.086183503;161.565595;33.081;43.893;84.591595;43.86;17.83440;0.77270;0.75;0.25;26.95500;98.29260;101.96000;97.42000;81.63000;2660.8;275.0;177.0;62.0;10.51;1.068;0.17498;0.03702;0.00;0.000;0.000;1.074;0.565;0.000;0.557;71.627;44.80;34.90;21657.2;2281.70;5.37;3.56;1.58;70886.12;84414.44;24859.38;33553.9;2.11;2.52;0.74;16/01/2024 16:12:06;
17/01/2024;12;2.0TD;1;0.000150698331000000;0.180;1.079600317;149.921708;33.081;43.893;72.947708;34.25;17.83440;0.77270;0.75;0.25;26.95500;98.29260;101.96000;97.42000;81.63000;2660.8;275.0;177.0;62.0;10.46;1.068;0.17498;0.03702;0.00;0.000;0.000;0.927;0.565;0.000;0.557;61.820;34.52;30.40;23200.6;1614.40;5.32;3.56;1.58;84540.00;67995.00;24859.38;33363.2;2.53;2.04;0.75;16/01/2024 16:12:06;
17/01/2024;13;2.0TD;1;0.000149828488000000;0.177;1.059231442;130.725344;33.081;43.893;53.751344;17.29;17.83440;0.77270;0.75;0.25;26.95500;98.29260;101.96000;97.42000;81.63000;2660.8;275.0;177.0;62.0;11.51;1.068;0.17498;0.03702;0.00;0.000;0.000;0.685;0.565;0.000;0.557;45.668;17.29;17.29;24527.0;1525.40;6.37;3.56;1.58;118248.96;67246.48;24859.38;33034.5;3.58;2.04;0.75;16/01/2024 16:12:06;
17/01/2024;14;2.0TD;1;0.000156888283000000;0.175;1.045822012;125.468708;33.081;43.893;48.494708;12.99;17.83440;0.77270;0.75;0.25;26.95500;98.29260;101.96000;97.42000;81.63000;2660.8;275.0;177.0;62.0;11.48;1.068;0.17498;0.03702;0.00;0.000;0.000;0.619;0.565;0.000;0.557;41.272;12.99;12.98;24828.7;1698.40;6.34;3.56;1.58;113831.56;71550.00;24859.38;33155.4;3.43;2.16;0.75;16/01/2024 16:12:06;
17/01/2024;15;2.0TD;2;0.000158812805000000;0.175;1.073955560;66.497233;19.184;8.779;38.534233;5.09;17.83440;0.77270;0.75;0.25;26.95500;98.29260;101.96000;97.42000;81.63000;2660.8;275.0;177.0;62.0;11.92;0.178;0.17498;0.03702;0.00;0.000;0.000;0.492;0.565;0.000;0.557;32.795;5.10;4.99;24859.2;1600.40;6.78;3.56;1.58;128741.12;68392.32;24859.38;32771.4;3.93;2.09;0.76;16/01/2024 16:12:06;
17/01/2024;16;2.0TD;2;0.000153044850000000;0.182;1.116728437;68.275219;19.184;8.779;40.312219;4.99;17.83440;0.77270;0.75;0.25;26.95500;98.29260;101.96000;97.42000;81.63000;2660.8;275.0;177.0;62.0;13.31;0.178;0.17498;0.03702;0.00;0.000;0.000;0.512;0.565;0.000;0.557;34.105;5.00;4.80;24735.8;1565.20;8.17;3.56;1.58;129503.88;108699.64;24859.38;32200.4;4.02;3.38;0.77;16/01/2024 16:12:06;
17/01/2024;17;2.0TD;2;0.000149067720000000;0.187;1.147928312;83.050592;19.184;8.779;55.087592;18.38;17.83440;0.77270;0.75;0.25;26.95500;98.29260;101.96000;97.42000;81.63000;2660.8;275.0;177.0;62.0;12.04;0.178;0.17498;0.03702;0.00;0.000;0.000;0.696;0.565;0.000;0.557;46.409;18.38;18.38;23947.2;1442.10;6.90;3.56;1.58;109961.36;85227.96;24859.38;31906.4;3.45;2.67;0.78;16/01/2024 16:12:06;
17/01/2024;18;2.0TD;2;0.000153997815000000;0.192;1.177159138;110.438781;19.184;8.779;82.475781;42.62;17.83440;0.77270;0.75;0.25;26.95500;98.29260;101.96000;97.42000;81.63000;2660.8;275.0;177.0;62.0;10.24;0.178;0.17498;0.03702;0.00;0.000;0.000;1.038;0.565;0.000;0.557;69.191;43.50;32.12;21921.8;1831.60;5.10;3.56;1.58;65308.84;74036.40;24859.38;32171.1;2.03;2.30;0.77;16/01/2024 16:12:06;
17/01/2024;19;2.0TD;1;0.000175879334000000;0.196;1.173202250;162.410370;33.081;43.893;85.436370;44.38;17.83440;0.77270;0.75;0.25;26.95500;98.29260;101.96000;97.42000;81.63000;2660.8;275.0;177.0;62.0;9.80;1.068;0.17498;0.03702;0.00;0.000;0.000;1.072;0.565;0.000;0.557;71.435;45.40;36.70;21279.9;2813.50;4.66;3.56;1.58;70617.24;60813.76;24859.38;33506.5;2.11;1.81;0.74;16/01/2024 16:12:06;
17/01/2024;20;2.0TD;1;0.000197576613000000;0.199;1.191020084;168.942206;33.081;43.893;91.968206;48.02;17.83440;0.77270;0.75;0.25;26.95500;98.29260;101.96000;97.42000;81.63000;2660.8;275.0;177.0;62.0;11.35;1.068;0.17498;0.03702;0.00;0.000;0.000;1.151;0.565;0.000;0.557;76.704;49.10;40.10;21280.6;2897.70;6.21;3.56;1.58;122467.52;66679.20;24859.38;34456.4;3.55;1.94;0.72;16/01/2024 16:12:06;
17/01/2024;21;2.0TD;1;0.000211670939000000;0.201;1.205947822;175.289171;33.081;43.893;98.315171;53.24;17.83440;0.77270;0.75;0.25;26.95500;98.29260;101.96000;97.42000;81.63000;2660.8;275.0;177.0;62.0;11.21;1.068;0.17498;0.03702;0.00;0.000;0.000;1.228;0.565;0.000;0.557;81.861;54.88;40.88;21321.7;2835.60;6.07;3.56;1.58;117969.20;69120.00;24859.38;34913.4;3.38;1.98;0.71;16/01/2024 16:12:06;
17/01/2024;22;2.0TD;1;0.000213752180000000;0.203;1.216533393;166.781669;33.081;43.893;89.807669;46.05;17.83440;0.77270;0.75;0.25;26.95500;98.29260;101.96000;97.42000;81.63000;2660.8;275.0;177.0;62.0;11.30;1.068;0.17498;0.03702;0.00;0.000;0.000;1.120;0.565;0.000;0.557;74.653;46.80;41.11;20905.6;3187.50;6.16;3.56;1.58;119428.64;62976.00;24859.38;33648.3;3.55;1.87;0.74;16/01/2024 16:12:06;
17/01/2024;23;2.0TD;2;0.000194564116000000;0.208;1.277838230;110.748559;19.184;8.779;82.785559;42.59;17.83440;0.77270;0.75;0.25;26.95500;98.29260;101.96000;97.42000;81.63000;2660.8;275.0;177.0;62.0;9.62;0.178;0.17498;0.03702;0.00;0.000;0.000;1.028;0.565;0.000;0.557;68.531;43.37;34.84;20638.4;2075.70;4.48;3.56;1.58;45618.92;65672.80;24859.38;30418.4;1.50;2.16;0.82;16/01/2024 16:12:06;
17/01/2024;24;2.0TD;2;0.000162130436000000;0.215;1.320302019;83.610112;19.184;8.779;55.647112;18.03;17.83440;0.77270;0.75;0.25;26.95500;98.29260;101.96000;97.42000;81.63000;2660.8;275.0;177.0;62.0;11.79;0.178;0.17498;0.03702;0.00;0.000;0.000;0.687;0.565;0.000;0.557;45.800;18.03;18.03;20978.1;1278.80;6.65;3.56;1.58;55743.52;99531.84;24859.38;27103.6;2.06;3.67;0.92;16/01/2024 16:12:06;
*
