pvpcdata;
2024;11;12;10;29;29;
30/10/2024;1;2.0TD;3;0.000084976864000000;0.182;1.012496953;106.178056;0.557;2.195;103.426056;66.00;2.40389;1.07638;0.75;0.25;83.49125;93.10680;101.96000;84.74000;75.42000;1932.4;275.0;200.0;45.0;15.88;0.000;0.17498;0.04096;0.00;0.000;1.313;0.947;0.000;0.557;87.500;66.00;0.00;19636.1;0.00;11.64;3.19;1.05;146374.08;97828.68;24859.38;23118.8;6.33;4.23;1.08;29/10/2024 16:12:45;
30/10/2024;2;2.0TD;3;0.000071880844000000;0.191;1.060902326;93.531084;0.557;2.195;90.779084;55.00;2.40389;1.07638;0.75;0.25;83.49125;93.10680;101.96000;84.74000;75.42000;1932.4;275.0;200.0;45.0;15.77;0.000;0.17498;0.04096;0.00;0.000;1.143;0.947;0.000;0.557;76.220;55.00;0.00;19466.1;0.00;11.53;3.19;1.05;164116.80;66614.16;24859.38;22168.6;7.40;3.00;1.12;29/10/2024 16:12:45;
30/10/2024;3;2.0TD;3;0.000064717253000000;0.194;1.075509151;92.317395;0.557;2.195;89.565395;52.99;2.40389;1.07638;0.75;0.25;83.49125;93.10680;101.96000;84.74000;75.42000;1932.4;275.0;200.0;45.0;16.59;0.000;0.17498;0.04096;0.00;0.000;1.125;0.947;0.000;0.557;75.012;52.99;0.00;18789.2;0.00;12.35;3.19;1.05;174716.64;62749.08;24859.38;21241.4;8.23;2.95;1.17;29/10/2024 16:12:45;
30/10/2024;4;2.0TD;3;0.000061433886000000;0.194;1.078117150;84.607737;0.557;2.195;81.855737;44.60;2.40389;1.07638;0.75;0.25;83.49125;93.10680;101.96000;84.74000;75.42000;1932.4;275.0;200.0;45.0;18.62;0.000;0.17498;0.04096;0.00;0.000;1.028;0.947;0.000;0.557;68.555;44.60;0.00;18185.0;0.00;14.38;3.19;1.05;244010.96;60392.64;0.00;21171.1;11.53;2.85;0.00;29/10/2024 16:12:45;
30/10/2024;5;2.0TD;3;0.000060253288000000;0.194;1.075237087;79.723083;0.557;2.195;76.971083;40.00;2.40389;1.07638;0.75;0.25;83.49125;93.10680;101.96000;84.74000;75.42000;1932.4;275.0;200.0;45.0;19.19;0.000;0.17498;0.04096;0.00;0.000;0.967;0.947;0.000;0.557;64.464;40.00;0.00;18220.5;0.00;14.95;3.19;1.05;251867.04;63760.00;0.00;21111.2;11.93;3.02;0.00;29/10/2024 16:12:45;
30/10/2024;6;2.0TD;3;0.000061793128000000;0.188;1.043510563;92.880681;0.557;2.195;90.128681;52.50;2.40389;1.07638;0.75;0.25;83.49125;93.10680;101.96000;84.74000;75.42000;1932.4;275.0;200.0;45.0;17.92;0.000;0.17498;0.04096;0.00;0.000;1.138;0.947;0.000;0.557;75.865;52.50;0.00;17576.0;0.00;13.68;3.19;1.05;229894.68;65564.56;0.00;21603.2;10.64;3.03;0.00;29/10/2024 16:12:45;
30/10/2024;7;2.0TD;3;0.000070317188000000;0.173;0.960973223;109.212182;0.557;2.195;106.460182;68.68;2.40389;1.07638;0.75;0.25;83.49125;93.10680;101.96000;84.74000;75.42000;1932.4;275.0;200.0;45.0;16.41;0.000;0.17498;0.04096;0.00;0.000;1.361;0.947;0.000;0.557;90.758;68.68;0.00;15605.6;0.00;12.17;3.19;1.05;126227.00;138064.56;24859.38;23767.2;5.31;5.81;1.05;29/10/2024 16:12:45;
30/10/2024;8;2.0TD;3;0.000089667276000000;0.157;0.870577269;112.647208;0.557;2.195;109.895208;76.04;2.40389;1.07638;0.75;0.25;83.49125;93.10680;101.96000;84.74000;75.42000;1932.4;275.0;200.0;45.0;13.21;0.000;0.17498;0.04096;0.00;0.000;1.425;0.947;0.000;0.557;94.982;76.04;0.00;16989.4;0.00;8.97;3.19;1.05;81447.40;136936.80;24859.38;27127.9;3.00;5.05;0.92;29/10/2024 16:12:45;
30/10/2024;9;2.0TD;2;0.000096107510000000;0.185;1.132272423;156.751044;19.184;8.779;128.788044;90.25;2.40389;1.07638;0.75;0.25;83.49125;93.10680;101.96000;84.74000;75.42000;1932.4;275.0;200.0;45.0;12.34;0.154;0.17498;0.04096;0.00;0.000;1.630;0.947;0.000;0.557;108.681;90.25;0.00;18038.2;0.00;8.10;3.19;1.05;71365.64;133489.44;24859.38;28375.9;2.52;4.70;0.88;29/10/2024 16:12:45;
30/10/2024;10;2.0TD;2;0.000095552370000000;0.149;0.916947274;146.808544;19.184;8.779;118.845544;85.00;2.40389;1.07638;0.75;0.25;83.49125;93.10680;101.96000;84.74000;75.42000;1932.4;275.0;200.0;45.0;12.42;0.154;0.17498;0.04096;0.00;0.000;1.552;0.947;0.000;0.557;103.433;85.00;0.00;19810.3;0.00;8.18;3.19;1.05;106753.44;104186.88;24859.38;28826.1;3.70;3.61;0.86;29/10/2024 16:12:45;
30/10/2024;11;2.0TD;1;0.000097126880000000;0.148;0.889051454;179.447802;33.081;43.893;102.473802;69.70;2.40389;1.07638;0.75;0.25;83.49125;93.10680;101.96000;84.74000;75.42000;1932.4;275.0;200.0;45.0;12.99;0.926;0.17498;0.04096;0.00;0.000;1.339;0.947;0.000;0.557;89.262;69.70;0.00;20996.7;0.00;8.75;3.19;1.05;129677.08;103811.60;24859.38;29525.1;4.39;3.52;0.84;29/10/2024 16:12:45;
30/10/2024;12;2.0TD;1;0.000096493770000000;0.149;0.892252582;179.350927;33.081;43.893;102.376927;69.57;2.40389;1.07638;0.75;0.25;83.49125;93.10680;101.96000;84.74000;75.42000;1932.4;275.0;200.0;45.0;12.96;0.926;0.17498;0.04096;0.00;0.000;1.337;0.947;0.000;0.557;89.100;69.57;0.00;21126.0;0.00;8.72;3.19;1.05;134788.36;96360.32;24859.38;29368.9;4.59;3.28;0.85;29/10/2024 16:12:45;
30/10/2024;13;2.0TD;1;0.000099115631000000;0.147;0.880533160;182.258155;33.081;43.893;105.284155;73.05;2.40389;1.07638;0.75;0.25;83.49125;93.10680;101.96000;84.74000;75.42000;1932.4;275.0;200.0;45.0;12.13;0.926;0.17498;0.04096;0.00;0.000;1.377;0.947;0.000;0.557;91.790;73.05;0.00;21408.3;0.00;7.89;3.19;1.05;130715.24;75066.88;24859.38;29247.1;4.47;2.57;0.85;29/10/2024 16:12:45;
30/10/2024;14;2.0TD;1;0.000105440219000000;0.145;0.866089457;181.562758;33.081;43.893;104.588758;73.52;2.40389;1.07638;0.75;0.25;83.49125;93.10680;101.96000;84.74000;75.42000;1932.4;275.0;200.0;45.0;11.22;0.926;0.17498;0.04096;0.00;0.000;1.370;0.947;0.000;0.557;91.343;73.52;0.00;20502.6;0.00;6.98;3.19;1.05;102575.64;78564.48;24859.38;29482.9;3.48;2.66;0.84;29/10/2024 16:12:45;
30/10/2024;15;2.0TD;2;0.000105234008000000;0.166;1.017302056;128.951302;19.184;8.779;100.988302;69.57;2.40389;1.07638;0.75;0.25;83.49125;93.10680;101.96000;84.74000;75.42000;1932.4;275.0;200.0;45.0;11.28;0.154;0.17498;0.04096;0.00;0.000;1.299;0.947;0.000;0.557;86.610;69.57;0.00;22235.1;0.00;7.04;3.19;1.05;106979.40;73624.32;24859.38;29174.4;3.67;2.52;0.85;29/10/2024 16:12:45;
30/10/2024;16;2.0TD;2;0.000098221867000000;0.173;1.062864121;135.571549;19.184;8.779;107.608549;72.65;2.40389;1.07638;0.75;0.25;83.49125;93.10680;101.96000;84.74000;75.42000;1932.4;275.0;200.0;45.0;13.25;0.154;0.17498;0.04096;0.00;0.000;1.376;0.947;0.000;0.557;91.737;72.65;0.00;21846.1;0.00;9.01;3.19;1.05;99079.80;133376.88;24859.38;28540.3;3.47;4.67;0.87;29/10/2024 16:12:45;
30/10/2024;17;2.0TD;2;0.000094687516000000;0.179;1.097434259;152.735265;19.184;8.779;124.772265;86.81;2.40389;1.07638;0.75;0.25;83.49125;93.10680;101.96000;84.74000;75.42000;1932.4;275.0;200.0;45.0;12.97;0.154;0.17498;0.04096;0.00;0.000;1.587;0.947;0.000;0.557;105.828;86.81;0.00;18802.5;0.00;8.73;3.19;1.05;79565.32;138933.60;24859.38;27854.2;2.86;4.99;0.89;29/10/2024 16:12:45;
30/10/2024;18;2.0TD;2;0.000098872384000000;0.181;1.111005648;169.901359;19.184;8.779;141.938359;102.30;2.40389;1.07638;0.75;0.25;83.49125;93.10680;101.96000;84.74000;75.42000;1932.4;275.0;200.0;45.0;11.62;0.154;0.17498;0.04096;0.00;0.000;1.803;0.947;0.000;0.557;120.184;102.30;0.00;18120.4;0.00;7.38;3.19;1.05;60328.48;119645.64;24859.38;27768.0;2.17;4.31;0.90;29/10/2024 16:12:45;
30/10/2024;19;2.0TD;1;0.000109822216000000;0.160;0.960619315;266.806716;33.081;43.893;189.832716;145.00;2.40389;1.07638;0.75;0.25;83.49125;93.10680;101.96000;84.74000;75.42000;1932.4;275.0;200.0;45.0;10.96;0.926;0.17498;0.04096;0.00;0.000;2.455;0.947;0.000;0.557;163.648;145.00;0.00;18170.1;0.00;6.72;3.19;1.05;14289.72;149260.00;24859.38;28044.0;0.51;5.32;0.89;29/10/2024 16:12:45;
30/10/2024;20;2.0TD;1;0.000125454044000000;0.164;0.980175870;263.230172;33.081;43.893;186.256172;143.36;2.40389;1.07638;0.75;0.25;83.49125;93.10680;101.96000;84.74000;75.42000;1932.4;275.0;200.0;45.0;9.02;0.926;0.17498;0.04096;0.00;0.000;2.400;0.947;0.000;0.557;160.013;143.36;0.00;19458.8;0.00;4.78;3.19;1.05;54625.80;59820.00;24859.38;29155.1;1.87;2.05;0.85;29/10/2024 16:12:45;
30/10/2024;21;2.0TD;1;0.000144214706000000;0.161;0.963259649;262.621259;33.081;43.893;185.647259;143.36;2.40389;1.07638;0.75;0.25;83.49125;93.10680;101.96000;84.74000;75.42000;1932.4;275.0;200.0;45.0;8.91;0.926;0.17498;0.04096;0.00;0.000;2.399;0.947;0.000;0.557;159.902;143.36;0.00;19812.7;0.00;4.67;3.19;1.05;53945.52;59820.00;24859.38;29684.0;1.82;2.02;0.84;29/10/2024 16:12:45;
30/10/2024;22;2.0TD;1;0.000145038862000000;0.161;0.963909114;249.301106;33.081;43.893;172.327106;132.33;2.40389;1.07638;0.75;0.25;83.49125;93.10680;101.96000;84.74000;75.42000;1932.4;275.0;200.0;45.0;8.64;0.926;0.17498;0.04096;0.00;0.000;2.226;0.947;0.000;0.557;148.429;132.33;0.00;19235.1;0.00;4.40;3.19;1.05;67299.84;35289.28;24859.38;28974.5;2.32;1.22;0.86;29/10/2024 16:12:45;
30/10/2024;23;2.0TD;2;0.000126793652000000;0.187;1.147332022;166.681629;19.184;8.779;138.718629;99.80;2.40389;1.07638;0.75;0.25;83.49125;93.10680;101.96000;84.74000;75.42000;1932.4;275.0;200.0;45.0;10.85;0.154;0.17498;0.04096;0.00;0.000;1.753;0.947;0.000;0.557;116.864;99.80;0.00;16903.5;0.00;6.61;3.19;1.05;74245.04;76003.92;24859.38;26499.1;2.80;2.87;0.94;29/10/2024 16:12:45;
30/10/2024;24;2.0TD;2;0.000105763431000000;0.198;1.216613019;160.413752;19.184;8.779;132.450752;91.71;2.40389;1.07638;0.75;0.25;83.49125;93.10680;101.96000;84.74000;75.42000;1932.4;275.0;200.0;45.0;12.73;0.154;0.17498;0.04096;0.00;0.000;1.658;0.947;0.000;0.557;110.559;91.71;0.00;15511.5;0.00;8.49;3.19;1.05;82070.00;98423.84;24859.38;24194.3;3.39;4.07;1.03;29/10/2024 16:12:45;
*
