pvpcdata;
2024;10;09;11;29;43;
21/09/2024;1;2.0TD;3;0.000095554717000000;0.166;0.922907464;138.083193;0.557;2.195;135.331193;104.49;1.32469;1.27811;0.75;0.25;85.38625;90.68500;101.96000;73.51000;91.63000;1743.2;275.0;234.0;48.0;6.42;0.000;0.17498;0.04096;0.00;0.000;1.741;0.947;0.000;0.557;116.064;104.64;102.63;17678.0;1414.10;2.29;3.08;1.05;13866.20;14364.00;24859.38;23204.2;0.60;0.62;1.07;20/09/2024 16:10:33;
21/09/2024;2;2.0TD;3;0.000083377372000000;0.171;0.950656036;134.978379;0.557;2.195;132.226379;99.89;1.32469;1.27811;0.75;0.25;85.38625;90.68500;101.96000;73.51000;91.63000;1743.2;275.0;234.0;48.0;7.92;0.000;0.17498;0.04096;0.00;0.000;1.694;0.947;0.000;0.557;112.917;100.28;94.29;17104.0;1184.20;3.79;3.08;1.05;43347.04;15852.16;24859.38;22146.3;1.96;0.72;1.12;20/09/2024 16:10:33;
21/09/2024;3;2.0TD;3;0.000074765035000000;0.175;0.972162049;134.844899;0.557;2.195;132.092899;97.77;1.32469;1.27811;0.75;0.25;85.38625;90.68500;101.96000;73.51000;91.63000;1743.2;275.0;234.0;48.0;9.55;0.000;0.17498;0.04096;0.00;0.000;1.686;0.947;0.000;0.557;112.419;98.02;93.98;16831.0;1127.80;5.42;3.08;1.05;74447.28;15852.16;24859.38;21240.7;3.50;0.75;1.17;20/09/2024 16:10:33;
21/09/2024;4;2.0TD;3;0.000069750362000000;0.176;0.975011069;138.801662;0.557;2.195;136.049662;102.19;1.32469;1.27811;0.75;0.25;85.38625;90.68500;101.96000;73.51000;91.63000;1743.2;275.0;234.0;48.0;8.35;0.000;0.17498;0.04096;0.00;0.000;1.735;0.947;0.000;0.557;115.688;102.55;98.00;15445.1;1315.40;4.22;3.08;1.05;70279.76;15852.16;0.00;20418.7;3.44;0.78;0.00;20/09/2024 16:10:33;
21/09/2024;5;2.0TD;3;0.000067079759000000;0.178;0.990256450;136.462643;0.557;2.195;133.710643;99.78;1.32469;1.27811;0.75;0.25;85.38625;90.68500;101.96000;73.51000;91.63000;1743.2;275.0;234.0;48.0;8.61;0.000;0.17498;0.04096;0.00;0.000;1.703;0.947;0.000;0.557;113.506;100.07;96.18;15308.5;1249.30;4.48;3.08;1.05;74179.64;15852.16;0.00;20080.8;3.69;0.79;0.00;20/09/2024 16:10:33;
21/09/2024;6;2.0TD;3;0.000066266390000000;0.177;0.984698150;138.212328;0.557;2.195;135.460328;99.99;1.32469;1.27811;0.75;0.25;85.38625;90.68500;101.96000;73.51000;91.63000;1743.2;275.0;234.0;48.0;9.96;0.000;0.17498;0.04096;0.00;0.000;1.726;0.947;0.000;0.557;115.089;100.28;96.29;15155.6;1179.50;5.83;3.08;1.05;100701.12;15852.16;0.00;19990.5;5.04;0.79;0.00;20/09/2024 16:10:33;
21/09/2024;7;2.0TD;3;0.000067587072000000;0.173;0.962503476;132.381976;0.557;2.195;129.629976;94.65;1.32469;1.27811;0.75;0.25;85.38625;90.68500;101.96000;73.51000;91.63000;1743.2;275.0;234.0;48.0;10.79;0.000;0.17498;0.04096;0.00;0.000;1.658;0.947;0.000;0.557;110.511;94.90;91.28;15833.7;1189.50;6.66;3.08;1.05;120513.80;16107.84;0.00;20525.6;5.87;0.78;0.00;20/09/2024 16:10:33;
21/09/2024;8;2.0TD;3;0.000070677905000000;0.168;0.934917142;131.484858;0.557;2.195;128.732858;95.55;1.32469;1.27811;0.75;0.25;85.38625;90.68500;101.96000;73.51000;91.63000;1743.2;275.0;234.0;48.0;9.60;0.000;0.17498;0.04096;0.00;0.000;1.653;0.947;0.000;0.557;110.216;95.90;91.28;15708.8;1304.70;5.47;3.08;1.05;101745.04;15852.16;0.00;21481.6;4.74;0.74;0.00;20/09/2024 16:10:33;
21/09/2024;9;2.0TD;3;0.000076165131000000;0.161;0.894437124;138.763717;0.557;2.195;136.011717;99.81;1.32469;1.27811;0.75;0.25;85.38625;90.68500;101.96000;73.51000;91.63000;1743.2;275.0;234.0;48.0;12.17;0.000;0.17498;0.04096;0.00;0.000;1.757;0.947;0.000;0.557;117.150;100.07;95.91;16286.2;1088.30;8.04;3.08;1.05;87450.04;90301.68;0.00;22108.9;3.96;4.08;0.00;20/09/2024 16:10:33;
21/09/2024;10;2.0TD;3;0.000090487092000000;0.145;0.804250869;135.657289;0.557;2.195;132.905289;100.87;1.32469;1.27811;0.75;0.25;85.38625;90.68500;101.96000;73.51000;91.63000;1743.2;275.0;234.0;48.0;10.05;0.000;0.17498;0.04096;0.00;0.000;1.741;0.947;0.000;0.557;116.074;100.87;100.88;16863.6;1083.10;5.92;3.08;1.05;58996.28;77698.56;0.00;23078.7;2.56;3.37;0.00;20/09/2024 16:10:33;
21/09/2024;11;2.0TD;3;0.000099865368000000;0.138;0.769133468;126.815040;0.557;2.195;124.063040;95.19;1.32469;1.27811;0.75;0.25;85.38625;90.68500;101.96000;73.51000;91.63000;1743.2;275.0;234.0;48.0;8.78;0.000;0.17498;0.04096;0.00;0.000;1.635;0.947;0.000;0.557;109.018;95.01;98.01;18932.9;1204.80;4.65;3.08;1.05;54321.16;57408.00;0.00;24028.6;2.26;2.39;0.00;20/09/2024 16:10:33;
21/09/2024;12;2.0TD;3;0.000101696311000000;0.138;0.767876700;102.114750;0.557;2.195;99.362750;74.52;1.32469;1.27811;0.75;0.25;85.38625;90.68500;101.96000;73.51000;91.63000;1743.2;275.0;234.0;48.0;8.07;0.000;0.17498;0.04096;0.00;0.000;1.310;0.947;0.000;0.557;87.313;74.29;79.29;19923.0;971.00;3.94;3.08;1.05;75308.60;21732.80;0.00;24599.4;3.06;0.88;0.00;20/09/2024 16:10:33;
21/09/2024;13;2.0TD;3;0.000104001446000000;0.134;0.746669594;92.785350;0.557;2.195;90.033350;64.93;1.32469;1.27811;0.75;0.25;85.38625;90.68500;101.96000;73.51000;91.63000;1743.2;275.0;234.0;48.0;9.86;0.000;0.17498;0.04096;0.00;0.000;1.191;0.947;0.000;0.557;79.394;64.70;70.00;21214.3;956.40;5.73;3.08;1.05;85524.24;55923.84;0.00;24693.8;3.46;2.26;0.00;20/09/2024 16:10:33;
21/09/2024;14;2.0TD;3;0.000110779707000000;0.131;0.730271452;76.253980;0.557;2.195;73.501980;50.40;1.32469;1.27811;0.75;0.25;85.38625;90.68500;101.96000;73.51000;91.63000;1743.2;275.0;234.0;48.0;10.20;0.000;0.17498;0.04096;0.00;0.000;0.975;0.947;0.000;0.557;64.988;50.24;54.36;22610.2;906.60;6.07;3.08;1.05;108910.12;44616.16;0.00;25302.7;4.30;1.76;0.00;20/09/2024 16:10:33;
21/09/2024;15;2.0TD;3;0.000111748288000000;0.131;0.726917005;53.611360;0.557;2.195;50.859360;30.12;1.32469;1.27811;0.75;0.25;85.38625;90.68500;101.96000;73.51000;91.63000;1743.2;275.0;234.0;48.0;10.76;0.000;0.17498;0.04096;0.00;0.000;0.675;0.947;0.000;0.557;44.968;30.00;33.04;24455.5;1018.80;6.63;3.08;1.05;130698.40;35682.00;0.00;25079.9;5.21;1.42;0.00;20/09/2024 16:10:33;
21/09/2024;16;2.0TD;3;0.000101120725000000;0.141;0.783451713;22.864964;0.557;2.195;20.112964;3.41;1.32469;1.27811;0.75;0.25;85.38625;90.68500;101.96000;73.51000;91.63000;1743.2;275.0;234.0;48.0;10.54;0.000;0.17498;0.04096;0.00;0.000;0.264;0.947;0.000;0.557;17.627;3.32;5.33;23796.7;1105.30;6.41;3.08;1.05;148171.72;8288.80;0.00;24390.4;6.08;0.34;0.00;20/09/2024 16:10:33;
21/09/2024;17;2.0TD;3;0.000096258402000000;0.146;0.810352822;42.907254;0.557;2.195;40.155254;20.31;1.32469;1.27811;0.75;0.25;85.38625;90.68500;101.96000;73.51000;91.63000;1743.2;275.0;234.0;48.0;10.79;0.000;0.17498;0.04096;0.00;0.000;0.526;0.947;0.000;0.557;35.039;20.22;22.23;23087.3;1124.00;6.66;3.08;1.05;130939.96;25832.44;0.00;23554.5;5.56;1.10;0.00;20/09/2024 16:10:33;
21/09/2024;18;2.0TD;3;0.000096822688000000;0.153;0.850579748;79.615002;0.557;2.195;76.863002;49.89;1.32469;1.27811;0.75;0.25;85.38625;90.68500;101.96000;73.51000;91.63000;1743.2;275.0;234.0;48.0;12.36;0.000;0.17498;0.04096;0.00;0.000;1.000;0.947;0.000;0.557;66.663;49.77;52.77;22970.2;929.00;8.23;3.08;1.05;100535.60;92880.00;0.00;23510.8;4.28;3.95;0.00;20/09/2024 16:10:33;
21/09/2024;19;2.0TD;3;0.000099294184000000;0.155;0.862169544;110.645734;0.557;2.195;107.893734;75.13;1.32469;1.27811;0.75;0.25;85.38625;90.68500;101.96000;73.51000;91.63000;1743.2;275.0;234.0;48.0;13.47;0.000;0.17498;0.04096;0.00;0.000;1.401;0.947;0.000;0.557;93.414;75.00;77.89;18479.6;846.50;9.34;3.08;1.05;81703.76;138646.40;0.00;23594.6;3.46;5.88;0.00;20/09/2024 16:10:33;
21/09/2024;20;2.0TD;3;0.000101758418000000;0.158;0.876769796;151.509245;0.557;2.195;148.757245;108.60;1.32469;1.27811;0.75;0.25;85.38625;90.68500;101.96000;73.51000;91.63000;1743.2;275.0;234.0;48.0;14.52;0.000;0.17498;0.04096;0.00;0.000;1.927;0.947;0.000;0.557;128.460;108.67;107.58;16970.8;1245.20;10.39;3.08;1.05;50555.56;195324.00;0.00;23659.6;2.14;8.26;0.00;20/09/2024 16:10:33;
21/09/2024;21;2.0TD;3;0.000116109214000000;0.159;0.885265596;153.096887;0.557;2.195;150.344887;116.99;1.32469;1.27811;0.75;0.25;85.38625;90.68500;101.96000;73.51000;91.63000;1743.2;275.0;234.0;48.0;7.37;0.000;0.17498;0.04096;0.00;0.000;1.946;0.947;0.000;0.557;129.719;117.31;112.31;17030.3;1155.10;3.24;3.08;1.05;62181.72;19024.32;0.00;25099.8;2.48;0.76;0.00;20/09/2024 16:10:33;
21/09/2024;22;2.0TD;3;0.000129039205000000;0.157;0.869545316;173.123129;0.557;2.195;170.371129;132.86;1.32469;1.27811;0.75;0.25;85.38625;90.68500;101.96000;73.51000;91.63000;1743.2;275.0;234.0;48.0;8.77;0.000;0.17498;0.04096;0.00;0.000;2.209;0.947;0.000;0.557;147.252;133.02;130.07;17218.6;1008.30;4.64;3.08;1.05;50783.08;40870.16;24859.38;25124.8;2.02;1.63;0.99;20/09/2024 16:10:33;
21/09/2024;23;2.0TD;3;0.000119405436000000;0.162;0.901196142;152.494859;0.557;2.195;149.742859;114.75;1.32469;1.27811;0.75;0.25;85.38625;90.68500;101.96000;73.51000;91.63000;1743.2;275.0;234.0;48.0;8.77;0.000;0.17498;0.04096;0.00;0.000;1.933;0.947;0.000;0.557;128.866;115.14;109.16;16317.1;1144.30;4.64;3.08;1.05;68920.84;15832.32;24859.38;23595.2;2.92;0.67;1.05;20/09/2024 16:10:33;
21/09/2024;24;2.0TD;3;0.000106409924000000;0.167;0.926672723;152.807764;0.557;2.195;150.055764;114.24;1.32469;1.27811;0.75;0.25;85.38625;90.68500;101.96000;73.51000;91.63000;1743.2;275.0;234.0;48.0;9.00;0.000;0.17498;0.04096;0.00;0.000;1.929;0.947;0.000;0.557;128.582;115.00;105.02;15679.6;1285.50;4.87;3.08;1.05;67086.00;15852.16;24859.38;22137.7;3.03;0.72;1.12;20/09/2024 16:10:33;
*
