pvpcdata;
2024;10;09;11;29;44;
22/09/2024;1;2.0TD;3;0.000095052250000000;0.173;0.961172107;143.275998;0.557;2.195;140.523998;99.64;5.19490;1.27460;0.75;0.25;69.90542;90.68500;101.96000;73.51000;91.63000;1748.0;275.0;234.0;48.0;10.02;0.000;0.17498;0.04096;0.00;0.000;1.797;0.947;0.000;0.557;119.798;99.98;95.70;15359.4;1308.30;5.89;3.08;1.05;83666.36;15832.32;24859.38;21109.0;3.96;0.75;1.18;21/09/2024 16:10:56;
22/09/2024;2;2.0TD;3;0.000083610840000000;0.180;1.001126804;139.526750;0.557;2.195;136.774750;95.22;5.19490;1.27460;0.75;0.25;69.90542;90.68500;101.96000;73.51000;91.63000;1748.0;275.0;234.0;48.0;10.61;0.000;0.17498;0.04096;0.00;0.000;1.739;0.947;0.000;0.557;115.910;95.58;91.91;14408.3;1572.30;6.48;3.08;1.05;113500.80;15852.16;0.00;19955.0;5.69;0.79;0.00;21/09/2024 16:10:56;
22/09/2024;3;2.0TD;3;0.000075071308000000;0.184;1.023396550;141.264377;0.557;2.195;138.512377;95.43;5.19490;1.27460;0.75;0.25;69.90542;90.68500;101.96000;73.51000;91.63000;1748.0;275.0;234.0;48.0;11.46;0.000;0.17498;0.04096;0.00;0.000;1.755;0.947;0.000;0.557;116.986;95.55;94.35;14159.9;1587.90;7.33;3.08;1.05;121708.76;18641.28;0.00;19141.0;6.36;0.97;0.00;21/09/2024 16:10:56;
22/09/2024;4;2.0TD;3;0.000069813261000000;0.188;1.046997618;144.506304;0.557;2.195;141.754304;95.55;5.19490;1.27460;0.75;0.25;69.90542;90.68500;101.96000;73.51000;91.63000;1748.0;275.0;234.0;48.0;13.64;0.000;0.17498;0.04096;0.00;0.000;1.790;0.947;0.000;0.557;119.321;95.84;92.89;13402.5;1443.50;9.51;3.08;1.05;158276.24;18513.60;0.00;18597.6;8.51;1.00;0.00;21/09/2024 16:10:56;
22/09/2024;5;2.0TD;3;0.000066907552000000;0.191;1.059085873;143.400531;0.557;2.195;140.648531;93.90;5.19490;1.27460;0.75;0.25;69.90542;90.68500;101.96000;73.51000;91.63000;1748.0;275.0;234.0;48.0;14.08;0.000;0.17498;0.04096;0.00;0.000;1.771;0.947;0.000;0.557;118.092;93.90;93.90;13439.0;1518.60;9.95;3.08;1.05;161459.12;20045.76;0.00;18246.7;8.85;1.10;0.00;21/09/2024 16:10:56;
22/09/2024;6;2.0TD;3;0.000065522634000000;0.188;1.044580814;146.773008;0.557;2.195;144.021008;97.58;5.19490;1.27460;0.75;0.25;69.90542;90.68500;101.96000;73.51000;91.63000;1748.0;275.0;234.0;48.0;13.49;0.000;0.17498;0.04096;0.00;0.000;1.818;0.947;0.000;0.557;121.229;97.90;95.04;12549.9;1596.50;9.36;3.08;1.05;153454.52;16853.76;0.00;18201.8;8.43;0.93;0.00;21/09/2024 16:10:56;
22/09/2024;7;2.0TD;3;0.000065945536000000;0.182;1.012412440;149.357593;0.557;2.195;146.605593;101.57;5.19490;1.27460;0.75;0.25;69.90542;90.68500;101.96000;73.51000;91.63000;1748.0;275.0;234.0;48.0;12.26;0.000;0.17498;0.04096;0.00;0.000;1.860;0.947;0.000;0.557;124.031;102.55;92.54;13066.4;1418.20;8.13;3.08;1.05;135029.48;15832.32;0.00;18550.3;7.28;0.85;0.00;21/09/2024 16:10:56;
22/09/2024;8;2.0TD;3;0.000066775355000000;0.181;1.003341116;150.312996;0.557;2.195;147.560996;102.19;5.19490;1.27460;0.75;0.25;69.90542;90.68500;101.96000;73.51000;91.63000;1748.0;275.0;234.0;48.0;12.54;0.000;0.17498;0.04096;0.00;0.000;1.874;0.947;0.000;0.557;124.945;102.98;94.01;13445.1;1299.10;8.41;3.08;1.05;143111.92;15832.32;0.00;18888.4;7.58;0.84;0.00;21/09/2024 16:10:56;
22/09/2024;9;2.0TD;3;0.000068470341000000;0.169;0.939356135;145.929723;0.557;2.195;143.177723;96.32;5.19490;1.27460;0.75;0.25;69.90542;90.68500;101.96000;73.51000;91.63000;1748.0;275.0;234.0;48.0;15.98;0.000;0.17498;0.04096;0.00;0.000;1.837;0.947;0.000;0.557;122.478;96.31;96.41;13939.6;1091.90;11.85;3.08;1.05;136952.60;88642.08;0.00;19041.4;7.19;4.66;0.00;21/09/2024 16:10:56;
22/09/2024;10;2.0TD;3;0.000080913065000000;0.150;0.832009341;137.345476;0.557;2.195;134.593476;90.70;5.19490;1.27460;0.75;0.25;69.90542;90.68500;101.96000;73.51000;91.63000;1748.0;275.0;234.0;48.0;16.24;0.000;0.17498;0.04096;0.00;0.000;1.756;0.947;0.000;0.557;117.037;90.63;92.13;15541.2;756.30;12.11;3.08;1.05;103456.56;143280.00;0.00;20379.0;5.08;7.03;0.00;21/09/2024 16:10:56;
22/09/2024;11;2.0TD;3;0.000091300269000000;0.141;0.784084304;89.737053;0.557;2.195;86.985053;50.40;5.19490;1.27460;0.75;0.25;69.90542;90.68500;101.96000;73.51000;91.63000;1748.0;275.0;234.0;48.0;16.35;0.000;0.17498;0.04096;0.00;0.000;1.144;0.947;0.000;0.557;76.235;50.24;53.99;19571.3;895.30;12.22;3.08;1.05;153980.84;111675.60;0.00;21734.3;7.08;5.14;0.00;21/09/2024 16:10:56;
22/09/2024;12;2.0TD;3;0.000096386733000000;0.140;0.776951276;42.972118;0.557;2.195;40.220118;12.27;5.19490;1.27460;0.75;0.25;69.90542;90.68500;101.96000;73.51000;91.63000;1748.0;275.0;234.0;48.0;14.14;0.000;0.17498;0.04096;0.00;0.000;0.529;0.947;0.000;0.557;35.280;11.87;21.19;22215.9;1004.30;10.01;3.08;1.05;204894.76;18281.60;0.00;22290.5;9.19;0.82;0.00;21/09/2024 16:10:56;
22/09/2024;13;2.0TD;3;0.000099126186000000;0.139;0.770301148;42.359364;0.557;2.195;39.607364;11.78;5.19490;1.27460;0.75;0.25;69.90542;90.68500;101.96000;73.51000;91.63000;1748.0;275.0;234.0;48.0;14.13;0.000;0.17498;0.04096;0.00;0.000;0.522;0.947;0.000;0.557;34.773;11.68;13.70;21815.6;1099.70;10.00;3.08;1.05;205208.16;18397.60;0.00;22350.5;9.18;0.82;0.00;21/09/2024 16:10:56;
22/09/2024;14;2.0TD;3;0.000106205365000000;0.138;0.768407531;28.529754;0.557;2.195;25.777754;0.09;5.19490;1.27460;0.75;0.25;69.90542;90.68500;101.96000;73.51000;91.63000;1748.0;275.0;234.0;48.0;13.88;0.000;0.17498;0.04096;0.00;0.000;0.340;0.947;0.000;0.557;22.651;0.10;0.00;22939.4;1244.60;9.75;3.08;1.05;220241.48;5027.20;0.00;23108.1;9.53;0.22;0.00;21/09/2024 16:10:56;
22/09/2024;15;2.0TD;3;0.000107889130000000;0.138;0.765362240;28.437576;0.557;2.195;25.685576;0.01;5.19490;1.27460;0.75;0.25;69.90542;90.68500;101.96000;73.51000;91.63000;1748.0;275.0;234.0;48.0;13.88;0.000;0.17498;0.04096;0.00;0.000;0.339;0.947;0.000;0.557;22.570;0.01;0.01;22797.8;1318.10;9.75;3.08;1.05;220323.20;5011.20;0.00;23110.9;9.53;0.22;0.00;21/09/2024 16:10:56;
22/09/2024;16;2.0TD;3;0.000097932478000000;0.142;0.787909586;31.599839;0.557;2.195;28.847839;2.08;5.19490;1.27460;0.75;0.25;69.90542;90.68500;101.96000;73.51000;91.63000;1748.0;275.0;234.0;48.0;14.46;0.000;0.17498;0.04096;0.00;0.000;0.379;0.947;0.000;0.557;25.260;2.00;3.32;22154.3;1349.20;10.33;3.08;1.05;217746.64;8671.92;0.00;21917.3;9.93;0.40;0.00;21/09/2024 16:10:56;
22/09/2024;17;2.0TD;3;0.000093725949000000;0.147;0.817838540;31.923427;0.557;2.195;29.171427;2.08;5.19490;1.27460;0.75;0.25;69.90542;90.68500;101.96000;73.51000;91.63000;1748.0;275.0;234.0;48.0;14.63;0.000;0.17498;0.04096;0.00;0.000;0.381;0.947;0.000;0.557;25.432;2.00;3.32;21603.9;1423.90;10.50;3.08;1.05;217769.00;8583.60;0.00;21554.2;10.10;0.40;0.00;21/09/2024 16:10:56;
22/09/2024;18;2.0TD;3;0.000095119501000000;0.156;0.866210251;65.624302;0.557;2.195;62.872302;29.32;5.19490;1.27460;0.75;0.25;69.90542;90.68500;101.96000;73.51000;91.63000;1748.0;275.0;234.0;48.0;15.91;0.000;0.17498;0.04096;0.00;0.000;0.816;0.947;0.000;0.557;54.387;28.45;44.07;20335.9;1198.40;11.78;3.08;1.05;182717.20;69690.00;0.00;21434.7;8.52;3.25;0.00;21/09/2024 16:10:56;
22/09/2024;19;2.0TD;3;0.000098944537000000;0.161;0.896302657;114.328517;0.557;2.195;111.576517;70.00;5.19490;1.27460;0.75;0.25;69.90542;90.68500;101.96000;73.51000;91.63000;1748.0;275.0;234.0;48.0;16.32;0.000;0.17498;0.04096;0.00;0.000;1.442;0.947;0.000;0.557;96.103;70.00;70.00;18431.2;663.90;12.19;3.08;1.05;121575.48;148239.00;0.00;22141.2;5.49;6.70;0.00;21/09/2024 16:10:56;
22/09/2024;20;2.0TD;3;0.000103764914000000;0.162;0.899468639;232.688333;0.557;2.195;229.936333;102.66;5.19490;1.27460;0.75;0.25;69.90542;90.68500;101.96000;73.51000;91.63000;1748.0;275.0;234.0;48.0;83.91;0.000;0.17498;0.04096;0.00;0.000;2.968;0.947;0.000;0.557;197.879;102.69;102.19;15199.1;1134.00;79.78;3.08;1.05;55771.92;1737120.00;0.00;22473.2;2.48;77.30;0.00;21/09/2024 16:10:56;
22/09/2024;21;2.0TD;3;0.000123538413000000;0.157;0.874321852;150.168615;0.557;2.195;147.416615;110.22;5.19490;1.27460;0.75;0.25;69.90542;90.68500;101.96000;73.51000;91.63000;1748.0;275.0;234.0;48.0;6.94;0.000;0.17498;0.04096;0.00;0.000;1.911;0.947;0.000;0.557;127.412;110.22;110.22;15703.6;1044.60;2.81;3.08;1.05;45985.16;22288.00;0.00;24300.8;1.89;0.92;0.00;21/09/2024 16:10:56;
22/09/2024;22;2.0TD;3;0.000138292369000000;0.153;0.849154724;156.495101;0.557;2.195;153.743101;114.67;5.19490;1.27460;0.75;0.25;69.90542;90.68500;101.96000;73.51000;91.63000;1748.0;275.0;234.0;48.0;8.33;0.000;0.17498;0.04096;0.00;0.000;2.000;0.947;0.000;0.557;133.341;114.53;116.74;16663.5;1162.10;4.20;3.08;1.05;60341.64;19116.00;24859.38;24842.4;2.43;0.77;1.00;21/09/2024 16:10:56;
22/09/2024;23;2.0TD;3;0.000124701155000000;0.158;0.876643771;144.100728;0.557;2.195;141.348728;102.74;5.19490;1.27460;0.75;0.25;69.90542;90.68500;101.96000;73.51000;91.63000;1748.0;275.0;234.0;48.0;9.15;0.000;0.17498;0.04096;0.00;0.000;1.831;0.947;0.000;0.557;122.062;102.74;102.74;16464.1;1239.30;5.02;3.08;1.05;72789.32;21199.20;24859.38;23672.5;3.07;0.90;1.05;21/09/2024 16:10:56;
22/09/2024;24;2.0TD;3;0.000106990748000000;0.164;0.909920130;142.197809;0.557;2.195;139.445809;99.94;5.19490;1.27460;0.75;0.25;69.90542;90.68500;101.96000;73.51000;91.63000;1748.0;275.0;234.0;48.0;9.72;0.000;0.17498;0.04096;0.00;0.000;1.797;0.947;0.000;0.557;119.798;99.98;99.48;15417.8;1260.20;5.59;3.08;1.05;71689.72;25504.00;24859.38;21858.1;3.28;1.17;1.14;21/09/2024 16:10:56;
*
