pvpcdata;
2024;07;09;11;18;07;
15/06/2024;1;2.0TD;3;0.000099284191000000;0.172;0.958193781;89.768134;0.557;2.195;87.016134;37.93;14.52812;1.13101;0.75;0.25;19.69333;77.80580;101.96000;48.69000;52.19000;1736.5;275.0;154.0;62.0;17.05;0.000;0.17498;0.04096;0.00;0.000;1.114;0.947;0.000;0.557;74.245;38.10;34.12;19142.9;829.70;12.71;3.20;1.14;229533.12;52478.32;24859.38;24148.8;9.50;2.17;1.03;14/06/2024 16:13:10;
15/06/2024;2;2.0TD;3;0.000085784934000000;0.172;0.958115702;87.673770;0.557;2.195;84.921770;35.02;14.52812;1.13101;0.75;0.25;19.69333;77.80580;101.96000;48.69000;52.19000;1736.5;275.0;154.0;62.0;18.20;0.000;0.17498;0.04096;0.00;0.000;1.087;0.947;0.000;0.557;72.458;35.02;35.02;18824.6;885.80;13.86;3.20;1.14;233086.44;57847.60;24859.38;22783.5;10.23;2.54;1.09;14/06/2024 16:13:10;
15/06/2024;3;2.0TD;3;0.000075678334000000;0.173;0.962284783;88.257656;0.557;2.195;85.505656;34.53;14.52812;1.13101;0.75;0.25;19.69333;77.80580;101.96000;48.69000;52.19000;1736.5;275.0;154.0;62.0;19.12;0.000;0.17498;0.04096;0.00;0.000;1.093;0.947;0.000;0.557;72.894;35.02;25.00;17742.9;915.70;14.78;3.20;1.14;236780.92;60619.68;24859.38;21806.4;10.86;2.78;1.14;14/06/2024 16:13:10;
15/06/2024;4;2.0TD;3;0.000069925884000000;0.173;0.962651741;85.578524;0.557;2.195;82.826524;34.54;14.52812;1.13101;0.75;0.25;19.69333;77.80580;101.96000;48.69000;52.19000;1736.5;275.0;154.0;62.0;16.86;0.000;0.17498;0.04096;0.00;0.000;1.059;0.947;0.000;0.557;70.610;35.02;25.00;17052.5;848.70;12.52;3.20;1.14;202175.76;62680.80;0.00;21148.7;9.56;2.96;0.00;14/06/2024 16:13:10;
15/06/2024;5;2.0TD;3;0.000066882186000000;0.173;0.959697035;85.876466;0.557;2.195;83.124466;34.13;14.52812;1.13101;0.75;0.25;19.69333;77.80580;101.96000;48.69000;52.19000;1736.5;275.0;154.0;62.0;17.52;0.000;0.17498;0.04096;0.00;0.000;1.063;0.947;0.000;0.557;70.864;35.02;20.11;16465.9;1050.00;13.18;3.20;1.14;210765.60;62744.76;0.00;20748.2;10.16;3.02;0.00;14/06/2024 16:13:10;
15/06/2024;6;2.0TD;3;0.000065839800000000;0.173;0.963557240;86.066492;0.557;2.195;83.314492;34.16;14.52812;1.13101;0.75;0.25;19.69333;77.80580;101.96000;48.69000;52.19000;1736.5;275.0;154.0;62.0;17.65;0.000;0.17498;0.04096;0.00;0.000;1.065;0.947;0.000;0.557;71.026;35.02;21.02;16230.7;1057.70;13.31;3.20;1.14;211386.40;62720.00;0.00;20594.0;10.26;3.05;0.00;14/06/2024 16:13:10;
15/06/2024;7;2.0TD;3;0.000064304471000000;0.171;0.950638793;85.425593;0.557;2.195;82.673593;34.75;14.52812;1.13101;0.75;0.25;19.69333;77.80580;101.96000;48.69000;52.19000;1736.5;275.0;154.0;62.0;16.64;0.000;0.17498;0.04096;0.00;0.000;1.059;0.947;0.000;0.557;70.600;35.02;30.02;16400.0;939.00;12.30;3.20;1.14;197267.32;57691.92;0.00;20722.8;9.52;2.78;0.00;14/06/2024 16:13:10;
15/06/2024;8;2.0TD;3;0.000065359763000000;0.162;0.901205194;94.900747;0.557;2.195;92.148747;34.48;14.52812;1.13101;0.75;0.25;19.69333;77.80580;101.96000;48.69000;52.19000;1736.5;275.0;154.0;62.0;25.48;0.000;0.17498;0.04096;0.00;0.000;1.190;0.947;0.000;0.557;79.301;35.01;25.00;16890.9;945.10;21.14;3.20;1.14;213075.20;234785.32;0.00;21180.6;10.06;11.08;0.00;14/06/2024 16:13:10;
15/06/2024;9;2.0TD;3;0.000078475084000000;0.149;0.828000687;74.236860;0.557;2.195;71.484860;17.24;14.52812;1.13101;0.75;0.25;19.69333;77.80580;101.96000;48.69000;52.19000;1736.5;275.0;154.0;62.0;25.89;0.000;0.17498;0.04096;0.00;0.000;0.933;0.947;0.000;0.557;62.214;17.80;9.84;19331.8;1461.80;21.55;3.20;1.14;221910.32;266509.24;0.00;22662.8;9.79;11.76;0.00;14/06/2024 16:13:10;
15/06/2024;10;2.0TD;3;0.000096106094000000;0.145;0.806128685;45.973286;0.557;2.195;43.221286;-0.30;14.52812;1.13101;0.75;0.25;19.69333;77.80580;101.96000;48.69000;52.19000;1736.5;275.0;154.0;62.0;19.33;0.000;0.17498;0.04096;0.00;0.000;0.566;0.947;0.000;0.557;37.747;0.00;-5.00;21271.8;2086.50;14.99;3.20;1.14;254351.48;104485.68;0.00;23937.7;10.63;4.36;0.00;14/06/2024 16:13:10;
15/06/2024;11;2.0TD;3;0.000109297961000000;0.145;0.804188933;40.882616;0.557;2.195;38.130616;-0.51;14.52812;1.13101;0.75;0.25;19.69333;77.80580;101.96000;48.69000;52.19000;1736.5;275.0;154.0;62.0;15.16;0.000;0.17498;0.04096;0.00;0.000;0.500;0.947;0.000;0.557;33.301;-0.01;-7.00;21698.2;1677.20;10.82;3.20;1.14;255975.08;12328.00;0.00;24787.2;10.33;0.50;0.00;14/06/2024 16:13:10;
15/06/2024;12;2.0TD;3;0.000114863696000000;0.144;0.800202923;40.383706;0.557;2.195;37.631706;-1.01;14.52812;1.13101;0.75;0.25;19.69333;77.80580;101.96000;48.69000;52.19000;1736.5;275.0;154.0;62.0;15.26;0.000;0.17498;0.04096;0.00;0.000;0.493;0.947;0.000;0.557;32.894;-0.60;-7.00;21288.7;1442.90;10.92;3.20;1.14;257815.60;12793.20;0.00;24778.1;10.40;0.52;0.00;14/06/2024 16:13:10;
15/06/2024;13;2.0TD;3;0.000119485931000000;0.145;0.807916013;40.626136;0.557;2.195;37.874136;-0.66;14.52812;1.13101;0.75;0.25;19.69333;77.80580;101.96000;48.69000;52.19000;1736.5;275.0;154.0;62.0;15.09;0.000;0.17498;0.04096;0.00;0.000;0.496;0.947;0.000;0.557;33.077;-0.25;-6.51;23009.5;1593.40;10.75;3.20;1.14;255259.68;10855.68;0.00;24756.6;10.31;0.44;0.00;14/06/2024 16:13:10;
15/06/2024;14;2.0TD;3;0.000128379354000000;0.142;0.788991041;42.138264;0.557;2.195;39.386264;-0.80;14.52812;1.13101;0.75;0.25;19.69333;77.80580;101.96000;48.69000;52.19000;1736.5;275.0;154.0;62.0;16.62;0.000;0.17498;0.04096;0.00;0.000;0.517;0.947;0.000;0.557;34.488;-0.50;-5.50;23177.2;1501.30;12.28;3.20;1.14;292718.04;12986.40;0.00;24896.0;11.76;0.52;0.00;14/06/2024 16:13:10;
15/06/2024;15;2.0TD;3;0.000128589431000000;0.142;0.789278245;42.266168;0.557;2.195;39.514168;-0.90;14.52812;1.13101;0.75;0.25;19.69333;77.80580;101.96000;48.69000;52.19000;1736.5;275.0;154.0;62.0;16.83;0.000;0.17498;0.04096;0.00;0.000;0.519;0.947;0.000;0.557;34.600;-0.60;-5.60;22586.4;1463.50;12.49;3.20;1.14;293666.04;13045.20;0.00;24559.0;11.96;0.53;0.00;14/06/2024 16:13:10;
15/06/2024;16;2.0TD;3;0.000115725149000000;0.147;0.818296305;42.963351;0.557;2.195;40.211351;-1.04;14.52812;1.13101;0.75;0.25;19.69333;77.80580;101.96000;48.69000;52.19000;1736.5;275.0;154.0;62.0;17.42;0.000;0.17498;0.04096;0.00;0.000;0.526;0.947;0.000;0.557;35.057;-0.72;-5.72;21460.3;1457.30;13.08;3.20;1.14;294251.16;13045.20;0.00;23492.2;12.53;0.56;0.00;14/06/2024 16:13:10;
15/06/2024;17;2.0TD;3;0.000106857280000000;0.153;0.852695308;43.501150;0.557;2.195;40.749150;-1.12;14.52812;1.13101;0.75;0.25;19.69333;77.80580;101.96000;48.69000;52.19000;1736.5;275.0;154.0;62.0;17.78;0.000;0.17498;0.04096;0.00;0.000;0.530;0.947;0.000;0.557;35.341;-0.79;-5.79;20832.4;1465.50;13.44;3.20;1.14;294722.20;12852.00;0.00;22887.4;12.88;0.56;0.00;14/06/2024 16:13:10;
15/06/2024;18;2.0TD;3;0.000103338233000000;0.161;0.892281754;43.948747;0.557;2.195;41.196747;-0.92;14.52812;1.13101;0.75;0.25;19.69333;77.80580;101.96000;48.69000;52.19000;1736.5;275.0;154.0;62.0;17.72;0.000;0.17498;0.04096;0.00;0.000;0.532;0.947;0.000;0.557;35.483;-0.62;-5.62;20862.8;1630.80;13.38;3.20;1.14;294191.72;12919.20;0.00;22955.0;12.82;0.56;0.00;14/06/2024 16:13:10;
15/06/2024;19;2.0TD;3;0.000102505530000000;0.165;0.918025799;45.498003;0.557;2.195;42.746003;0.03;14.52812;1.13101;0.75;0.25;19.69333;77.80580;101.96000;48.69000;52.19000;1736.5;275.0;154.0;62.0;17.96;0.000;0.17498;0.04096;0.00;0.000;0.550;0.947;0.000;0.557;36.691;0.00;0.44;22871.1;1774.30;13.62;3.20;1.14;289010.04;27207.20;0.00;23216.7;12.45;1.17;0.00;14/06/2024 16:13:10;
15/06/2024;20;2.0TD;3;0.000102157810000000;0.174;0.964129743;57.496615;0.557;2.195;54.744615;9.44;14.52812;1.13101;0.75;0.25;19.69333;77.80580;101.96000;48.69000;52.19000;1736.5;275.0;154.0;62.0;18.34;0.000;0.17498;0.04096;0.00;0.000;0.699;0.947;0.000;0.557;46.630;9.59;7.09;22551.5;1461.00;14.00;3.20;1.14;242663.00;97498.80;0.00;24298.6;9.99;4.01;0.00;14/06/2024 16:13:10;
15/06/2024;21;2.0TD;3;0.000105205527000000;0.181;1.005257609;85.519843;0.557;2.195;82.767843;34.73;14.52812;1.13101;0.75;0.25;19.69333;77.80580;101.96000;48.69000;52.19000;1736.5;275.0;154.0;62.0;16.15;0.000;0.17498;0.04096;0.00;0.000;1.051;0.947;0.000;0.557;70.082;35.01;30.01;20041.3;1182.10;11.81;3.20;1.14;61768.56;234195.16;0.00;25060.4;2.46;9.35;0.00;14/06/2024 16:13:10;
15/06/2024;22;2.0TD;3;0.000114247101000000;0.184;1.023879914;84.071308;0.557;2.195;81.319308;41.64;14.52812;1.13101;0.75;0.25;19.69333;77.80580;101.96000;48.69000;52.19000;1736.5;275.0;154.0;62.0;7.86;0.000;0.17498;0.04096;0.00;0.000;1.030;0.947;0.000;0.557;68.681;41.64;41.64;16772.2;1111.60;3.52;3.20;1.14;46084.60;19152.00;24859.38;25576.3;1.80;0.75;0.97;14/06/2024 16:13:10;
15/06/2024;23;2.0TD;3;0.000122578956000000;0.183;1.017770033;92.061222;0.557;2.195;89.309222;47.70;14.52812;1.13101;0.75;0.25;19.69333;77.80580;101.96000;48.69000;52.19000;1736.5;275.0;154.0;62.0;8.51;0.000;0.17498;0.04096;0.00;0.000;1.132;0.947;0.000;0.557;75.493;47.70;47.70;16610.4;1185.90;4.17;3.20;1.14;43409.48;35814.24;24859.38;24983.9;1.74;1.43;1.00;14/06/2024 16:13:10;
15/06/2024;24;2.0TD;3;0.000111647788000000;0.182;1.013272177;84.497758;0.557;2.195;81.745758;41.76;14.52812;1.13101;0.75;0.25;19.69333;77.80580;101.96000;48.69000;52.19000;1736.5;275.0;154.0;62.0;8.21;0.000;0.17498;0.04096;0.00;0.000;1.037;0.947;0.000;0.557;69.158;41.76;41.76;16087.4;1009.00;3.87;3.20;1.14;46054.32;19152.00;24859.38;23307.3;1.98;0.82;1.07;14/06/2024 16:13:10;
*
