pvpcdata;
2024;06;11;12;31;02;
12/05/2024;1;2.0TD;3;0.000088708642000000;0.198;1.101227227;89.676017;0.557;2.195;86.924017;34.34;13.47210;1.09406;0.75;0.25;21.53042;75.41880;101.96000;48.69000;28.32000;1791.5;275.0;154.0;61.0;20.67;0.000;0.17498;0.04096;0.00;0.000;1.088;0.947;0.000;0.557;72.557;35.01;27.89;16485.5;1719.50;16.26;3.16;1.25;283629.76;41240.64;24859.38;21510.6;13.19;1.92;1.16;11/05/2024 16:08:23;
12/05/2024;2;2.0TD;3;0.000075168218000000;0.200;1.112420602;91.258732;0.557;2.195;88.506732;33.45;13.47210;1.09406;0.75;0.25;21.53042;75.41880;101.96000;48.69000;28.32000;1791.5;275.0;154.0;61.0;22.74;0.000;0.17498;0.04096;0.00;0.000;1.106;0.947;0.000;0.557;73.755;35.00;20.02;15254.0;1763.50;18.33;3.16;1.25;329843.68;41292.32;0.00;20243.3;16.29;2.04;0.00;11/05/2024 16:08:23;
12/05/2024;3;2.0TD;3;0.000065765803000000;0.204;1.134049047;94.304895;0.557;2.195;91.552895;33.25;13.47210;1.09406;0.75;0.25;21.53042;75.41880;101.96000;48.69000;28.32000;1791.5;275.0;154.0;61.0;25.19;0.000;0.17498;0.04096;0.00;0.000;1.141;0.947;0.000;0.557;76.040;35.00;20.02;14322.5;1900.50;20.78;3.16;1.25;369371.52;33984.16;0.00;19407.9;19.03;1.75;0.00;11/05/2024 16:08:23;
12/05/2024;4;2.0TD;3;0.000060760812000000;0.205;1.136222997;98.368280;0.557;2.195;95.616280;33.43;13.47210;1.09406;0.75;0.25;21.53042;75.41880;101.96000;48.69000;28.32000;1791.5;275.0;154.0;61.0;28.27;0.000;0.17498;0.04096;0.00;0.000;1.190;0.947;0.000;0.557;79.349;35.00;20.01;13724.9;1606.80;23.86;3.16;1.25;399947.64;46696.28;0.00;18717.0;21.37;2.49;0.00;11/05/2024 16:08:23;
12/05/2024;5;2.0TD;3;0.000058339548000000;0.205;1.139602405;98.869560;0.557;2.195;96.117560;33.53;13.47210;1.09406;0.75;0.25;21.53042;75.41880;101.96000;48.69000;28.32000;1791.5;275.0;154.0;61.0;28.58;0.000;0.17498;0.04096;0.00;0.000;1.196;0.947;0.000;0.557;79.765;35.00;20.01;13389.4;1453.10;24.17;3.16;1.25;401737.92;43885.56;0.00;18433.4;21.79;2.38;0.00;11/05/2024 16:08:23;
12/05/2024;6;2.0TD;3;0.000057742723000000;0.205;1.138176963;97.952555;0.557;2.195;95.200555;33.57;13.47210;1.09406;0.75;0.25;21.53042;75.41880;101.96000;48.69000;28.32000;1791.5;275.0;154.0;61.0;27.79;0.000;0.17498;0.04096;0.00;0.000;1.185;0.947;0.000;0.557;79.004;35.00;20.01;13469.2;1422.10;23.38;3.16;1.25;383032.24;46440.76;0.00;18370.7;20.85;2.53;0.00;11/05/2024 16:08:23;
12/05/2024;7;2.0TD;3;0.000057606027000000;0.202;1.122721195;97.691502;0.557;2.195;94.939502;34.39;13.47210;1.09406;0.75;0.25;21.53042;75.41880;101.96000;48.69000;28.32000;1791.5;275.0;154.0;61.0;26.95;0.000;0.17498;0.04096;0.00;0.000;1.185;0.947;0.000;0.557;78.984;35.00;27.61;13418.4;1211.90;22.54;3.16;1.25;374813.56;41266.48;0.00;18462.2;20.30;2.24;0.00;11/05/2024 16:08:23;
12/05/2024;8;2.0TD;3;0.000057069341000000;0.199;1.107419227;98.196729;0.557;2.195;95.444729;33.52;13.47210;1.09406;0.75;0.25;21.53042;75.41880;101.96000;48.69000;28.32000;1791.5;275.0;154.0;61.0;28.43;0.000;0.17498;0.04096;0.00;0.000;1.194;0.947;0.000;0.557;79.603;34.07;27.61;13528.8;1251.60;24.02;3.16;1.25;399913.72;43273.84;0.00;18453.2;21.67;2.35;0.00;11/05/2024 16:08:23;
12/05/2024;9;2.0TD;3;0.000068357914000000;0.179;0.993139702;65.388274;0.557;2.195;62.636274;2.33;13.47210;1.09406;0.75;0.25;21.53042;75.41880;101.96000;48.69000;28.32000;1791.5;275.0;154.0;61.0;33.54;0.000;0.17498;0.04096;0.00;0.000;0.797;0.947;0.000;0.557;53.126;2.35;2.00;16731.7;1201.50;29.13;3.16;1.25;475484.32;84276.16;0.00;19214.1;24.75;4.39;0.00;11/05/2024 16:08:23;
12/05/2024;10;2.0TD;3;0.000086908464000000;0.162;0.900960019;52.263205;0.557;2.195;49.511205;-0.28;13.47210;1.09406;0.75;0.25;21.53042;75.41880;101.96000;48.69000;28.32000;1791.5;275.0;154.0;61.0;25.79;0.000;0.17498;0.04096;0.00;0.000;0.639;0.947;0.000;0.557;42.608;0.00;-4.98;20258.3;1469.10;21.38;3.16;1.25;351640.88;86037.00;0.00;20470.0;17.18;4.20;0.00;11/05/2024 16:08:23;
12/05/2024;11;2.0TD;3;0.000102234770000000;0.149;0.825152296;43.228524;0.557;2.195;40.476524;-0.45;13.47210;1.09406;0.75;0.25;21.53042;75.41880;101.96000;48.69000;28.32000;1791.5;275.0;154.0;61.0;18.69;0.000;0.17498;0.04096;0.00;0.000;0.528;0.947;0.000;0.557;35.227;0.00;-6.32;21587.9;1660.30;14.28;3.16;1.25;283204.84;20740.80;0.00;21282.7;13.31;0.97;0.00;11/05/2024 16:08:23;
12/05/2024;12;2.0TD;3;0.000108784793000000;0.148;0.822150178;42.738689;0.557;2.195;39.986689;-1.17;13.47210;1.09406;0.75;0.25;21.53042;75.41880;101.96000;48.69000;28.32000;1791.5;275.0;154.0;61.0;19.02;0.000;0.17498;0.04096;0.00;0.000;0.522;0.947;0.000;0.557;34.831;-0.75;-6.73;21127.7;1584.20;14.61;3.16;1.25;298866.24;16546.40;0.00;21585.4;13.85;0.77;0.00;11/05/2024 16:08:23;
12/05/2024;13;2.0TD;3;0.000111392756000000;0.148;0.820552373;43.426341;0.557;2.195;40.674341;-1.06;13.47210;1.09406;0.75;0.25;21.53042;75.41880;101.96000;48.69000;28.32000;1791.5;275.0;154.0;61.0;19.50;0.000;0.17498;0.04096;0.00;0.000;0.531;0.947;0.000;0.557;35.430;-0.62;-6.63;21870.3;1709.10;15.09;3.16;1.25;310401.56;16556.80;0.00;21669.2;14.32;0.76;0.00;11/05/2024 16:08:23;
12/05/2024;14;2.0TD;3;0.000117400508000000;0.144;0.799941388;42.402594;0.557;2.195;39.650594;-1.08;13.47210;1.09406;0.75;0.25;21.53042;75.41880;101.96000;48.69000;28.32000;1791.5;275.0;154.0;61.0;18.76;0.000;0.17498;0.04096;0.00;0.000;0.520;0.947;0.000;0.557;34.659;-0.66;-6.63;22275.7;1705.00;14.35;3.16;1.25;299025.12;16556.80;0.00;21992.9;13.60;0.75;0.00;11/05/2024 16:08:23;
12/05/2024;15;2.0TD;3;0.000115175714000000;0.144;0.800409299;42.553602;0.557;2.195;39.801602;-1.08;13.47210;1.09406;0.75;0.25;21.53042;75.41880;101.96000;48.69000;28.32000;1791.5;275.0;154.0;61.0;18.89;0.000;0.17498;0.04096;0.00;0.000;0.522;0.947;0.000;0.557;34.791;-0.66;-6.63;22124.3;1665.50;14.48;3.16;1.25;288511.72;23850.00;0.00;21566.2;13.38;1.11;0.00;11/05/2024 16:08:23;
12/05/2024;16;2.0TD;3;0.000099200356000000;0.153;0.850614853;43.346375;0.557;2.195;40.594375;-1.46;13.47210;1.09406;0.75;0.25;21.53042;75.41880;101.96000;48.69000;28.32000;1791.5;275.0;154.0;61.0;19.68;0.000;0.17498;0.04096;0.00;0.000;0.528;0.947;0.000;0.557;35.207;-1.00;-8.00;20896.1;1482.30;15.27;3.16;1.25;289671.36;23865.00;0.00;20536.8;14.10;1.16;0.00;11/05/2024 16:08:23;
12/05/2024;17;2.0TD;3;0.000090004212000000;0.159;0.880682831;44.251861;0.557;2.195;41.499861;-1.45;13.47210;1.09406;0.75;0.25;21.53042;75.41880;101.96000;48.69000;28.32000;1791.5;275.0;154.0;61.0;20.26;0.000;0.17498;0.04096;0.00;0.000;0.537;0.947;0.000;0.557;35.806;-1.00;-7.90;20030.9;1405.60;15.85;3.16;1.25;290539.44;28620.00;0.00;20130.6;14.43;1.42;0.00;11/05/2024 16:08:23;
12/05/2024;18;2.0TD;3;0.000087423208000000;0.163;0.904995943;49.908871;0.557;2.195;47.156871;0.00;13.47210;1.09406;0.75;0.25;21.53042;75.41880;101.96000;48.69000;28.32000;1791.5;275.0;154.0;61.0;23.48;0.000;0.17498;0.04096;0.00;0.000;0.608;0.947;0.000;0.557;40.547;0.00;0.00;20421.8;1204.80;19.07;3.16;1.25;369139.80;15850.00;0.00;20186.1;18.29;0.79;0.00;11/05/2024 16:08:23;
12/05/2024;19;2.0TD;3;0.000089264031000000;0.168;0.932452749;65.040985;0.557;2.195;62.288985;14.24;13.47210;1.09406;0.75;0.25;21.53042;75.41880;101.96000;48.69000;28.32000;1791.5;275.0;154.0;61.0;21.83;0.000;0.17498;0.04096;0.00;0.000;0.800;0.947;0.000;0.557;53.329;14.30;13.30;21288.5;1334.60;17.42;3.16;1.25;314250.32;52095.68;0.00;21026.5;14.95;2.48;0.00;11/05/2024 16:08:23;
12/05/2024;20;2.0TD;3;0.000094325142000000;0.173;0.962010943;82.730202;0.557;2.195;79.978202;35.04;13.47210;1.09406;0.75;0.25;21.53042;75.41880;101.96000;48.69000;28.32000;1791.5;275.0;154.0;61.0;15.66;0.000;0.17498;0.04096;0.00;0.000;1.023;0.947;0.000;0.557;68.182;35.00;36.00;18923.8;825.20;11.25;3.16;1.25;189961.68;55594.16;0.00;21823.1;8.70;2.55;0.00;11/05/2024 16:08:23;
12/05/2024;21;2.0TD;3;0.000106439871000000;0.176;0.977091275;81.167222;0.557;2.195;78.415222;39.87;13.47210;1.09406;0.75;0.25;21.53042;75.41880;101.96000;48.69000;28.32000;1791.5;275.0;154.0;61.0;9.35;0.000;0.17498;0.04096;0.00;0.000;1.000;0.947;0.000;0.557;66.679;39.53;45.46;17759.6;1067.10;4.94;3.16;1.25;86186.24;26925.00;0.00;22875.9;3.77;1.18;0.00;11/05/2024 16:08:23;
12/05/2024;22;2.0TD;3;0.000127280330000000;0.174;0.966951855;108.078127;0.557;2.195;105.326127;61.80;13.47210;1.09406;0.75;0.25;21.53042;75.41880;101.96000;48.69000;28.32000;1791.5;275.0;154.0;61.0;10.11;0.000;0.17498;0.04096;0.00;0.000;1.346;0.947;0.000;0.557;89.715;61.50;70.00;18433.6;670.00;5.70;3.16;1.25;98804.40;14346.00;24859.38;24249.0;4.07;0.59;1.03;11/05/2024 16:08:23;
12/05/2024;23;2.0TD;3;0.000123525322000000;0.179;0.992944833;95.431552;0.557;2.195;92.679552;49.98;13.47210;1.09406;0.75;0.25;21.53042;75.41880;101.96000;48.69000;28.32000;1791.5;275.0;154.0;61.0;10.99;0.000;0.17498;0.04096;0.00;0.000;1.179;0.947;0.000;0.557;78.608;49.98;50.00;18012.2;700.80;6.58;3.16;1.25;110253.12;21997.20;24859.38;23891.5;4.61;0.92;1.04;11/05/2024 16:08:23;
12/05/2024;24;2.0TD;3;0.000103850687000000;0.185;1.026698583;84.510613;0.557;2.195;81.758613;39.82;13.47210;1.09406;0.75;0.25;21.53042;75.41880;101.96000;48.69000;28.32000;1791.5;275.0;154.0;61.0;11.68;0.000;0.17498;0.04096;0.00;0.000;1.035;0.947;0.000;0.557;68.994;39.68;43.12;16253.8;706.50;7.27;3.16;1.25;120271.20;14373.00;24859.38;21936.5;5.48;0.66;1.13;11/05/2024 16:08:23;
*
