pvpcdata;
2024;08;09;11;56;56;
30/07/2024;1;2.0TD;3;0.000108942099000000;0.166;0.923437699;139.480884;0.557;2.195;136.728884;110.20;-2.69442;0.88561;0.75;0.25;99.70667;88.92900;101.96000;73.51000;74.07000;2574.5;275.0;234.0;61.0;5.97;0.000;0.17498;0.04096;0.00;0.000;1.759;0.947;0.000;0.557;117.263;110.20;110.20;22788.3;2368.60;1.75;3.13;1.09;12839.72;11249.92;24859.38;27964.6;0.46;0.40;0.89;29/07/2024 16:10:06;
30/07/2024;2;2.0TD;3;0.000092540444000000;0.166;0.923816814;137.895124;0.557;2.195;135.143124;108.83;-2.69442;0.88561;0.75;0.25;99.70667;88.92900;101.96000;73.51000;74.07000;2574.5;275.0;234.0;61.0;6.00;0.000;0.17498;0.04096;0.00;0.000;1.739;0.947;0.000;0.557;115.903;108.83;108.83;20986.4;2364.30;1.78;3.13;1.09;13240.12;8304.40;24859.38;26107.3;0.51;0.32;0.95;29/07/2024 16:10:06;
30/07/2024;3;2.0TD;3;0.000082184119000000;0.167;0.927945525;137.347004;0.557;2.195;134.595004;107.81;-2.69442;0.88561;0.75;0.25;99.70667;88.92900;101.96000;73.51000;74.07000;2574.5;275.0;234.0;61.0;6.46;0.000;0.17498;0.04096;0.00;0.000;1.730;0.947;0.000;0.557;115.334;107.83;107.63;19758.5;2458.50;2.24;3.13;1.09;17252.00;13551.04;24859.38;24921.4;0.69;0.54;1.00;29/07/2024 16:10:06;
30/07/2024;4;2.0TD;3;0.000076357073000000;0.167;0.926500972;136.695818;0.557;2.195;133.943818;107.87;-2.69442;0.88561;0.75;0.25;99.70667;88.92900;101.96000;73.51000;74.07000;2574.5;275.0;234.0;61.0;5.85;0.000;0.17498;0.04096;0.00;0.000;1.722;0.947;0.000;0.557;114.776;108.33;104.23;18956.1;2423.50;1.63;3.13;1.09;30936.60;8623.80;0.00;24273.5;1.27;0.36;0.00;29/07/2024 16:10:06;
30/07/2024;5;2.0TD;3;0.000073070405000000;0.167;0.930518094;136.873202;0.557;2.195;134.121202;107.90;-2.69442;0.88561;0.75;0.25;99.70667;88.92900;101.96000;73.51000;74.07000;2574.5;275.0;234.0;61.0;5.97;0.000;0.17498;0.04096;0.00;0.000;1.724;0.947;0.000;0.557;114.928;108.48;103.48;18571.0;2429.50;1.75;3.13;1.09;30818.48;11186.00;0.00;23973.5;1.29;0.47;0.00;29/07/2024 16:10:06;
30/07/2024;6;2.0TD;3;0.000072097130000000;0.166;0.921442026;137.291136;0.557;2.195;134.539136;108.47;-2.69442;0.88561;0.75;0.25;99.70667;88.92900;101.96000;73.51000;74.07000;2574.5;275.0;234.0;61.0;5.85;0.000;0.17498;0.04096;0.00;0.000;1.731;0.947;0.000;0.557;115.385;108.95;104.85;18719.1;2468.80;1.63;3.13;1.09;30468.36;9076.64;0.00;24252.0;1.26;0.37;0.00;29/07/2024 16:10:06;
30/07/2024;7;2.0TD;3;0.000073841928000000;0.161;0.896669583;138.411592;0.557;2.195;135.659592;109.11;-2.69442;0.88561;0.75;0.25;99.70667;88.92900;101.96000;73.51000;74.07000;2574.5;275.0;234.0;61.0;6.65;0.000;0.17498;0.04096;0.00;0.000;1.753;0.947;0.000;0.557;116.847;109.13;108.93;20414.8;2150.90;2.43;3.13;1.09;29772.08;8437.44;24859.38;26023.5;1.14;0.32;0.96;29/07/2024 16:10:06;
30/07/2024;8;2.0TD;3;0.000077352640000000;0.159;0.883521082;140.578187;0.557;2.195;137.826187;111.43;-2.69442;0.88561;0.75;0.25;99.70667;88.92900;101.96000;73.51000;74.07000;2574.5;275.0;234.0;61.0;6.37;0.000;0.17498;0.04096;0.00;0.000;1.784;0.947;0.000;0.557;118.918;111.43;111.43;21527.4;2100.30;2.15;3.13;1.09;26990.40;8058.96;24859.38;27915.1;0.97;0.29;0.89;29/07/2024 16:10:06;
30/07/2024;9;2.0TD;2;0.000088449605000000;0.140;0.860711772;162.746561;19.184;8.779;134.783561;110.05;-2.69442;0.88561;0.75;0.25;99.70667;88.92900;101.96000;73.51000;74.07000;2574.5;275.0;234.0;61.0;6.92;0.154;0.17498;0.04096;0.00;0.000;1.773;0.947;0.000;0.557;118.231;110.06;109.91;22804.6;2344.40;2.70;3.13;1.09;32845.36;21555.00;24859.38;29352.0;1.12;0.73;0.85;29/07/2024 16:10:06;
30/07/2024;10;2.0TD;2;0.000100602559000000;0.139;0.854324317;158.709031;19.184;8.779;130.746031;106.14;-2.69442;0.88561;0.75;0.25;99.70667;88.92900;101.96000;73.51000;74.07000;2574.5;275.0;234.0;61.0;7.44;0.154;0.17498;0.04096;0.00;0.000;1.722;0.947;0.000;0.557;114.790;106.23;105.17;23886.4;2327.90;3.22;3.13;1.09;35542.92;38144.32;24859.38;30620.8;1.16;1.25;0.81;29/07/2024 16:10:06;
30/07/2024;11;2.0TD;1;0.000110046046000000;0.147;0.879197749;193.328196;33.081;43.893;116.354196;88.50;-2.69442;0.88561;0.75;0.25;99.70667;88.92900;101.96000;73.51000;74.07000;2574.5;275.0;234.0;61.0;11.16;0.926;0.17498;0.04096;0.00;0.000;1.522;0.947;0.000;0.557;101.442;88.50;88.50;24952.2;1657.70;6.94;3.13;1.09;56871.40;139084.00;24859.38;31828.3;1.79;4.37;0.78;29/07/2024 16:10:06;
30/07/2024;12;2.0TD;1;0.000115630728000000;0.149;0.889594554;177.257794;33.081;43.893;100.283794;76.12;-2.69442;0.88561;0.75;0.25;99.70667;88.92900;101.96000;73.51000;74.07000;2574.5;275.0;234.0;61.0;9.59;0.926;0.17498;0.04096;0.00;0.000;1.309;0.947;0.000;0.557;87.279;75.97;79.07;26249.9;1311.10;5.37;3.13;1.09;88969.68;61449.44;24859.38;32654.3;2.72;1.88;0.76;29/07/2024 16:10:06;
30/07/2024;13;2.0TD;1;0.000122700608000000;0.150;0.901134564;175.827073;33.081;43.893;98.853073;75.73;-2.69442;0.88561;0.75;0.25;99.70667;88.92900;101.96000;73.51000;74.07000;2574.5;275.0;234.0;61.0;8.68;0.926;0.17498;0.04096;0.00;0.000;1.289;0.947;0.000;0.557;85.959;75.58;78.57;27746.9;1486.20;4.46;3.13;1.09;89308.00;35731.28;24859.38;33600.3;2.66;1.06;0.74;29/07/2024 16:10:06;
30/07/2024;14;2.0TD;1;0.000133512650000000;0.147;0.882780537;174.789235;33.081;43.893;97.815235;75.15;-2.69442;0.88561;0.75;0.25;99.70667;88.92900;101.96000;73.51000;74.07000;2574.5;275.0;234.0;61.0;8.59;0.926;0.17498;0.04096;0.00;0.000;1.279;0.947;0.000;0.557;85.279;75.00;77.99;28665.2;1531.40;4.37;3.13;1.09;89994.16;36114.80;24859.38;34508.4;2.61;1.05;0.72;29/07/2024 16:10:06;
30/07/2024;15;2.0TD;2;0.000138323692000000;0.147;0.903614954;124.878987;19.184;8.779;96.915987;74.98;-2.69442;0.88561;0.75;0.25;99.70667;88.92900;101.96000;73.51000;74.07000;2574.5;275.0;234.0;61.0;8.76;0.154;0.17498;0.04096;0.00;0.000;1.267;0.947;0.000;0.557;84.495;74.98;74.98;29137.7;1488.00;4.54;3.13;1.09;90036.96;43849.12;24859.38;34977.6;2.57;1.25;0.71;29/07/2024 16:10:06;
30/07/2024;16;2.0TD;2;0.000133682789000000;0.145;0.890453227;117.236582;19.184;8.779;89.273582;68.38;-2.69442;0.88561;0.75;0.25;99.70667;88.92900;101.96000;73.51000;74.07000;2574.5;275.0;234.0;61.0;8.93;0.154;0.17498;0.04096;0.00;0.000;1.170;0.947;0.000;0.557;77.968;68.43;67.43;28959.0;1532.00;4.71;3.13;1.09;98047.48;40474.56;24859.38;34733.3;2.82;1.17;0.72;29/07/2024 16:10:06;
30/07/2024;17;2.0TD;2;0.000130615619000000;0.147;0.900378240;113.618888;19.184;8.779;85.655888;63.81;-2.69442;0.88561;0.75;0.25;99.70667;88.92900;101.96000;73.51000;74.07000;2574.5;275.0;234.0;61.0;10.26;0.154;0.17498;0.04096;0.00;0.000;1.120;0.947;0.000;0.557;74.678;64.00;60.00;28733.7;1465.90;6.04;3.13;1.09;129276.64;54745.16;24859.38;34618.7;3.73;1.58;0.72;29/07/2024 16:10:06;
30/07/2024;18;2.0TD;2;0.000130591285000000;0.149;0.911539470;124.581484;19.184;8.779;96.618484;73.96;-2.69442;0.88561;0.75;0.25;99.70667;88.92900;101.96000;73.51000;74.07000;2574.5;275.0;234.0;61.0;9.38;0.154;0.17498;0.04096;0.00;0.000;1.261;0.947;0.000;0.557;84.089;73.99;73.33;28697.4;1333.20;5.16;3.13;1.09;115817.72;37544.52;24859.38;34531.4;3.35;1.09;0.72;29/07/2024 16:10:06;
30/07/2024;19;2.0TD;1;0.000129957053000000;0.149;0.894464786;187.593049;33.081;43.893;110.619049;83.51;-2.69442;0.88561;0.75;0.25;99.70667;88.92900;101.96000;73.51000;74.07000;2574.5;275.0;234.0;61.0;11.06;0.926;0.17498;0.04096;0.00;0.000;1.444;0.947;0.000;0.557;96.274;83.74;79.54;25561.8;1512.00;6.84;3.13;1.09;98734.40;108847.20;24859.38;33987.2;2.91;3.20;0.73;29/07/2024 16:10:06;
30/07/2024;20;2.0TD;1;0.000127693081000000;0.152;0.910970192;211.775503;33.081;43.893;134.801503;108.31;-2.69442;0.88561;0.75;0.25;99.70667;88.92900;101.96000;73.51000;74.07000;2574.5;275.0;234.0;61.0;6.69;0.926;0.17498;0.04096;0.00;0.000;1.755;0.947;0.000;0.557;117.015;108.31;108.31;25960.7;1741.70;2.47;3.13;1.09;34019.00;23980.00;24859.38;33437.0;1.02;0.72;0.74;29/07/2024 16:10:06;
30/07/2024;21;2.0TD;1;0.000128463448000000;0.152;0.909686737;217.179535;33.081;43.893;140.205535;113.03;-2.69442;0.88561;0.75;0.25;99.70667;88.92900;101.96000;73.51000;74.07000;2574.5;275.0;234.0;61.0;6.59;0.926;0.17498;0.04096;0.00;0.000;1.826;0.947;0.000;0.557;121.706;113.03;113.03;26596.3;1938.60;2.37;3.13;1.09;37870.76;15807.00;24859.38;33075.9;1.14;0.48;0.75;29/07/2024 16:10:06;
30/07/2024;22;2.0TD;1;0.000139121207000000;0.151;0.901649135;253.012767;33.081;43.893;176.038767;141.92;-2.69442;0.88561;0.75;0.25;99.70667;88.92900;101.96000;73.51000;74.07000;2574.5;275.0;234.0;61.0;8.47;0.926;0.17498;0.04096;0.00;0.000;2.294;0.947;0.000;0.557;152.944;142.48;135.36;25570.1;2178.00;4.25;3.13;1.09;94620.76;20070.88;24859.38;32895.9;2.88;0.61;0.76;29/07/2024 16:10:06;
30/07/2024;23;2.0TD;2;0.000144996053000000;0.157;0.963203226;204.200935;19.184;8.779;176.237935;142.08;-2.69442;0.88561;0.75;0.25;99.70667;88.92900;101.96000;73.51000;74.07000;2574.5;275.0;234.0;61.0;8.47;0.154;0.17498;0.04096;0.00;0.000;2.285;0.947;0.000;0.557;152.323;142.48;137.48;25372.3;2227.80;4.25;3.13;1.09;93983.24;17130.56;24859.38;32024.5;2.93;0.53;0.78;29/07/2024 16:10:06;
30/07/2024;24;2.0TD;2;0.000130123465000000;0.156;0.955264718;175.482696;19.184;8.779;147.519696;116.49;-2.69442;0.88561;0.75;0.25;99.70667;88.92900;101.96000;73.51000;74.07000;2574.5;275.0;234.0;61.0;9.72;0.154;0.17498;0.04096;0.00;0.000;1.914;0.947;0.000;0.557;127.612;117.00;110.00;24720.6;1943.50;5.50;3.13;1.09;126615.92;12520.48;24859.38;29793.7;4.25;0.42;0.83;29/07/2024 16:10:06;
*
