pvpcdata;
2024;10;09;11;29;49;
28/09/2024;1;2.0TD;3;0.000093866742000000;0.166;0.922907464;135.555613;0.557;2.195;132.803613;86.28;10.96896;1.30171;0.75;0.25;46.80917;90.68500;101.96000;73.51000;91.63000;1711.6;275.0;234.0;48.0;9.91;0.000;0.17498;0.04096;0.00;0.000;1.708;0.947;0.000;0.557;113.896;86.04;90.00;15982.5;1032.50;5.78;3.08;1.05;78323.32;28500.72;24859.38;22760.7;3.44;1.25;1.09;27/09/2024 16:10:53;
28/09/2024;2;2.0TD;3;0.000081885344000000;0.171;0.950656036;125.972527;0.557;2.195;123.220527;75.38;10.96896;1.30171;0.75;0.25;46.80917;90.68500;101.96000;73.51000;91.63000;1711.6;275.0;234.0;48.0;12.27;0.000;0.17498;0.04096;0.00;0.000;1.578;0.947;0.000;0.557;105.226;75.10;79.49;14961.8;1030.60;8.14;3.08;1.05;103720.88;48791.76;24859.38;21797.3;4.76;2.24;1.14;27/09/2024 16:10:53;
28/09/2024;3;2.0TD;3;0.000073399957000000;0.175;0.972162049;105.935509;0.557;2.195;103.183509;54.71;10.96896;1.30171;0.75;0.25;46.80917;90.68500;101.96000;73.51000;91.63000;1711.6;275.0;234.0;48.0;15.79;0.000;0.17498;0.04096;0.00;0.000;1.317;0.947;0.000;0.557;87.815;54.00;65.00;14393.3;991.60;11.66;3.08;1.05;149407.88;68947.20;24859.38;20863.5;7.16;3.30;1.19;27/09/2024 16:10:53;
28/09/2024;4;2.0TD;3;0.000068416759000000;0.176;0.975011069;100.496124;0.557;2.195;97.744124;49.45;10.96896;1.30171;0.75;0.25;46.80917;90.68500;101.96000;73.51000;91.63000;1711.6;275.0;234.0;48.0;16.42;0.000;0.17498;0.04096;0.00;0.000;1.247;0.947;0.000;0.557;83.115;49.00;56.99;14952.9;901.00;12.29;3.08;1.05;178141.32;71436.96;0.00;20311.9;8.77;3.52;0.00;27/09/2024 16:10:53;
28/09/2024;5;2.0TD;3;0.000065778230000000;0.178;0.990256450;96.022214;0.557;2.195;93.270214;45.33;10.96896;1.30171;0.75;0.25;46.80917;90.68500;101.96000;73.51000;91.63000;1711.6;275.0;234.0;48.0;16.66;0.000;0.17498;0.04096;0.00;0.000;1.188;0.947;0.000;0.557;79.176;45.00;51.31;16290.9;900.50;12.53;3.08;1.05;184134.72;69133.20;0.00;20218.4;9.11;3.42;0.00;27/09/2024 16:10:53;
28/09/2024;6;2.0TD;3;0.000065101764000000;0.177;0.984698150;94.819002;0.557;2.195;92.067002;43.96;10.96896;1.30171;0.75;0.25;46.80917;90.68500;101.96000;73.51000;91.63000;1711.6;275.0;234.0;48.0;17.09;0.000;0.17498;0.04096;0.00;0.000;1.173;0.947;0.000;0.557;78.221;43.77;46.77;16270.9;1076.30;12.96;3.08;1.05;185991.04;74501.28;0.00;20102.8;9.25;3.71;0.00;27/09/2024 16:10:53;
28/09/2024;7;2.0TD;3;0.000066443211000000;0.173;0.962503476;95.351848;0.557;2.195;92.599848;45.41;10.96896;1.30171;0.75;0.25;46.80917;90.68500;101.96000;73.51000;91.63000;1711.6;275.0;234.0;48.0;16.35;0.000;0.17498;0.04096;0.00;0.000;1.184;0.947;0.000;0.557;78.942;45.00;53.00;16351.0;888.90;12.22;3.08;1.05;183596.28;68308.80;0.00;20609.1;8.91;3.31;0.00;27/09/2024 16:10:53;
28/09/2024;8;2.0TD;3;0.000069921414000000;0.168;0.934917142;104.075710;0.557;2.195;101.323710;54.74;10.96896;1.30171;0.75;0.25;46.80917;90.68500;101.96000;73.51000;91.63000;1711.6;275.0;234.0;48.0;14.71;0.000;0.17498;0.04096;0.00;0.000;1.301;0.947;0.000;0.557;86.749;54.18;65.00;16616.5;902.50;10.58;3.08;1.05;169508.36;57902.88;0.00;21486.3;7.89;2.69;0.00;27/09/2024 16:10:53;
28/09/2024;9;2.0TD;3;0.000075577599000000;0.161;0.894437124;104.671258;0.557;2.195;101.919258;50.23;10.96896;1.30171;0.75;0.25;46.80917;90.68500;101.96000;73.51000;91.63000;1711.6;275.0;234.0;48.0;20.24;0.000;0.17498;0.04096;0.00;0.000;1.317;0.947;0.000;0.557;87.785;50.00;55.00;17555.0;840.40;16.11;3.08;1.05;182967.40;180951.68;0.00;22591.2;8.10;8.01;0.00;27/09/2024 16:10:53;
28/09/2024;10;2.0TD;3;0.000089771722000000;0.145;0.804250869;70.938756;0.557;2.195;68.186756;24.32;10.96896;1.30171;0.75;0.25;46.80917;90.68500;101.96000;73.51000;91.63000;1711.6;275.0;234.0;48.0;18.34;0.000;0.17498;0.04096;0.00;0.000;0.893;0.947;0.000;0.557;59.551;24.17;27.67;22244.6;1025.60;14.21;3.08;1.05;166127.92;177331.20;0.00;24177.7;6.87;7.33;0.00;27/09/2024 16:10:53;
28/09/2024;11;2.0TD;3;0.000099106121000000;0.138;0.769133468;38.334702;0.557;2.195;35.582702;3.61;10.96896;1.30171;0.75;0.25;46.80917;90.68500;101.96000;73.51000;91.63000;1711.6;275.0;234.0;48.0;11.19;0.000;0.17498;0.04096;0.00;0.000;0.469;0.947;0.000;0.557;31.267;3.60;3.75;25785.9;1234.20;7.06;3.08;1.05;154936.52;23236.68;0.00;25242.7;6.14;0.92;0.00;27/09/2024 16:10:53;
28/09/2024;12;2.0TD;3;0.000100928026000000;0.138;0.767876700;34.383566;0.557;2.195;31.631566;0.00;10.96896;1.30171;0.75;0.25;46.80917;90.68500;101.96000;73.51000;91.63000;1711.6;275.0;234.0;48.0;11.38;0.000;0.17498;0.04096;0.00;0.000;0.417;0.947;0.000;0.557;27.795;0.00;0.00;26276.7;1376.20;7.25;3.08;1.05;157485.64;23186.88;0.00;24933.9;6.32;0.93;0.00;27/09/2024 16:10:53;
28/09/2024;13;2.0TD;3;0.000102968167000000;0.134;0.746669594;33.466109;0.557;2.195;30.714109;0.00;10.96896;1.30171;0.75;0.25;46.80917;90.68500;101.96000;73.51000;91.63000;1711.6;275.0;234.0;48.0;10.68;0.000;0.17498;0.04096;0.00;0.000;0.406;0.947;0.000;0.557;27.084;0.00;0.00;26164.6;1355.20;6.55;3.08;1.05;157518.64;5239.28;0.00;24853.4;6.34;0.21;0.00;27/09/2024 16:10:53;
28/09/2024;14;2.0TD;3;0.000109883807000000;0.131;0.730271452;33.328304;0.557;2.195;30.576304;0.00;10.96896;1.30171;0.75;0.25;46.80917;90.68500;101.96000;73.51000;91.63000;1711.6;275.0;234.0;48.0;10.63;0.000;0.17498;0.04096;0.00;0.000;0.406;0.947;0.000;0.557;27.034;0.00;0.00;26405.1;1314.30;6.50;3.08;1.05;157617.20;5277.20;0.00;25068.4;6.29;0.21;0.00;27/09/2024 16:10:53;
28/09/2024;15;2.0TD;3;0.000110449811000000;0.131;0.726917005;33.465155;0.557;2.195;30.713155;0.00;10.96896;1.30171;0.75;0.25;46.80917;90.68500;101.96000;73.51000;91.63000;1711.6;275.0;234.0;48.0;10.75;0.000;0.17498;0.04096;0.00;0.000;0.407;0.947;0.000;0.557;27.155;0.00;0.00;25210.4;1287.50;6.62;3.08;1.05;157673.92;5056.00;0.00;24580.6;6.41;0.21;0.00;27/09/2024 16:10:53;
28/09/2024;16;2.0TD;3;0.000099948528000000;0.141;0.783451713;34.107538;0.557;2.195;31.355538;0.00;10.96896;1.30171;0.75;0.25;46.80917;90.68500;101.96000;73.51000;91.63000;1711.6;275.0;234.0;48.0;11.07;0.000;0.17498;0.04096;0.00;0.000;0.412;0.947;0.000;0.557;27.480;0.00;0.00;24967.4;1209.30;6.94;3.08;1.05;157660.32;5078.40;0.00;23444.9;6.72;0.22;0.00;27/09/2024 16:10:53;
28/09/2024;17;2.0TD;3;0.000094782168000000;0.146;0.810352822;34.466120;0.557;2.195;31.714120;0.00;10.96896;1.30171;0.75;0.25;46.80917;90.68500;101.96000;73.51000;91.63000;1711.6;275.0;234.0;48.0;11.26;0.000;0.17498;0.04096;0.00;0.000;0.415;0.947;0.000;0.557;27.673;0.00;0.00;24311.8;1255.20;7.13;3.08;1.05;157639.16;6151.68;0.00;22978.0;6.86;0.27;0.00;27/09/2024 16:10:53;
28/09/2024;18;2.0TD;3;0.000095321154000000;0.153;0.850579748;35.911994;0.557;2.195;33.159994;0.46;10.96896;1.30171;0.75;0.25;46.80917;90.68500;101.96000;73.51000;91.63000;1711.6;275.0;234.0;48.0;11.87;0.000;0.17498;0.04096;0.00;0.000;0.431;0.947;0.000;0.557;28.759;0.44;0.94;24677.3;1136.40;7.74;3.08;1.05;157564.92;23147.04;0.00;23342.7;6.75;0.99;0.00;27/09/2024 16:10:53;
28/09/2024;19;2.0TD;3;0.000097797607000000;0.155;0.862169544;96.358688;0.557;2.195;93.606688;50.24;10.96896;1.30171;0.75;0.25;46.80917;90.68500;101.96000;73.51000;91.63000;1711.6;275.0;234.0;48.0;13.59;0.000;0.17498;0.04096;0.00;0.000;1.216;0.947;0.000;0.557;81.044;50.24;50.24;21944.8;1039.20;9.46;3.08;1.05;100160.92;121638.36;0.00;23451.6;4.27;5.19;0.00;27/09/2024 16:10:53;
28/09/2024;20;2.0TD;3;0.000100386095000000;0.158;0.876769796;170.771723;0.557;2.195;168.019723;110.83;10.96896;1.30171;0.75;0.25;46.80917;90.68500;101.96000;73.51000;91.63000;1711.6;275.0;234.0;48.0;16.09;0.000;0.17498;0.04096;0.00;0.000;2.176;0.947;0.000;0.557;145.094;111.23;106.23;17126.7;1481.10;11.96;3.08;1.05;35332.68;247587.84;0.00;23659.2;1.49;10.46;0.00;27/09/2024 16:10:53;
28/09/2024;21;2.0TD;3;0.000115740368000000;0.159;0.885265596;163.681181;0.557;2.195;160.929181;114.49;10.96896;1.30171;0.75;0.25;46.80917;90.68500;101.96000;73.51000;91.63000;1711.6;275.0;234.0;48.0;6.28;0.000;0.17498;0.04096;0.00;0.000;2.083;0.947;0.000;0.557;138.851;114.29;117.29;16977.6;1182.20;2.15;3.08;1.05;29789.08;23383.36;0.00;24696.2;1.21;0.95;0.00;27/09/2024 16:10:53;
28/09/2024;22;2.0TD;3;0.000127179843000000;0.157;0.869545316;171.390248;0.557;2.195;168.638248;120.30;10.96896;1.30171;0.75;0.25;46.80917;90.68500;101.96000;73.51000;91.63000;1711.6;275.0;234.0;48.0;7.27;0.000;0.17498;0.04096;0.00;0.000;2.186;0.947;0.000;0.557;145.754;120.11;123.02;17274.8;1239.50;3.14;3.08;1.05;19850.60;33404.80;24859.38;24846.7;0.80;1.34;1.00;27/09/2024 16:10:53;
28/09/2024;23;2.0TD;3;0.000117390535000000;0.162;0.901196142;155.143364;0.557;2.195;152.391364;105.82;10.96896;1.30171;0.75;0.25;46.80917;90.68500;101.96000;73.51000;91.63000;1711.6;275.0;234.0;48.0;7.36;0.000;0.17498;0.04096;0.00;0.000;1.967;0.947;0.000;0.557;131.145;106.00;104.00;15999.5;1578.30;3.23;3.08;1.05;32838.28;17446.00;24859.38;23228.0;1.41;0.75;1.07;27/09/2024 16:10:53;
28/09/2024;24;2.0TD;3;0.000104451809000000;0.167;0.926672723;142.376259;0.557;2.195;139.624259;91.62;10.96896;1.30171;0.75;0.25;46.80917;90.68500;101.96000;73.51000;91.63000;1711.6;275.0;234.0;48.0;10.23;0.000;0.17498;0.04096;0.00;0.000;1.795;0.947;0.000;0.557;119.643;91.25;96.39;15114.8;1168.70;6.10;3.08;1.05;43651.12;62024.32;24859.38;21407.6;2.04;2.90;1.16;27/09/2024 16:10:53;
*
