pvpcdata;
2024;08;09;11;56;35;
07/07/2024;1;2.0TD;3;0.000111421207000000;0.185;1.025412826;109.956830;0.557;2.195;107.204830;54.72;13.55527;1.21951;0.75;0.25;34.70792;88.92900;101.96000;73.51000;74.07000;1869.6;275.0;234.0;61.0;16.14;0.000;0.17498;0.04096;0.00;0.000;1.357;0.947;0.000;0.557;90.468;56.55;32.22;19576.1;1594.90;11.92;3.13;1.09;200776.76;56888.80;24859.38;23699.7;8.47;2.40;1.05;06/07/2024 16:06:33;
07/07/2024;2;2.0TD;3;0.000098778691000000;0.183;1.015299753;102.629391;0.557;2.195;99.877391;47.70;13.55527;1.21951;0.75;0.25;34.70792;88.92900;101.96000;73.51000;74.07000;1869.6;275.0;234.0;61.0;17.21;0.000;0.17498;0.04096;0.00;0.000;1.266;0.947;0.000;0.557;84.427;48.95;33.33;18566.8;1615.50;12.99;3.13;1.09;234916.84;54039.60;0.00;22241.0;10.56;2.43;0.00;06/07/2024 16:06:33;
07/07/2024;3;2.0TD;3;0.000088386759000000;0.180;0.999734401;98.087989;0.557;2.195;95.335989;42.91;13.55527;1.21951;0.75;0.25;34.70792;88.92900;101.96000;73.51000;74.07000;1869.6;275.0;234.0;61.0;18.42;0.000;0.17498;0.04096;0.00;0.000;1.212;0.947;0.000;0.557;80.793;44.16;26.66;17777.2;1371.50;14.20;3.13;1.09;243352.12;57839.04;0.00;21205.7;11.48;2.73;0.00;06/07/2024 16:06:33;
07/07/2024;4;2.0TD;3;0.000081356856000000;0.181;1.003451290;98.732119;0.557;2.195;95.980119;43.81;13.55527;1.21951;0.75;0.25;34.70792;88.92900;101.96000;73.51000;74.07000;1869.6;275.0;234.0;61.0;17.99;0.000;0.17498;0.04096;0.00;0.000;1.219;0.947;0.000;0.557;81.270;44.90;30.91;17112.8;1440.50;13.77;3.13;1.09;222537.32;59509.52;0.00;20483.0;10.86;2.91;0.00;06/07/2024 16:06:33;
07/07/2024;5;2.0TD;3;0.000077082035000000;0.179;0.994379285;97.851568;0.557;2.195;95.099568;42.87;13.55527;1.21951;0.75;0.25;34.70792;88.92900;101.96000;73.51000;74.07000;1869.6;275.0;234.0;61.0;18.33;0.000;0.17498;0.04096;0.00;0.000;1.210;0.947;0.000;0.557;80.661;44.16;27.02;16665.5;1352.30;14.11;3.13;1.09;223951.72;59818.08;0.00;20115.8;11.13;2.97;0.00;06/07/2024 16:06:33;
07/07/2024;6;2.0TD;3;0.000074850017000000;0.178;0.987450943;111.022229;0.557;2.195;108.270229;54.80;13.55527;1.21951;0.75;0.25;34.70792;88.92900;101.96000;73.51000;74.07000;1869.6;275.0;234.0;61.0;17.48;0.000;0.17498;0.04096;0.00;0.000;1.379;0.947;0.000;0.557;91.910;56.55;32.22;16231.1;1259.10;13.26;3.13;1.09;204273.96;59381.68;0.00;19885.4;10.27;2.99;0.00;06/07/2024 16:06:33;
07/07/2024;7;2.0TD;3;0.000072302411000000;0.175;0.971694839;111.151873;0.557;2.195;108.399873;55.09;13.55527;1.21951;0.75;0.25;34.70792;88.92900;101.96000;73.51000;74.07000;1869.6;275.0;234.0;61.0;17.53;0.000;0.17498;0.04096;0.00;0.000;1.384;0.947;0.000;0.557;92.255;56.55;37.77;15910.4;1344.80;13.31;3.13;1.09;202811.12;60664.80;0.00;19794.8;10.25;3.06;0.00;06/07/2024 16:06:33;
07/07/2024;8;2.0TD;3;0.000069616227000000;0.173;0.959035155;118.076916;0.557;2.195;115.324916;55.34;13.55527;1.21951;0.75;0.25;34.70792;88.92900;101.96000;73.51000;74.07000;1869.6;275.0;234.0;61.0;23.25;0.000;0.17498;0.04096;0.00;0.000;1.475;0.947;0.000;0.557;98.316;56.68;37.77;16135.0;1232.10;19.03;3.13;1.09;204913.36;168376.72;0.00;19615.1;10.45;8.58;0.00;06/07/2024 16:06:33;
07/07/2024;9;2.0TD;3;0.000077618296000000;0.164;0.911076601;81.917050;0.557;2.195;79.165050;23.91;13.55527;1.21951;0.75;0.25;34.70792;88.92900;101.96000;73.51000;74.07000;1869.6;275.0;234.0;61.0;24.83;0.000;0.17498;0.04096;0.00;0.000;1.020;0.947;0.000;0.557;68.011;24.87;9.24;18397.2;1207.60;20.61;3.13;1.09;234710.04;190480.00;0.00;20629.0;11.38;9.23;0.00;06/07/2024 16:06:33;
07/07/2024;10;2.0TD;3;0.000091319554000000;0.156;0.866052354;49.592208;0.557;2.195;46.840208;-0.01;13.55527;1.21951;0.75;0.25;34.70792;88.92900;101.96000;73.51000;74.07000;1869.6;275.0;234.0;61.0;21.67;0.000;0.17498;0.04096;0.00;0.000;0.608;0.947;0.000;0.557;40.519;-0.01;0.00;21277.2;1067.70;17.45;3.13;1.09;254040.92;124946.40;0.00;21721.7;11.70;5.75;0.00;06/07/2024 16:06:33;
07/07/2024;11;2.0TD;3;0.000104662547000000;0.152;0.846897503;41.664499;0.557;2.195;38.912499;-0.51;13.55527;1.21951;0.75;0.25;34.70792;88.92900;101.96000;73.51000;74.07000;1869.6;275.0;234.0;61.0;15.53;0.000;0.17498;0.04096;0.00;0.000;0.507;0.947;0.000;0.557;33.778;-0.51;-0.51;22767.1;1044.40;11.31;3.13;1.09;253162.52;4570.56;0.00;22779.4;11.11;0.20;0.00;06/07/2024 16:06:33;
07/07/2024;12;2.0TD;3;0.000113594085000000;0.152;0.845621949;41.149555;0.557;2.195;38.397555;-0.78;13.55527;1.21951;0.75;0.25;34.70792;88.92900;101.96000;73.51000;74.07000;1869.6;275.0;234.0;61.0;15.36;0.000;0.17498;0.04096;0.00;0.000;0.500;0.947;0.000;0.557;33.331;-0.78;-0.78;23521.8;1002.10;11.14;3.13;1.09;253225.28;4338.40;0.00;23128.6;10.95;0.19;0.00;06/07/2024 16:06:33;
07/07/2024;13;2.0TD;3;0.000120186584000000;0.154;0.853911416;41.040810;0.557;2.195;38.288810;-0.63;13.55527;1.21951;0.75;0.25;34.70792;88.92900;101.96000;73.51000;74.07000;1869.6;275.0;234.0;61.0;15.06;0.000;0.17498;0.04096;0.00;0.000;0.498;0.947;0.000;0.557;33.179;-0.66;-0.01;24310.7;1095.10;10.84;3.13;1.09;253061.88;3955.60;0.00;23699.4;10.68;0.17;0.00;06/07/2024 16:06:33;
07/07/2024;14;2.0TD;3;0.000129809792000000;0.151;0.837526479;41.291176;0.557;2.195;38.539176;-0.02;13.55527;1.21951;0.75;0.25;34.70792;88.92900;101.96000;73.51000;74.07000;1869.6;275.0;234.0;61.0;14.75;0.000;0.17498;0.04096;0.00;0.000;0.502;0.947;0.000;0.557;33.483;-0.02;-0.01;25032.4;1117.20;10.53;3.13;1.09;252497.16;3968.00;0.00;24361.3;10.36;0.16;0.00;06/07/2024 16:06:33;
07/07/2024;15;2.0TD;3;0.000135008965000000;0.150;0.832897809;40.405543;0.557;2.195;37.653543;-0.77;13.55527;1.21951;0.75;0.25;34.70792;88.92900;101.96000;73.51000;74.07000;1869.6;275.0;234.0;61.0;14.77;0.000;0.17498;0.04096;0.00;0.000;0.491;0.947;0.000;0.557;32.742;-0.78;-0.66;24606.0;1052.80;10.55;3.13;1.09;253175.72;3948.16;0.00;24371.9;10.39;0.16;0.00;06/07/2024 16:06:33;
07/07/2024;16;2.0TD;3;0.000128255562000000;0.151;0.839009990;40.671938;0.557;2.195;37.919938;-1.00;13.55527;1.21951;0.75;0.25;34.70792;88.92900;101.96000;73.51000;74.07000;1869.6;275.0;234.0;61.0;15.20;0.000;0.17498;0.04096;0.00;0.000;0.494;0.947;0.000;0.557;32.945;-1.00;-1.00;23398.7;1055.90;10.98;3.13;1.09;253467.44;3945.68;0.00;23440.4;10.81;0.17;0.00;06/07/2024 16:06:33;
07/07/2024;17;2.0TD;3;0.000122999685000000;0.152;0.843822973;41.067763;0.557;2.195;38.315763;-1.01;13.55527;1.21951;0.75;0.25;34.70792;88.92900;101.96000;73.51000;74.07000;1869.6;275.0;234.0;61.0;15.52;0.000;0.17498;0.04096;0.00;0.000;0.499;0.947;0.000;0.557;33.260;-1.01;-1.01;22656.3;1103.90;11.30;3.13;1.09;253545.24;4582.08;0.00;22846.3;11.10;0.20;0.00;06/07/2024 16:06:33;
07/07/2024;18;2.0TD;3;0.000121125755000000;0.158;0.875614207;41.149208;0.557;2.195;38.397208;0.00;13.55527;1.21951;0.75;0.25;34.70792;88.92900;101.96000;73.51000;74.07000;1869.6;275.0;234.0;61.0;14.41;0.000;0.17498;0.04096;0.00;0.000;0.497;0.947;0.000;0.557;33.158;0.00;0.00;23246.2;1471.50;10.19;3.13;1.09;228654.32;6835.16;0.00;23118.4;9.89;0.30;0.00;06/07/2024 16:06:33;
07/07/2024;19;2.0TD;3;0.000121201718000000;0.164;0.910101034;45.343006;0.557;2.195;42.591006;3.38;13.55527;1.21951;0.75;0.25;34.70792;88.92900;101.96000;73.51000;74.07000;1869.6;275.0;234.0;61.0;14.41;0.000;0.17498;0.04096;0.00;0.000;0.549;0.947;0.000;0.557;36.590;3.32;4.54;24278.7;1183.60;10.19;3.13;1.09;167160.20;74921.52;0.00;23754.5;7.04;3.15;0.00;06/07/2024 16:06:33;
07/07/2024;20;2.0TD;3;0.000121527320000000;0.172;0.954748849;85.400515;0.557;2.195;82.648515;36.08;13.55527;1.21951;0.75;0.25;34.70792;88.92900;101.96000;73.51000;74.07000;1869.6;275.0;234.0;61.0;15.13;0.000;0.17498;0.04096;0.00;0.000;1.058;0.947;0.000;0.557;70.519;35.94;39.08;22969.5;1088.00;10.91;3.13;1.09;59599.24;209425.44;0.00;24653.7;2.42;8.49;0.00;06/07/2024 16:06:33;
07/07/2024;21;2.0TD;3;0.000125036882000000;0.176;0.976800706;112.748232;0.557;2.195;109.996232;59.61;13.55527;1.21951;0.75;0.25;34.70792;88.92900;101.96000;73.51000;74.07000;1869.6;275.0;234.0;61.0;14.27;0.000;0.17498;0.04096;0.00;0.000;1.403;0.947;0.000;0.557;93.534;59.57;60.57;20054.9;845.50;10.05;3.13;1.09;45787.84;208464.84;0.00;25297.4;1.81;8.24;0.00;06/07/2024 16:06:33;
07/07/2024;22;2.0TD;3;0.000135166068000000;0.177;0.981213625;153.063387;0.557;2.195;150.311387;100.55;13.55527;1.21951;0.75;0.25;34.70792;88.92900;101.96000;73.51000;74.07000;1869.6;275.0;234.0;61.0;6.99;0.000;0.17498;0.04096;0.00;0.000;1.916;0.947;0.000;0.557;127.707;100.73;97.73;17838.6;1149.70;2.77;3.13;1.09;42135.80;4605.12;24859.38;25834.2;1.63;0.18;0.96;06/07/2024 16:06:33;
07/07/2024;23;2.0TD;3;0.000143237161000000;0.178;0.991289180;157.771159;0.557;2.195;155.019159;104.46;13.55527;1.21951;0.75;0.25;34.70792;88.92900;101.96000;73.51000;74.07000;1869.6;275.0;234.0;61.0;6.91;0.000;0.17498;0.04096;0.00;0.000;1.974;0.947;0.000;0.557;131.595;104.58;102.49;18525.3;1143.00;2.69;3.13;1.09;38664.92;6899.04;24859.38;26159.6;1.48;0.26;0.95;06/07/2024 16:06:33;
07/07/2024;24;2.0TD;3;0.000130327755000000;0.178;0.991555679;152.843585;0.557;2.195;150.091585;100.04;13.55527;1.21951;0.75;0.25;34.70792;88.92900;101.96000;73.51000;74.07000;1869.6;275.0;234.0;61.0;7.21;0.000;0.17498;0.04096;0.00;0.000;1.911;0.947;0.000;0.557;127.412;100.25;96.91;17132.5;1122.70;2.99;3.13;1.09;42723.04;6400.00;24859.38;24735.8;1.73;0.26;1.00;06/07/2024 16:06:33;
*
