pvpcdata;
2024;05;13;12;31;22;
15/04/2024;1;2.0TD;3;0.000093871145000000;0.201;1.118357064;69.714986;0.557;2.195;66.962986;7.08;17.97426;1.07207;0.75;0.25;3.48375;75.38080;101.96000;48.69000;27.94000;1787.2;275.0;154.0;50.0;26.85;0.000;0.17498;0.04096;0.00;0.000;0.836;0.947;0.000;0.557;55.756;7.30;4.74;15980.2;1532.90;22.08;3.35;1.42;414039.00;28656.00;24859.38;21169.8;19.56;1.35;1.17;14/04/2024 16:08:32;
15/04/2024;2;2.0TD;3;0.000078350717000000;0.210;1.164864196;66.765871;0.557;2.195;64.013871;3.03;17.97426;1.07207;0.75;0.25;3.48375;75.38080;101.96000;48.69000;27.94000;1787.2;275.0;154.0;50.0;28.09;0.000;0.17498;0.04096;0.00;0.000;0.794;0.947;0.000;0.557;52.904;3.25;1.00;14264.3;1555.90;23.32;3.35;1.42;442724.72;25775.20;0.00;20087.0;22.04;1.28;0.00;14/04/2024 16:08:32;
15/04/2024;3;2.0TD;3;0.000069195961000000;0.215;1.192491350;66.684116;0.557;2.195;63.932116;1.59;17.97426;1.07207;0.75;0.25;3.48375;75.38080;101.96000;48.69000;27.94000;1787.2;275.0;154.0;50.0;29.25;0.000;0.17498;0.04096;0.00;0.000;0.789;0.947;0.000;0.557;52.619;1.77;0.00;13704.6;1546.30;24.48;3.35;1.42;445317.04;29839.68;0.00;19410.2;22.94;1.54;0.00;14/04/2024 16:08:32;
15/04/2024;4;2.0TD;3;0.000064686144000000;0.216;1.201068254;66.094687;0.557;2.195;63.342687;0.39;17.97426;1.07207;0.75;0.25;3.48375;75.38080;101.96000;48.69000;27.94000;1787.2;275.0;154.0;50.0;29.93;0.000;0.17498;0.04096;0.00;0.000;0.781;0.947;0.000;0.557;52.091;0.44;0.00;13250.4;1670.60;25.16;3.35;1.42;446928.04;33580.80;0.00;19095.0;23.41;1.76;0.00;14/04/2024 16:08:32;
15/04/2024;5;2.0TD;3;0.000063074999000000;0.214;1.191479470;65.793837;0.557;2.195;63.041837;0.03;17.97426;1.07207;0.75;0.25;3.48375;75.38080;101.96000;48.69000;27.94000;1787.2;275.0;154.0;50.0;30.13;0.000;0.17498;0.04096;0.00;0.000;0.779;0.947;0.000;0.557;51.929;0.03;0.00;13365.6;1683.90;25.36;3.35;1.42;447317.92;35743.20;0.00;19047.0;23.48;1.88;0.00;14/04/2024 16:08:32;
15/04/2024;6;2.0TD;3;0.000064720717000000;0.207;1.150747536;63.972278;0.557;2.195;61.220278;-0.11;17.97426;1.07207;0.75;0.25;3.48375;75.38080;101.96000;48.69000;27.94000;1787.2;275.0;154.0;50.0;29.08;0.000;0.17498;0.04096;0.00;0.000;0.761;0.947;0.000;0.557;50.721;0.07;-1.60;13829.8;1783.10;24.31;3.35;1.42;445243.92;35082.32;0.00;19757.3;22.54;1.78;0.00;14/04/2024 16:08:32;
15/04/2024;7;2.0TD;3;0.000072420705000000;0.192;1.067644787;64.554846;0.557;2.195;61.802846;0.64;17.97426;1.07207;0.75;0.25;3.48375;75.38080;101.96000;48.69000;27.94000;1787.2;275.0;154.0;50.0;29.44;0.000;0.17498;0.04096;0.00;0.000;0.778;0.947;0.000;0.557;51.848;1.00;-2.41;15343.4;1852.90;24.67;3.35;1.42;508634.20;24010.56;24859.38;22594.4;22.51;1.06;1.10;14/04/2024 16:08:32;
15/04/2024;8;2.0TD;3;0.000086811498000000;0.178;0.990975041;65.479352;0.557;2.195;62.727352;10.30;17.97426;1.07207;0.75;0.25;3.48375;75.38080;101.96000;48.69000;27.94000;1787.2;275.0;154.0;50.0;21.16;0.000;0.17498;0.04096;0.00;0.000;0.799;0.947;0.000;0.557;53.249;10.75;5.79;18650.3;1879.10;16.39;3.35;1.42;382746.08;17450.16;24859.38;25938.0;14.76;0.67;0.96;14/04/2024 16:08:32;
15/04/2024;9;2.0TD;2;0.000098575956000000;0.190;1.166372656;95.224210;19.184;8.779;67.261210;18.66;17.97426;1.07207;0.75;0.25;3.48375;75.38080;101.96000;48.69000;27.94000;1787.2;275.0;154.0;50.0;15.87;0.154;0.17498;0.04096;0.00;0.000;0.848;0.947;0.000;0.557;56.522;18.70;18.20;21576.2;1782.40;11.10;3.35;1.42;247518.72;27761.12;24859.38;27048.7;9.15;1.03;0.92;14/04/2024 16:08:32;
15/04/2024;10;2.0TD;2;0.000109077506000000;0.154;0.947066447;75.639385;19.184;8.779;47.676385;1.50;17.97426;1.07207;0.75;0.25;3.48375;75.38080;101.96000;48.69000;27.94000;1787.2;275.0;154.0;50.0;18.05;0.154;0.17498;0.04096;0.00;0.000;0.620;0.947;0.000;0.557;41.314;1.50;1.50;23418.9;2086.80;13.28;3.35;1.42;295439.08;39149.12;24859.38;27073.9;10.91;1.45;0.92;14/04/2024 16:08:32;
15/04/2024;11;2.0TD;1;0.000116700594000000;0.156;0.935515461;125.380373;33.081;43.893;48.406373;0.00;17.97426;1.07207;0.75;0.25;3.48375;75.38080;101.96000;48.69000;27.94000;1787.2;275.0;154.0;50.0;19.33;0.926;0.17498;0.04096;0.00;0.000;0.628;0.947;0.000;0.557;41.874;0.00;0.00;25596.9;2195.20;14.56;3.35;1.42;290793.48;69816.32;24859.38;26485.1;10.98;2.64;0.94;14/04/2024 16:08:32;
15/04/2024;12;2.0TD;1;0.000118709701000000;0.157;0.940437522;125.046222;33.081;43.893;48.072222;-0.13;17.97426;1.07207;0.75;0.25;3.48375;75.38080;101.96000;48.69000;27.94000;1787.2;275.0;154.0;50.0;19.14;0.926;0.17498;0.04096;0.00;0.000;0.623;0.947;0.000;0.557;41.549;0.00;-1.60;24655.8;2381.90;14.37;3.35;1.42;300633.24;51164.88;24859.38;26209.4;11.47;1.95;0.95;14/04/2024 16:08:32;
15/04/2024;13;2.0TD;1;0.000121395730000000;0.155;0.927751651;125.139839;33.081;43.893;48.165839;-0.05;17.97426;1.07207;0.75;0.25;3.48375;75.38080;101.96000;48.69000;27.94000;1787.2;275.0;154.0;50.0;19.21;0.926;0.17498;0.04096;0.00;0.000;0.626;0.947;0.000;0.557;41.702;-0.01;-0.51;25023.9;2289.60;14.44;3.35;1.42;302016.24;47610.00;24859.38;25937.7;11.64;1.84;0.96;14/04/2024 16:08:32;
15/04/2024;14;2.0TD;1;0.000128852506000000;0.151;0.902088901;125.264234;33.081;43.893;48.290234;-0.08;17.97426;1.07207;0.75;0.25;3.48375;75.38080;101.96000;48.69000;27.94000;1787.2;275.0;154.0;50.0;19.49;0.926;0.17498;0.04096;0.00;0.000;0.629;0.947;0.000;0.557;41.955;-0.04;-0.54;25050.1;2406.90;14.72;3.35;1.42;302120.52;54685.28;24859.38;25925.6;11.65;2.11;0.96;14/04/2024 16:08:32;
15/04/2024;15;2.0TD;2;0.000128572823000000;0.167;1.025753123;75.843873;19.184;8.779;47.880873;-0.13;17.97426;1.07207;0.75;0.25;3.48375;75.38080;101.96000;48.69000;27.94000;1787.2;275.0;154.0;50.0;19.40;0.154;0.17498;0.04096;0.00;0.000;0.615;0.947;0.000;0.557;41.029;-0.10;-0.40;24958.0;2441.20;14.63;3.35;1.42;302120.12;47730.00;24859.38;25602.4;11.80;1.86;0.97;14/04/2024 16:08:32;
15/04/2024;16;2.0TD;2;0.000117220182000000;0.173;1.060877967;75.650172;19.184;8.779;47.687172;-0.42;17.97426;1.07207;0.75;0.25;3.48375;75.38080;101.96000;48.69000;27.94000;1787.2;275.0;154.0;50.0;19.32;0.154;0.17498;0.04096;0.00;0.000;0.610;0.947;0.000;0.557;40.654;-0.32;-1.60;23752.8;2312.50;14.55;3.35;1.42;296108.28;41661.40;24859.38;24925.9;11.88;1.67;1.00;14/04/2024 16:08:32;
15/04/2024;17;2.0TD;2;0.000108762447000000;0.180;1.104166043;75.347110;19.184;8.779;47.384110;-1.04;17.97426;1.07207;0.75;0.25;3.48375;75.38080;101.96000;48.69000;27.94000;1787.2;275.0;154.0;50.0;19.45;0.154;0.17498;0.04096;0.00;0.000;0.602;0.947;0.000;0.557;40.156;-1.00;-1.63;22939.5;2134.70;14.68;3.35;1.42;287500.00;47602.72;24859.38;24520.5;11.72;1.94;1.01;14/04/2024 16:08:32;
15/04/2024;18;2.0TD;2;0.000106162317000000;0.185;1.137854787;76.955670;19.184;8.779;48.992670;-0.13;17.97426;1.07207;0.75;0.25;3.48375;75.38080;101.96000;48.69000;27.94000;1787.2;275.0;154.0;50.0;19.71;0.154;0.17498;0.04096;0.00;0.000;0.620;0.947;0.000;0.557;41.344;-0.09;-0.59;23481.5;2263.40;14.94;3.35;1.42;276188.00;68616.00;24859.38;24740.2;11.16;2.77;1.00;14/04/2024 16:08:32;
15/04/2024;19;2.0TD;1;0.000107148907000000;0.164;0.980932477;127.759350;33.081;43.893;50.785350;-0.09;17.97426;1.07207;0.75;0.25;3.48375;75.38080;101.96000;48.69000;27.94000;1787.2;275.0;154.0;50.0;21.15;0.926;0.17498;0.04096;0.00;0.000;0.654;0.947;0.000;0.557;43.630;0.00;-1.00;22069.2;2266.60;16.38;3.35;1.42;315167.56;68205.72;24859.38;24934.7;12.64;2.74;1.00;14/04/2024 16:08:32;
15/04/2024;20;2.0TD;1;0.000114086082000000;0.164;0.984112621;127.795434;33.081;43.893;50.821434;0.41;17.97426;1.07207;0.75;0.25;3.48375;75.38080;101.96000;48.69000;27.94000;1787.2;275.0;154.0;50.0;20.68;0.926;0.17498;0.04096;0.00;0.000;0.655;0.947;0.000;0.557;43.661;0.44;0.00;21617.1;1591.10;15.91;3.35;1.42;321305.20;67755.20;24859.38;26028.5;12.34;2.60;0.96;14/04/2024 16:08:32;
15/04/2024;21;2.0TD;1;0.000134086531000000;0.169;1.008991392;135.929038;33.081;43.893;58.955038;9.65;17.97426;1.07207;0.75;0.25;3.48375;75.38080;101.96000;48.69000;27.94000;1787.2;275.0;154.0;50.0;18.11;0.926;0.17498;0.04096;0.00;0.000;0.756;0.947;0.000;0.557;50.432;10.00;5.02;21146.7;1619.40;13.34;3.35;1.42;332936.92;17894.08;24859.38;28166.1;11.82;0.64;0.88;14/04/2024 16:08:32;
15/04/2024;22;2.0TD;1;0.000158031516000000;0.171;1.022509462;145.529054;33.081;43.893;68.555054;19.37;17.97426;1.07207;0.75;0.25;3.48375;75.38080;101.96000;48.69000;27.94000;1787.2;275.0;154.0;50.0;16.38;0.926;0.17498;0.04096;0.00;0.000;0.878;0.947;0.000;0.557;58.544;19.72;14.76;21429.0;1650.90;11.61;3.35;1.42;303856.88;8437.44;24859.38;29040.1;10.46;0.29;0.86;14/04/2024 16:08:32;
15/04/2024;23;2.0TD;2;0.000141736318000000;0.202;1.238377901;82.478538;19.184;8.779;54.515538;5.58;17.97426;1.07207;0.75;0.25;3.48375;75.38080;101.96000;48.69000;27.94000;1787.2;275.0;154.0;50.0;17.95;0.154;0.17498;0.04096;0.00;0.000;0.680;0.947;0.000;0.557;45.354;6.00;1.00;19073.1;1731.70;13.18;3.35;1.42;312605.88;15700.00;24859.38;26791.7;11.67;0.59;0.93;14/04/2024 16:08:32;
15/04/2024;24;2.0TD;2;0.000116051367000000;0.213;1.306305953;79.135862;19.184;8.779;51.172862;4.01;17.97426;1.07207;0.75;0.25;3.48375;75.38080;101.96000;48.69000;27.94000;1787.2;275.0;154.0;50.0;16.40;0.154;0.17498;0.04096;0.00;0.000;0.633;0.947;0.000;0.557;42.187;4.20;1.64;17964.3;1468.30;11.63;3.35;1.42;246487.36;11470.00;24859.38;24314.2;10.14;0.47;1.02;14/04/2024 16:08:32;
*
