pvpcdata;
2024;12;11;12;05;32;
14/11/2024;1;2.0TD;3;0.000099781613000000;0.226;1.254196894;129.837348;0.557;2.195;127.085348;90.58;-6.37486;0.98149;0.75;0.25;118.61625;93.11680;101.96000;84.74000;75.52000;2123.3;275.0;200.0;46.0;16.06;0.000;0.17498;0.04096;0.00;0.000;1.555;0.947;0.000;0.557;103.658;90.20;98.12;15788.4;786.60;11.82;3.21;1.03;147621.00;109412.32;24859.38;23837.5;6.19;4.59;1.04;13/11/2024 16:11:28;
14/11/2024;2;2.0TD;3;0.000082897964000000;0.233;1.297116496;130.024137;0.557;2.195;127.272137;90.47;-6.37486;0.98149;0.75;0.25;118.61625;93.11680;101.96000;84.74000;75.52000;2123.3;275.0;200.0;46.0;15.74;0.000;0.17498;0.04096;0.00;0.000;1.548;0.947;0.000;0.557;103.221;90.00;99.05;14883.9;820.30;11.50;3.21;1.03;147849.08;86164.16;24859.38;22497.3;6.57;3.83;1.10;13/11/2024 16:11:28;
14/11/2024;3;2.0TD;3;0.000073603476000000;0.239;1.327052938;131.549175;0.557;2.195;128.797175;89.95;-6.37486;0.98149;0.75;0.25;118.61625;93.11680;101.96000;84.74000;75.52000;2123.3;275.0;200.0;46.0;16.98;0.000;0.17498;0.04096;0.00;0.000;1.559;0.947;0.000;0.557;103.952;89.53;98.12;14559.9;752.20;12.74;3.21;1.03;153398.12;95880.00;24859.38;21517.4;7.13;4.46;1.16;13/11/2024 16:11:28;
14/11/2024;4;2.0TD;3;0.000069222393000000;0.240;1.332517232;131.452248;0.557;2.195;128.700248;90.42;-6.37486;0.98149;0.75;0.25;118.61625;93.11680;101.96000;84.74000;75.52000;2123.3;275.0;200.0;46.0;16.35;0.000;0.17498;0.04096;0.00;0.000;1.557;0.947;0.000;0.557;103.790;89.99;98.12;13793.1;774.00;12.11;3.21;1.03;158593.72;96774.88;0.00;21086.6;7.52;4.59;0.00;13/11/2024 16:11:28;
14/11/2024;5;2.0TD;3;0.000067735996000000;0.238;1.324593533;131.583879;0.557;2.195;128.831879;90.68;-6.37486;0.98149;0.75;0.25;118.61625;93.11680;101.96000;84.74000;75.52000;2123.3;275.0;200.0;46.0;16.36;0.000;0.17498;0.04096;0.00;0.000;1.561;0.947;0.000;0.557;104.064;90.20;99.05;13566.4;781.10;12.12;3.21;1.03;158410.16;96334.56;0.00;21010.1;7.54;4.59;0.00;13/11/2024 16:11:28;
14/11/2024;6;2.0TD;3;0.000070207523000000;0.230;1.278418007;136.458562;0.557;2.195;133.706562;95.93;-6.37486;0.98149;0.75;0.25;118.61625;93.11680;101.96000;84.74000;75.52000;2123.3;275.0;200.0;46.0;15.68;0.000;0.17498;0.04096;0.00;0.000;1.631;0.947;0.000;0.557;108.704;95.74;99.05;13853.9;825.90;11.44;3.21;1.03;151742.40;95624.32;0.00;21628.3;7.02;4.42;0.00;13/11/2024 16:11:28;
14/11/2024;7;2.0TD;3;0.000081000551000000;0.208;1.154529286;149.372423;0.557;2.195;146.620423;110.47;-6.37486;0.98149;0.75;0.25;118.61625;93.11680;101.96000;84.74000;75.52000;2123.3;275.0;200.0;46.0;13.62;0.000;0.17498;0.04096;0.00;0.000;1.821;0.947;0.000;0.557;121.374;110.99;106.00;14405.1;1660.30;9.38;3.21;1.03;99411.40;103760.00;24859.38;24292.8;4.09;4.27;1.02;13/11/2024 16:11:28;
14/11/2024;8;2.0TD;3;0.000103976641000000;0.189;1.049096632;160.163142;0.557;2.195;157.411142;124.45;-6.37486;0.98149;0.75;0.25;118.61625;93.11680;101.96000;84.74000;75.52000;2123.3;275.0;200.0;46.0;10.49;0.000;0.17498;0.04096;0.00;0.000;1.986;0.947;0.000;0.557;132.389;125.28;117.78;16696.7;2065.00;6.25;3.21;1.03;58042.44;90760.48;24859.38;27776.0;2.09;3.27;0.89;13/11/2024 16:11:28;
14/11/2024;9;2.0TD;2;0.000111496511000000;0.186;1.142503348;194.818402;19.184;8.779;166.855402;133.01;-6.37486;0.98149;0.75;0.25;118.61625;93.11680;101.96000;84.74000;75.52000;2123.3;275.0;200.0;46.0;9.95;0.154;0.17498;0.04096;0.00;0.000;2.110;0.947;0.000;0.557;140.687;134.11;124.11;18707.9;2313.90;5.71;3.21;1.03;55305.32;87118.56;24859.38;29318.5;1.89;2.97;0.85;13/11/2024 16:11:28;
14/11/2024;10;2.0TD;2;0.000112540750000000;0.171;1.047081963;182.020372;19.184;8.779;154.057372;124.39;-6.37486;0.98149;0.75;0.25;118.61625;93.11680;101.96000;84.74000;75.52000;2123.3;275.0;200.0;46.0;9.58;0.154;0.17498;0.04096;0.00;0.000;1.973;0.947;0.000;0.557;131.560;125.80;113.90;18466.8;2480.50;5.34;3.21;1.03;67330.16;65842.08;24859.38;29589.2;2.28;2.23;0.84;13/11/2024 16:11:28;
14/11/2024;11;2.0TD;1;0.000114363840000000;0.168;1.004717637;230.307314;33.081;43.893;153.333314;120.30;-6.37486;0.98149;0.75;0.25;118.61625;93.11680;101.96000;84.74000;75.52000;2123.3;275.0;200.0;46.0;12.62;0.926;0.17498;0.04096;0.00;0.000;1.969;0.947;0.000;0.557;131.278;121.71;108.41;18467.2;2191.60;8.38;3.21;1.03;99833.36;124583.76;24859.38;29757.0;3.35;4.19;0.84;13/11/2024 16:11:28;
14/11/2024;12;2.0TD;1;0.000113146121000000;0.166;0.993998752;228.896247;33.081;43.893;151.922247;119.33;-6.37486;0.98149;0.75;0.25;118.61625;93.11680;101.96000;84.74000;75.52000;2123.3;275.0;200.0;46.0;12.62;0.926;0.17498;0.04096;0.00;0.000;1.954;0.947;0.000;0.557;130.293;120.76;105.61;18502.0;1928.60;8.38;3.21;1.03;124615.24;98027.92;24859.38;29534.0;4.22;3.32;0.84;13/11/2024 16:11:28;
14/11/2024;13;2.0TD;1;0.000114365279000000;0.164;0.980294456;227.029340;33.081;43.893;150.055340;118.40;-6.37486;0.98149;0.75;0.25;118.61625;93.11680;101.96000;84.74000;75.52000;2123.3;275.0;200.0;46.0;12.19;0.926;0.17498;0.04096;0.00;0.000;1.934;0.947;0.000;0.557;128.913;119.80;104.89;18554.5;1921.00;7.95;3.21;1.03;126326.16;83428.96;24859.38;29518.4;4.28;2.83;0.84;13/11/2024 16:11:28;
14/11/2024;14;2.0TD;1;0.000121352232000000;0.164;0.980145988;228.612380;33.081;43.893;151.638380;119.50;-6.37486;0.98149;0.75;0.25;118.61625;93.11680;101.96000;84.74000;75.52000;2123.3;275.0;200.0;46.0;12.43;0.926;0.17498;0.04096;0.00;0.000;1.954;0.947;0.000;0.557;130.273;120.76;107.11;18762.7;1907.70;8.19;3.21;1.03;124824.44;94465.44;24859.38;29776.7;4.19;3.17;0.83;13/11/2024 16:11:28;
14/11/2024;15;2.0TD;2;0.000123001614000000;0.169;1.035623608;179.324562;19.184;8.779;151.361562;121.15;-6.37486;0.98149;0.75;0.25;118.61625;93.11680;101.96000;84.74000;75.52000;2123.3;275.0;200.0;46.0;10.77;0.154;0.17498;0.04096;0.00;0.000;1.942;0.947;0.000;0.557;129.479;122.54;107.20;18834.5;1883.80;6.53;3.21;1.03;121438.24;47424.96;24859.38;29680.9;4.09;1.60;0.84;13/11/2024 16:11:28;
14/11/2024;16;2.0TD;2;0.000116997895000000;0.175;1.072958879;186.865914;19.184;8.779;158.902914;124.24;-6.37486;0.98149;0.75;0.25;118.61625;93.11680;101.96000;84.74000;75.52000;2123.3;275.0;200.0;46.0;13.35;0.154;0.17498;0.04096;0.00;0.000;2.029;0.947;0.000;0.557;135.236;126.04;109.05;18449.4;2181.40;9.11;3.21;1.03;113004.60;126412.96;24859.38;29008.8;3.90;4.36;0.86;13/11/2024 16:11:28;
14/11/2024;17;2.0TD;2;0.000114085374000000;0.179;1.097395878;191.619427;19.184;8.779;163.656427;131.83;-6.37486;0.98149;0.75;0.25;118.61625;93.11680;101.96000;84.74000;75.52000;2123.3;275.0;200.0;46.0;9.28;0.154;0.17498;0.04096;0.00;0.000;2.082;0.947;0.000;0.557;138.809;133.12;121.11;18354.6;2215.50;5.04;3.21;1.03;58740.00;60278.40;24859.38;28561.1;2.06;2.11;0.87;13/11/2024 16:11:28;
14/11/2024;18;2.0TD;2;0.000121450561000000;0.183;1.121615395;195.957899;19.184;8.779;167.994899;135.51;-6.37486;0.98149;0.75;0.25;118.61625;93.11680;101.96000;84.74000;75.52000;2123.3;275.0;200.0;46.0;8.75;0.154;0.17498;0.04096;0.00;0.000;2.130;0.947;0.000;0.557;142.007;136.23;129.22;18851.4;2155.60;4.51;3.21;1.03;52359.68;52807.84;24859.38;28833.0;1.82;1.83;0.86;13/11/2024 16:11:28;
14/11/2024;19;2.0TD;1;0.000143251488000000;0.184;1.102841385;257.181786;33.081;43.893;180.207786;145.70;-6.37486;0.98149;0.75;0.25;118.61625;93.11680;101.96000;84.74000;75.52000;2123.3;275.0;200.0;46.0;7.83;0.926;0.17498;0.04096;0.00;0.000;2.283;0.947;0.000;0.557;152.202;146.26;140.76;19988.9;2285.40;3.59;3.21;1.03;38398.40;44447.04;24859.38;30052.7;1.28;1.48;0.83;13/11/2024 16:11:28;
14/11/2024;20;2.0TD;1;0.000158002835000000;0.188;1.125644746;263.942061;33.081;43.893;186.968061;151.22;-6.37486;0.98149;0.75;0.25;118.61625;93.11680;101.96000;84.74000;75.52000;2123.3;275.0;200.0;46.0;7.41;0.926;0.17498;0.04096;0.00;0.000;2.361;0.947;0.000;0.557;157.380;151.63;147.80;20042.6;2387.50;3.17;3.21;1.03;30912.84;41357.12;24859.38;30646.8;1.01;1.35;0.81;13/11/2024 16:11:28;
14/11/2024;21;2.0TD;1;0.000169237034000000;0.190;1.135698211;250.786022;33.081;43.893;173.812022;140.10;-6.37486;0.98149;0.75;0.25;118.61625;93.11680;101.96000;84.74000;75.52000;2123.3;275.0;200.0;46.0;7.38;0.926;0.17498;0.04096;0.00;0.000;2.191;0.947;0.000;0.557;146.060;140.10;140.10;19850.0;2162.30;3.14;3.21;1.03;38273.32;33646.32;24859.38;30861.7;1.24;1.09;0.81;13/11/2024 16:11:28;
14/11/2024;22;2.0TD;1;0.000169109042000000;0.192;1.147554027;238.867295;33.081;43.893;161.893295;129.62;-6.37486;0.98149;0.75;0.25;118.61625;93.11680;101.96000;84.74000;75.52000;2123.3;275.0;200.0;46.0;7.77;0.926;0.17498;0.04096;0.00;0.000;2.037;0.947;0.000;0.557;135.816;129.81;127.94;19107.4;2136.50;3.53;3.21;1.03;44306.92;36480.00;24859.38;29951.9;1.48;1.22;0.83;13/11/2024 16:11:28;
14/11/2024;23;2.0TD;2;0.000150708959000000;0.201;1.233764333;182.468674;19.184;8.779;154.505674;123.07;-6.37486;0.98149;0.75;0.25;118.61625;93.11680;101.96000;84.74000;75.52000;2123.3;275.0;200.0;46.0;8.03;0.154;0.17498;0.04096;0.00;0.000;1.930;0.947;0.000;0.557;128.647;123.28;121.28;16994.6;2037.30;3.79;3.21;1.03;49785.20;28960.00;24859.38;27346.9;1.82;1.06;0.91;13/11/2024 16:11:28;
14/11/2024;24;2.0TD;2;0.000124407456000000;0.210;1.289333117;174.007002;19.184;8.779;146.044002;112.61;-6.37486;0.98149;0.75;0.25;118.61625;93.11680;101.96000;84.74000;75.52000;2123.3;275.0;200.0;46.0;10.66;0.154;0.17498;0.04096;0.00;0.000;1.810;0.947;0.000;0.557;120.697;112.91;109.91;15724.5;1742.00;6.42;3.21;1.03;63555.88;72255.20;24859.38;25031.0;2.54;2.89;0.99;13/11/2024 16:11:28;
*
