pvpcdata;
2024;08;09;11;56;33;
05/07/2024;1;2.0TD;3;0.000111896340000000;0.166;0.921657182;122.005716;0.557;2.195;119.253716;81.66;7.26340;1.15256;0.75;0.25;59.87542;88.92900;101.96000;73.51000;74.07000;1978.2;275.0;234.0;61.0;8.99;0.000;0.17498;0.04096;0.00;0.000;1.534;0.947;0.000;0.557;102.275;81.66;81.66;18566.0;1020.60;4.77;3.13;1.09;66806.56;32343.52;24859.38;26004.8;2.57;1.24;0.96;04/07/2024 16:19:00;
05/07/2024;2;2.0TD;3;0.000095679338000000;0.166;0.921865606;123.094760;0.557;2.195;120.342760;81.66;7.26340;1.15256;0.75;0.25;59.87542;88.92900;101.96000;73.51000;74.07000;1978.2;275.0;234.0;61.0;9.91;0.000;0.17498;0.04096;0.00;0.000;1.548;0.947;0.000;0.557;103.209;81.66;81.66;17491.0;991.70;5.69;3.13;1.09;66950.72;47880.00;24859.38;24523.3;2.73;1.95;1.01;04/07/2024 16:19:00;
05/07/2024;3;2.0TD;3;0.000084668013000000;0.167;0.927535904;123.257486;0.557;2.195;120.505486;81.42;7.26340;1.15256;0.75;0.25;59.87542;88.92900;101.96000;73.51000;74.07000;1978.2;275.0;234.0;61.0;10.20;0.000;0.17498;0.04096;0.00;0.000;1.549;0.947;0.000;0.557;103.260;81.42;81.42;16621.9;987.40;5.98;3.13;1.09;73199.88;42985.20;24859.38;23582.6;3.10;1.82;1.05;04/07/2024 16:19:00;
05/07/2024;4;2.0TD;3;0.000078704146000000;0.167;0.928057262;130.153289;0.557;2.195;127.401289;87.60;7.26340;1.15256;0.75;0.25;59.87542;88.92900;101.96000;73.51000;74.07000;1978.2;275.0;234.0;61.0;9.84;0.000;0.17498;0.04096;0.00;0.000;1.638;0.947;0.000;0.557;109.169;87.75;85.55;16709.2;1208.90;5.62;3.13;1.09;81888.32;47880.00;0.00;23098.7;3.55;2.07;0.00;04/07/2024 16:19:00;
05/07/2024;5;2.0TD;3;0.000075315934000000;0.168;0.932706609;130.866315;0.557;2.195;128.114315;88.07;7.26340;1.15256;0.75;0.25;59.87542;88.92900;101.96000;73.51000;74.07000;1978.2;275.0;234.0;61.0;9.88;0.000;0.17498;0.04096;0.00;0.000;1.645;0.947;0.000;0.557;109.686;88.20;86.29;16480.7;1229.10;5.66;3.13;1.09;81267.96;47940.00;0.00;22836.3;3.56;2.10;0.00;04/07/2024 16:19:00;
05/07/2024;6;2.0TD;3;0.000074394085000000;0.167;0.928937049;132.071837;0.557;2.195;129.319837;89.80;7.26340;1.15256;0.75;0.25;59.87542;88.92900;101.96000;73.51000;74.07000;1978.2;275.0;234.0;61.0;9.26;0.000;0.17498;0.04096;0.00;0.000;1.662;0.947;0.000;0.557;110.813;90.01;86.95;16684.1;1218.10;5.04;3.13;1.09;79231.36;38224.16;0.00;23324.7;3.40;1.64;0.00;04/07/2024 16:19:00;
05/07/2024;7;2.0TD;3;0.000075455740000000;0.163;0.904472279;137.909945;0.557;2.195;135.157945;95.05;7.26340;1.15256;0.75;0.25;59.87542;88.92900;101.96000;73.51000;74.07000;1978.2;275.0;234.0;61.0;9.33;0.000;0.17498;0.04096;0.00;0.000;1.743;0.947;0.000;0.557;116.214;95.33;91.59;17551.8;1445.40;5.11;3.13;1.09;70046.84;31808.00;24859.38;24798.0;2.82;1.28;1.00;04/07/2024 16:19:00;
05/07/2024;8;2.0TD;3;0.000079861050000000;0.160;0.890026090;149.326020;0.557;2.195;146.574020;104.13;7.26340;1.15256;0.75;0.25;59.87542;88.92900;101.96000;73.51000;74.07000;1978.2;275.0;234.0;61.0;10.24;0.000;0.17498;0.04096;0.00;0.000;1.895;0.947;0.000;0.557;126.356;104.25;102.24;19108.6;1216.00;6.02;3.13;1.09;26257.76;110081.64;24859.38;26784.4;0.98;4.11;0.93;04/07/2024 16:19:00;
05/07/2024;9;2.0TD;2;0.000091477694000000;0.141;0.864088656;156.780661;19.184;8.779;128.817661;91.19;7.26340;1.15256;0.75;0.25;59.87542;88.92900;101.96000;73.51000;74.07000;1978.2;275.0;234.0;61.0;9.77;0.154;0.17498;0.04096;0.00;0.000;1.693;0.947;0.000;0.557;112.898;91.43;87.49;20441.1;1300.80;5.55;3.13;1.09;37155.28;94723.20;24859.38;28226.1;1.32;3.36;0.88;04/07/2024 16:19:00;
05/07/2024;10;2.0TD;2;0.000103694070000000;0.139;0.850054754;123.241391;19.184;8.779;95.278391;59.52;7.26340;1.15256;0.75;0.25;59.87542;88.92900;101.96000;73.51000;74.07000;1978.2;275.0;234.0;61.0;12.63;0.154;0.17498;0.04096;0.00;0.000;1.255;0.947;0.000;0.557;83.650;59.50;59.77;25564.3;1546.20;8.41;3.13;1.09;59636.76;164289.00;24859.38;29587.5;2.02;5.55;0.84;04/07/2024 16:19:00;
05/07/2024;11;2.0TD;1;0.000112764994000000;0.144;0.863995907;141.779213;33.081;43.893;64.805213;35.76;7.26340;1.15256;0.75;0.25;59.87542;88.92900;101.96000;73.51000;74.07000;1978.2;275.0;234.0;61.0;9.02;0.926;0.17498;0.04096;0.00;0.000;0.850;0.947;0.000;0.557;56.647;35.01;48.34;28295.5;1675.80;4.80;3.13;1.09;83033.64;37004.00;24859.38;30171.5;2.75;1.23;0.82;04/07/2024 16:19:00;
05/07/2024;12;2.0TD;1;0.000117885142000000;0.144;0.863063539;134.833989;33.081;43.893;57.859989;29.23;7.26340;1.15256;0.75;0.25;59.87542;88.92900;101.96000;73.51000;74.07000;1978.2;275.0;234.0;61.0;9.57;0.926;0.17498;0.04096;0.00;0.000;0.759;0.947;0.000;0.557;50.576;29.00;34.14;29803.2;1368.80;5.35;3.13;1.09;107741.20;31834.80;24859.38;30772.2;3.50;1.03;0.81;04/07/2024 16:19:00;
05/07/2024;13;2.0TD;1;0.000124786979000000;0.145;0.865692810;110.310576;33.081;43.893;33.336576;7.96;7.26340;1.15256;0.75;0.25;59.87542;88.92900;101.96000;73.51000;74.07000;1978.2;275.0;234.0;61.0;9.70;0.926;0.17498;0.04096;0.00;0.000;0.437;0.947;0.000;0.557;29.114;7.44;19.54;30623.9;1373.30;5.48;3.13;1.09;135717.56;10195.20;24859.38;31173.0;4.35;0.33;0.80;04/07/2024 16:19:00;
05/07/2024;14;2.0TD;1;0.000135088587000000;0.143;0.854743086;105.343162;33.081;43.893;28.369162;3.78;7.26340;1.15256;0.75;0.25;59.87542;88.92900;101.96000;73.51000;74.07000;1978.2;275.0;234.0;61.0;9.65;0.926;0.17498;0.04096;0.00;0.000;0.372;0.947;0.000;0.557;24.819;3.32;14.00;30916.4;1377.50;5.43;3.13;1.09;139780.80;6848.00;24859.38;31603.0;4.42;0.22;0.79;04/07/2024 16:19:00;
05/07/2024;15;2.0TD;2;0.000140051895000000;0.144;0.881741450;55.576773;19.184;8.779;27.613773;3.79;7.26340;1.15256;0.75;0.25;59.87542;88.92900;101.96000;73.51000;74.07000;1978.2;275.0;234.0;61.0;9.74;0.154;0.17498;0.04096;0.00;0.000;0.362;0.947;0.000;0.557;24.137;3.32;14.00;30668.8;1404.90;5.52;3.13;1.09;139780.40;8932.00;24859.38;31424.0;4.45;0.28;0.79;04/07/2024 16:19:00;
05/07/2024;16;2.0TD;2;0.000136192515000000;0.143;0.878601713;52.849441;19.184;8.779;24.886441;1.62;7.26340;1.15256;0.75;0.25;59.87542;88.92900;101.96000;73.51000;74.07000;1978.2;275.0;234.0;61.0;9.58;0.154;0.17498;0.04096;0.00;0.000;0.327;0.947;0.000;0.557;21.772;1.23;9.23;29994.2;1544.90;5.36;3.13;1.09;133306.84;5126.40;24859.38;30470.9;4.37;0.17;0.82;04/07/2024 16:19:00;
05/07/2024;17;2.0TD;2;0.000133257859000000;0.144;0.886273717;56.541165;19.184;8.779;28.578165;3.68;7.26340;1.15256;0.75;0.25;59.87542;88.92900;101.96000;73.51000;74.07000;1978.2;275.0;234.0;61.0;10.68;0.154;0.17498;0.04096;0.00;0.000;0.375;0.947;0.000;0.557;24.980;3.32;10.33;29578.6;1615.80;6.46;3.13;1.09;160424.80;8330.40;24859.38;29964.2;5.35;0.28;0.83;04/07/2024 16:19:00;
05/07/2024;18;2.0TD;2;0.000132915682000000;0.146;0.897352695;75.555135;19.184;8.779;47.592135;17.63;7.26340;1.15256;0.75;0.25;59.87542;88.92900;101.96000;73.51000;74.07000;1978.2;275.0;234.0;61.0;13.03;0.154;0.17498;0.04096;0.00;0.000;0.623;0.947;0.000;0.557;41.528;17.42;22.56;29878.3;1296.10;8.81;3.13;1.09;214880.48;23414.40;24859.38;29872.5;7.19;0.78;0.83;04/07/2024 16:19:00;
05/07/2024;19;2.0TD;1;0.000131539639000000;0.146;0.873679692;150.816411;33.081;43.893;73.842411;38.13;7.26340;1.15256;0.75;0.25;59.87542;88.92900;101.96000;73.51000;74.07000;1978.2;275.0;234.0;61.0;14.32;0.926;0.17498;0.04096;0.00;0.000;0.967;0.947;0.000;0.557;64.434;38.00;40.12;28513.0;1924.70;10.10;3.13;1.09;190848.52;82189.12;24859.38;29483.3;6.47;2.79;0.84;04/07/2024 16:19:00;
05/07/2024;20;2.0TD;1;0.000128386886000000;0.148;0.889143622;179.580993;33.081;43.893;102.606993;63.20;7.26340;1.15256;0.75;0.25;59.87542;88.92900;101.96000;73.51000;74.07000;1978.2;275.0;234.0;61.0;13.82;0.926;0.17498;0.04096;0.00;0.000;1.341;0.947;0.000;0.557;89.378;63.31;61.31;22274.4;1274.30;9.60;3.13;1.09;150595.20;109132.80;24859.38;29644.3;5.08;3.68;0.84;04/07/2024 16:19:00;
05/07/2024;21;2.0TD;1;0.000126726122000000;0.153;0.913210336;198.417085;33.081;43.893;121.443085;82.70;7.26340;1.15256;0.75;0.25;59.87542;88.92900;101.96000;73.51000;74.07000;1978.2;275.0;234.0;61.0;10.03;0.926;0.17498;0.04096;0.00;0.000;1.580;0.947;0.000;0.557;105.327;82.70;82.70;19901.5;1291.70;5.81;3.13;1.09;71587.68;74724.00;24859.38;29464.9;2.43;2.54;0.84;04/07/2024 16:19:00;
05/07/2024;22;2.0TD;1;0.000132256465000000;0.155;0.931073107;209.215625;33.081;43.893;132.241625;94.98;7.26340;1.15256;0.75;0.25;59.87542;88.92900;101.96000;73.51000;74.07000;1978.2;275.0;234.0;61.0;6.78;0.926;0.17498;0.04096;0.00;0.000;1.717;0.947;0.000;0.557;114.494;95.00;94.68;19380.8;1346.00;2.56;3.13;1.09;33824.32;15980.00;24859.38;29085.5;1.16;0.55;0.85;04/07/2024 16:19:00;
05/07/2024;23;2.0TD;2;0.000138900891000000;0.164;1.006415795;173.688716;19.184;8.779;145.725716;106.57;7.26340;1.15256;0.75;0.25;59.87542;88.92900;101.96000;73.51000;74.07000;1978.2;275.0;234.0;61.0;6.50;0.154;0.17498;0.04096;0.00;0.000;1.878;0.947;0.000;0.557;125.193;106.33;109.83;18372.5;1365.40;2.28;3.13;1.09;23958.60;14364.00;24859.38;27768.0;0.86;0.52;0.90;04/07/2024 16:19:00;
05/07/2024;24;2.0TD;2;0.000127336704000000;0.161;0.988835663;155.703086;19.184;8.779;127.740086;90.40;7.26340;1.15256;0.75;0.25;59.87542;88.92900;101.96000;73.51000;74.07000;1978.2;275.0;234.0;61.0;7.73;0.154;0.17498;0.04096;0.00;0.000;1.650;0.947;0.000;0.557;110.025;90.40;90.40;17719.8;1119.60;3.51;3.13;1.09;37632.56;29576.44;24859.38;26289.4;1.43;1.13;0.95;04/07/2024 16:19:00;
*
