pvpcdata;
2024;02;09;12;01;48;
23/01/2024;1;2.0TD;3;0.000128091725000000;0.240;1.331174686;100.959225;0.557;2.195;98.207225;61.38;5.06836;0.77085;0.75;0.25;78.01917;98.29260;101.96000;97.42000;81.63000;2667.2;275.0;177.0;62.0;11.39;0.000;0.17498;0.03702;0.00;0.000;0.000;1.188;0.565;0.000;0.557;79.199;61.10;66.10;16110.4;959.40;6.25;3.56;1.58;106317.36;26287.56;24859.38;25199.6;4.22;1.04;0.99;22/01/2024 16:12:08;
23/01/2024;2;2.0TD;3;0.000104502486000000;0.250;1.389303389;100.647469;0.557;2.195;97.895469;59.28;5.06836;0.77085;0.75;0.25;78.01917;98.29260;101.96000;97.42000;81.63000;2667.2;275.0;177.0;62.0;12.62;0.000;0.17498;0.03702;0.00;0.000;0.000;1.175;0.565;0.000;0.557;78.316;59.00;64.00;16021.5;940.10;7.48;3.56;1.58;119750.24;31404.36;24859.38;23539.4;5.09;1.33;1.06;22/01/2024 16:12:08;
23/01/2024;3;2.0TD;3;0.000091971363000000;0.257;1.428006846;101.284930;0.557;2.195;98.532930;58.89;5.06836;0.77085;0.75;0.25;78.01917;98.29260;101.96000;97.42000;81.63000;2667.2;275.0;177.0;62.0;13.08;0.000;0.17498;0.03702;0.00;0.000;0.000;1.176;0.565;0.000;0.557;78.387;58.50;64.90;15705.4;1012.80;7.94;3.56;1.58;121653.68;32619.60;24859.38;22570.1;5.39;1.45;1.10;22/01/2024 16:12:08;
23/01/2024;4;2.0TD;3;0.000085575995000000;0.262;1.456214273;101.779089;0.557;2.195;99.027089;59.98;5.06836;0.77085;0.75;0.25;78.01917;98.29260;101.96000;97.42000;81.63000;2667.2;275.0;177.0;62.0;12.07;0.000;0.17498;0.03702;0.00;0.000;0.000;1.177;0.565;0.000;0.557;78.468;59.87;61.37;15185.2;1158.20;6.93;3.56;1.58;120420.40;33195.24;0.00;22158.4;5.43;1.50;0.00;22/01/2024 16:12:08;
23/01/2024;5;2.0TD;3;0.000083437729000000;0.263;1.461948959;100.216920;0.557;2.195;97.464920;58.71;5.06836;0.77085;0.75;0.25;78.01917;98.29260;101.96000;97.42000;81.63000;2667.2;275.0;177.0;62.0;12.06;0.000;0.17498;0.03702;0.00;0.000;0.000;1.158;0.565;0.000;0.557;77.169;58.50;61.49;15334.6;1137.60;6.92;3.56;1.58;119817.32;33387.12;0.00;22136.2;5.41;1.51;0.00;22/01/2024 16:12:08;
23/01/2024;6;2.0TD;3;0.000085689483000000;0.258;1.434345069;104.018956;0.557;2.195;101.266956;58.80;5.06836;0.77085;0.75;0.25;78.01917;98.29260;101.96000;97.42000;81.63000;2667.2;275.0;177.0;62.0;15.25;0.000;0.17498;0.03702;0.00;0.000;0.000;1.207;0.565;0.000;0.557;80.498;58.50;63.50;15318.6;994.90;10.11;3.56;1.58;148781.68;82048.00;0.00;22833.5;6.52;3.59;0.00;22/01/2024 16:12:08;
23/01/2024;7;2.0TD;3;0.000097328389000000;0.239;1.325072959;109.508421;0.557;2.195;106.756421;65.55;5.06836;0.77085;0.75;0.25;78.01917;98.29260;101.96000;97.42000;81.63000;2667.2;275.0;177.0;62.0;14.08;0.000;0.17498;0.03702;0.00;0.000;0.000;1.292;0.565;0.000;0.557;86.163;65.55;65.48;13830.3;855.30;8.94;3.56;1.58;134150.80;73920.00;24859.38;26037.4;5.15;2.84;0.95;22/01/2024 16:12:08;
23/01/2024;8;2.0TD;3;0.000124866556000000;0.219;1.215638233;130.853510;0.557;2.195;128.101510;90.10;5.06836;0.77085;0.75;0.25;78.01917;98.29260;101.96000;97.42000;81.63000;2667.2;275.0;177.0;62.0;8.17;0.000;0.17498;0.03702;0.00;0.000;0.000;1.576;0.565;0.000;0.557;105.087;90.10;90.10;16090.5;982.20;3.03;3.56;1.58;32438.60;32323.28;24859.38;29626.5;1.09;1.09;0.84;22/01/2024 16:12:08;
23/01/2024;9;2.0TD;2;0.000139732737000000;0.205;1.257552865;163.203012;19.184;8.779;135.240012;97.50;5.06836;0.77085;0.75;0.25;78.01917;98.29260;101.96000;97.42000;81.63000;2667.2;275.0;177.0;62.0;7.63;0.178;0.17498;0.03702;0.00;0.000;0.000;1.683;0.565;0.000;0.557;112.232;97.50;97.50;17817.1;1059.80;2.49;3.56;1.58;27755.16;27032.48;24859.38;32017.6;0.87;0.84;0.78;22/01/2024 16:12:08;
23/01/2024;10;2.0TD;2;0.000144524392000000;0.195;1.195843852;155.687438;19.184;8.779;127.724438;91.86;5.06836;0.77085;0.75;0.25;78.01917;98.29260;101.96000;97.42000;81.63000;2667.2;275.0;177.0;62.0;8.00;0.178;0.17498;0.03702;0.00;0.000;0.000;1.603;0.565;0.000;0.557;106.882;91.86;91.86;17580.2;1097.40;2.86;3.56;1.58;31027.76;36443.16;24859.38;32341.6;0.96;1.13;0.77;22/01/2024 16:12:08;
23/01/2024;11;2.0TD;1;0.000150681805000000;0.187;1.117967584;191.624401;33.081;43.893;114.650401;81.00;5.06836;0.77085;0.75;0.25;78.01917;98.29260;101.96000;97.42000;81.63000;2667.2;275.0;177.0;62.0;7.83;1.068;0.17498;0.03702;0.00;0.000;0.000;1.449;0.565;0.000;0.557;96.588;81.00;81.00;18520.5;1105.50;2.69;3.56;1.58;42664.40;19069.40;24859.38;32212.3;1.32;0.59;0.77;22/01/2024 16:12:08;
23/01/2024;12;2.0TD;1;0.000148975208000000;0.185;1.107430955;176.440974;33.081;43.893;99.466974;66.65;5.06836;0.77085;0.75;0.25;78.01917;98.29260;101.96000;97.42000;81.63000;2667.2;275.0;177.0;62.0;9.72;1.068;0.17498;0.03702;0.00;0.000;0.000;1.259;0.565;0.000;0.557;83.938;66.65;66.65;19871.3;1152.80;4.58;3.56;1.58;56564.24;64727.52;24859.38;31947.2;1.77;2.03;0.78;22/01/2024 16:12:08;
23/01/2024;13;2.0TD;1;0.000148085405000000;0.182;1.091423920;170.608937;33.081;43.893;93.634937;61.99;5.06836;0.77085;0.75;0.25;78.01917;98.29260;101.96000;97.42000;81.63000;2667.2;275.0;177.0;62.0;9.73;1.068;0.17498;0.03702;0.00;0.000;0.000;1.188;0.565;0.000;0.557;79.217;61.91;63.41;20136.7;1084.00;4.59;3.56;1.58;64988.68;55802.16;24859.38;31724.2;2.05;1.76;0.78;22/01/2024 16:12:08;
23/01/2024;14;2.0TD;1;0.000155344178000000;0.180;1.079069325;169.540722;33.081;43.893;92.566722;61.20;5.06836;0.77085;0.75;0.25;78.01917;98.29260;101.96000;97.42000;81.63000;2667.2;275.0;177.0;62.0;9.76;1.068;0.17498;0.03702;0.00;0.000;0.000;1.177;0.565;0.000;0.557;78.446;61.03;64.54;20459.9;1069.70;4.62;3.56;1.58;59727.64;61373.20;24859.38;31582.8;1.89;1.94;0.79;22/01/2024 16:12:08;
23/01/2024;15;2.0TD;2;0.000157207956000000;0.181;1.109315932;120.128683;19.184;8.779;92.165683;62.11;5.06836;0.77085;0.75;0.25;78.01917;98.29260;101.96000;97.42000;81.63000;2667.2;275.0;177.0;62.0;9.34;0.178;0.17498;0.03702;0.00;0.000;0.000;1.171;0.565;0.000;0.557;78.040;62.01;64.11;20501.1;1042.30;4.20;3.56;1.58;53965.32;52942.32;24859.38;31388.5;1.72;1.69;0.79;22/01/2024 16:12:08;
23/01/2024;16;2.0TD;2;0.000151619473000000;0.188;1.151053199;124.678525;19.184;8.779;96.715525;64.00;5.06836;0.77085;0.75;0.25;78.01917;98.29260;101.96000;97.42000;81.63000;2667.2;275.0;177.0;62.0;10.77;0.178;0.17498;0.03702;0.00;0.000;0.000;1.221;0.565;0.000;0.557;81.410;64.00;64.00;19646.9;1073.90;5.63;3.56;1.58;52945.92;96427.40;24859.38;30917.1;1.71;3.12;0.80;22/01/2024 16:12:08;
23/01/2024;17;2.0TD;2;0.000147293778000000;0.195;1.193542009;128.148663;19.184;8.779;100.185663;66.62;5.06836;0.77085;0.75;0.25;78.01917;98.29260;101.96000;97.42000;81.63000;2667.2;275.0;177.0;62.0;10.54;0.178;0.17498;0.03702;0.00;0.000;0.000;1.258;0.565;0.000;0.557;83.837;66.62;66.62;18039.4;1074.60;5.40;3.56;1.58;41193.28;99139.20;24859.38;30589.3;1.35;3.24;0.81;22/01/2024 16:12:08;
23/01/2024;18;2.0TD;2;0.000151926607000000;0.202;1.238618231;146.002255;19.184;8.779;118.039255;83.73;5.06836;0.77085;0.75;0.25;78.01917;98.29260;101.96000;97.42000;81.63000;2667.2;275.0;177.0;62.0;7.58;0.178;0.17498;0.03702;0.00;0.000;0.000;1.473;0.565;0.000;0.557;98.202;84.00;80.17;16878.9;1294.30;2.44;3.56;1.58;35407.04;15615.32;24859.38;31150.9;1.14;0.50;0.80;22/01/2024 16:12:08;
23/01/2024;19;2.0TD;1;0.000172593741000000;0.208;1.246783914;212.576077;33.081;43.893;135.602077;96.81;5.06836;0.77085;0.75;0.25;78.01917;98.29260;101.96000;97.42000;81.63000;2667.2;275.0;177.0;62.0;7.45;1.068;0.17498;0.03702;0.00;0.000;0.000;1.684;0.565;0.000;0.557;112.253;96.98;94.29;17765.7;1226.90;2.31;3.56;1.58;29340.20;20695.44;24859.38;32394.6;0.91;0.64;0.77;22/01/2024 16:12:08;
23/01/2024;20;2.0TD;1;0.000195387951000000;0.208;1.245959724;234.822605;33.081;43.893;157.848605;115.00;5.06836;0.77085;0.75;0.25;78.01917;98.29260;101.96000;97.42000;81.63000;2667.2;275.0;177.0;62.0;7.40;1.068;0.17498;0.03702;0.00;0.000;0.000;1.960;0.565;0.000;0.557;130.669;115.00;115.00;18841.4;1215.20;2.26;3.56;1.58;20423.96;29403.20;24859.38;33073.2;0.62;0.89;0.75;22/01/2024 16:12:08;
23/01/2024;21;2.0TD;1;0.000209654462000000;0.208;1.245663453;252.065597;33.081;43.893;175.091597;129.01;5.06836;0.77085;0.75;0.25;78.01917;98.29260;101.96000;97.42000;81.63000;2667.2;275.0;177.0;62.0;7.45;1.068;0.17498;0.03702;0.00;0.000;0.000;2.174;0.565;0.000;0.557;144.943;129.01;129.01;18874.6;1358.40;2.31;3.56;1.58;13502.96;38543.76;24859.38;33362.4;0.40;1.16;0.75;22/01/2024 16:12:08;
23/01/2024;22;2.0TD;1;0.000211652525000000;0.210;1.255301395;224.691254;33.081;43.893;147.717254;106.70;5.06836;0.77085;0.75;0.25;78.01917;98.29260;101.96000;97.42000;81.63000;2667.2;275.0;177.0;62.0;7.24;1.068;0.17498;0.03702;0.00;0.000;0.000;1.831;0.565;0.000;0.557;122.080;106.76;105.77;18355.9;1131.10;2.10;3.56;1.58;21062.28;22705.80;24859.38;32728.1;0.64;0.69;0.76;22/01/2024 16:12:08;
23/01/2024;23;2.0TD;2;0.000192462944000000;0.215;1.319017010;157.973315;19.184;8.779;130.010315;92.47;5.06836;0.77085;0.75;0.25;78.01917;98.29260;101.96000;97.42000;81.63000;2667.2;275.0;177.0;62.0;7.51;0.178;0.17498;0.03702;0.00;0.000;0.000;1.605;0.565;0.000;0.557;107.004;92.50;91.99;16085.0;1064.10;2.37;3.56;1.58;27317.64;17758.64;24859.38;29545.3;0.92;0.60;0.84;22/01/2024 16:12:08;
23/01/2024;24;2.0TD;2;0.000160092003000000;0.220;1.348175404;148.537277;19.184;8.779;120.574277;84.18;5.06836;0.77085;0.75;0.25;78.01917;98.29260;101.96000;97.42000;81.63000;2667.2;275.0;177.0;62.0;7.75;0.178;0.17498;0.03702;0.00;0.000;0.000;1.482;0.565;0.000;0.557;98.831;84.51;80.11;13981.9;1118.90;2.61;3.56;1.58;30582.24;13559.52;24859.38;26507.0;1.15;0.51;0.94;22/01/2024 16:12:08;
*
