pvpcdata;
2025;01;13;09;30;34;
20/12/2024;1;2.0TD;3;0.000132065185000000;0.235;1.304663618;163.106957;0.557;2.195;160.354957;117.42;-5.01172;0.78941;0.75;0.25;114.67167;94.62480;101.96000;84.74000;90.60000;2675.4;275.0;200.0;53.0;12.71;0.000;0.17498;0.04096;0.00;0.000;1.948;0.947;0.000;0.557;129.842;118.04;110.04;18771.5;1576.20;8.54;3.25;0.92;63265.72;135608.00;24859.38;26206.5;2.41;5.17;0.95;19/12/2024 16:09:12;
20/12/2024;2;2.0TD;3;0.000108725657000000;0.244;1.357435162;154.992808;0.557;2.195;152.240808;108.86;-5.01172;0.78941;0.75;0.25;114.67167;94.62480;101.96000;84.74000;90.60000;2675.4;275.0;200.0;53.0;13.92;0.000;0.17498;0.04096;0.00;0.000;1.836;0.947;0.000;0.557;122.380;109.18;105.00;17675.8;1459.20;9.75;3.25;0.92;81749.32;131534.88;24859.38;24437.4;3.35;5.38;1.02;19/12/2024 16:09:12;
20/12/2024;3;2.0TD;3;0.000094729731000000;0.254;1.409681598;137.348924;0.557;2.195;134.596924;89.71;-5.01172;0.78941;0.75;0.25;114.67167;94.62480;101.96000;84.74000;90.60000;2675.4;275.0;200.0;53.0;18.25;0.000;0.17498;0.04096;0.00;0.000;1.610;0.947;0.000;0.557;107.334;89.49;93.82;17285.3;933.60;14.08;3.25;0.92;177742.56;127120.00;24859.38;23422.8;7.59;5.43;1.06;19/12/2024 16:09:12;
20/12/2024;4;2.0TD;3;0.000087771553000000;0.255;1.415998111;134.117958;0.557;2.195;131.365958;86.71;-5.01172;0.78941;0.75;0.25;114.67167;94.62480;101.96000;84.74000;90.60000;2675.4;275.0;200.0;53.0;18.63;0.000;0.17498;0.04096;0.00;0.000;1.570;0.947;0.000;0.557;104.674;86.20;94.82;17024.9;1076.90;14.46;3.25;0.92;198038.68;130200.00;0.00;22696.2;8.73;5.74;0.00;19/12/2024 16:09:12;
20/12/2024;5;2.0TD;3;0.000085035444000000;0.256;1.420894157;134.375864;0.557;2.195;131.623864;86.81;-5.01172;0.78941;0.75;0.25;114.67167;94.62480;101.96000;84.74000;90.60000;2675.4;275.0;200.0;53.0;18.65;0.000;0.17498;0.04096;0.00;0.000;1.572;0.947;0.000;0.557;104.796;86.20;96.20;16963.1;1105.90;14.48;3.25;0.92;198041.92;130200.00;0.00;22660.9;8.74;5.75;0.00;19/12/2024 16:09:12;
20/12/2024;6;2.0TD;3;0.000087191035000000;0.246;1.366931834;136.617344;0.557;2.195;133.865344;90.27;-5.01172;0.78941;0.75;0.25;114.67167;94.62480;101.96000;84.74000;90.60000;2675.4;275.0;200.0;53.0;17.79;0.000;0.17498;0.04096;0.00;0.000;1.612;0.947;0.000;0.557;107.436;89.99;94.99;16983.0;1003.70;13.62;3.25;0.92;191639.80;126680.00;0.00;23377.7;8.20;5.42;0.00;19/12/2024 16:09:12;
20/12/2024;7;2.0TD;3;0.000098013477000000;0.222;1.234209681;156.331824;0.557;2.195;153.579824;111.87;-5.01172;0.78941;0.75;0.25;114.67167;94.62480;101.96000;84.74000;90.60000;2675.4;275.0;200.0;53.0;14.16;0.000;0.17498;0.04096;0.00;0.000;1.885;0.947;0.000;0.557;125.679;112.18;108.18;18185.7;1552.20;9.99;3.25;0.92;91683.28;139964.00;24859.38;25688.8;3.57;5.45;0.97;19/12/2024 16:09:12;
20/12/2024;8;2.0TD;3;0.000122863818000000;0.203;1.128081011;170.444270;0.557;2.195;167.692270;130.55;-5.01172;0.78941;0.75;0.25;114.67167;94.62480;101.96000;84.74000;90.60000;2675.4;275.0;200.0;53.0;8.99;0.000;0.17498;0.04096;0.00;0.000;2.091;0.947;0.000;0.557;139.395;130.60;130.01;20007.9;1807.20;4.82;3.25;0.92;60069.20;59620.00;24859.38;30030.1;2.00;1.99;0.83;19/12/2024 16:09:12;
20/12/2024;9;2.0TD;2;0.000139660633000000;0.191;1.170393603;206.659533;19.184;8.779;178.696533;141.08;-5.01172;0.78941;0.75;0.25;114.67167;94.62480;101.96000;84.74000;90.60000;2675.4;275.0;200.0;53.0;8.79;0.154;0.17498;0.04096;0.00;0.000;2.251;0.947;0.000;0.557;150.039;141.08;141.08;21792.2;1980.30;4.62;3.25;0.92;50138.72;74340.00;24859.38;32309.9;1.55;2.30;0.77;19/12/2024 16:09:12;
20/12/2024;10;2.0TD;2;0.000147680186000000;0.184;1.129695273;194.742507;19.184;8.779;166.779507;131.83;-5.01172;0.78941;0.75;0.25;114.67167;94.62480;101.96000;84.74000;90.60000;2675.4;275.0;200.0;53.0;9.00;0.154;0.17498;0.04096;0.00;0.000;2.113;0.947;0.000;0.557;140.861;131.98;130.01;23383.4;1922.70;4.83;3.25;0.92;60252.56;75320.00;24859.38;33205.9;1.81;2.27;0.75;19/12/2024 16:09:12;
20/12/2024;11;2.0TD;1;0.000152769341000000;0.176;1.053756803;228.086555;33.081;43.893;151.112555;113.96;-5.01172;0.78941;0.75;0.25;114.67167;94.62480;101.96000;84.74000;90.60000;2675.4;275.0;200.0;53.0;13.92;0.926;0.17498;0.04096;0.00;0.000;1.927;0.947;0.000;0.557;128.497;114.20;110.20;24856.9;1617.90;9.75;3.25;0.92;46223.96;252672.00;24859.38;33193.6;1.39;7.61;0.75;19/12/2024 16:09:12;
20/12/2024;12;2.0TD;1;0.000150308037000000;0.174;1.040692328;207.865691;33.081;43.893;130.891691;99.27;-5.01172;0.78941;0.75;0.25;114.67167;94.62480;101.96000;84.74000;90.60000;2675.4;275.0;200.0;53.0;11.86;0.926;0.17498;0.04096;0.00;0.000;1.672;0.947;0.000;0.557;111.492;99.27;99.27;24416.7;1611.80;7.69;3.25;0.92;63874.64;162912.80;24859.38;32732.7;1.95;4.98;0.76;19/12/2024 16:09:12;
20/12/2024;13;2.0TD;1;0.000148367435000000;0.173;1.036122387;195.940916;33.081;43.893;118.966916;89.37;-5.01172;0.78941;0.75;0.25;114.67167;94.62480;101.96000;84.74000;90.60000;2675.4;275.0;200.0;53.0;11.84;0.926;0.17498;0.04096;0.00;0.000;1.521;0.947;0.000;0.557;101.421;89.37;89.37;24573.3;1555.40;7.67;3.25;0.92;75343.64;147272.00;24859.38;32281.0;2.33;4.56;0.77;19/12/2024 16:09:12;
20/12/2024;14;2.0TD;1;0.000154536257000000;0.172;1.032137117;191.961346;33.081;43.893;114.987346;85.95;-5.01172;0.78941;0.75;0.25;114.67167;94.62480;101.96000;84.74000;90.60000;2675.4;275.0;200.0;53.0;12.00;0.926;0.17498;0.04096;0.00;0.000;1.472;0.947;0.000;0.557;98.112;85.81;88.10;25862.9;1655.70;7.83;3.25;0.92;79176.04;146800.00;24859.38;32074.0;2.47;4.58;0.78;19/12/2024 16:09:12;
20/12/2024;15;2.0TD;2;0.000156604445000000;0.172;1.054801713;148.230206;19.184;8.779;120.267206;90.63;-5.01172;0.78941;0.75;0.25;114.67167;94.62480;101.96000;84.74000;90.60000;2675.4;275.0;200.0;53.0;12.53;0.154;0.17498;0.04096;0.00;0.000;1.539;0.947;0.000;0.557;102.617;90.63;90.63;23930.2;1469.80;8.36;3.25;0.92;77771.12;163948.00;24859.38;31880.7;2.44;5.14;0.78;19/12/2024 16:09:12;
20/12/2024;16;2.0TD;2;0.000151145539000000;0.181;1.110848511;162.869894;19.184;8.779;134.906894;101.19;-5.01172;0.78941;0.75;0.25;114.67167;94.62480;101.96000;84.74000;90.60000;2675.4;275.0;200.0;53.0;13.41;0.154;0.17498;0.04096;0.00;0.000;1.713;0.947;0.000;0.557;114.231;101.19;101.12;23387.3;1570.00;9.24;3.25;0.92;65125.16;198093.20;24859.38;31202.2;2.09;6.35;0.80;19/12/2024 16:09:12;
20/12/2024;17;2.0TD;2;0.000149138090000000;0.184;1.127257931;178.887563;19.184;8.779;150.924563;111.96;-5.01172;0.78941;0.75;0.25;114.67167;94.62480;101.96000;84.74000;90.60000;2675.4;275.0;200.0;53.0;15.68;0.154;0.17498;0.04096;0.00;0.000;1.912;0.947;0.000;0.557;127.470;112.18;109.18;23911.6;1900.00;11.51;3.25;0.92;52052.76;276248.00;24859.38;30674.7;1.70;9.01;0.81;19/12/2024 16:09:12;
20/12/2024;18;2.0TD;2;0.000157690609000000;0.191;1.172324988;200.105460;19.184;8.779;172.142460;135.01;-5.01172;0.78941;0.75;0.25;114.67167;94.62480;101.96000;84.74000;90.60000;2675.4;275.0;200.0;53.0;9.44;0.154;0.17498;0.04096;0.00;0.000;2.168;0.947;0.000;0.557;144.536;135.01;135.01;23381.7;1969.00;5.27;3.25;0.92;15857.60;124264.00;24859.38;31284.0;0.51;3.97;0.79;19/12/2024 16:09:12;
20/12/2024;19;2.0TD;1;0.000179174911000000;0.204;1.221798980;259.297009;33.081;43.893;182.323009;141.08;-5.01172;0.78941;0.75;0.25;114.67167;94.62480;101.96000;84.74000;90.60000;2675.4;275.0;200.0;53.0;9.39;0.926;0.17498;0.04096;0.00;0.000;2.271;0.947;0.000;0.557;151.431;141.08;141.08;23516.5;2027.50;5.22;3.25;0.92;86952.44;58564.00;24859.38;32601.3;2.67;1.80;0.76;19/12/2024 16:09:12;
20/12/2024;20;2.0TD;1;0.000188817857000000;0.211;1.263932494;264.648810;33.081;43.893;187.674810;145.39;-5.01172;0.78941;0.75;0.25;114.67167;94.62480;101.96000;84.74000;90.60000;2675.4;275.0;200.0;53.0;8.57;0.926;0.17498;0.04096;0.00;0.000;2.325;0.947;0.000;0.557;154.975;145.39;145.39;23625.2;2209.60;4.40;3.25;0.92;79468.12;41480.00;24859.38;33091.9;2.40;1.25;0.75;19/12/2024 16:09:12;
20/12/2024;21;2.0TD;1;0.000195710530000000;0.214;1.282848986;265.002047;33.081;43.893;188.028047;145.38;-5.01172;0.78941;0.75;0.25;114.67167;94.62480;101.96000;84.74000;90.60000;2675.4;275.0;200.0;53.0;8.49;0.926;0.17498;0.04096;0.00;0.000;2.323;0.947;0.000;0.557;154.883;145.38;145.38;23619.9;2140.30;4.32;3.25;0.92;79501.36;39200.00;24859.38;33291.2;2.39;1.18;0.75;19/12/2024 16:09:12;
20/12/2024;22;2.0TD;1;0.000197739232000000;0.219;1.309094376;259.601009;33.081;43.893;182.627009;140.01;-5.01172;0.78941;0.75;0.25;114.67167;94.62480;101.96000;84.74000;90.60000;2675.4;275.0;200.0;53.0;8.87;0.926;0.17498;0.04096;0.00;0.000;2.247;0.947;0.000;0.557;149.817;140.01;140.01;22929.9;2241.30;4.70;3.25;0.92;86922.68;41880.00;24859.38;32668.1;2.66;1.28;0.76;19/12/2024 16:09:12;
20/12/2024;23;2.0TD;2;0.000184131887000000;0.220;1.346628568;200.741926;19.184;8.779;172.778926;131.84;-5.01172;0.78941;0.75;0.25;114.67167;94.62480;101.96000;84.74000;90.60000;2675.4;275.0;200.0;53.0;9.74;0.154;0.17498;0.04096;0.00;0.000;2.124;0.947;0.000;0.557;141.622;131.98;130.01;21876.1;1726.60;5.57;3.25;0.92;97913.12;45400.00;24859.38;30167.1;3.25;1.50;0.82;19/12/2024 16:09:12;
20/12/2024;24;2.0TD;2;0.000162216273000000;0.227;1.392075281;193.275569;19.184;8.779;165.312569;125.68;-5.01172;0.78941;0.75;0.25;114.67167;94.62480;101.96000;84.74000;90.60000;2675.4;275.0;200.0;53.0;9.11;0.154;0.17498;0.04096;0.00;0.000;2.021;0.947;0.000;0.557;134.729;125.68;125.68;20125.5;1477.70;4.94;3.25;0.92;60389.56;49852.00;24859.38;27386.3;2.21;1.82;0.91;19/12/2024 16:09:12;
*
