pvpcdata;
2024;11;12;10;29;18;
19/10/2024;1;2.0TD;3;0.000089798937000000;0.187;1.037391642;118.969903;0.557;2.195;116.217903;65.39;11.09972;1.16756;0.75;0.25;48.70792;93.10680;101.96000;84.74000;75.42000;1781.5;275.0;200.0;45.0;16.37;0.000;0.17498;0.04096;0.00;0.000;1.469;0.947;0.000;0.557;97.909;65.00;73.00;16269.1;825.70;12.13;3.19;1.05;138770.56;112597.80;24859.38;22765.1;6.10;4.95;1.09;18/10/2024 16:09:35;
19/10/2024;2;2.0TD;3;0.000076803702000000;0.193;1.072522655;117.897893;0.557;2.195;115.145893;62.52;11.09972;1.16756;0.75;0.25;48.70792;93.10680;101.96000;84.74000;75.42000;1781.5;275.0;200.0;45.0;17.87;0.000;0.17498;0.04096;0.00;0.000;1.448;0.947;0.000;0.557;96.518;62.14;70.14;16226.1;810.60;13.63;3.19;1.05;147727.04;121634.00;24859.38;21591.8;6.84;5.63;1.15;18/10/2024 16:09:35;
19/10/2024;3;2.0TD;3;0.000068207297000000;0.199;1.103501954;108.556475;0.557;2.195;105.804475;51.43;11.09972;1.16756;0.75;0.25;48.70792;93.10680;101.96000;84.74000;75.42000;1781.5;275.0;200.0;45.0;20.81;0.000;0.17498;0.04096;0.00;0.000;1.324;0.947;0.000;0.557;88.244;51.21;55.21;17680.0;1024.20;16.57;3.19;1.05;163788.68;156810.24;24859.38;20840.2;7.86;7.52;1.19;18/10/2024 16:09:35;
19/10/2024;4;2.0TD;3;0.000063482581000000;0.203;1.127941310;97.209073;0.557;2.195;94.457073;40.40;11.09972;1.16756;0.75;0.25;48.70792;93.10680;101.96000;84.74000;75.42000;1781.5;275.0;200.0;45.0;22.26;0.000;0.17498;0.04096;0.00;0.000;1.178;0.947;0.000;0.557;78.518;40.00;48.07;17534.3;909.40;18.02;3.19;1.05;179994.80;184153.20;0.00;20206.1;8.91;9.11;0.00;18/10/2024 16:09:35;
19/10/2024;5;2.0TD;3;0.000061211743000000;0.205;1.137398285;97.463713;0.557;2.195;94.711713;40.00;11.09972;1.16756;0.75;0.25;48.70792;93.10680;101.96000;84.74000;75.42000;1781.5;275.0;200.0;45.0;22.74;0.000;0.17498;0.04096;0.00;0.000;1.179;0.947;0.000;0.557;78.599;40.00;40.00;17368.8;941.60;18.50;3.19;1.05;179599.84;192191.28;0.00;20100.0;8.94;9.56;0.00;18/10/2024 16:09:35;
19/10/2024;6;2.0TD;3;0.000060917454000000;0.202;1.123604347;97.679869;0.557;2.195;94.927869;41.39;11.09972;1.16756;0.75;0.25;48.70792;93.10680;101.96000;84.74000;75.42000;1781.5;275.0;200.0;45.0;21.72;0.000;0.17498;0.04096;0.00;0.000;1.185;0.947;0.000;0.557;78.975;41.25;44.25;17101.1;858.60;17.48;3.19;1.05;157551.20;187950.40;0.00;19770.0;7.97;9.51;0.00;18/10/2024 16:09:35;
19/10/2024;7;2.0TD;3;0.000063054058000000;0.198;1.101222043;110.425763;0.557;2.195;107.673763;54.78;11.09972;1.16756;0.75;0.25;48.70792;93.10680;101.96000;84.74000;75.42000;1781.5;275.0;200.0;45.0;19.07;0.000;0.17498;0.04096;0.00;0.000;1.348;0.947;0.000;0.557;89.878;54.78;54.78;16563.1;897.60;14.83;3.19;1.05;139950.28;163512.32;0.00;20465.3;6.84;7.99;0.00;18/10/2024 16:09:35;
19/10/2024;8;2.0TD;3;0.000069640535000000;0.187;1.037631419;114.378587;0.557;2.195;111.626587;62.25;11.09972;1.16756;0.75;0.25;48.70792;93.10680;101.96000;84.74000;75.42000;1781.5;275.0;200.0;45.0;15.70;0.000;0.17498;0.04096;0.00;0.000;1.411;0.947;0.000;0.557;94.041;62.40;60.07;16876.2;1126.80;11.46;3.19;1.05;128793.96;121990.08;0.00;21877.4;5.89;5.58;0.00;18/10/2024 16:09:35;
19/10/2024;9;2.0TD;3;0.000078634709000000;0.176;0.977840325;122.202944;0.557;2.195;119.450944;70.19;11.09972;1.16756;0.75;0.25;48.70792;93.10680;101.96000;84.74000;75.42000;1781.5;275.0;200.0;45.0;15.18;0.000;0.17498;0.04096;0.00;0.000;1.524;0.947;0.000;0.557;101.574;70.00;73.00;16861.5;1123.70;10.94;3.19;1.05;91633.60;155856.80;0.00;22620.7;4.05;6.89;0.00;18/10/2024 16:09:35;
19/10/2024;10;2.0TD;3;0.000093679293000000;0.158;0.876850100;122.149828;0.557;2.195;119.397828;64.71;11.09972;1.16756;0.75;0.25;48.70792;93.10680;101.96000;84.74000;75.42000;1781.5;275.0;200.0;45.0;22.17;0.000;0.17498;0.04096;0.00;0.000;1.547;0.947;0.000;0.557;103.107;64.53;68.63;18337.8;846.00;17.93;3.19;1.05;75936.84;355442.12;0.00;24064.0;3.16;14.77;0.00;18/10/2024 16:09:35;
19/10/2024;11;2.0TD;3;0.000103964158000000;0.144;0.798981993;104.260187;0.557;2.195;101.508187;46.44;11.09972;1.16756;0.75;0.25;48.70792;93.10680;101.96000;84.74000;75.42000;1781.5;275.0;200.0;45.0;26.28;0.000;0.17498;0.04096;0.00;0.000;1.331;0.947;0.000;0.557;88.731;46.42;46.73;20721.9;1377.90;22.04;3.19;1.05;90469.28;459152.16;0.00;24941.2;3.63;18.41;0.00;18/10/2024 16:09:35;
19/10/2024;12;2.0TD;3;0.000105272570000000;0.140;0.775309425;80.653823;0.557;2.195;77.901823;35.02;11.09972;1.16756;0.75;0.25;48.70792;93.10680;101.96000;84.74000;75.42000;1781.5;275.0;200.0;45.0;17.61;0.000;0.17498;0.04096;0.00;0.000;1.025;0.947;0.000;0.557;68.335;35.00;35.50;22938.3;1002.30;13.37;3.19;1.05;100254.92;233800.24;0.00;24982.5;4.01;9.36;0.00;18/10/2024 16:09:35;
19/10/2024;13;2.0TD;3;0.000105600998000000;0.138;0.767619387;67.415359;0.557;2.195;64.663359;30.44;11.09972;1.16756;0.75;0.25;48.70792;93.10680;101.96000;84.74000;75.42000;1781.5;275.0;200.0;45.0;10.85;0.000;0.17498;0.04096;0.00;0.000;0.852;0.947;0.000;0.557;56.822;30.24;34.34;23599.4;1239.50;6.61;3.19;1.05;104387.72;60192.00;0.00;24910.9;4.19;2.42;0.00;18/10/2024 16:09:35;
19/10/2024;14;2.0TD;3;0.000112735901000000;0.135;0.749864901;52.288998;0.557;2.195;49.536998;17.80;11.09972;1.16756;0.75;0.25;48.70792;93.10680;101.96000;84.74000;75.42000;1781.5;275.0;200.0;45.0;10.51;0.000;0.17498;0.04096;0.00;0.000;0.655;0.947;0.000;0.557;43.645;17.67;20.57;24470.6;1131.80;6.27;3.19;1.05;115429.04;42980.00;0.00;25251.1;4.57;1.70;0.00;18/10/2024 16:09:35;
19/10/2024;15;2.0TD;3;0.000112515045000000;0.136;0.755410717;48.514547;0.557;2.195;45.762547;13.24;11.09972;1.16756;0.75;0.25;48.70792;93.10680;101.96000;84.74000;75.42000;1781.5;275.0;200.0;45.0;11.76;0.000;0.17498;0.04096;0.00;0.000;0.604;0.947;0.000;0.557;40.284;13.17;14.68;24576.7;1128.70;7.52;3.19;1.05;154150.84;33984.00;0.00;25028.4;6.16;1.36;0.00;18/10/2024 16:09:35;
19/10/2024;16;2.0TD;3;0.000099399794000000;0.146;0.810755156;40.598572;0.557;2.195;37.846572;5.88;11.09972;1.16756;0.75;0.25;48.70792;93.10680;101.96000;84.74000;75.42000;1781.5;275.0;200.0;45.0;11.97;0.000;0.17498;0.04096;0.00;0.000;0.495;0.947;0.000;0.557;33.025;5.79;7.66;24489.0;1182.70;7.73;3.19;1.05;161825.08;21611.20;0.00;23725.3;6.82;0.91;0.00;18/10/2024 16:09:35;
19/10/2024;17;2.0TD;3;0.000092232942000000;0.155;0.858493427;45.610507;0.557;2.195;42.858507;5.13;11.09972;1.16756;0.75;0.25;48.70792;93.10680;101.96000;84.74000;75.42000;1781.5;275.0;200.0;45.0;16.74;0.000;0.17498;0.04096;0.00;0.000;0.557;0.947;0.000;0.557;37.107;5.05;6.69;23742.3;1160.70;12.50;3.19;1.05;162550.64;129036.80;0.00;23320.1;6.97;5.53;0.00;18/10/2024 16:09:35;
19/10/2024;18;2.0TD;3;0.000091218286000000;0.161;0.893465425;77.786190;0.557;2.195;75.034190;22.42;11.09972;1.16756;0.75;0.25;48.70792;93.10680;101.96000;84.74000;75.42000;1781.5;275.0;200.0;45.0;26.56;0.000;0.17498;0.04096;0.00;0.000;0.969;0.947;0.000;0.557;64.629;22.32;24.30;21942.1;1156.60;22.32;3.19;1.05;144418.92;377000.00;0.00;23362.6;6.18;16.14;0.00;18/10/2024 16:09:35;
19/10/2024;19;2.0TD;3;0.000093854428000000;0.171;0.951859205;104.076209;0.557;2.195;101.324209;44.24;11.09972;1.16756;0.75;0.25;48.70792;93.10680;101.96000;84.74000;75.42000;1781.5;275.0;200.0;45.0;26.31;0.000;0.17498;0.04096;0.00;0.000;1.298;0.947;0.000;0.557;86.528;44.13;46.13;18937.2;1124.40;22.07;3.19;1.05;92828.12;429591.40;0.00;23665.8;3.92;18.15;0.00;18/10/2024 16:09:35;
19/10/2024;20;2.0TD;3;0.000104505372000000;0.177;0.984965100;119.137211;0.557;2.195;116.385211;70.09;11.09972;1.16756;0.75;0.25;48.70792;93.10680;101.96000;84.74000;75.42000;1781.5;275.0;200.0;45.0;12.63;0.000;0.17498;0.04096;0.00;0.000;1.483;0.947;0.000;0.557;98.883;70.00;72.00;16900.1;804.70;8.39;3.19;1.05;71203.92;137396.48;0.00;24871.5;2.86;5.52;0.00;18/10/2024 16:09:35;
19/10/2024;21;2.0TD;3;0.000123162576000000;0.178;0.986234713;129.437574;0.557;2.195;126.685574;83.36;11.09972;1.16756;0.75;0.25;48.70792;93.10680;101.96000;84.74000;75.42000;1781.5;275.0;200.0;45.0;7.89;0.000;0.17498;0.04096;0.00;0.000;1.613;0.947;0.000;0.557;107.543;82.88;91.63;16884.6;981.20;3.65;3.19;1.05;60975.64;34137.28;0.00;26048.9;2.34;1.31;0.00;18/10/2024 16:09:35;
19/10/2024;22;2.0TD;3;0.000127888204000000;0.179;0.991755717;141.873920;0.557;2.195;139.121920;91.20;11.09972;1.16756;0.75;0.25;48.70792;93.10680;101.96000;84.74000;75.42000;1781.5;275.0;200.0;45.0;10.35;0.000;0.17498;0.04096;0.00;0.000;1.770;0.947;0.000;0.557;118.000;91.50;88.49;15940.2;1757.40;6.11;3.19;1.05;54040.16;77287.44;24859.38;25557.0;2.11;3.02;0.97;18/10/2024 16:09:35;
19/10/2024;23;2.0TD;3;0.000116220485000000;0.184;1.023034147;128.123312;0.557;2.195;125.371312;80.08;11.09972;1.16756;0.75;0.25;48.70792;93.10680;101.96000;84.74000;75.42000;1781.5;275.0;200.0;45.0;9.54;0.000;0.17498;0.04096;0.00;0.000;1.588;0.947;0.000;0.557;105.888;80.18;78.99;15333.8;1430.30;5.30;3.19;1.05;63481.04;37965.76;24859.38;23823.2;2.66;1.59;1.04;18/10/2024 16:09:35;
19/10/2024;24;2.0TD;3;0.000102164422000000;0.190;1.054398978;120.954619;0.557;2.195;118.202619;73.47;11.09972;1.16756;0.75;0.25;48.70792;93.10680;101.96000;84.74000;75.42000;1781.5;275.0;200.0;45.0;9.69;0.000;0.17498;0.04096;0.00;0.000;1.490;0.947;0.000;0.557;99.330;73.33;75.33;14610.8;1101.60;5.45;3.19;1.05;45185.16;50248.80;24859.38;22093.1;2.05;2.27;1.13;18/10/2024 16:09:35;
*
