pvpcdata;
2024;11;12;10;29;24;
25/10/2024;1;2.0TD;3;0.000085204706000000;0.184;1.022597714;101.869383;0.557;2.195;99.117383;57.39;7.32774;1.15556;0.75;0.25;63.79583;93.10680;101.96000;84.74000;75.42000;1800.0;275.0;200.0;45.0;14.88;0.000;0.17498;0.04096;0.00;0.000;1.256;0.947;0.000;0.557;83.714;57.00;65.00;18933.4;967.50;10.64;3.19;1.05;165665.20;50688.96;24859.38;22677.6;7.31;2.24;1.10;24/10/2024 16:04:26;
25/10/2024;2;2.0TD;3;0.000072463270000000;0.192;1.064924604;100.432831;0.557;2.195;97.680831;55.00;7.32774;1.15556;0.75;0.25;63.79583;93.10680;101.96000;84.74000;75.42000;1800.0;275.0;200.0;45.0;15.53;0.000;0.17498;0.04096;0.00;0.000;1.229;0.947;0.000;0.557;81.947;55.00;55.00;18421.7;1066.90;11.29;3.19;1.05;169059.12;52284.96;24859.38;21804.1;7.75;2.40;1.14;24/10/2024 16:04:26;
25/10/2024;3;2.0TD;3;0.000064960905000000;0.196;1.090117841;89.481143;0.557;2.195;86.729143;43.80;7.32774;1.15556;0.75;0.25;63.79583;93.10680;101.96000;84.74000;75.42000;1800.0;275.0;200.0;45.0;17.44;0.000;0.17498;0.04096;0.00;0.000;1.088;0.947;0.000;0.557;72.516;43.50;49.63;18273.6;929.70;13.20;3.19;1.05;194978.96;57286.32;24859.38;20983.7;9.29;2.73;1.18;24/10/2024 16:04:26;
25/10/2024;4;2.0TD;3;0.000061443244000000;0.199;1.107026054;89.966068;0.557;2.195;87.214068;44.00;7.32774;1.15556;0.75;0.25;63.79583;93.10680;101.96000;84.74000;75.42000;1800.0;275.0;200.0;45.0;17.46;0.000;0.17498;0.04096;0.00;0.000;1.091;0.947;0.000;0.557;72.739;44.00;44.00;17763.1;973.30;13.22;3.19;1.05;217031.52;57694.08;0.00;20778.8;10.44;2.78;0.00;24/10/2024 16:04:26;
25/10/2024;5;2.0TD;3;0.000060014964000000;0.200;1.111968943;95.581607;0.557;2.195;92.829607;49.01;7.32774;1.15556;0.75;0.25;63.79583;93.10680;101.96000;84.74000;75.42000;1800.0;275.0;200.0;45.0;17.00;0.000;0.17498;0.04096;0.00;0.000;1.160;0.947;0.000;0.557;77.358;49.00;49.10;17285.8;999.20;12.76;3.19;1.05;207930.24;54955.84;0.00;20603.6;10.09;2.67;0.00;24/10/2024 16:04:26;
25/10/2024;6;2.0TD;3;0.000061446973000000;0.196;1.090527822;86.979111;0.557;2.195;84.227111;41.63;7.32774;1.15556;0.75;0.25;63.79583;93.10680;101.96000;84.74000;75.42000;1800.0;275.0;200.0;45.0;17.55;0.000;0.17498;0.04096;0.00;0.000;1.056;0.947;0.000;0.557;70.424;41.00;51.00;17625.7;1186.10;13.31;3.19;1.05;220837.92;58481.28;0.00;20993.1;10.52;2.79;0.00;24/10/2024 16:04:26;
25/10/2024;7;2.0TD;3;0.000069535095000000;0.180;0.998636864;99.209927;0.557;2.195;96.457927;56.67;7.32774;1.15556;0.75;0.25;63.79583;93.10680;101.96000;84.74000;75.42000;1800.0;275.0;200.0;45.0;13.66;0.000;0.17498;0.04096;0.00;0.000;1.226;0.947;0.000;0.557;81.744;56.50;59.10;17489.8;1200.30;9.42;3.19;1.05;155066.28;39580.80;24859.38;23319.3;6.65;1.70;1.07;24/10/2024 16:04:26;
25/10/2024;8;2.0TD;3;0.000089744721000000;0.161;0.895606282;111.000163;0.557;2.195;108.248163;70.07;7.32774;1.15556;0.75;0.25;63.79583;93.10680;101.96000;84.74000;75.42000;1800.0;275.0;200.0;45.0;11.58;0.000;0.17498;0.04096;0.00;0.000;1.399;0.947;0.000;0.557;93.237;70.10;69.69;17634.3;1431.10;7.34;3.19;1.05;134563.20;35129.76;24859.38;26522.5;5.07;1.32;0.94;24/10/2024 16:04:26;
25/10/2024;9;2.0TD;2;0.000097281841000000;0.187;1.145917260;160.969918;19.184;8.779;133.006918;90.29;7.32774;1.15556;0.75;0.25;63.79583;93.10680;101.96000;84.74000;75.42000;1800.0;275.0;200.0;45.0;9.74;0.154;0.17498;0.04096;0.00;0.000;1.681;0.947;0.000;0.557;112.053;90.30;90.20;18080.8;1319.00;5.50;3.19;1.05;109105.84;19756.00;24859.38;27923.0;3.91;0.71;0.89;24/10/2024 16:04:26;
25/10/2024;10;2.0TD;2;0.000095731837000000;0.152;0.935536489;147.387390;19.184;8.779;119.424390;79.95;7.32774;1.15556;0.75;0.25;63.79583;93.10680;101.96000;84.74000;75.42000;1800.0;275.0;200.0;45.0;11.82;0.154;0.17498;0.04096;0.00;0.000;1.555;0.947;0.000;0.557;103.667;79.64;84.64;18523.1;1243.70;7.58;3.19;1.05;128468.48;59658.48;24859.38;28093.8;4.57;2.12;0.88;24/10/2024 16:04:26;
25/10/2024;11;2.0TD;1;0.000096679404000000;0.150;0.895367184;184.448406;33.081;43.893;107.474406;70.07;7.32774;1.15556;0.75;0.25;63.79583;93.10680;101.96000;84.74000;75.42000;1800.0;275.0;200.0;45.0;10.87;0.926;0.17498;0.04096;0.00;0.000;1.402;0.947;0.000;0.557;93.456;70.00;71.00;19654.9;1551.60;6.63;3.19;1.05;89230.64;73256.40;24859.38;28240.3;3.16;2.59;0.88;24/10/2024 16:04:26;
25/10/2024;12;2.0TD;1;0.000095801506000000;0.149;0.894232622;175.115841;33.081;43.893;98.141841;60.14;7.32774;1.15556;0.75;0.25;63.79583;93.10680;101.96000;84.74000;75.42000;1800.0;275.0;200.0;45.0;12.88;0.926;0.17498;0.04096;0.00;0.000;1.281;0.947;0.000;0.557;85.415;60.00;62.00;20277.7;1500.80;8.64;3.19;1.05;104137.72;112241.60;24859.38;27919.8;3.73;4.02;0.89;24/10/2024 16:04:26;
25/10/2024;13;2.0TD;1;0.000098040940000000;0.147;0.882711404;168.284382;33.081;43.893;91.310382;56.13;7.32774;1.15556;0.75;0.25;63.79583;93.10680;101.96000;84.74000;75.42000;1800.0;275.0;200.0;45.0;11.17;0.926;0.17498;0.04096;0.00;0.000;1.194;0.947;0.000;0.557;79.608;55.83;60.83;21232.0;1362.50;6.93;3.19;1.05;108666.76;59716.80;24859.38;27871.9;3.90;2.14;0.89;24/10/2024 16:04:26;
25/10/2024;14;2.0TD;1;0.000103763575000000;0.145;0.866247963;166.800401;33.081;43.893;89.826401;54.24;7.32774;1.15556;0.75;0.25;63.79583;93.10680;101.96000;84.74000;75.42000;1800.0;275.0;200.0;45.0;11.92;0.926;0.17498;0.04096;0.00;0.000;1.177;0.947;0.000;0.557;78.451;54.00;58.52;23423.2;1302.70;7.68;3.19;1.05;127131.08;61752.00;24859.38;27809.8;4.57;2.22;0.89;24/10/2024 16:04:26;
25/10/2024;15;2.0TD;2;0.000104707875000000;0.163;1.002760363;114.015703;19.184;8.779;86.052703;50.43;7.32774;1.15556;0.75;0.25;63.79583;93.10680;101.96000;84.74000;75.42000;1800.0;275.0;200.0;45.0;12.11;0.154;0.17498;0.04096;0.00;0.000;1.110;0.947;0.000;0.557;73.992;50.00;57.99;23348.2;1319.30;7.87;3.19;1.05;132056.24;60037.60;24859.38;27551.0;4.79;2.18;0.90;24/10/2024 16:04:26;
25/10/2024;16;2.0TD;2;0.000098132552000000;0.170;1.041115534;105.648667;19.184;8.779;77.685667;42.42;7.32774;1.15556;0.75;0.25;63.79583;93.10680;101.96000;84.74000;75.42000;1800.0;275.0;200.0;45.0;12.64;0.154;0.17498;0.04096;0.00;0.000;0.996;0.947;0.000;0.557;66.398;42.00;50.00;23376.2;1288.80;8.40;3.19;1.05;142174.04;57074.56;24859.38;26667.7;5.33;2.14;0.93;24/10/2024 16:04:26;
25/10/2024;17;2.0TD;2;0.000094779663000000;0.177;1.088072988;103.950127;19.184;8.779;75.987127;40.44;7.32774;1.15556;0.75;0.25;63.79583;93.10680;101.96000;84.74000;75.42000;1800.0;275.0;200.0;45.0;12.81;0.154;0.17498;0.04096;0.00;0.000;0.968;0.947;0.000;0.557;64.560;40.00;48.00;22806.1;1316.20;8.57;3.19;1.05;138293.92;63627.20;24859.38;26454.4;5.23;2.41;0.94;24/10/2024 16:04:26;
25/10/2024;18;2.0TD;2;0.000097016725000000;0.182;1.119016091;121.565587;19.184;8.779;93.602587;54.22;7.32774;1.15556;0.75;0.25;63.79583;93.10680;101.96000;84.74000;75.42000;1800.0;275.0;200.0;45.0;13.44;0.154;0.17498;0.04096;0.00;0.000;1.188;0.947;0.000;0.557;79.190;53.90;59.91;21434.2;1193.90;9.20;3.19;1.05;116181.48;101806.24;24859.38;26383.7;4.40;3.86;0.94;24/10/2024 16:04:26;
25/10/2024;19;2.0TD;1;0.000100231639000000;0.164;0.983305641;186.288739;33.081;43.893;109.314739;70.89;7.32774;1.15556;0.75;0.25;63.79583;93.10680;101.96000;84.74000;75.42000;1800.0;275.0;200.0;45.0;10.50;0.926;0.17498;0.04096;0.00;0.000;1.409;0.947;0.000;0.557;93.913;70.57;75.57;17552.7;1184.20;6.26;3.19;1.05;78663.40;60137.28;24859.38;26155.3;3.01;2.30;0.95;24/10/2024 16:04:26;
25/10/2024;20;2.0TD;1;0.000112765979000000;0.170;1.016965221;222.688147;33.081;43.893;145.714147;102.37;7.32774;1.15556;0.75;0.25;63.79583;93.10680;101.96000;84.74000;75.42000;1800.0;275.0;200.0;45.0;9.19;0.926;0.17498;0.04096;0.00;0.000;1.868;0.947;0.000;0.557;124.542;102.17;105.01;18217.5;1382.80;4.95;3.19;1.05;44906.44;64787.84;24859.38;27174.6;1.65;2.38;0.91;24/10/2024 16:04:26;
25/10/2024;21;2.0TD;1;0.000130982441000000;0.172;1.027725807;225.269511;33.081;43.893;148.295511;103.06;7.32774;1.15556;0.75;0.25;63.79583;93.10680;101.96000;84.74000;75.42000;1800.0;275.0;200.0;45.0;10.46;0.926;0.17498;0.04096;0.00;0.000;1.898;0.947;0.000;0.557;126.532;103.06;103.06;18383.3;1389.90;6.22;3.19;1.05;123644.88;28000.00;24859.38;28405.9;4.35;0.99;0.88;24/10/2024 16:04:26;
25/10/2024;22;2.0TD;1;0.000134126113000000;0.173;1.035241956;211.213300;33.081;43.893;134.239300;90.50;7.32774;1.15556;0.75;0.25;63.79583;93.10680;101.96000;84.74000;75.42000;1800.0;275.0;200.0;45.0;11.11;0.926;0.17498;0.04096;0.00;0.000;1.717;0.947;0.000;0.557;114.441;90.50;90.51;18127.4;1302.40;6.87;3.19;1.05;141312.16;21956.00;24859.38;27397.5;5.16;0.80;0.91;24/10/2024 16:04:26;
25/10/2024;23;2.0TD;2;0.000120485652000000;0.199;1.223514116;152.356859;19.184;8.779;124.393859;79.22;7.32774;1.15556;0.75;0.25;63.79583;93.10680;101.96000;84.74000;75.42000;1800.0;275.0;200.0;45.0;12.63;0.154;0.17498;0.04096;0.00;0.000;1.556;0.947;0.000;0.557;103.748;79.03;82.03;16723.4;1141.70;8.39;3.19;1.05;156803.24;28822.24;24859.38;25080.7;6.25;1.15;0.99;24/10/2024 16:04:26;
25/10/2024;24;2.0TD;2;0.000104257803000000;0.206;1.262686970;146.031613;19.184;8.779;118.068613;74.18;7.32774;1.15556;0.75;0.25;63.79583;93.10680;101.96000;84.74000;75.42000;1800.0;275.0;200.0;45.0;11.91;0.154;0.17498;0.04096;0.00;0.000;1.469;0.947;0.000;0.557;97.901;74.00;76.50;15635.2;1242.90;7.67;3.19;1.05;99098.28;53652.48;24859.38;23153.4;4.28;2.32;1.07;24/10/2024 16:04:26;
*
