pvpcdata;
2024;06;11;12;31;17;
29/05/2024;1;2.0TD;3;0.000086366781000000;0.175;0.974476203;101.407815;0.557;2.195;98.655815;55.12;9.14012;1.11738;0.75;0.25;38.85833;75.41880;101.96000;48.69000;28.32000;1754.1;275.0;154.0;61.0;15.65;0.000;0.17498;0.04096;0.00;0.000;1.259;0.947;0.000;0.557;83.962;54.77;64.66;19116.1;693.20;11.24;3.16;1.25;203054.72;33813.68;24859.38;23291.9;8.72;1.45;1.07;28/05/2024 16:14:27;
29/05/2024;2;2.0TD;3;0.000072392222000000;0.178;0.989998813;87.010095;0.557;2.195;84.258095;40.94;9.14012;1.11738;0.75;0.25;38.85833;75.41880;101.96000;48.69000;28.32000;1754.1;275.0;154.0;61.0;17.58;0.000;0.17498;0.04096;0.00;0.000;1.073;0.947;0.000;0.557;71.526;40.94;40.94;18351.5;880.00;13.17;3.16;1.25;223960.40;45269.60;24859.38;22325.9;10.03;2.03;1.11;28/05/2024 16:14:27;
29/05/2024;3;2.0TD;3;0.000064719493000000;0.180;0.998955861;87.787987;0.557;2.195;85.035987;40.56;9.14012;1.11738;0.75;0.25;38.85833;75.41880;101.96000;48.69000;28.32000;1754.1;275.0;154.0;61.0;18.49;0.000;0.17498;0.04096;0.00;0.000;1.081;0.947;0.000;0.557;72.064;40.58;40.08;17801.9;805.60;14.08;3.16;1.25;233961.96;43465.60;24859.38;21473.6;10.90;2.02;1.16;28/05/2024 16:14:27;
29/05/2024;4;2.0TD;3;0.000061112983000000;0.180;1.001722953;89.285407;0.557;2.195;86.533407;40.32;9.14012;1.11738;0.75;0.25;38.85833;75.41880;101.96000;48.69000;28.32000;1754.1;275.0;154.0;61.0;19.98;0.000;0.17498;0.04096;0.00;0.000;1.100;0.947;0.000;0.557;73.333;40.34;39.84;17314.8;831.30;15.57;3.16;1.25;285215.24;43057.20;0.00;21085.6;13.53;2.04;0.00;28/05/2024 16:14:27;
29/05/2024;5;2.0TD;3;0.000059840892000000;0.180;1.001439169;89.956827;0.557;2.195;87.204827;40.70;9.14012;1.11738;0.75;0.25;38.85833;75.41880;101.96000;48.69000;28.32000;1754.1;275.0;154.0;61.0;20.16;0.000;0.17498;0.04096;0.00;0.000;1.109;0.947;0.000;0.557;73.902;40.70;40.70;17268.0;885.40;15.75;3.16;1.25;284567.04;44688.00;0.00;20906.9;13.61;2.14;0.00;28/05/2024 16:14:27;
29/05/2024;6;2.0TD;3;0.000061168291000000;0.178;0.988984612;89.605229;0.557;2.195;86.853229;40.94;9.14012;1.11738;0.75;0.25;38.85833;75.41880;101.96000;48.69000;28.32000;1754.1;275.0;154.0;61.0;19.75;0.000;0.17498;0.04096;0.00;0.000;1.106;0.947;0.000;0.557;73.729;40.94;40.94;17328.0;796.50;15.34;3.16;1.25;283555.96;46411.68;0.00;21504.5;13.19;2.16;0.00;28/05/2024 16:14:27;
29/05/2024;7;2.0TD;3;0.000066599784000000;0.168;0.931563175;106.025855;0.557;2.195;103.273855;59.39;9.14012;1.11738;0.75;0.25;38.85833;75.41880;101.96000;48.69000;28.32000;1754.1;275.0;154.0;61.0;15.77;0.000;0.17498;0.04096;0.00;0.000;1.326;0.947;0.000;0.557;88.419;59.36;59.95;15369.6;709.20;11.36;3.16;1.25;213615.88;24832.00;24859.38;23169.6;9.22;1.07;1.07;28/05/2024 16:14:27;
29/05/2024;8;2.0TD;3;0.000079306811000000;0.159;0.881653483;110.925406;0.557;2.195;108.173406;65.54;9.14012;1.11738;0.75;0.25;38.85833;75.41880;101.96000;48.69000;28.32000;1754.1;275.0;154.0;61.0;14.46;0.000;0.17498;0.04096;0.00;0.000;1.400;0.947;0.000;0.557;93.333;65.00;77.23;16848.1;781.20;10.05;3.16;1.25;101065.28;131835.00;24859.38;25638.4;3.94;5.14;0.97;28/05/2024 16:14:27;
29/05/2024;9;2.0TD;2;0.000091824288000000;0.174;1.070381163;123.369749;19.184;8.779;95.406749;52.58;9.14012;1.11738;0.75;0.25;38.85833;75.41880;101.96000;48.69000;28.32000;1754.1;275.0;154.0;61.0;15.38;0.154;0.17498;0.04096;0.00;0.000;1.219;0.947;0.000;0.557;81.266;52.19;62.08;20427.9;833.80;10.97;3.16;1.25;101062.44;173269.12;24859.38;27269.5;3.71;6.35;0.91;28/05/2024 16:14:27;
29/05/2024;10;2.0TD;2;0.000097060029000000;0.144;0.885646833;102.337181;19.184;8.779;74.374181;38.65;9.14012;1.11738;0.75;0.25;38.85833;75.41880;101.96000;48.69000;28.32000;1754.1;275.0;154.0;61.0;13.30;0.154;0.17498;0.04096;0.00;0.000;0.975;0.947;0.000;0.557;65.012;38.50;43.50;25435.1;785.90;8.89;3.16;1.25;112089.76;107707.20;24859.38;27506.0;4.08;3.92;0.90;28/05/2024 16:14:27;
29/05/2024;11;2.0TD;1;0.000102088638000000;0.144;0.859784956;140.619749;33.081;43.893;63.645749;28.65;9.14012;1.11738;0.75;0.25;38.85833;75.41880;101.96000;48.69000;28.32000;1754.1;275.0;154.0;61.0;13.29;0.926;0.17498;0.04096;0.00;0.000;0.835;0.947;0.000;0.557;55.634;29.00;22.30;27083.5;1483.10;8.88;3.16;1.25;201676.20;24563.20;24859.38;28286.9;7.13;0.87;0.88;28/05/2024 16:14:27;
29/05/2024;12;2.0TD;1;0.000104291916000000;0.144;0.864094688;133.081933;33.081;43.893;56.107933;20.50;9.14012;1.11738;0.75;0.25;38.85833;75.41880;101.96000;48.69000;28.32000;1754.1;275.0;154.0;61.0;14.95;0.926;0.17498;0.04096;0.00;0.000;0.736;0.947;0.000;0.557;49.045;20.50;20.50;27542.4;1369.00;10.54;3.16;1.25;230315.00;38280.00;24859.38;27845.0;8.27;1.37;0.89;28/05/2024 16:14:27;
29/05/2024;13;2.0TD;1;0.000108740463000000;0.142;0.852328643;136.774140;33.081;43.893;59.800140;24.11;9.14012;1.11738;0.75;0.25;38.85833;75.41880;101.96000;48.69000;28.32000;1754.1;275.0;154.0;61.0;14.61;0.926;0.17498;0.04096;0.00;0.000;0.785;0.947;0.000;0.557;52.364;24.08;24.58;27202.5;1455.20;10.20;3.16;1.25;220383.20;39015.60;24859.38;27852.4;7.91;1.40;0.89;28/05/2024 16:14:27;
29/05/2024;14;2.0TD;1;0.000116240941000000;0.138;0.825029466;130.211229;33.081;43.893;53.237229;18.24;9.14012;1.11738;0.75;0.25;38.85833;75.41880;101.96000;48.69000;28.32000;1754.1;275.0;154.0;61.0;14.98;0.926;0.17498;0.04096;0.00;0.000;0.702;0.947;0.000;0.557;46.781;18.40;14.72;28529.1;1311.50;10.57;3.16;1.25;244500.68;30023.60;24859.38;28332.8;8.63;1.06;0.88;28/05/2024 16:14:27;
29/05/2024;15;2.0TD;2;0.000115639459000000;0.157;0.962598722;82.109901;19.184;8.779;54.146901;17.35;9.14012;1.11738;0.75;0.25;38.85833;75.41880;101.96000;48.69000;28.32000;1754.1;275.0;154.0;61.0;16.66;0.154;0.17498;0.04096;0.00;0.000;0.702;0.947;0.000;0.557;46.799;17.47;13.97;28547.6;1024.50;12.25;3.16;1.25;288852.28;29421.60;24859.38;28012.1;10.31;1.05;0.89;28/05/2024 16:14:27;
29/05/2024;16;2.0TD;2;0.000105870282000000;0.163;0.999505406;76.569883;19.184;8.779;48.606883;11.90;9.14012;1.11738;0.75;0.25;38.85833;75.41880;101.96000;48.69000;28.32000;1754.1;275.0;154.0;61.0;17.18;0.154;0.17498;0.04096;0.00;0.000;0.627;0.947;0.000;0.557;41.794;11.98;9.58;28706.2;960.90;12.77;3.16;1.25;298311.84;24913.20;24859.38;27248.4;10.95;0.91;0.91;28/05/2024 16:14:27;
29/05/2024;17;2.0TD;2;0.000099693927000000;0.168;1.028278956;77.181815;19.184;8.779;49.218815;10.89;9.14012;1.11738;0.75;0.25;38.85833;75.41880;101.96000;48.69000;28.32000;1754.1;275.0;154.0;61.0;18.53;0.154;0.17498;0.04096;0.00;0.000;0.632;0.947;0.000;0.557;42.139;11.00;8.00;28152.3;1032.10;14.12;3.16;1.25;332448.76;22982.40;24859.38;26933.9;12.34;0.85;0.92;28/05/2024 16:14:27;
29/05/2024;18;2.0TD;2;0.000099833488000000;0.172;1.057622337;86.786144;19.184;8.779;58.823144;19.61;9.14012;1.11738;0.75;0.25;38.85833;75.41880;101.96000;48.69000;28.32000;1754.1;275.0;154.0;61.0;17.74;0.154;0.17498;0.04096;0.00;0.000;0.753;0.947;0.000;0.557;50.190;19.76;15.81;27126.7;1087.50;13.33;3.16;1.25;302541.44;36480.00;24859.38;27305.6;11.08;1.34;0.91;28/05/2024 16:14:27;
29/05/2024;19;2.0TD;1;0.000101496779000000;0.151;0.903154522;147.774768;33.081;43.893;70.800768;29.13;9.14012;1.11738;0.75;0.25;38.85833;75.41880;101.96000;48.69000;28.32000;1754.1;275.0;154.0;61.0;18.60;0.926;0.17498;0.04096;0.00;0.000;0.923;0.947;0.000;0.557;61.512;29.38;24.00;26072.1;1248.20;14.19;3.16;1.25;272535.16;92824.20;24859.38;27498.9;9.91;3.38;0.90;28/05/2024 16:14:27;
29/05/2024;20;2.0TD;1;0.000106123027000000;0.157;0.937865104;150.316688;33.081;43.893;73.342688;35.07;9.14012;1.11738;0.75;0.25;38.85833;75.41880;101.96000;48.69000;28.32000;1754.1;275.0;154.0;61.0;14.51;0.926;0.17498;0.04096;0.00;0.000;0.951;0.947;0.000;0.557;63.390;35.01;38.01;25508.2;554.30;10.10;3.16;1.25;163965.48;86004.00;24859.38;27194.2;6.03;3.16;0.91;28/05/2024 16:14:27;
29/05/2024;21;2.0TD;1;0.000117393803000000;0.164;0.982822005;155.533985;33.081;43.893;78.559985;41.07;9.14012;1.11738;0.75;0.25;38.85833;75.41880;101.96000;48.69000;28.32000;1754.1;275.0;154.0;61.0;12.55;0.926;0.17498;0.04096;0.00;0.000;1.012;0.947;0.000;0.557;67.491;40.94;46.39;23219.5;573.10;8.14;3.16;1.25;95111.00;110073.60;24859.38;28268.9;3.36;3.89;0.88;28/05/2024 16:14:27;
29/05/2024;22;2.0TD;1;0.000132591500000000;0.169;1.013386649;182.848455;33.081;43.893;105.874455;68.08;9.14012;1.11738;0.75;0.25;38.85833;75.41880;101.96000;48.69000;28.32000;1754.1;275.0;154.0;61.0;8.27;0.926;0.17498;0.04096;0.00;0.000;1.359;0.947;0.000;0.557;90.568;67.94;72.94;21908.8;610.70;3.86;3.16;1.25;72466.72;12800.00;24859.38;28500.8;2.54;0.45;0.87;28/05/2024 16:14:27;
29/05/2024;23;2.0TD;2;0.000127845242000000;0.198;1.217216632;137.920706;19.184;8.779;109.957706;69.93;9.14012;1.11738;0.75;0.25;38.85833;75.41880;101.96000;48.69000;28.32000;1754.1;275.0;154.0;61.0;8.39;0.154;0.17498;0.04096;0.00;0.000;1.377;0.947;0.000;0.557;91.784;69.87;71.87;20554.1;596.80;3.98;3.16;1.25;70848.40;13056.00;24859.38;27350.0;2.59;0.48;0.91;28/05/2024 16:14:27;
29/05/2024;24;2.0TD;2;0.000105904791000000;0.202;1.236523463;132.075908;19.184;8.779;104.112908;63.93;9.14012;1.11738;0.75;0.25;38.85833;75.41880;101.96000;48.69000;28.32000;1754.1;275.0;154.0;61.0;9.30;0.154;0.17498;0.04096;0.00;0.000;1.299;0.947;0.000;0.557;86.616;63.95;63.45;18581.6;865.20;4.89;3.16;1.25;75859.80;20800.00;24859.38;24869.6;3.05;0.84;1.00;28/05/2024 16:14:27;
*
