pvpcdata;
2024;02;09;12;01;33;
07/01/2024;1;2.0TD;3;0.000132662243000000;0.253;1.403985161;134.605344;0.557;2.195;131.853344;84.08;5.57357;0.67240;0.75;0.25;75.99833;98.29260;101.96000;97.42000;81.63000;3057.7;275.0;177.0;62.0;14.49;0.000;0.17498;0.03702;0.00;0.000;0.000;1.578;0.565;0.000;0.557;105.230;84.08;84.08;14296.5;937.00;9.35;3.56;1.58;134521.60;62641.60;24859.38;23757.0;5.66;2.64;1.05;06/01/2024 16:04:21;
07/01/2024;2;2.0TD;3;0.000111731293000000;0.261;1.452409565;130.775180;0.557;2.195;128.023180;79.82;5.57357;0.67240;0.75;0.25;75.99833;98.29260;101.96000;97.42000;81.63000;3057.7;275.0;177.0;62.0;15.10;0.000;0.17498;0.03702;0.00;0.000;0.000;1.523;0.565;0.000;0.557;101.525;79.82;79.82;14654.8;690.40;9.96;3.56;1.58;149112.64;68351.92;0.00;21833.8;6.83;3.13;0.00;06/01/2024 16:04:21;
07/01/2024;3;2.0TD;3;0.000095636451000000;0.273;1.516806716;129.498401;0.557;2.195;126.746401;76.76;5.57357;0.67240;0.75;0.25;75.99833;98.29260;101.96000;97.42000;81.63000;3057.7;275.0;177.0;62.0;16.23;0.000;0.17498;0.03702;0.00;0.000;0.000;1.493;0.565;0.000;0.557;99.565;76.76;76.76;14862.9;773.90;11.09;3.56;1.58;153652.20;75361.68;0.00;20641.5;7.44;3.65;0.00;06/01/2024 16:04:21;
07/01/2024;4;2.0TD;3;0.000085826953000000;0.278;1.543038231;126.986537;0.557;2.195;124.234537;73.57;5.57357;0.67240;0.75;0.25;75.99833;98.29260;101.96000;97.42000;81.63000;3057.7;275.0;177.0;62.0;17.10;0.000;0.17498;0.03702;0.00;0.000;0.000;1.458;0.565;0.000;0.557;97.210;73.46;75.45;14614.8;814.70;11.96;3.56;1.58;158705.84;79706.88;0.00;19926.4;7.96;4.00;0.00;06/01/2024 16:04:21;
07/01/2024;5;2.0TD;3;0.000080770142000000;0.280;1.555036841;125.790877;0.557;2.195;123.038877;72.09;5.57357;0.67240;0.75;0.25;75.99833;98.29260;101.96000;97.42000;81.63000;3057.7;275.0;177.0;62.0;17.51;0.000;0.17498;0.03702;0.00;0.000;0.000;1.442;0.565;0.000;0.557;96.124;71.86;76.16;14568.9;807.20;12.37;3.56;1.58;160617.56;81726.00;0.00;19590.6;8.20;4.17;0.00;06/01/2024 16:04:21;
07/01/2024;6;2.0TD;3;0.000079530359000000;0.278;1.542115227;125.676587;0.557;2.195;122.924587;72.28;5.57357;0.67240;0.75;0.25;75.99833;98.29260;101.96000;97.42000;81.63000;3057.7;275.0;177.0;62.0;17.38;0.000;0.17498;0.03702;0.00;0.000;0.000;1.443;0.565;0.000;0.557;96.185;72.08;76.08;14678.7;788.90;12.24;3.56;1.58;160293.60;79900.00;0.00;19627.4;8.17;4.07;0.00;06/01/2024 16:04:21;
07/01/2024;7;2.0TD;3;0.000080976809000000;0.274;1.522126391;127.930300;0.557;2.195;125.178300;74.85;5.57357;0.67240;0.75;0.25;75.99833;98.29260;101.96000;97.42000;81.63000;3057.7;275.0;177.0;62.0;16.85;0.000;0.17498;0.03702;0.00;0.000;0.000;1.474;0.565;0.000;0.557;98.256;74.90;74.04;14474.9;923.10;11.71;3.56;1.58;156169.80;79900.00;0.00;20155.3;7.75;3.96;0.00;06/01/2024 16:04:21;
07/01/2024;8;2.0TD;3;0.000085218087000000;0.263;1.460912261;128.260254;0.557;2.195;125.508254;77.69;5.57357;0.67240;0.75;0.25;75.99833;98.29260;101.96000;97.42000;81.63000;3057.7;275.0;177.0;62.0;15.11;0.000;0.17498;0.03702;0.00;0.000;0.000;1.491;0.565;0.000;0.557;99.373;77.69;77.67;14237.5;799.80;9.97;3.56;1.58;151256.12;57528.00;0.00;20947.1;7.22;2.75;0.00;06/01/2024 16:04:21;
07/01/2024;9;2.0TD;3;0.000093204247000000;0.251;1.395861991;131.398739;0.557;2.195;128.646739;81.60;5.57357;0.67240;0.75;0.25;75.99833;98.29260;101.96000;97.42000;81.63000;3057.7;275.0;177.0;62.0;14.61;0.000;0.17498;0.03702;0.00;0.000;0.000;1.543;0.565;0.000;0.557;102.835;81.79;78.79;13989.9;954.60;9.47;3.56;1.58;146472.12;63362.88;0.00;22158.5;6.61;2.86;0.00;06/01/2024 16:04:21;
07/01/2024;10;2.0TD;3;0.000113506906000000;0.231;1.283658855;134.465458;0.557;2.195;131.713458;84.59;5.57357;0.67240;0.75;0.25;75.99833;98.29260;101.96000;97.42000;81.63000;3057.7;275.0;177.0;62.0;15.72;0.000;0.17498;0.03702;0.00;0.000;0.000;1.605;0.565;0.000;0.557;106.997;84.86;80.24;16035.8;982.90;10.58;3.56;1.58;181153.40;74365.28;0.00;24144.8;7.50;3.08;0.00;06/01/2024 16:04:21;
07/01/2024;11;2.0TD;3;0.000134407671000000;0.211;1.171838328;100.359960;0.557;2.195;97.607960;61.30;5.57357;0.67240;0.75;0.25;75.99833;98.29260;101.96000;97.42000;81.63000;3057.7;275.0;177.0;62.0;13.01;0.000;0.17498;0.03702;0.00;0.000;0.000;1.209;0.565;0.000;0.557;80.601;61.00;68.00;19168.7;844.20;7.87;3.56;1.58;92941.32;107907.16;0.00;25529.0;3.64;4.23;0.00;06/01/2024 16:04:21;
07/01/2024;12;2.0TD;3;0.000143017106000000;0.205;1.136389187;92.254728;0.557;2.195;89.502728;56.08;5.57357;0.67240;0.75;0.25;75.99833;98.29260;101.96000;97.42000;81.63000;3057.7;275.0;177.0;62.0;12.00;0.000;0.17498;0.03702;0.00;0.000;0.000;1.114;0.565;0.000;0.557;74.276;55.87;62.33;23792.9;786.30;6.86;3.56;1.58;96875.80;81868.80;0.00;26065.2;3.72;3.14;0.00;06/01/2024 16:04:21;
07/01/2024;13;2.0TD;3;0.000142742221000000;0.203;1.126373776;85.608773;0.557;2.195;82.856773;50.87;5.57357;0.67240;0.75;0.25;75.99833;98.29260;101.96000;97.42000;81.63000;3057.7;275.0;177.0;62.0;11.89;0.000;0.17498;0.03702;0.00;0.000;0.000;1.033;0.565;0.000;0.557;68.875;50.60;59.16;25014.1;800.60;6.75;3.56;1.58;101215.00;75065.88;0.00;26124.5;3.87;2.87;0.00;06/01/2024 16:04:21;
07/01/2024;14;2.0TD;3;0.000147447544000000;0.201;1.114322345;86.800530;0.557;2.195;84.048530;52.00;5.57357;0.67240;0.75;0.25;75.99833;98.29260;101.96000;97.42000;81.63000;3057.7;275.0;177.0;62.0;11.85;0.000;0.17498;0.03702;0.00;0.000;0.000;1.050;0.565;0.000;0.557;69.982;51.77;58.76;25397.9;850.30;6.71;3.56;1.58;100415.36;78174.16;0.00;26597.9;3.78;2.94;0.00;06/01/2024 16:04:21;
07/01/2024;15;2.0TD;3;0.000147227531000000;0.202;1.120638267;84.637196;0.557;2.195;81.885196;50.28;5.57357;0.67240;0.75;0.25;75.99833;98.29260;101.96000;97.42000;81.63000;3057.7;275.0;177.0;62.0;11.74;0.000;0.17498;0.03702;0.00;0.000;0.000;1.022;0.565;0.000;0.557;68.124;49.98;59.16;25534.6;861.20;6.60;3.56;1.58;101785.28;75059.00;0.00;26779.7;3.80;2.80;0.00;06/01/2024 16:04:21;
07/01/2024;16;2.0TD;3;0.000133922425000000;0.214;1.186670832;81.263957;0.557;2.195;78.511957;46.02;5.57357;0.67240;0.75;0.25;75.99833;98.29260;101.96000;97.42000;81.63000;3057.7;275.0;177.0;62.0;12.60;0.000;0.17498;0.03702;0.00;0.000;0.000;0.970;0.565;0.000;0.557;64.672;45.57;58.13;25313.0;949.50;7.46;3.56;1.58;105529.04;87310.08;0.00;25857.0;4.08;3.38;0.00;06/01/2024 16:04:21;
07/01/2024;17;2.0TD;3;0.000128255425000000;0.223;1.241221564;100.594596;0.557;2.195;97.842596;60.19;5.57357;0.67240;0.75;0.25;75.99833;98.29260;101.96000;97.42000;81.63000;3057.7;275.0;177.0;62.0;13.53;0.000;0.17498;0.03702;0.00;0.000;0.000;1.200;0.565;0.000;0.557;80.002;60.00;66.30;20126.1;615.60;8.39;3.56;1.58;93849.40;121398.48;0.00;25668.4;3.66;4.73;0.00;06/01/2024 16:04:21;
07/01/2024;18;2.0TD;3;0.000131696491000000;0.230;1.275150791;135.907031;0.557;2.195;133.155031;92.05;5.57357;0.67240;0.75;0.25;75.99833;98.29260;101.96000;97.42000;81.63000;3057.7;275.0;177.0;62.0;9.50;0.000;0.17498;0.03702;0.00;0.000;0.000;1.624;0.565;0.000;0.557;108.256;92.05;92.05;17137.5;776.10;4.36;3.56;1.58;69799.12;42960.32;0.00;25871.9;2.70;1.66;0.00;06/01/2024 16:04:21;
07/01/2024;19;2.0TD;3;0.000152819840000000;0.230;1.277051424;149.842931;0.557;2.195;147.090931;104.85;5.57357;0.67240;0.75;0.25;75.99833;98.29260;101.96000;97.42000;81.63000;3057.7;275.0;177.0;62.0;7.86;0.000;0.17498;0.03702;0.00;0.000;0.000;1.794;0.565;0.000;0.557;119.586;104.85;104.85;16980.4;779.90;2.72;3.56;1.58;61655.96;14391.00;0.00;27947.8;2.21;0.51;0.00;06/01/2024 16:04:21;
07/01/2024;20;2.0TD;3;0.000167495557000000;0.230;1.278311548;148.194731;0.557;2.195;145.442731;103.64;5.57357;0.67240;0.75;0.25;75.99833;98.29260;101.96000;97.42000;81.63000;3057.7;275.0;177.0;62.0;7.75;0.000;0.17498;0.03702;0.00;0.000;0.000;1.774;0.565;0.000;0.557;118.246;103.55;106.18;16467.2;597.60;2.61;3.56;1.58;60821.04;15744.00;0.00;29301.3;2.08;0.54;0.00;06/01/2024 16:04:21;
07/01/2024;21;2.0TD;3;0.000178910249000000;0.229;1.272914785;142.910998;0.557;2.195;140.158998;100.50;5.57357;0.67240;0.75;0.25;75.99833;98.29260;101.96000;97.42000;81.63000;3057.7;275.0;177.0;62.0;6.75;0.000;0.17498;0.03702;0.00;0.000;0.000;1.711;0.565;0.000;0.557;114.043;100.50;100.50;17584.5;749.80;1.61;3.56;1.58;29970.48;18944.00;0.00;30402.0;0.99;0.62;0.00;06/01/2024 16:04:21;
07/01/2024;22;2.0TD;3;0.000183237816000000;0.228;1.268499258;138.233707;0.557;2.195;135.481707;95.89;5.57357;0.67240;0.75;0.25;75.99833;98.29260;101.96000;97.42000;81.63000;3057.7;275.0;177.0;62.0;7.70;0.000;0.17498;0.03702;0.00;0.000;0.000;1.655;0.565;0.000;0.557;110.327;95.89;95.89;17526.7;748.50;2.56;3.56;1.58;32200.96;20800.00;24859.38;30373.2;1.06;0.68;0.82;06/01/2024 16:04:21;
07/01/2024;23;2.0TD;3;0.000170129497000000;0.231;1.280642631;133.790870;0.557;2.195;131.038870;91.08;5.57357;0.67240;0.75;0.25;75.99833;98.29260;101.96000;97.42000;81.63000;3057.7;275.0;177.0;62.0;8.69;0.000;0.17498;0.03702;0.00;0.000;0.000;1.597;0.565;0.000;0.557;106.449;91.17;88.57;16666.9;583.50;3.55;3.56;1.58;35850.80;40269.60;24859.38;28438.9;1.26;1.42;0.87;06/01/2024 16:04:21;
07/01/2024;24;2.0TD;3;0.000146170414000000;0.236;1.311806445;126.279228;0.557;2.195;123.527228;83.86;5.57357;0.67240;0.75;0.25;75.99833;98.29260;101.96000;97.42000;81.63000;3057.7;275.0;177.0;62.0;9.50;0.000;0.17498;0.03702;0.00;0.000;0.000;1.499;0.565;0.000;0.557;99.941;83.86;83.86;15245.7;649.30;4.36;3.56;1.58;39045.36;47940.00;24859.38;25654.2;1.52;1.87;0.97;06/01/2024 16:04:21;
*
