pvpcdata;
2024;02;09;12;01;43;
18/01/2024;1;2.0TD;3;0.000129481354000000;0.235;1.307601119;40.129590;0.557;2.195;37.377590;3.20;12.86263;0.77331;0.75;0.25;46.84208;98.29260;101.96000;97.42000;81.63000;2658.7;275.0;177.0;62.0;15.33;0.000;0.17498;0.03702;0.00;0.000;0.000;0.454;0.565;0.000;0.557;30.265;3.20;3.20;20377.3;952.50;10.19;3.56;1.58;170897.68;66418.24;24859.38;25726.6;6.64;2.58;0.97;17/01/2024 16:06:33;
18/01/2024;2;2.0TD;3;0.000105624783000000;0.245;1.358564241;41.418283;0.557;2.195;38.666283;3.20;12.86263;0.77331;0.75;0.25;46.84208;98.29260;101.96000;97.42000;81.63000;2658.7;275.0;177.0;62.0;16.11;0.000;0.17498;0.03702;0.00;0.000;0.000;0.466;0.565;0.000;0.557;31.057;3.20;3.20;19557.4;980.10;10.97;3.56;1.58;170938.16;70621.12;24859.38;24273.2;7.04;2.91;1.02;17/01/2024 16:06:33;
18/01/2024;3;2.0TD;3;0.000092706231000000;0.251;1.394257446;40.473722;0.557;2.195;37.721722;1.68;12.86263;0.77331;0.75;0.25;46.84208;98.29260;101.96000;97.42000;81.63000;2658.7;275.0;177.0;62.0;16.74;0.000;0.17498;0.03702;0.00;0.000;0.000;0.452;0.565;0.000;0.557;30.153;1.68;1.72;18838.3;954.80;11.60;3.56;1.58;171466.88;71640.00;24859.38;23117.2;7.42;3.10;1.08;17/01/2024 16:06:33;
18/01/2024;4;2.0TD;3;0.000086314487000000;0.255;1.417652186;37.829570;0.557;2.195;35.077570;0.43;12.86263;0.77331;0.75;0.25;46.84208;98.29260;101.96000;97.42000;81.63000;2658.7;275.0;177.0;62.0;15.82;0.000;0.17498;0.03702;0.00;0.000;0.000;0.419;0.565;0.000;0.557;27.950;0.43;0.43;18558.8;933.10;10.68;3.56;1.58;171656.68;71640.00;0.00;22770.7;7.54;3.15;0.00;17/01/2024 16:06:33;
18/01/2024;5;2.0TD;3;0.000084002583000000;0.256;1.419899936;38.699040;0.557;2.195;35.947040;1.02;12.86263;0.77331;0.75;0.25;46.84208;98.29260;101.96000;97.42000;81.63000;2658.7;275.0;177.0;62.0;15.89;0.000;0.17498;0.03702;0.00;0.000;0.000;0.429;0.565;0.000;0.557;28.620;0.99;1.68;18475.1;923.00;10.75;3.56;1.58;171557.72;71595.00;0.00;22629.2;7.58;3.16;0.00;17/01/2024 16:06:33;
18/01/2024;6;2.0TD;3;0.000086215941000000;0.250;1.387636540;40.812319;0.557;2.195;38.060319;3.20;12.86263;0.77331;0.75;0.25;46.84208;98.29260;101.96000;97.42000;81.63000;2658.7;275.0;177.0;62.0;15.51;0.000;0.17498;0.03702;0.00;0.000;0.000;0.457;0.565;0.000;0.557;30.448;3.20;3.20;18560.0;1066.20;10.37;3.56;1.58;171143.24;71295.60;0.00;23369.6;7.32;3.05;0.00;17/01/2024 16:06:33;
18/01/2024;7;2.0TD;3;0.000097938727000000;0.228;1.267085837;39.905453;0.557;2.195;37.153453;3.20;12.86263;0.77331;0.75;0.25;46.84208;98.29260;101.96000;97.42000;81.63000;2658.7;275.0;177.0;62.0;15.32;0.000;0.17498;0.03702;0.00;0.000;0.000;0.454;0.565;0.000;0.557;30.255;3.20;3.20;19685.5;984.60;10.18;3.56;1.58;170680.00;71385.28;24859.38;26239.2;6.50;2.72;0.95;17/01/2024 16:06:33;
18/01/2024;8;2.0TD;3;0.000125362532000000;0.215;1.192250931;69.412070;0.557;2.195;66.660070;30.61;12.86263;0.77331;0.75;0.25;46.84208;98.29260;101.96000;97.42000;81.63000;2658.7;275.0;177.0;62.0;12.15;0.000;0.17498;0.03702;0.00;0.000;0.000;0.823;0.565;0.000;0.557;54.864;30.10;45.32;22020.8;762.90;7.01;3.56;1.58;105755.72;77449.88;24859.38;29683.7;3.56;2.61;0.84;17/01/2024 16:06:33;
18/01/2024;9;2.0TD;2;0.000140401095000000;0.200;1.227011672;115.702506;19.184;8.779;87.739506;47.81;12.86263;0.77331;0.75;0.25;46.84208;98.29260;101.96000;97.42000;81.63000;2658.7;275.0;177.0;62.0;12.75;0.178;0.17498;0.03702;0.00;0.000;0.000;1.097;0.565;0.000;0.557;73.116;47.19;58.30;19419.9;1141.20;7.61;3.56;1.58;92500.04;126379.44;24859.38;32030.5;2.89;3.95;0.78;17/01/2024 16:06:33;
18/01/2024;10;2.0TD;2;0.000144981553000000;0.191;1.171664106;125.285869;19.184;8.779;97.322869;56.28;12.86263;0.77331;0.75;0.25;46.84208;98.29260;101.96000;97.42000;81.63000;2658.7;275.0;177.0;62.0;12.75;0.178;0.17498;0.03702;0.00;0.000;0.000;1.226;0.565;0.000;0.557;81.715;55.77;64.97;19666.5;1154.80;7.61;3.56;1.58;90857.32;131088.32;24859.38;32441.8;2.80;4.04;0.77;17/01/2024 16:06:33;
18/01/2024;11;2.0TD;1;0.000150993759000000;0.185;1.107051247;161.487317;33.081;43.893;84.513317;45.33;12.86263;0.77331;0.75;0.25;46.84208;98.29260;101.96000;97.42000;81.63000;2658.7;275.0;177.0;62.0;12.57;1.068;0.17498;0.03702;0.00;0.000;0.000;1.070;0.565;0.000;0.557;71.319;45.27;46.27;20515.8;1195.50;7.43;3.56;1.58;105783.00;111409.60;24859.38;32559.5;3.25;3.42;0.76;17/01/2024 16:06:33;
18/01/2024;12;2.0TD;1;0.000149240463000000;0.184;1.099905562;159.083518;33.081;43.893;82.109518;43.66;12.86263;0.77331;0.75;0.25;46.84208;98.29260;101.96000;97.42000;81.63000;2658.7;275.0;177.0;62.0;12.30;1.068;0.17498;0.03702;0.00;0.000;0.000;1.040;0.565;0.000;0.557;69.349;43.66;43.66;21546.4;1178.40;7.16;3.56;1.58;113295.64;93067.52;24859.38;32299.7;3.51;2.88;0.77;17/01/2024 16:06:33;
18/01/2024;13;2.0TD;1;0.000148648061000000;0.182;1.088910214;153.257036;33.081;43.893;76.283036;39.19;12.86263;0.77331;0.75;0.25;46.84208;98.29260;101.96000;97.42000;81.63000;2658.7;275.0;177.0;62.0;12.03;1.068;0.17498;0.03702;0.00;0.000;0.000;0.968;0.565;0.000;0.557;64.537;39.19;39.19;22754.7;1290.50;6.89;3.56;1.58;112271.12;84246.72;24859.38;32135.7;3.49;2.62;0.77;17/01/2024 16:06:33;
18/01/2024;14;2.0TD;1;0.000155775902000000;0.180;1.079685482;148.192021;33.081;43.893;71.218021;35.00;12.86263;0.77331;0.75;0.25;46.84208;98.29260;101.96000;97.42000;81.63000;2658.7;275.0;177.0;62.0;12.10;1.068;0.17498;0.03702;0.00;0.000;0.000;0.905;0.565;0.000;0.557;60.354;35.00;35.00;23128.9;1235.90;6.96;3.56;1.58;110033.00;88590.60;24859.38;32084.7;3.43;2.76;0.77;17/01/2024 16:06:33;
18/01/2024;15;2.0TD;2;0.000157873922000000;0.181;1.112484104;98.701658;19.184;8.779;70.738658;35.30;12.86263;0.77331;0.75;0.25;46.84208;98.29260;101.96000;97.42000;81.63000;2658.7;275.0;177.0;62.0;12.24;0.178;0.17498;0.03702;0.00;0.000;0.000;0.898;0.565;0.000;0.557;59.897;35.30;35.30;22927.7;1225.40;7.10;3.56;1.58;115874.88;84956.48;24859.38;31770.7;3.65;2.67;0.78;17/01/2024 16:06:33;
18/01/2024;16;2.0TD;2;0.000152573090000000;0.190;1.167348226;112.361674;19.184;8.779;84.398674;45.40;12.86263;0.77331;0.75;0.25;46.84208;98.29260;101.96000;97.42000;81.63000;2658.7;275.0;177.0;62.0;13.00;0.178;0.17498;0.03702;0.00;0.000;0.000;1.064;0.565;0.000;0.557;70.923;45.40;45.40;21414.8;1313.70;7.86;3.56;1.58;105971.12;114496.00;24859.38;31224.7;3.39;3.67;0.80;17/01/2024 16:06:33;
18/01/2024;17;2.0TD;2;0.000148531589000000;0.199;1.223413762;133.753474;19.184;8.779;105.790474;62.17;12.86263;0.77331;0.75;0.25;46.84208;98.29260;101.96000;97.42000;81.63000;2658.7;275.0;177.0;62.0;13.28;0.178;0.17498;0.03702;0.00;0.000;0.000;1.323;0.565;0.000;0.557;88.232;62.17;62.17;19661.5;1384.60;8.14;3.56;1.58;84365.08;143280.00;24859.38;31017.9;2.72;4.62;0.80;17/01/2024 16:06:33;
18/01/2024;18;2.0TD;2;0.000153410862000000;0.206;1.261220406;169.302890;19.184;8.779;141.339890;96.02;12.86263;0.77331;0.75;0.25;46.84208;98.29260;101.96000;97.42000;81.63000;2658.7;275.0;177.0;62.0;7.96;0.178;0.17498;0.03702;0.00;0.000;0.000;1.758;0.565;0.000;0.557;117.197;96.02;96.02;18841.6;1313.40;2.82;3.56;1.58;53352.12;9133.84;24859.38;30905.2;1.73;0.30;0.80;17/01/2024 16:06:33;
18/01/2024;19;2.0TD;1;0.000174742126000000;0.207;1.237554919;230.377973;33.081;43.893;153.403973;103.71;12.86263;0.77331;0.75;0.25;46.84208;98.29260;101.96000;97.42000;81.63000;2658.7;275.0;177.0;62.0;9.13;1.068;0.17498;0.03702;0.00;0.000;0.000;1.906;0.565;0.000;0.557;127.095;103.71;103.71;18895.9;1369.80;3.99;3.56;1.58;69966.12;31855.40;24859.38;31769.4;2.20;1.00;0.78;17/01/2024 16:06:33;
18/01/2024;20;2.0TD;1;0.000196352064000000;0.209;1.252585100;226.545743;33.081;43.893;149.571743;99.60;12.86263;0.77331;0.75;0.25;46.84208;98.29260;101.96000;97.42000;81.63000;2658.7;275.0;177.0;62.0;9.91;1.068;0.17498;0.03702;0.00;0.000;0.000;1.856;0.565;0.000;0.557;123.715;99.60;99.60;19911.1;1400.90;4.77;3.56;1.58;104217.52;27721.92;24859.38;32887.5;3.17;0.84;0.76;17/01/2024 16:06:33;
18/01/2024;21;2.0TD;1;0.000210149953000000;0.210;1.257732477;233.695929;33.081;43.893;156.721929;105.34;12.86263;0.77331;0.75;0.25;46.84208;98.29260;101.96000;97.42000;81.63000;2658.7;275.0;177.0;62.0;9.89;1.068;0.17498;0.03702;0.00;0.000;0.000;1.943;0.565;0.000;0.557;129.522;105.34;105.34;20702.6;1364.30;4.75;3.56;1.58;94605.08;38096.32;24859.38;33161.6;2.85;1.15;0.75;17/01/2024 16:06:33;
18/01/2024;22;2.0TD;1;0.000212365364000000;0.213;1.272623673;226.462004;33.081;43.893;149.488004;98.84;12.86263;0.77331;0.75;0.25;46.84208;98.29260;101.96000;97.42000;81.63000;2658.7;275.0;177.0;62.0;10.20;1.068;0.17498;0.03702;0.00;0.000;0.000;1.849;0.565;0.000;0.557;123.238;98.84;98.84;19543.8;1373.20;5.06;3.56;1.58;100787.60;37800.36;24859.38;32284.1;3.12;1.17;0.77;17/01/2024 16:06:33;
18/01/2024;23;2.0TD;2;0.000193721777000000;0.219;1.341123426;167.460795;19.184;8.779;139.497795;92.27;12.86263;0.77331;0.75;0.25;46.84208;98.29260;101.96000;97.42000;81.63000;2658.7;275.0;177.0;62.0;8.99;0.178;0.17498;0.03702;0.00;0.000;0.000;1.717;0.565;0.000;0.557;114.436;92.14;94.19;16548.8;1156.90;3.85;3.56;1.58;60245.92;27596.16;24859.38;29296.1;2.06;0.94;0.85;17/01/2024 16:06:33;
18/01/2024;24;2.0TD;2;0.000161648508000000;0.224;1.375650886;148.025472;19.184;8.779;120.062472;73.98;12.86263;0.77331;0.75;0.25;46.84208;98.29260;101.96000;97.42000;81.63000;2658.7;275.0;177.0;62.0;11.18;0.178;0.17498;0.03702;0.00;0.000;0.000;1.471;0.565;0.000;0.557;98.090;73.61;78.61;13793.3;1114.70;6.04;3.56;1.58;39987.40;93861.60;24859.38;26282.8;1.52;3.57;0.95;17/01/2024 16:06:33;
*
