pvpcdata;
2024;02;09;12;01;50;
25/01/2024;1;2.0TD;3;0.000129292344000000;0.235;1.307601119;103.564469;0.557;2.195;100.812469;64.97;5.37398;0.82826;0.75;0.25;76.79667;98.29260;101.96000;97.42000;81.63000;2482.3;275.0;177.0;62.0;9.65;0.000;0.17498;0.03702;0.00;0.000;0.000;1.224;0.565;0.000;0.557;81.629;64.97;64.97;15371.9;709.20;4.51;3.56;1.58;62692.56;25344.48;24859.38;24999.3;2.51;1.01;0.99;24/01/2024 16:08:25;
25/01/2024;2;2.0TD;3;0.000105497134000000;0.245;1.358564241;101.120109;0.557;2.195;98.368109;60.48;5.37398;0.82826;0.75;0.25;76.79667;98.29260;101.96000;97.42000;81.63000;2482.3;275.0;177.0;62.0;11.56;0.000;0.17498;0.03702;0.00;0.000;0.000;1.185;0.565;0.000;0.557;79.010;60.53;59.53;15489.2;736.30;6.42;3.56;1.58;88568.56;37319.68;24859.38;23474.1;3.77;1.59;1.06;24/01/2024 16:08:25;
25/01/2024;3;2.0TD;3;0.000092724385000000;0.251;1.394257446;104.236284;0.557;2.195;101.484284;60.00;5.37398;0.82826;0.75;0.25;76.79667;98.29260;101.96000;97.42000;81.63000;2482.3;275.0;177.0;62.0;14.12;0.000;0.17498;0.03702;0.00;0.000;0.000;1.217;0.565;0.000;0.557;81.122;60.00;60.00;15144.5;907.10;8.98;3.56;1.58;133016.08;44049.60;24859.38;22489.7;5.91;1.96;1.11;24/01/2024 16:08:25;
25/01/2024;4;2.0TD;3;0.000086262402000000;0.255;1.417652186;99.820640;0.557;2.195;97.068640;55.12;5.37398;0.82826;0.75;0.25;76.79667;98.29260;101.96000;97.42000;81.63000;2482.3;275.0;177.0;62.0;15.28;0.000;0.17498;0.03702;0.00;0.000;0.000;1.160;0.565;0.000;0.557;77.345;55.36;51.63;15067.7;1035.60;10.14;3.56;1.58;171189.16;53660.88;0.00;22173.2;7.72;2.42;0.00;24/01/2024 16:08:25;
25/01/2024;5;2.0TD;3;0.000083969004000000;0.256;1.419899936;101.810873;0.557;2.195;99.058873;56.93;5.37398;0.82826;0.75;0.25;76.79667;98.29260;101.96000;97.42000;81.63000;2482.3;275.0;177.0;62.0;14.97;0.000;0.17498;0.03702;0.00;0.000;0.000;1.183;0.565;0.000;0.557;78.868;57.26;52.00;14945.5;1010.00;9.83;3.56;1.58;168559.08;49452.96;0.00;22168.5;7.60;2.23;0.00;24/01/2024 16:08:25;
25/01/2024;6;2.0TD;3;0.000086099323000000;0.250;1.387636540;106.058912;0.557;2.195;103.306912;63.03;5.37398;0.82826;0.75;0.25;76.79667;98.29260;101.96000;97.42000;81.63000;2482.3;275.0;177.0;62.0;12.59;0.000;0.17498;0.03702;0.00;0.000;0.000;1.240;0.565;0.000;0.557;82.645;63.29;59.56;14053.0;1056.90;7.45;3.56;1.58;123660.80;44616.16;0.00;22583.9;5.48;1.98;0.00;24/01/2024 16:08:25;
25/01/2024;7;2.0TD;3;0.000097772717000000;0.228;1.267085837;113.852266;0.557;2.195;111.100266;72.10;5.37398;0.82826;0.75;0.25;76.79667;98.29260;101.96000;97.42000;81.63000;2482.3;275.0;177.0;62.0;11.23;0.000;0.17498;0.03702;0.00;0.000;0.000;1.357;0.565;0.000;0.557;90.472;72.45;67.45;13457.2;999.90;6.09;3.56;1.58;110796.72;18385.92;24859.38;25298.2;4.38;0.73;0.98;24/01/2024 16:08:25;
25/01/2024;8;2.0TD;3;0.000125088806000000;0.215;1.192250931;122.137328;0.557;2.195;119.385328;83.29;5.37398;0.82826;0.75;0.25;76.79667;98.29260;101.96000;97.42000;81.63000;2482.3;275.0;177.0;62.0;7.71;0.000;0.17498;0.03702;0.00;0.000;0.000;1.474;0.565;0.000;0.557;98.259;83.50;79.00;15937.3;772.40;2.57;3.56;1.58;42000.88;8309.60;24859.38;29273.4;1.43;0.28;0.85;24/01/2024 16:08:25;
25/01/2024;9;2.0TD;2;0.000139710777000000;0.200;1.227011672;160.564835;19.184;8.779;132.601835;95.38;5.37398;0.82826;0.75;0.25;76.79667;98.29260;101.96000;97.42000;81.63000;2482.3;275.0;177.0;62.0;7.50;0.178;0.17498;0.03702;0.00;0.000;0.000;1.658;0.565;0.000;0.557;110.501;95.53;92.53;17331.4;943.80;2.36;3.56;1.58;32896.00;16279.20;24859.38;31280.7;1.05;0.52;0.79;24/01/2024 16:08:25;
25/01/2024;10;2.0TD;2;0.000144517789000000;0.191;1.171664106;153.100810;19.184;8.779;125.137810;89.62;5.37398;0.82826;0.75;0.25;76.79667;98.29260;101.96000;97.42000;81.63000;2482.3;275.0;177.0;62.0;7.91;0.178;0.17498;0.03702;0.00;0.000;0.000;1.576;0.565;0.000;0.557;105.069;89.84;85.95;17766.5;1044.90;2.77;3.56;1.58;41759.24;21432.16;24859.38;31729.5;1.32;0.68;0.78;24/01/2024 16:08:25;
25/01/2024;11;2.0TD;1;0.000150566527000000;0.185;1.107051247;184.855842;33.081;43.893;107.881842;74.45;5.37398;0.82826;0.75;0.25;76.79667;98.29260;101.96000;97.42000;81.63000;2482.3;275.0;177.0;62.0;8.37;1.068;0.17498;0.03702;0.00;0.000;0.000;1.366;0.565;0.000;0.557;91.039;74.71;69.33;19461.9;981.20;3.23;3.56;1.58;47711.56;28879.68;24859.38;31375.6;1.52;0.92;0.79;24/01/2024 16:08:25;
25/01/2024;12;2.0TD;1;0.000149115900000000;0.184;1.099905562;175.195715;33.081;43.893;98.221715;64.77;5.37398;0.82826;0.75;0.25;76.79667;98.29260;101.96000;97.42000;81.63000;2482.3;275.0;177.0;62.0;10.09;1.068;0.17498;0.03702;0.00;0.000;0.000;1.244;0.565;0.000;0.557;82.957;65.01;60.00;20868.9;1061.30;4.95;3.56;1.58;58707.56;69906.24;24859.38;30972.9;1.90;2.26;0.80;24/01/2024 16:08:25;
25/01/2024;13;2.0TD;1;0.000148090685000000;0.182;1.088910214;174.262682;33.081;43.893;97.288682;64.77;5.37398;0.82826;0.75;0.25;76.79667;98.29260;101.96000;97.42000;81.63000;2482.3;275.0;177.0;62.0;9.45;1.068;0.17498;0.03702;0.00;0.000;0.000;1.235;0.565;0.000;0.557;82.308;64.97;60.90;20981.8;1104.90;4.31;3.56;1.58;63313.20;43976.96;24859.38;30667.8;2.06;1.43;0.81;24/01/2024 16:08:25;
25/01/2024;14;2.0TD;1;0.000155103195000000;0.180;1.079685482;173.977705;33.081;43.893;97.003705;64.78;5.37398;0.82826;0.75;0.25;76.79667;98.29260;101.96000;97.42000;81.63000;2482.3;275.0;177.0;62.0;9.34;1.068;0.17498;0.03702;0.00;0.000;0.000;1.233;0.565;0.000;0.557;82.206;64.97;60.90;20650.3;1001.90;4.20;3.56;1.58;58662.16;43976.96;24859.38;30385.0;1.93;1.45;0.82;24/01/2024 16:08:25;
25/01/2024;15;2.0TD;2;0.000157088195000000;0.181;1.112484104;123.826576;19.184;8.779;95.863576;64.82;5.37398;0.82826;0.75;0.25;76.79667;98.29260;101.96000;97.42000;81.63000;2482.3;275.0;177.0;62.0;9.17;0.178;0.17498;0.03702;0.00;0.000;0.000;1.218;0.565;0.000;0.557;81.171;65.00;61.06;20306.9;966.60;4.03;3.56;1.58;53979.32;41867.60;24859.38;29986.5;1.80;1.40;0.83;24/01/2024 16:08:25;
25/01/2024;16;2.0TD;2;0.000151448168000000;0.190;1.167348226;122.503180;19.184;8.779;94.540180;61.68;5.37398;0.82826;0.75;0.25;76.79667;98.29260;101.96000;97.42000;81.63000;2482.3;275.0;177.0;62.0;10.61;0.178;0.17498;0.03702;0.00;0.000;0.000;1.192;0.565;0.000;0.557;79.445;61.85;58.14;20193.0;942.40;5.47;3.56;1.58;46618.92;89971.92;24859.38;29492.2;1.58;3.05;0.84;24/01/2024 16:08:25;
25/01/2024;17;2.0TD;2;0.000147638832000000;0.199;1.223413762;130.241932;19.184;8.779;102.278932;67.47;5.37398;0.82826;0.75;0.25;76.79667;98.29260;101.96000;97.42000;81.63000;2482.3;275.0;177.0;62.0;10.59;0.178;0.17498;0.03702;0.00;0.000;0.000;1.280;0.565;0.000;0.557;85.303;67.67;63.77;18180.5;997.90;5.45;3.56;1.58;39326.28;95581.68;24859.38;29325.4;1.34;3.26;0.85;24/01/2024 16:08:25;
25/01/2024;18;2.0TD;2;0.000152231025000000;0.206;1.261220406;136.948653;19.184;8.779;108.985653;75.46;5.37398;0.82826;0.75;0.25;76.79667;98.29260;101.96000;97.42000;81.63000;2482.3;275.0;177.0;62.0;7.59;0.178;0.17498;0.03702;0.00;0.000;0.000;1.356;0.565;0.000;0.557;90.369;75.59;72.79;16930.9;850.20;2.45;3.56;1.58;35491.92;12082.56;24859.38;29584.4;1.20;0.41;0.84;24/01/2024 16:08:25;
25/01/2024;19;2.0TD;1;0.000172529758000000;0.207;1.237554919;210.397626;33.081;43.893;133.423626;94.72;5.37398;0.82826;0.75;0.25;76.79667;98.29260;101.96000;97.42000;81.63000;2482.3;275.0;177.0;62.0;7.31;1.068;0.17498;0.03702;0.00;0.000;0.000;1.658;0.565;0.000;0.557;110.541;94.72;94.72;16664.1;843.50;2.17;3.56;1.58;27163.52;14813.12;24859.38;30759.5;0.88;0.48;0.81;24/01/2024 16:08:25;
25/01/2024;20;2.0TD;1;0.000195089709000000;0.209;1.252585100;233.436166;33.081;43.893;156.462166;112.90;5.37398;0.82826;0.75;0.25;76.79667;98.29260;101.96000;97.42000;81.63000;2482.3;275.0;177.0;62.0;7.72;1.068;0.17498;0.03702;0.00;0.000;0.000;1.941;0.565;0.000;0.557;129.414;113.00;111.00;17799.9;939.40;2.58;3.56;1.58;33511.76;24289.60;24859.38;32038.7;1.05;0.76;0.78;24/01/2024 16:08:25;
25/01/2024;21;2.0TD;1;0.000209296206000000;0.210;1.257732477;261.217711;33.081;43.893;184.243711;135.31;5.37398;0.82826;0.75;0.25;76.79667;98.29260;101.96000;97.42000;81.63000;2482.3;275.0;177.0;62.0;7.82;1.068;0.17498;0.03702;0.00;0.000;0.000;2.284;0.565;0.000;0.557;152.267;135.36;134.43;17772.7;979.60;2.68;3.56;1.58;20666.56;40780.96;24859.38;32187.6;0.64;1.27;0.77;24/01/2024 16:08:25;
25/01/2024;22;2.0TD;1;0.000211698639000000;0.213;1.272623673;221.541195;33.081;43.893;144.567195;102.91;5.37398;0.82826;0.75;0.25;76.79667;98.29260;101.96000;97.42000;81.63000;2482.3;275.0;177.0;62.0;7.63;1.068;0.17498;0.03702;0.00;0.000;0.000;1.788;0.565;0.000;0.557;119.181;103.01;101.06;17112.3;903.90;2.49;3.56;1.58;36647.28;16299.60;24859.38;31241.7;1.17;0.52;0.80;24/01/2024 16:08:25;
25/01/2024;23;2.0TD;2;0.000193223500000000;0.219;1.341123426;144.582937;19.184;8.779;116.619937;80.90;5.37398;0.82826;0.75;0.25;76.79667;98.29260;101.96000;97.42000;81.63000;2482.3;275.0;177.0;62.0;7.37;0.178;0.17498;0.03702;0.00;0.000;0.000;1.435;0.565;0.000;0.557;95.668;80.95;79.94;15910.0;826.50;2.23;3.56;1.58;29355.24;9528.00;24859.38;28613.8;1.03;0.33;0.87;24/01/2024 16:08:25;
25/01/2024;24;2.0TD;2;0.000161331563000000;0.224;1.375650886;136.436976;19.184;8.779;108.473976;73.48;5.37398;0.82826;0.75;0.25;76.79667;98.29260;101.96000;97.42000;81.63000;2482.3;275.0;177.0;62.0;7.85;0.178;0.17498;0.03702;0.00;0.000;0.000;1.329;0.565;0.000;0.557;88.622;73.58;71.58;14875.1;766.70;2.71;3.56;1.58;32157.24;12464.40;24859.38;25599.8;1.26;0.49;0.97;24/01/2024 16:08:25;
*
