pvpcdata;
2024;10;09;11;29;51;
30/09/2024;1;2.0TD;3;0.000088607158000000;0.171;0.952015892;117.277520;0.557;2.195;114.525520;80.45;0.70990;1.30171;0.75;0.25;87.84542;90.68500;101.96000;73.51000;91.63000;1711.6;275.0;234.0;48.0;13.24;0.000;0.17498;0.04096;0.00;0.000;1.467;0.947;0.000;0.557;97.801;80.35;82.00;16091.3;993.00;9.11;3.08;1.05;136555.12;31409.28;24859.38;21159.4;6.45;1.48;1.17;29/09/2024 16:12:48;
30/09/2024;2;2.0TD;3;0.000075713793000000;0.178;0.991469477;120.043656;0.557;2.195;117.291656;82.95;0.70990;1.30171;0.75;0.25;87.84542;90.68500;101.96000;73.51000;91.63000;1711.6;275.0;234.0;48.0;12.48;0.000;0.17498;0.04096;0.00;0.000;1.494;0.947;0.000;0.557;99.568;83.00;82.00;14749.4;806.50;8.35;3.08;1.05;135460.20;32407.44;0.00;20115.3;6.73;1.61;0.00;29/09/2024 16:12:48;
30/09/2024;3;2.0TD;3;0.000068760161000000;0.182;1.012258069;133.857630;0.557;2.195;131.105630;94.10;0.70990;1.30171;0.75;0.25;87.84542;90.68500;101.96000;73.51000;91.63000;1711.6;275.0;234.0;48.0;12.51;0.000;0.17498;0.04096;0.00;0.000;1.664;0.947;0.000;0.557;110.918;94.40;89.51;13803.9;916.60;8.38;3.08;1.05;139642.36;22344.00;0.00;19320.4;7.23;1.16;0.00;29/09/2024 16:12:48;
30/09/2024;4;2.0TD;3;0.000065121059000000;0.182;1.013061846;128.481894;0.557;2.195;125.729894;87.83;0.70990;1.30171;0.75;0.25;87.84542;90.68500;101.96000;73.51000;91.63000;1711.6;275.0;234.0;48.0;14.30;0.000;0.17498;0.04096;0.00;0.000;1.596;0.947;0.000;0.557;106.370;88.00;85.39;13629.7;951.00;10.17;3.08;1.05;165667.20;26654.64;0.00;18906.6;8.76;1.41;0.00;29/09/2024 16:12:48;
30/09/2024;5;2.0TD;3;0.000063335449000000;0.184;1.024040333;125.520331;0.557;2.195;122.768331;84.88;0.70990;1.30171;0.75;0.25;87.84542;90.68500;101.96000;73.51000;91.63000;1711.6;275.0;234.0;48.0;14.61;0.000;0.17498;0.04096;0.00;0.000;1.555;0.947;0.000;0.557;103.689;85.00;83.21;13851.7;951.90;10.48;3.08;1.05;171346.96;28891.84;0.00;19111.2;8.97;1.51;0.00;29/09/2024 16:12:48;
30/09/2024;6;2.0TD;3;0.000063738759000000;0.177;0.985174231;135.393390;0.557;2.195;132.641390;95.73;0.70990;1.30171;0.75;0.25;87.84542;90.68500;101.96000;73.51000;91.63000;1711.6;275.0;234.0;48.0;12.63;0.000;0.17498;0.04096;0.00;0.000;1.690;0.947;0.000;0.557;112.694;95.98;91.95;14044.4;922.30;8.50;3.08;1.05;148526.48;19176.00;0.00;19722.1;7.53;0.97;0.00;29/09/2024 16:12:48;
30/09/2024;7;2.0TD;3;0.000069781277000000;0.160;0.887770758;143.276104;0.557;2.195;140.524104;105.24;0.70990;1.30171;0.75;0.25;87.84542;90.68500;101.96000;73.51000;91.63000;1711.6;275.0;234.0;48.0;11.44;0.000;0.17498;0.04096;0.00;0.000;1.817;0.947;0.000;0.557;121.141;106.00;96.00;14992.9;1230.10;7.31;3.08;1.05;127201.96;11186.00;24859.38;22315.4;5.70;0.50;1.11;29/09/2024 16:12:48;
30/09/2024;8;2.0TD;3;0.000083417734000000;0.150;0.834461857;179.027989;0.557;2.195;176.275989;140.93;0.70990;1.30171;0.75;0.25;87.84542;90.68500;101.96000;73.51000;91.63000;1711.6;275.0;234.0;48.0;7.41;0.000;0.17498;0.04096;0.00;0.000;2.299;0.947;0.000;0.557;153.283;141.94;130.00;16322.5;1502.40;3.28;3.08;1.05;33245.52;25695.84;24859.38;25537.1;1.30;1.01;0.97;29/09/2024 16:12:48;
30/09/2024;9;2.0TD;2;0.000087895263000000;0.147;0.899077091;230.473270;19.184;8.779;202.510270;160.02;0.70990;1.30171;0.75;0.25;87.84542;90.68500;101.96000;73.51000;91.63000;1711.6;275.0;234.0;48.0;11.09;0.154;0.17498;0.04096;0.00;0.000;2.648;0.947;0.000;0.557;176.556;160.10;159.10;17088.1;1575.40;6.96;3.08;1.05;-3970.60;161451.36;24859.38;26208.5;-0.15;6.16;0.95;29/09/2024 16:12:48;
30/09/2024;10;2.0TD;2;0.000090485294000000;0.138;0.843746248;164.521257;19.184;8.779;136.558257;105.72;0.70990;1.30171;0.75;0.25;87.84542;90.68500;101.96000;73.51000;91.63000;1711.6;275.0;234.0;48.0;9.68;0.154;0.17498;0.04096;0.00;0.000;1.800;0.947;0.000;0.557;119.998;106.00;100.90;19407.0;1129.00;5.55;3.08;1.05;40806.48;84797.20;24859.38;27129.7;1.50;3.13;0.92;29/09/2024 16:12:48;
30/09/2024;11;2.0TD;1;0.000093301174000000;0.136;0.814308581;174.474004;33.081;43.893;97.500004;69.17;0.70990;1.30171;0.75;0.25;87.84542;90.68500;101.96000;73.51000;91.63000;1711.6;275.0;234.0;48.0;11.80;0.926;0.17498;0.04096;0.00;0.000;1.287;0.947;0.000;0.557;85.827;69.14;70.14;23863.7;859.60;7.67;3.08;1.05;78765.76;111103.20;24859.38;27986.2;2.81;3.97;0.89;29/09/2024 16:12:48;
30/09/2024;12;2.0TD;1;0.000094385230000000;0.139;0.833659054;149.823835;33.081;43.893;72.849835;47.86;0.70990;1.30171;0.75;0.25;87.84542;90.68500;101.96000;73.51000;91.63000;1711.6;275.0;234.0;48.0;11.57;0.926;0.17498;0.04096;0.00;0.000;0.959;0.947;0.000;0.557;63.959;47.77;50.77;27600.3;874.70;7.44;3.08;1.05;100166.36;85998.40;24859.38;28399.9;3.53;3.03;0.88;29/09/2024 16:12:48;
30/09/2024;13;2.0TD;1;0.000097674609000000;0.137;0.817742595;126.933176;33.081;43.893;49.959176;29.40;0.70990;1.30171;0.75;0.25;87.84542;90.68500;101.96000;73.51000;91.63000;1711.6;275.0;234.0;48.0;10.31;0.926;0.17498;0.04096;0.00;0.000;0.659;0.947;0.000;0.557;43.939;29.21;35.21;28441.0;929.10;6.18;3.08;1.05;119329.16;32760.00;24859.38;28659.5;4.16;1.14;0.87;29/09/2024 16:12:48;
30/09/2024;14;2.0TD;1;0.000104886103000000;0.130;0.780923016;122.140630;33.081;43.893;45.166630;25.45;0.70990;1.30171;0.75;0.25;87.84542;90.68500;101.96000;73.51000;91.63000;1711.6;275.0;234.0;48.0;10.35;0.926;0.17498;0.04096;0.00;0.000;0.600;0.947;0.000;0.557;39.970;25.20;33.20;28627.1;918.40;6.22;3.08;1.05;123037.16;31780.00;24859.38;28894.5;4.26;1.10;0.86;29/09/2024 16:12:48;
30/09/2024;15;2.0TD;2;0.000106255760000000;0.131;0.806235983;54.933356;19.184;8.779;26.970356;10.27;0.70990;1.30171;0.75;0.25;87.84542;90.68500;101.96000;73.51000;91.63000;1711.6;275.0;234.0;48.0;10.42;0.154;0.17498;0.04096;0.00;0.000;0.358;0.947;0.000;0.557;23.846;10.00;18.00;28403.6;982.30;6.29;3.08;1.05;139062.12;15846.36;24859.38;28589.5;4.86;0.55;0.87;29/09/2024 16:12:48;
30/09/2024;16;2.0TD;2;0.000100831719000000;0.135;0.830017815;46.593422;19.184;8.779;18.630422;2.70;0.70990;1.30171;0.75;0.25;87.84542;90.68500;101.96000;73.51000;91.63000;1711.6;275.0;234.0;48.0;10.67;0.154;0.17498;0.04096;0.00;0.000;0.246;0.947;0.000;0.557;16.414;2.40;10.00;27716.8;1148.20;6.54;3.08;1.05;147078.36;9534.00;24859.38;27745.0;5.30;0.34;0.90;29/09/2024 16:12:48;
30/09/2024;17;2.0TD;2;0.000098975725000000;0.140;0.857272362;64.706874;19.184;8.779;36.743874;18.49;0.70990;1.30171;0.75;0.25;87.84542;90.68500;101.96000;73.51000;91.63000;1711.6;275.0;234.0;48.0;10.46;0.154;0.17498;0.04096;0.00;0.000;0.483;0.947;0.000;0.557;32.231;18.20;27.26;27635.2;900.50;6.33;3.08;1.05;130691.24;19171.88;24859.38;27624.0;4.73;0.69;0.90;29/09/2024 16:12:48;
30/09/2024;18;2.0TD;2;0.000102195410000000;0.141;0.865556029;102.618024;19.184;8.779;74.655024;49.82;0.70990;1.30171;0.75;0.25;87.84542;90.68500;101.96000;73.51000;91.63000;1711.6;275.0;234.0;48.0;11.83;0.154;0.17498;0.04096;0.00;0.000;0.981;0.947;0.000;0.557;65.429;49.54;58.05;25283.4;864.00;7.70;3.08;1.05;98715.20;85176.00;24859.38;27121.4;3.64;3.14;0.92;29/09/2024 16:12:48;
30/09/2024;19;2.0TD;1;0.000105253101000000;0.145;0.868330129;205.214537;33.081;43.893;128.240537;95.74;0.70990;1.30171;0.75;0.25;87.84542;90.68500;101.96000;73.51000;91.63000;1711.6;275.0;234.0;48.0;11.01;0.926;0.17498;0.04096;0.00;0.000;1.680;0.947;0.000;0.557;112.000;95.74;95.74;21450.5;976.40;6.88;3.08;1.05;47996.28;114433.20;24859.38;27225.1;1.76;4.20;0.91;29/09/2024 16:12:48;
30/09/2024;20;2.0TD;1;0.000111042464000000;0.147;0.882894577;232.256545;33.081;43.893;155.282545;119.89;0.70990;1.30171;0.75;0.25;87.84542;90.68500;101.96000;73.51000;91.63000;1711.6;275.0;234.0;48.0;9.89;0.926;0.17498;0.04096;0.00;0.000;2.031;0.947;0.000;0.557;135.381;119.72;123.00;19703.3;1078.40;5.76;3.08;1.05;17103.08;114816.24;24859.38;27194.6;0.63;4.22;0.91;29/09/2024 16:12:48;
30/09/2024;21;2.0TD;1;0.000133250337000000;0.142;0.849687868;294.314265;33.081;43.893;217.340265;176.44;0.70990;1.30171;0.75;0.25;87.84542;90.68500;101.96000;73.51000;91.63000;1711.6;275.0;234.0;48.0;7.45;0.926;0.17498;0.04096;0.00;0.000;2.855;0.947;0.000;0.557;190.315;176.21;179.96;19827.6;1311.30;3.32;3.08;1.05;-3204.32;73387.76;24859.38;28670.3;-0.11;2.56;0.87;29/09/2024 16:12:48;
30/09/2024;22;2.0TD;1;0.000142651552000000;0.141;0.843135476;291.806579;33.081;43.893;214.832579;174.60;0.70990;1.30171;0.75;0.25;87.84542;90.68500;101.96000;73.51000;91.63000;1711.6;275.0;234.0;48.0;7.29;0.926;0.17498;0.04096;0.00;0.000;2.824;0.947;0.000;0.557;188.284;174.50;176.00;19289.7;1353.60;3.16;3.08;1.05;-8365.44;72750.16;24859.38;28195.0;-0.30;2.58;0.88;29/09/2024 16:12:48;
30/09/2024;23;2.0TD;2;0.000125903877000000;0.148;0.910162884;184.951390;19.184;8.779;156.988390;124.42;0.70990;1.30171;0.75;0.25;87.84542;90.68500;101.96000;73.51000;91.63000;1711.6;275.0;234.0;48.0;7.48;0.154;0.17498;0.04096;0.00;0.000;2.051;0.947;0.000;0.557;136.749;124.44;124.16;18888.7;1101.80;3.35;3.08;1.05;34124.60;26668.40;24859.38;25577.6;1.33;1.04;0.97;29/09/2024 16:12:48;
30/09/2024;24;2.0TD;2;0.000105674924000000;0.155;0.951564401;187.292326;19.184;8.779;159.329326;125.20;0.70990;1.30171;0.75;0.25;87.84542;90.68500;101.96000;73.51000;91.63000;1711.6;275.0;234.0;48.0;7.88;0.154;0.17498;0.04096;0.00;0.000;2.069;0.947;0.000;0.557;137.947;125.45;122.12;16480.6;1333.70;3.75;3.08;1.05;33817.72;29010.80;24859.38;23351.2;1.45;1.24;1.06;29/09/2024 16:12:48;
*
