pvpcdata;
2024;05;13;12;31;12;
04/04/2024;1;2.0TD;3;0.000097551153000000;0.191;1.059074616;51.814543;0.557;2.195;49.062543;2.35;17.84551;0.93391;0.75;0.25;3.99875;75.38080;101.96000;48.69000;27.94000;2051.6;275.0;154.0;50.0;19.84;0.000;0.17498;0.04096;0.00;0.000;0.618;0.947;0.000;0.557;41.194;2.60;0.01;22118.9;2324.70;15.07;3.35;1.42;276578.56;55633.60;24859.38;23703.1;11.67;2.35;1.05;03/04/2024 16:54:58;
04/04/2024;2;2.0TD;3;0.000080459040000000;0.196;1.091303605;50.660663;0.557;2.195;47.908663;0.32;17.84551;0.93391;0.75;0.25;3.99875;75.38080;101.96000;48.69000;27.94000;2051.6;275.0;154.0;50.0;20.75;0.000;0.17498;0.04096;0.00;0.000;0.601;0.947;0.000;0.557;40.057;0.44;-0.85;21024.2;2301.90;15.98;3.35;1.42;277060.56;55494.08;24859.38;22359.1;12.39;2.48;1.11;03/04/2024 16:54:58;
04/04/2024;3;2.0TD;3;0.000070928771000000;0.199;1.105621473;55.284279;0.557;2.195;52.532279;3.01;17.84551;0.93391;0.75;0.25;3.99875;75.38080;101.96000;48.69000;27.94000;2051.6;275.0;154.0;50.0;21.76;0.000;0.17498;0.04096;0.00;0.000;0.657;0.947;0.000;0.557;43.813;3.25;0.75;22482.3;2350.90;16.99;3.35;1.42;286070.36;53494.64;24859.38;21444.3;13.34;2.49;1.16;03/04/2024 16:54:58;
04/04/2024;4;2.0TD;3;0.000066311724000000;0.200;1.111232801;57.204893;0.557;2.195;54.452893;4.68;17.84551;0.93391;0.75;0.25;3.99875;75.38080;101.96000;48.69000;27.94000;2051.6;275.0;154.0;50.0;21.63;0.000;0.17498;0.04096;0.00;0.000;0.681;0.947;0.000;0.557;45.377;4.99;1.98;21371.7;2494.60;16.86;3.35;1.42;313371.64;43028.16;0.00;21136.4;14.83;2.04;0.00;03/04/2024 16:54:58;
04/04/2024;5;2.0TD;3;0.000064644998000000;0.198;1.099502089;55.532778;0.557;2.195;52.780778;2.94;17.84551;0.93391;0.75;0.25;3.99875;75.38080;101.96000;48.69000;27.94000;2051.6;275.0;154.0;50.0;22.07;0.000;0.17498;0.04096;0.00;0.000;0.661;0.947;0.000;0.557;44.057;3.25;0.30;20582.2;2421.10;17.30;3.35;1.42;314030.08;47207.32;0.00;20883.5;15.04;2.26;0.00;03/04/2024 16:54:58;
04/04/2024;6;2.0TD;3;0.000066487739000000;0.194;1.077550654;54.702236;0.557;2.195;51.950236;2.94;17.84551;0.93391;0.75;0.25;3.99875;75.38080;101.96000;48.69000;27.94000;2051.6;275.0;154.0;50.0;21.53;0.000;0.17498;0.04096;0.00;0.000;0.653;0.947;0.000;0.557;43.509;3.25;0.04;22401.1;2387.90;16.76;3.35;1.42;314043.32;47207.32;0.00;21560.6;14.57;2.19;0.00;03/04/2024 16:54:58;
04/04/2024;7;2.0TD;3;0.000074751107000000;0.185;1.027453421;53.829542;0.557;2.195;51.077542;2.94;17.84551;0.93391;0.75;0.25;3.99875;75.38080;101.96000;48.69000;27.94000;2051.6;275.0;154.0;50.0;21.13;0.000;0.17498;0.04096;0.00;0.000;0.647;0.947;0.000;0.557;43.103;3.25;0.00;22677.0;2405.30;16.36;3.35;1.42;322904.40;47970.00;24859.38;24194.9;13.35;1.98;1.03;03/04/2024 16:54:58;
04/04/2024;8;2.0TD;3;0.000092443354000000;0.173;0.958651935;56.515764;0.557;2.195;53.763764;11.19;17.84551;0.93391;0.75;0.25;3.99875;75.38080;101.96000;48.69000;27.94000;2051.6;275.0;154.0;50.0;15.57;0.000;0.17498;0.04096;0.00;0.000;0.688;0.947;0.000;0.557;45.834;11.19;11.19;24614.2;1849.10;10.80;3.35;1.42;213880.24;50178.24;24859.38;26757.6;7.99;1.88;0.93;03/04/2024 16:54:58;
04/04/2024;9;2.0TD;2;0.000104386464000000;0.187;1.148636186;85.119912;19.184;8.779;57.156912;13.87;17.84551;0.93391;0.75;0.25;3.99875;75.38080;101.96000;48.69000;27.94000;2051.6;275.0;154.0;50.0;15.02;0.154;0.17498;0.04096;0.00;0.000;0.722;0.947;0.000;0.557;48.152;13.47;20.00;26407.7;1721.50;10.25;3.35;1.42;208485.60;54906.88;24859.38;28096.3;7.42;1.95;0.88;03/04/2024 16:54:58;
04/04/2024;10;2.0TD;2;0.000112803908000000;0.151;0.928703195;82.393112;19.184;8.779;54.430112;4.03;17.84551;0.93391;0.75;0.25;3.99875;75.38080;101.96000;48.69000;27.94000;2051.6;275.0;154.0;50.0;24.01;0.154;0.17498;0.04096;0.00;0.000;0.709;0.947;0.000;0.557;47.289;3.74;8.34;27105.6;1847.00;19.24;3.35;1.42;197556.56;319693.52;24859.38;28172.8;7.01;11.35;0.88;03/04/2024 16:54:58;
04/04/2024;11;2.0TD;1;0.000119162535000000;0.157;0.940315611;121.001796;33.081;43.893;44.027796;0.44;17.84551;0.93391;0.75;0.25;3.99875;75.38080;101.96000;48.69000;27.94000;2051.6;275.0;154.0;50.0;17.73;0.926;0.17498;0.04096;0.00;0.000;0.571;0.947;0.000;0.557;38.053;0.44;0.44;28023.4;2876.90;12.96;3.35;1.42;254179.12;85828.88;24859.38;28146.2;9.03;3.05;0.88;03/04/2024 16:54:58;
04/04/2024;12;2.0TD;1;0.000120732744000000;0.160;0.957647816;120.244796;33.081;43.893;43.270796;-0.05;17.84551;0.93391;0.75;0.25;3.99875;75.38080;101.96000;48.69000;27.94000;2051.6;275.0;154.0;50.0;17.48;0.926;0.17498;0.04096;0.00;0.000;0.560;0.947;0.000;0.557;37.302;0.00;-0.77;29710.3;2290.50;12.71;3.35;1.42;262486.48;67472.16;24859.38;27926.5;9.40;2.42;0.89;03/04/2024 16:54:58;
04/04/2024;13;2.0TD;1;0.000123956485000000;0.159;0.953251468;120.324553;33.081;43.893;43.350553;-0.05;17.84551;0.93391;0.75;0.25;3.99875;75.38080;101.96000;48.69000;27.94000;2051.6;275.0;154.0;50.0;17.58;0.926;0.17498;0.04096;0.00;0.000;0.561;0.947;0.000;0.557;37.403;0.00;-0.77;29938.3;2383.90;12.81;3.35;1.42;263586.96;66927.36;24859.38;27744.6;9.50;2.41;0.90;03/04/2024 16:54:58;
04/04/2024;14;2.0TD;1;0.000130979414000000;0.154;0.919196785;120.219470;33.081;43.893;43.245470;-0.26;17.84551;0.93391;0.75;0.25;3.99875;75.38080;101.96000;48.69000;27.94000;2051.6;275.0;154.0;50.0;17.86;0.926;0.17498;0.04096;0.00;0.000;0.562;0.947;0.000;0.557;37.474;0.00;-3.00;28778.0;2825.70;13.09;3.35;1.42;272902.56;66778.88;24859.38;27852.9;9.80;2.40;0.89;03/04/2024 16:54:58;
04/04/2024;15;2.0TD;2;0.000130482297000000;0.174;1.067077186;72.802064;19.184;8.779;44.839064;-0.47;17.84551;0.93391;0.75;0.25;3.99875;75.38080;101.96000;48.69000;27.94000;2051.6;275.0;154.0;50.0;19.55;0.154;0.17498;0.04096;0.00;0.000;0.573;0.947;0.000;0.557;38.193;0.00;-5.01;28237.4;2978.10;14.78;3.35;1.42;318594.16;66890.24;24859.38;27763.9;11.48;2.41;0.90;03/04/2024 16:54:58;
04/04/2024;16;2.0TD;2;0.000120146561000000;0.182;1.113594189;71.775497;19.184;8.779;43.812497;-0.44;17.84551;0.93391;0.75;0.25;3.99875;75.38080;101.96000;48.69000;27.94000;2051.6;275.0;154.0;50.0;18.41;0.154;0.17498;0.04096;0.00;0.000;0.556;0.947;0.000;0.557;37.066;0.00;-5.00;29025.6;2788.20;13.64;3.35;1.42;278237.76;66704.64;24859.38;27112.2;10.26;2.46;0.92;03/04/2024 16:54:58;
04/04/2024;17;2.0TD;2;0.000112583755000000;0.186;1.141481155;70.948871;19.184;8.779;42.985871;-0.31;17.84551;0.93391;0.75;0.25;3.99875;75.38080;101.96000;48.69000;27.94000;2051.6;275.0;154.0;50.0;17.47;0.154;0.17498;0.04096;0.00;0.000;0.544;0.947;0.000;0.557;36.244;0.00;-3.86;29233.2;2614.20;12.70;3.35;1.42;249525.48;67210.64;24859.38;26883.1;9.28;2.50;0.92;03/04/2024 16:54:58;
04/04/2024;18;2.0TD;2;0.000110494022000000;0.191;1.169845255;70.489335;19.184;8.779;42.526335;-0.43;17.84551;0.93391;0.75;0.25;3.99875;75.38080;101.96000;48.69000;27.94000;2051.6;275.0;154.0;50.0;17.06;0.154;0.17498;0.04096;0.00;0.000;0.536;0.947;0.000;0.557;35.706;0.00;-4.99;28625.2;2746.50;12.29;3.35;1.42;241376.68;67061.20;24859.38;27123.6;8.90;2.47;0.92;03/04/2024 16:54:58;
04/04/2024;19;2.0TD;1;0.000111566182000000;0.166;0.995039358;122.930037;33.081;43.893;45.956037;-0.06;17.84551;0.93391;0.75;0.25;3.99875;75.38080;101.96000;48.69000;27.94000;2051.6;275.0;154.0;50.0;19.57;0.926;0.17498;0.04096;0.00;0.000;0.591;0.947;0.000;0.557;39.413;0.00;-0.77;27702.0;2279.50;14.80;3.35;1.42;232174.24;143221.68;24859.38;27049.6;8.58;5.29;0.92;03/04/2024 16:54:58;
04/04/2024;20;2.0TD;1;0.000118495394000000;0.167;1.002967757;133.857560;33.081;43.893;56.883560;3.25;17.84551;0.93391;0.75;0.25;3.99875;75.38080;101.96000;48.69000;27.94000;2051.6;275.0;154.0;50.0;25.45;0.926;0.17498;0.04096;0.00;0.000;0.731;0.947;0.000;0.557;48.743;3.25;3.25;28500.7;2408.80;20.68;3.35;1.42;237559.84;318220.84;24859.38;28082.3;8.46;11.33;0.89;03/04/2024 16:54:58;
04/04/2024;21;2.0TD;1;0.000138735298000000;0.170;1.019351032;130.607281;33.081;43.893;53.633281;10.00;17.84551;0.93391;0.75;0.25;3.99875;75.38080;101.96000;48.69000;27.94000;2051.6;275.0;154.0;50.0;15.84;0.926;0.17498;0.04096;0.00;0.000;0.688;0.947;0.000;0.557;45.840;10.00;10.00;29447.5;1899.90;11.07;3.35;1.42;242369.32;57989.12;24859.38;29382.6;8.25;1.97;0.85;03/04/2024 16:54:58;
04/04/2024;22;2.0TD;1;0.000162057123000000;0.170;1.020166185;146.203381;33.081;43.893;69.229381;25.00;17.84551;0.93391;0.75;0.25;3.99875;75.38080;101.96000;48.69000;27.94000;2051.6;275.0;154.0;50.0;13.97;0.926;0.17498;0.04096;0.00;0.000;0.888;0.947;0.000;0.557;59.170;25.00;25.00;29279.9;1881.70;9.20;3.35;1.42;206783.44;39758.24;24859.38;29505.7;7.01;1.35;0.84;03/04/2024 16:54:58;
04/04/2024;23;2.0TD;2;0.000146252744000000;0.199;1.219896658;74.681328;19.184;8.779;46.718328;4.60;17.84551;0.93391;0.75;0.25;3.99875;75.38080;101.96000;48.69000;27.94000;2051.6;275.0;154.0;50.0;15.24;0.154;0.17498;0.04096;0.00;0.000;0.584;0.947;0.000;0.557;38.964;4.60;4.61;28290.4;1830.60;10.47;3.35;1.42;209328.80;55210.56;24859.38;27656.1;7.57;2.00;0.90;03/04/2024 16:54:58;
04/04/2024;24;2.0TD;2;0.000121420830000000;0.207;1.269293300;71.513263;19.184;8.779;43.550263;3.25;17.84551;0.93391;0.75;0.25;3.99875;75.38080;101.96000;48.69000;27.94000;2051.6;275.0;154.0;50.0;13.75;0.154;0.17498;0.04096;0.00;0.000;0.541;0.947;0.000;0.557;36.081;3.25;3.25;25842.8;2004.60;8.98;3.35;1.42;144054.92;56624.16;24859.38;25125.3;5.73;2.25;0.99;03/04/2024 16:54:58;
*
