pvpcdata;
2024;02;09;12;01;47;
22/01/2024;1;2.0TD;3;0.000125070383000000;0.252;1.402298156;93.181933;0.557;2.195;90.429933;46.72;7.59398;0.72965;0.75;0.25;67.91667;98.29260;101.96000;97.42000;81.63000;2817.8;275.0;177.0;62.0;17.55;0.000;0.17498;0.03702;0.00;0.000;0.000;1.083;0.565;0.000;0.557;72.228;47.00;41.41;15423.8;809.00;12.41;3.56;1.58;189961.24;88768.00;24859.38;24476.5;7.76;3.63;1.02;21/01/2024 16:08:05;
22/01/2024;2;2.0TD;3;0.000102712344000000;0.266;1.477470562;87.445350;0.557;2.195;84.693350;41.51;7.59398;0.72965;0.75;0.25;67.91667;98.29260;101.96000;97.42000;81.63000;2817.8;275.0;177.0;62.0;17.51;0.000;0.17498;0.03702;0.00;0.000;0.000;1.003;0.565;0.000;0.557;66.898;41.80;35.01;16279.4;729.80;12.37;3.56;1.58;197269.76;86238.00;0.00;22928.1;8.60;3.76;0.00;21/01/2024 16:08:05;
22/01/2024;3;2.0TD;3;0.000090458788000000;0.271;1.507124760;80.205953;0.557;2.195;77.453953;34.84;7.59398;0.72965;0.75;0.25;67.91667;98.29260;101.96000;97.42000;81.63000;2817.8;275.0;177.0;62.0;18.31;0.000;0.17498;0.03702;0.00;0.000;0.000;0.914;0.565;0.000;0.557;60.939;35.00;30.90;16708.6;662.20;13.17;3.56;1.58;205603.04;84949.68;0.00;22061.1;9.32;3.85;0.00;21/01/2024 16:08:05;
22/01/2024;4;2.0TD;3;0.000084226802000000;0.274;1.519937624;68.657779;0.557;2.195;65.905779;24.61;7.59398;0.72965;0.75;0.25;67.91667;98.29260;101.96000;97.42000;81.63000;2817.8;275.0;177.0;62.0;19.47;0.000;0.17498;0.03702;0.00;0.000;0.000;0.776;0.565;0.000;0.557;51.731;25.00;15.00;16852.6;675.60;14.33;3.56;1.58;223126.00;88640.00;0.00;21749.0;10.26;4.08;0.00;21/01/2024 16:08:05;
22/01/2024;5;2.0TD;3;0.000081804475000000;0.273;1.514208685;72.108071;0.557;2.195;69.356071;27.71;7.59398;0.72965;0.75;0.25;67.91667;98.29260;101.96000;97.42000;81.63000;2817.8;275.0;177.0;62.0;19.08;0.000;0.17498;0.03702;0.00;0.000;0.000;0.817;0.565;0.000;0.557;54.482;28.10;18.10;16898.6;687.30;13.94;3.56;1.58;217354.76;87077.76;0.00;21845.8;9.95;3.99;0.00;21/01/2024 16:08:05;
22/01/2024;6;2.0TD;3;0.000084040312000000;0.266;1.476257412;85.491912;0.557;2.195;82.739912;39.67;7.59398;0.72965;0.75;0.25;67.91667;98.29260;101.96000;97.42000;81.63000;2817.8;275.0;177.0;62.0;17.83;0.000;0.17498;0.03702;0.00;0.000;0.000;0.980;0.565;0.000;0.557;65.355;40.00;31.86;16717.5;701.00;12.69;3.56;1.58;198486.32;87716.16;0.00;22547.5;8.80;3.89;0.00;21/01/2024 16:08:05;
22/01/2024;7;2.0TD;3;0.000095859416000000;0.241;1.338082823;95.399328;0.557;2.195;92.647328;48.75;7.59398;0.72965;0.75;0.25;67.91667;98.29260;101.96000;97.42000;81.63000;2817.8;275.0;177.0;62.0;17.91;0.000;0.17498;0.03702;0.00;0.000;0.000;1.120;0.565;0.000;0.557;74.655;49.01;44.00;14300.9;767.90;12.77;3.56;1.58;220303.84;85760.00;24859.38;25905.0;8.50;3.31;0.96;21/01/2024 16:08:05;
22/01/2024;8;2.0TD;3;0.000122871121000000;0.220;1.219905487;118.986745;0.557;2.195;116.234745;74.78;7.59398;0.72965;0.75;0.25;67.91667;98.29260;101.96000;97.42000;81.63000;2817.8;275.0;177.0;62.0;12.19;0.000;0.17498;0.03702;0.00;0.000;0.000;1.429;0.565;0.000;0.557;95.274;75.00;70.39;16224.4;800.00;7.05;3.56;1.58;126225.00;62897.28;24859.38;30345.4;4.16;2.07;0.82;21/01/2024 16:08:05;
22/01/2024;9;2.0TD;2;0.000137491723000000;0.203;1.248179244;160.724132;19.184;8.779;132.761132;92.69;7.59398;0.72965;0.75;0.25;67.91667;98.29260;101.96000;97.42000;81.63000;2817.8;275.0;177.0;62.0;8.96;0.178;0.17498;0.03702;0.00;0.000;0.000;1.655;0.565;0.000;0.557;110.358;92.69;92.69;17546.8;956.20;3.82;3.56;1.58;35305.68;63840.00;24859.38;32483.5;1.09;1.97;0.77;21/01/2024 16:08:05;
22/01/2024;10;2.0TD;2;0.000143296775000000;0.193;1.185552027;154.376121;19.184;8.779;126.413121;86.64;7.59398;0.72965;0.75;0.25;67.91667;98.29260;101.96000;97.42000;81.63000;2817.8;275.0;177.0;62.0;10.68;0.178;0.17498;0.03702;0.00;0.000;0.000;1.589;0.565;0.000;0.557;105.962;86.66;86.37;17595.6;991.30;5.54;3.56;1.58;39186.48;119331.60;24859.38;33089.4;1.18;3.61;0.75;21/01/2024 16:08:05;
22/01/2024;11;2.0TD;1;0.000150078930000000;0.187;1.121459775;185.338056;33.081;43.893;108.364056;71.07;7.59398;0.72965;0.75;0.25;67.91667;98.29260;101.96000;97.42000;81.63000;2817.8;275.0;177.0;62.0;10.91;1.068;0.17498;0.03702;0.00;0.000;0.000;1.369;0.565;0.000;0.557;91.292;71.08;70.93;18960.4;922.70;5.77;3.56;1.58;56354.20;111092.80;24859.38;33324.6;1.69;3.33;0.75;21/01/2024 16:08:05;
22/01/2024;12;2.0TD;1;0.000149409759000000;0.183;1.093632235;174.560121;33.081;43.893;97.586121;61.97;7.59398;0.72965;0.75;0.25;67.91667;98.29260;101.96000;97.42000;81.63000;2817.8;275.0;177.0;62.0;11.34;1.068;0.17498;0.03702;0.00;0.000;0.000;1.237;0.565;0.000;0.557;82.490;61.99;61.49;20601.9;809.40;6.20;3.56;1.58;68886.96;112464.00;24859.38;33286.9;2.07;3.38;0.75;21/01/2024 16:08:05;
22/01/2024;13;2.0TD;1;0.000149091769000000;0.181;1.084570411;168.856250;33.081;43.893;91.882250;57.67;7.59398;0.72965;0.75;0.25;67.91667;98.29260;101.96000;97.42000;81.63000;2817.8;275.0;177.0;62.0;11.02;1.068;0.17498;0.03702;0.00;0.000;0.000;1.167;0.565;0.000;0.557;77.800;57.67;57.57;21345.1;811.70;5.88;3.56;1.58;79054.76;90209.28;24859.38;33023.2;2.39;2.73;0.75;21/01/2024 16:08:05;
22/01/2024;14;2.0TD;1;0.000156184621000000;0.182;1.088377036;169.509684;33.081;43.893;92.535684;58.48;7.59398;0.72965;0.75;0.25;67.91667;98.29260;101.96000;97.42000;81.63000;2817.8;275.0;177.0;62.0;10.69;1.068;0.17498;0.03702;0.00;0.000;0.000;1.174;0.565;0.000;0.557;78.287;58.48;58.38;21698.3;930.40;5.55;3.56;1.58;72199.88;86353.04;24859.38;33028.8;2.19;2.61;0.75;21/01/2024 16:08:05;
22/01/2024;15;2.0TD;2;0.000158369021000000;0.184;1.128032620;121.088603;19.184;8.779;93.125603;59.87;7.59398;0.72965;0.75;0.25;67.91667;98.29260;101.96000;97.42000;81.63000;2817.8;275.0;177.0;62.0;10.55;0.178;0.17498;0.03702;0.00;0.000;0.000;1.180;0.565;0.000;0.557;78.653;59.87;59.77;21811.2;973.00;5.41;3.56;1.58;65100.36;86483.76;24859.38;32621.9;2.00;2.65;0.76;21/01/2024 16:08:05;
22/01/2024;16;2.0TD;2;0.000152475997000000;0.191;1.168795140;122.303755;19.184;8.779;94.340755;59.99;7.59398;0.72965;0.75;0.25;67.91667;98.29260;101.96000;97.42000;81.63000;2817.8;275.0;177.0;62.0;10.98;0.178;0.17498;0.03702;0.00;0.000;0.000;1.188;0.565;0.000;0.557;79.211;59.99;59.99;21323.6;962.50;5.84;3.56;1.58;65043.88;96974.40;24859.38;32007.5;2.03;3.03;0.78;21/01/2024 16:08:05;
22/01/2024;17;2.0TD;2;0.000147184603000000;0.196;1.199424065;129.682060;19.184;8.779;101.719060;66.06;7.59398;0.72965;0.75;0.25;67.91667;98.29260;101.96000;97.42000;81.63000;2817.8;275.0;177.0;62.0;10.66;0.178;0.17498;0.03702;0.00;0.000;0.000;1.276;0.565;0.000;0.557;85.049;66.07;65.97;19005.1;1007.20;5.52;3.56;1.58;44797.04;105631.60;24859.38;31705.0;1.41;3.33;0.78;21/01/2024 16:08:05;
22/01/2024;18;2.0TD;2;0.000151413193000000;0.198;1.213144164;144.556410;19.184;8.779;116.593410;78.96;7.59398;0.72965;0.75;0.25;67.91667;98.29260;101.96000;97.42000;81.63000;2817.8;275.0;177.0;62.0;9.85;0.178;0.17498;0.03702;0.00;0.000;0.000;1.460;0.565;0.000;0.557;97.323;79.09;76.85;17853.2;1132.90;4.71;3.56;1.58;37769.24;87890.88;24859.38;31981.3;1.18;2.75;0.78;21/01/2024 16:08:05;
22/01/2024;19;2.0TD;1;0.000171638408000000;0.200;1.195352800;216.775657;33.081;43.893;139.801657;98.12;7.59398;0.72965;0.75;0.25;67.91667;98.29260;101.96000;97.42000;81.63000;2817.8;275.0;177.0;62.0;8.69;1.068;0.17498;0.03702;0.00;0.000;0.000;1.748;0.565;0.000;0.557;116.501;98.18;97.19;17663.2;1073.40;3.55;3.56;1.58;50394.92;42389.76;24859.38;33178.3;1.52;1.28;0.75;21/01/2024 16:08:05;
22/01/2024;20;2.0TD;1;0.000194983594000000;0.204;1.219918524;225.113415;33.081;43.893;148.139415;104.62;7.59398;0.72965;0.75;0.25;67.91667;98.29260;101.96000;97.42000;81.63000;2817.8;275.0;177.0;62.0;8.63;1.068;0.17498;0.03702;0.00;0.000;0.000;1.846;0.565;0.000;0.557;123.039;104.91;100.01;18652.0;1152.70;3.49;3.56;1.58;54483.88;40013.92;24859.38;34276.7;1.59;1.17;0.73;21/01/2024 16:08:05;
22/01/2024;21;2.0TD;1;0.000209752384000000;0.205;1.225456789;242.424574;33.081;43.893;165.450574;118.89;7.59398;0.72965;0.75;0.25;67.91667;98.29260;101.96000;97.42000;81.63000;2817.8;275.0;177.0;62.0;8.41;1.068;0.17498;0.03702;0.00;0.000;0.000;2.060;0.565;0.000;0.557;137.303;119.00;117.01;18907.8;1107.10;3.27;3.56;1.58;42665.24;45702.80;24859.38;34684.3;1.23;1.32;0.72;21/01/2024 16:08:05;
22/01/2024;22;2.0TD;1;0.000211666298000000;0.206;1.236352544;223.620441;33.081;43.893;146.646441;103.04;7.59398;0.72965;0.75;0.25;67.91667;98.29260;101.96000;97.42000;81.63000;2817.8;275.0;177.0;62.0;8.79;1.068;0.17498;0.03702;0.00;0.000;0.000;1.824;0.565;0.000;0.557;121.597;103.21;100.34;17963.3;1138.30;3.65;3.56;1.58;56583.60;40934.40;24859.38;33472.6;1.69;1.22;0.74;21/01/2024 16:08:05;
22/01/2024;23;2.0TD;2;0.000190977600000000;0.214;1.313457771;164.317515;19.184;8.779;136.354515;94.14;7.59398;0.72965;0.75;0.25;67.91667;98.29260;101.96000;97.42000;81.63000;2817.8;275.0;177.0;62.0;9.44;0.178;0.17498;0.03702;0.00;0.000;0.000;1.685;0.565;0.000;0.557;112.318;94.27;92.27;15823.7;1114.60;4.30;3.56;1.58;63572.68;41382.12;24859.38;30192.2;2.11;1.37;0.82;21/01/2024 16:08:05;
22/01/2024;24;2.0TD;2;0.000157739127000000;0.221;1.357657023;142.914510;19.184;8.779;114.951510;75.80;7.59398;0.72965;0.75;0.25;67.91667;98.29260;101.96000;97.42000;81.63000;2817.8;275.0;177.0;62.0;9.88;0.178;0.17498;0.03702;0.00;0.000;0.000;1.412;0.565;0.000;0.557;94.145;75.93;73.83;15180.4;983.50;4.74;3.56;1.58;39965.84;63512.28;24859.38;27107.4;1.47;2.34;0.92;21/01/2024 16:08:05;
*
