pvpcdata;
2024;09;10;12;18;52;
04/08/2024;1;2.0TD;3;0.000117448988000000;0.188;1.044730375;159.097545;0.557;2.195;156.345545;114.94;3.39433;0.88076;0.75;0.25;75.47667;89.05400;101.96000;73.51000;75.32000;2570.5;275.0;234.0;57.0;9.98;0.000;0.17498;0.04096;0.00;0.000;1.974;0.947;0.000;0.557;131.604;115.34;109.96;19147.5;1527.80;5.85;3.08;1.05;110259.04;13806.72;24859.38;25476.9;4.33;0.54;0.98;03/08/2024 16:10:34;
04/08/2024;2;2.0TD;3;0.000104837086000000;0.187;1.037478734;155.941465;0.557;2.195;153.189465;112.24;3.39433;0.88076;0.75;0.25;75.47667;89.05400;101.96000;73.51000;75.32000;2570.5;275.0;234.0;57.0;10.17;0.000;0.17498;0.04096;0.00;0.000;1.936;0.947;0.000;0.557;129.056;112.82;104.55;18131.9;1369.90;6.04;3.08;1.05;114437.12;29786.72;0.00;23870.9;4.79;1.25;0.00;03/08/2024 16:10:34;
04/08/2024;3;2.0TD;3;0.000094114549000000;0.185;1.030043085;148.874343;0.557;2.195;146.122343;105.48;3.39433;0.88076;0.75;0.25;75.47667;89.05400;101.96000;73.51000;75.32000;2570.5;275.0;234.0;57.0;11.27;0.000;0.17498;0.04096;0.00;0.000;1.850;0.947;0.000;0.557;123.310;106.00;98.64;16861.6;1285.50;7.14;3.08;1.05;131089.72;30362.00;0.00;22619.7;5.80;1.34;0.00;03/08/2024 16:10:34;
04/08/2024;4;2.0TD;3;0.000086934358000000;0.184;1.023623871;154.472121;0.557;2.195;151.720121;110.67;3.39433;0.88076;0.75;0.25;75.47667;89.05400;101.96000;73.51000;75.32000;2570.5;275.0;234.0;57.0;10.84;0.000;0.17498;0.04096;0.00;0.000;1.922;0.947;0.000;0.557;128.142;111.47;101.47;15948.0;1395.00;6.71;3.08;1.05;116022.92;29786.72;0.00;21714.1;5.34;1.37;0.00;03/08/2024 16:10:34;
04/08/2024;5;2.0TD;3;0.000082659516000000;0.182;1.010745196;154.516066;0.557;2.195;151.764066;111.14;3.39433;0.88076;0.75;0.25;75.47667;89.05400;101.96000;73.51000;75.32000;2570.5;275.0;234.0;57.0;10.62;0.000;0.17498;0.04096;0.00;0.000;1.926;0.947;0.000;0.557;128.396;111.92;102.23;15562.4;1365.10;6.49;3.08;1.05;106752.48;30362.00;0.00;21129.8;5.05;1.44;0.00;03/08/2024 16:10:34;
04/08/2024;6;2.0TD;3;0.000079966176000000;0.180;1.002486614;155.456974;0.557;2.195;152.704974;112.70;3.39433;0.88076;0.75;0.25;75.47667;89.05400;101.96000;73.51000;75.32000;2570.5;275.0;234.0;57.0;10.06;0.000;0.17498;0.04096;0.00;0.000;1.941;0.947;0.000;0.557;129.411;113.27;106.00;15360.8;1318.20;5.93;3.08;1.05;96890.52;26335.04;0.00;20789.7;4.66;1.27;0.00;03/08/2024 16:10:34;
04/08/2024;7;2.0TD;3;0.000078311944000000;0.179;0.996801952;155.519740;0.557;2.195;152.767740;113.18;3.39433;0.88076;0.75;0.25;75.47667;89.05400;101.96000;73.51000;75.32000;2570.5;275.0;234.0;57.0;9.74;0.000;0.17498;0.04096;0.00;0.000;1.944;0.947;0.000;0.557;129.574;113.72;106.90;15222.9;1322.10;5.61;3.08;1.05;95154.52;21541.04;0.00;20801.8;4.57;1.04;0.00;03/08/2024 16:10:34;
04/08/2024;8;2.0TD;3;0.000073142553000000;0.177;0.981088242;155.212335;0.557;2.195;152.460335;112.94;3.39433;0.88076;0.75;0.25;75.47667;89.05400;101.96000;73.51000;75.32000;2570.5;275.0;234.0;57.0;9.94;0.000;0.17498;0.04096;0.00;0.000;1.943;0.947;0.000;0.557;129.533;113.53;106.00;15144.0;1290.00;5.81;3.08;1.05;94588.96;24706.08;0.00;20518.7;4.61;1.20;0.00;03/08/2024 16:10:34;
04/08/2024;9;2.0TD;3;0.000076702559000000;0.169;0.938193090;141.156918;0.557;2.195;138.404918;97.17;3.39433;0.88076;0.75;0.25;75.47667;89.05400;101.96000;73.51000;75.32000;2570.5;275.0;234.0;57.0;14.74;0.000;0.17498;0.04096;0.00;0.000;1.776;0.947;0.000;0.557;118.396;97.89;87.89;15595.0;1215.90;10.61;3.08;1.05;132394.68;92408.40;0.00;21188.5;6.25;4.36;0.00;03/08/2024 16:10:34;
04/08/2024;10;2.0TD;3;0.000087656579000000;0.159;0.882008214;106.061777;0.557;2.195;103.309777;68.10;3.39433;0.88076;0.75;0.25;75.47667;89.05400;101.96000;73.51000;75.32000;2570.5;275.0;234.0;57.0;14.99;0.000;0.17498;0.04096;0.00;0.000;1.337;0.947;0.000;0.557;89.137;68.10;68.00;19667.1;777.70;10.86;3.08;1.05;133191.04;110032.00;0.00;22387.0;5.95;4.91;0.00;03/08/2024 16:10:34;
04/08/2024;11;2.0TD;3;0.000098147477000000;0.154;0.857305611;38.836420;0.557;2.195;36.084420;15.00;3.39433;0.88076;0.75;0.25;75.47667;89.05400;101.96000;73.51000;75.32000;2570.5;275.0;234.0;57.0;11.09;0.000;0.17498;0.04096;0.00;0.000;0.469;0.947;0.000;0.557;31.269;15.00;15.00;24151.0;953.70;6.96;3.08;1.05;136878.80;29735.20;0.00;23923.6;5.72;1.24;0.00;03/08/2024 16:10:34;
04/08/2024;12;2.0TD;3;0.000104900817000000;0.152;0.842208943;23.231098;0.557;2.195;20.479098;2.05;3.39433;0.88076;0.75;0.25;75.47667;89.05400;101.96000;73.51000;75.32000;2570.5;275.0;234.0;57.0;10.75;0.000;0.17498;0.04096;0.00;0.000;0.267;0.947;0.000;0.557;17.777;2.05;2.05;25046.9;1147.50;6.62;3.08;1.05;159521.72;3794.40;0.00;24655.0;6.47;0.15;0.00;03/08/2024 16:10:34;
04/08/2024;13;2.0TD;3;0.000110278053000000;0.152;0.846335034;21.394810;0.557;2.195;18.642810;0.44;3.39433;0.88076;0.75;0.25;75.47667;89.05400;101.96000;73.51000;75.32000;2570.5;275.0;234.0;57.0;10.79;0.000;0.17498;0.04096;0.00;0.000;0.243;0.947;0.000;0.557;16.183;0.44;0.44;26148.6;1264.50;6.66;3.08;1.05;169410.16;1969.20;0.00;25730.5;6.58;0.08;0.00;03/08/2024 16:10:34;
04/08/2024;14;2.0TD;3;0.000119128127000000;0.150;0.834906421;25.845144;0.557;2.195;23.093144;4.55;3.39433;0.88076;0.75;0.25;75.47667;89.05400;101.96000;73.51000;75.32000;2570.5;275.0;234.0;57.0;10.52;0.000;0.17498;0.04096;0.00;0.000;0.301;0.947;0.000;0.557;20.081;4.55;4.55;26828.6;1083.80;6.39;3.08;1.05;166552.52;4485.60;0.00;26767.6;6.22;0.17;0.00;03/08/2024 16:10:34;
04/08/2024;15;2.0TD;3;0.000125422987000000;0.148;0.823597259;31.586310;0.557;2.195;28.834310;10.00;3.39433;0.88076;0.75;0.25;75.47667;89.05400;101.96000;73.51000;75.32000;2570.5;275.0;234.0;57.0;10.03;0.000;0.17498;0.04096;0.00;0.000;0.377;0.947;0.000;0.557;25.117;10.00;10.00;26980.7;1001.00;5.90;3.08;1.05;151954.52;9053.92;0.00;27290.1;5.57;0.33;0.00;03/08/2024 16:10:34;
04/08/2024;16;2.0TD;3;0.000121231303000000;0.150;0.832881744;22.004144;0.557;2.195;19.252144;2.00;3.39433;0.88076;0.75;0.25;75.47667;89.05400;101.96000;73.51000;75.32000;2570.5;275.0;234.0;57.0;9.78;0.000;0.17498;0.04096;0.00;0.000;0.251;0.947;0.000;0.557;16.741;2.00;2.00;26583.8;1087.10;5.65;3.08;1.05;149438.40;3555.36;0.00;27085.7;5.52;0.13;0.00;03/08/2024 16:10:34;
04/08/2024;17;2.0TD;3;0.000118221995000000;0.151;0.838152225;21.437328;0.557;2.195;18.685328;1.45;3.39433;0.88076;0.75;0.25;75.47667;89.05400;101.96000;73.51000;75.32000;2570.5;275.0;234.0;57.0;9.83;0.000;0.17498;0.04096;0.00;0.000;0.244;0.947;0.000;0.557;16.234;1.45;1.45;26255.4;1154.70;5.70;3.08;1.05;149784.00;2648.00;0.00;26749.5;5.60;0.10;0.00;03/08/2024 16:10:34;
04/08/2024;18;2.0TD;3;0.000118418074000000;0.154;0.857415625;45.713106;0.557;2.195;42.961106;22.16;3.39433;0.88076;0.75;0.25;75.47667;89.05400;101.96000;73.51000;75.32000;2570.5;275.0;234.0;57.0;9.80;0.000;0.17498;0.04096;0.00;0.000;0.558;0.947;0.000;0.557;37.228;22.05;25.65;25667.1;827.60;5.67;3.08;1.05;129362.80;21898.08;0.00;26665.1;4.85;0.82;0.00;03/08/2024 16:10:34;
04/08/2024;19;2.0TD;3;0.000120306688000000;0.164;0.910500573;96.261934;0.557;2.195;93.509934;63.45;3.39433;0.88076;0.75;0.25;75.47667;89.05400;101.96000;73.51000;75.32000;2570.5;275.0;234.0;57.0;10.97;0.000;0.17498;0.04096;0.00;0.000;1.205;0.947;0.000;0.557;80.335;63.37;66.37;23465.4;643.10;6.84;3.08;1.05;86162.32;100002.84;0.00;27219.0;3.17;3.67;0.00;03/08/2024 16:10:34;
04/08/2024;20;2.0TD;3;0.000122480229000000;0.173;0.961605789;119.670769;0.557;2.195;116.918769;82.97;3.39433;0.88076;0.75;0.25;75.47667;89.05400;101.96000;73.51000;75.32000;2570.5;275.0;234.0;57.0;10.50;0.000;0.17498;0.04096;0.00;0.000;1.495;0.947;0.000;0.557;99.675;82.97;82.97;21707.4;730.20;6.37;3.08;1.05;63923.80;114144.80;0.00;27951.0;2.29;4.08;0.00;03/08/2024 16:10:34;
04/08/2024;21;2.0TD;3;0.000127031231000000;0.179;0.994951397;163.897714;0.557;2.195;161.145714;123.43;3.39433;0.88076;0.75;0.25;75.47667;89.05400;101.96000;73.51000;75.32000;2570.5;275.0;234.0;57.0;6.49;0.000;0.17498;0.04096;0.00;0.000;2.050;0.947;0.000;0.557;136.680;123.44;123.33;21408.9;1161.50;2.36;3.08;1.05;40993.04;25184.88;0.00;28021.9;1.46;0.90;0.00;03/08/2024 16:10:34;
04/08/2024;22;2.0TD;3;0.000143104299000000;0.182;1.012618554;190.803466;0.557;2.195;188.051466;142.24;3.39433;0.88076;0.75;0.25;75.47667;89.05400;101.96000;73.51000;75.32000;2570.5;275.0;234.0;57.0;9.76;0.000;0.17498;0.04096;0.00;0.000;2.386;0.947;0.000;0.557;159.096;142.76;135.00;21167.9;1516.50;5.63;3.08;1.05;117308.76;19994.44;24859.38;28811.1;4.07;0.69;0.86;03/08/2024 16:10:34;
04/08/2024;23;2.0TD;3;0.000147229245000000;0.182;1.013141811;192.615472;0.557;2.195;189.863472;143.75;3.39433;0.88076;0.75;0.25;75.47667;89.05400;101.96000;73.51000;75.32000;2570.5;275.0;234.0;57.0;9.76;0.000;0.17498;0.04096;0.00;0.000;2.409;0.947;0.000;0.557;160.629;144.24;137.36;21602.2;1643.00;5.63;3.08;1.05;114987.04;24225.68;24859.38;29133.1;3.95;0.83;0.85;03/08/2024 16:10:34;
04/08/2024;24;2.0TD;3;0.000133116304000000;0.183;1.016321865;180.166503;0.557;2.195;177.414503;132.52;3.39433;0.88076;0.75;0.25;75.47667;89.05400;101.96000;73.51000;75.32000;2570.5;275.0;234.0;57.0;10.49;0.000;0.17498;0.04096;0.00;0.000;2.250;0.947;0.000;0.557;149.970;133.06;125.00;20864.1;1489.50;6.36;3.08;1.05;133677.36;15331.20;24859.38;27323.2;4.89;0.56;0.91;03/08/2024 16:10:34;
*
