pvpcdata;
2024;06;11;12;31;00;
10/05/2024;1;2.0TD;3;0.000084244288000000;0.187;1.036536155;91.379959;0.557;2.195;88.627959;45.23;11.61772;1.12372;0.75;0.25;28.94792;75.41880;101.96000;48.69000;28.32000;1744.2;275.0;154.0;61.0;13.54;0.000;0.17498;0.04096;0.00;0.000;1.120;0.947;0.000;0.557;74.665;45.00;50.00;19128.0;914.70;9.13;3.16;1.25;143287.64;46022.40;24859.38;23457.2;6.11;1.96;1.06;09/05/2024 16:04:15;
10/05/2024;2;2.0TD;3;0.000071028653000000;0.190;1.057929320;87.847125;0.557;2.195;85.095125;41.03;11.61772;1.12372;0.75;0.25;28.94792;75.41880;101.96000;48.69000;28.32000;1744.2;275.0;154.0;61.0;14.63;0.000;0.17498;0.04096;0.00;0.000;1.073;0.947;0.000;0.557;71.508;40.74;46.85;18017.6;909.90;10.22;3.16;1.25;149612.48;52406.40;24859.38;22203.6;6.74;2.36;1.12;09/05/2024 16:04:15;
10/05/2024;3;2.0TD;3;0.000063216518000000;0.190;1.058185379;88.897895;0.557;2.195;86.145895;40.22;11.61772;1.12372;0.75;0.25;28.94792;75.41880;101.96000;48.69000;28.32000;1744.2;275.0;154.0;61.0;16.31;0.000;0.17498;0.04096;0.00;0.000;1.086;0.947;0.000;0.557;72.391;39.95;45.94;17530.8;840.50;11.90;3.16;1.25;179332.48;50558.08;24859.38;21412.6;8.38;2.36;1.16;09/05/2024 16:04:15;
10/05/2024;4;2.0TD;3;0.000059658294000000;0.189;1.051883117;86.822039;0.557;2.195;84.070039;38.29;11.61772;1.12372;0.75;0.25;28.94792;75.41880;101.96000;48.69000;28.32000;1744.2;275.0;154.0;61.0;16.58;0.000;0.17498;0.04096;0.00;0.000;1.061;0.947;0.000;0.557;70.706;38.00;43.70;17032.1;910.50;12.17;3.16;1.25;206457.60;48962.72;0.00;20985.2;9.84;2.33;0.00;09/05/2024 16:04:15;
10/05/2024;5;2.0TD;3;0.000058369779000000;0.188;1.046132265;87.341768;0.557;2.195;84.589768;38.84;11.61772;1.12372;0.75;0.25;28.94792;75.41880;101.96000;48.69000;28.32000;1744.2;275.0;154.0;61.0;16.52;0.000;0.17498;0.04096;0.00;0.000;1.068;0.947;0.000;0.557;71.203;38.55;44.33;16901.8;879.30;12.11;3.16;1.25;205507.56;47492.56;0.00;20898.1;9.83;2.27;0.00;09/05/2024 16:04:15;
10/05/2024;6;2.0TD;3;0.000059619706000000;0.185;1.028307749;89.318038;0.557;2.195;86.566038;41.12;11.61772;1.12372;0.75;0.25;28.94792;75.41880;101.96000;48.69000;28.32000;1744.2;275.0;154.0;61.0;16.06;0.000;0.17498;0.04096;0.00;0.000;1.096;0.947;0.000;0.557;73.051;40.86;46.99;17068.0;748.60;11.65;3.16;1.25;201728.60;47364.72;0.00;21375.7;9.44;2.22;0.00;09/05/2024 16:04:15;
10/05/2024;7;2.0TD;3;0.000065737316000000;0.176;0.977999296;104.253158;0.557;2.195;101.501158;57.00;11.61772;1.12372;0.75;0.25;28.94792;75.41880;101.96000;48.69000;28.32000;1744.2;275.0;154.0;61.0;13.24;0.000;0.17498;0.04096;0.00;0.000;1.295;0.947;0.000;0.557;86.310;57.00;57.00;18301.2;833.60;8.83;3.16;1.25;160635.84;24481.36;24859.38;23781.3;6.75;1.03;1.05;09/05/2024 16:04:15;
10/05/2024;8;2.0TD;3;0.000078307270000000;0.169;0.938874091;120.632217;0.557;2.195;117.880217;75.77;11.61772;1.12372;0.75;0.25;28.94792;75.41880;101.96000;48.69000;28.32000;1744.2;275.0;154.0;61.0;8.78;0.000;0.17498;0.04096;0.00;0.000;1.513;0.947;0.000;0.557;100.838;75.72;76.72;17228.0;858.30;4.37;3.16;1.25;62397.84;26863.20;24859.38;26081.7;2.39;1.03;0.95;09/05/2024 16:04:15;
10/05/2024;9;2.0TD;2;0.000090984509000000;0.181;1.110017999;108.438122;19.184;8.779;80.475122;41.24;11.61772;1.12372;0.75;0.25;28.94792;75.41880;101.96000;48.69000;28.32000;1744.2;275.0;154.0;61.0;10.95;0.154;0.17498;0.04096;0.00;0.000;1.022;0.947;0.000;0.557;68.141;40.89;47.90;22070.2;1148.60;6.54;3.16;1.25;73014.88;82202.00;24859.38;27521.5;2.65;2.99;0.90;09/05/2024 16:04:15;
10/05/2024;10;2.0TD;2;0.000096559968000000;0.148;0.910487295;87.169388;19.184;8.779;59.206388;22.68;11.61772;1.12372;0.75;0.25;28.94792;75.41880;101.96000;48.69000;28.32000;1744.2;275.0;154.0;61.0;13.19;0.154;0.17498;0.04096;0.00;0.000;0.774;0.947;0.000;0.557;51.573;22.98;18.08;23834.5;1565.50;8.78;3.16;1.25;141367.52;81584.48;24859.38;28209.9;5.01;2.89;0.88;09/05/2024 16:04:15;
10/05/2024;11;2.0TD;1;0.000100933419000000;0.150;0.896776570;125.089435;33.081;43.893;48.115435;12.02;11.61772;1.12372;0.75;0.25;28.94792;75.41880;101.96000;48.69000;28.32000;1744.2;275.0;154.0;61.0;13.49;0.926;0.17498;0.04096;0.00;0.000;0.628;0.947;0.000;0.557;41.839;12.10;11.44;28322.3;3901.90;9.08;3.16;1.25;173741.72;53700.00;24859.38;27776.2;6.26;1.93;0.89;09/05/2024 16:04:15;
10/05/2024;12;2.0TD;1;0.000102369749000000;0.153;0.915283145;116.997523;33.081;43.893;40.023523;3.25;11.61772;1.12372;0.75;0.25;28.94792;75.41880;101.96000;48.69000;28.32000;1744.2;275.0;154.0;61.0;15.24;0.926;0.17498;0.04096;0.00;0.000;0.521;0.947;0.000;0.557;34.712;3.25;3.25;28811.2;3346.10;10.83;3.16;1.25;251025.32;19827.60;24859.38;27291.0;9.20;0.73;0.91;09/05/2024 16:04:15;
10/05/2024;13;2.0TD;1;0.000105922888000000;0.154;0.921116239;115.122365;33.081;43.893;38.148365;1.26;11.61772;1.12372;0.75;0.25;28.94792;75.41880;101.96000;48.69000;28.32000;1744.2;275.0;154.0;61.0;15.60;0.926;0.17498;0.04096;0.00;0.000;0.496;0.947;0.000;0.557;33.057;0.98;3.48;28779.7;3571.60;11.19;3.16;1.25;261678.16;17269.20;24859.38;27160.2;9.63;0.64;0.92;09/05/2024 16:04:15;
10/05/2024;14;2.0TD;1;0.000112424261000000;0.148;0.888057958;113.234164;33.081;43.893;36.260164;0.40;11.61772;1.12372;0.75;0.25;28.94792;75.41880;101.96000;48.69000;28.32000;1744.2;275.0;154.0;61.0;15.01;0.926;0.17498;0.04096;0.00;0.000;0.474;0.947;0.000;0.557;31.585;0.44;0.00;29101.7;2716.80;10.60;3.16;1.25;253978.00;16608.80;24859.38;27864.5;9.11;0.60;0.89;09/05/2024 16:04:15;
10/05/2024;15;2.0TD;2;0.000112398010000000;0.168;1.031831309;64.058298;19.184;8.779;36.095298;0.41;11.61772;1.12372;0.75;0.25;28.94792;75.41880;101.96000;48.69000;28.32000;1744.2;275.0;154.0;61.0;15.10;0.154;0.17498;0.04096;0.00;0.000;0.464;0.947;0.000;0.557;30.903;0.44;0.11;28663.8;3314.70;10.69;3.16;1.25;245672.56;16608.80;24859.38;26870.5;9.14;0.62;0.93;09/05/2024 16:04:15;
10/05/2024;16;2.0TD;2;0.000103542591000000;0.176;1.080719340;68.889574;19.184;8.779;40.926574;0.89;11.61772;1.12372;0.75;0.25;28.94792;75.41880;101.96000;48.69000;28.32000;1744.2;275.0;154.0;61.0;18.46;0.154;0.17498;0.04096;0.00;0.000;0.522;0.947;0.000;0.557;34.801;0.88;1.00;28567.9;3500.30;14.05;3.16;1.25;324620.44;10914.00;24859.38;25657.6;12.65;0.43;0.97;09/05/2024 16:04:15;
10/05/2024;17;2.0TD;2;0.000097384017000000;0.180;1.101996053;71.197620;19.184;8.779;43.234620;2.91;11.61772;1.12372;0.75;0.25;28.94792;75.41880;101.96000;48.69000;28.32000;1744.2;275.0;154.0;61.0;18.25;0.154;0.17498;0.04096;0.00;0.000;0.550;0.947;0.000;0.557;36.639;3.25;0.00;28515.1;3290.40;13.84;3.16;1.25;312833.92;14418.00;24859.38;25442.4;12.30;0.57;0.98;09/05/2024 16:04:15;
10/05/2024;18;2.0TD;2;0.000096608186000000;0.185;1.133876759;74.857608;19.184;8.779;46.894608;6.15;11.61772;1.12372;0.75;0.25;28.94792;75.41880;101.96000;48.69000;28.32000;1744.2;275.0;154.0;61.0;17.90;0.154;0.17498;0.04096;0.00;0.000;0.594;0.947;0.000;0.557;39.573;6.31;4.84;27747.5;3466.90;13.49;3.16;1.25;300111.40;17623.68;24859.38;25405.8;11.81;0.69;0.98;09/05/2024 16:04:15;
10/05/2024;19;2.0TD;1;0.000096830572000000;0.160;0.959955599;125.695750;33.081;43.893;48.721750;9.33;11.61772;1.12372;0.75;0.25;28.94792;75.41880;101.96000;48.69000;28.32000;1744.2;275.0;154.0;61.0;16.34;0.926;0.17498;0.04096;0.00;0.000;0.630;0.947;0.000;0.557;42.001;9.76;6.00;25981.6;3350.40;11.93;3.16;1.25;225221.72;57838.56;24859.38;25801.7;8.73;2.24;0.96;09/05/2024 16:04:15;
10/05/2024;20;2.0TD;1;0.000098246997000000;0.163;0.975425116;132.717182;33.081;43.893;55.743182;15.07;11.61772;1.12372;0.75;0.25;28.94792;75.41880;101.96000;48.69000;28.32000;1744.2;275.0;154.0;61.0;16.44;0.926;0.17498;0.04096;0.00;0.000;0.719;0.947;0.000;0.557;47.930;14.99;17.24;22733.0;882.30;12.03;3.16;1.25;207214.64;80010.00;24859.38;25940.3;7.99;3.08;0.96;09/05/2024 16:04:15;
10/05/2024;21;2.0TD;1;0.000104716787000000;0.165;0.989199529;156.101393;33.081;43.893;79.127393;39.75;11.61772;1.12372;0.75;0.25;28.94792;75.41880;101.96000;48.69000;28.32000;1744.2;275.0;154.0;61.0;11.45;0.926;0.17498;0.04096;0.00;0.000;1.019;0.947;0.000;0.557;67.920;39.52;45.01;21286.9;915.20;7.04;3.16;1.25;95816.12;65192.40;24859.38;26406.3;3.63;2.47;0.94;09/05/2024 16:04:15;
10/05/2024;22;2.0TD;1;0.000121830767000000;0.169;1.013697407;196.202074;33.081;43.893;119.228074;75.72;11.61772;1.12372;0.75;0.25;28.94792;75.41880;101.96000;48.69000;28.32000;1744.2;275.0;154.0;61.0;9.04;0.926;0.17498;0.04096;0.00;0.000;1.530;0.947;0.000;0.557;101.991;75.72;75.72;18191.0;1218.70;4.63;3.16;1.25;57254.12;43849.12;24859.38;27208.9;2.10;1.61;0.91;09/05/2024 16:04:15;
10/05/2024;23;2.0TD;2;0.000120705344000000;0.199;1.222002198;116.031359;19.184;8.779;88.068359;47.25;11.61772;1.12372;0.75;0.25;28.94792;75.41880;101.96000;48.69000;28.32000;1744.2;275.0;154.0;61.0;10.17;0.154;0.17498;0.04096;0.00;0.000;1.102;0.947;0.000;0.557;73.451;47.25;47.25;18794.3;1077.70;5.76;3.16;1.25;76518.56;48067.84;24859.38;25937.5;2.95;1.85;0.96;09/05/2024 16:04:15;
10/05/2024;24;2.0TD;2;0.000104635573000000;0.205;1.256049157;108.641978;19.184;8.779;80.678978;40.36;11.61772;1.12372;0.75;0.25;28.94792;75.41880;101.96000;48.69000;28.32000;1744.2;275.0;154.0;61.0;10.66;0.154;0.17498;0.04096;0.00;0.000;1.004;0.947;0.000;0.557;66.953;40.17;45.00;18731.0;782.70;6.25;3.16;1.25;75040.08;48007.68;24859.38;23669.5;3.17;2.03;1.05;09/05/2024 16:04:15;
*
