pvpcdata;
2024;07;09;11;18;11;
20/06/2024;1;2.0TD;3;0.000094359710000000;0.169;0.937017681;137.817156;0.557;2.195;135.065156;107.46;-3.19855;1.13625;0.75;0.25;90.60000;77.80580;101.96000;48.69000;52.19000;1728.5;275.0;154.0;62.0;8.26;0.000;0.17498;0.04096;0.00;0.000;1.733;0.947;0.000;0.557;115.539;109.26;80.00;17500.8;1148.10;3.92;3.20;1.14;56038.52;13890.24;24859.38;24170.4;2.32;0.57;1.03;19/06/2024 16:06:27;
20/06/2024;2;2.0TD;3;0.000079819397000000;0.169;0.937111533;133.307154;0.557;2.195;130.555154;103.11;-3.19855;1.13625;0.75;0.25;90.60000;77.80580;101.96000;48.69000;52.19000;1728.5;275.0;154.0;62.0;8.81;0.000;0.17498;0.04096;0.00;0.000;1.675;0.947;0.000;0.557;111.681;105.00;74.55;16958.1;1119.60;4.47;3.20;1.14;62422.28;14701.60;24859.38;22812.2;2.74;0.64;1.09;19/06/2024 16:06:27;
20/06/2024;3;2.0TD;3;0.000070883083000000;0.169;0.938332939;131.563006;0.557;2.195;128.811006;100.95;-3.19855;1.13625;0.75;0.25;90.60000;77.80580;101.96000;48.69000;52.19000;1728.5;275.0;154.0;62.0;9.50;0.000;0.17498;0.04096;0.00;0.000;1.653;0.947;0.000;0.557;110.189;103.00;73.30;16004.0;1184.40;5.16;3.20;1.14;68571.44;19964.00;24859.38;21945.4;3.12;0.91;1.13;19/06/2024 16:06:27;
20/06/2024;4;2.0TD;3;0.000066335494000000;0.168;0.934316892;129.911057;0.557;2.195;127.159057;100.03;-3.19855;1.13625;0.75;0.25;90.60000;77.80580;101.96000;48.69000;52.19000;1728.5;275.0;154.0;62.0;9.12;0.000;0.17498;0.04096;0.00;0.000;1.633;0.947;0.000;0.557;108.869;102.10;73.30;15445.9;1194.80;4.78;3.20;1.14;71848.84;30425.92;0.00;21417.0;3.35;1.42;0.00;19/06/2024 16:06:27;
20/06/2024;5;2.0TD;3;0.000064298012000000;0.168;0.931262080;125.333665;0.557;2.195;122.581665;95.23;-3.19855;1.13625;0.75;0.25;90.60000;77.80580;101.96000;48.69000;52.19000;1728.5;275.0;154.0;62.0;10.06;0.000;0.17498;0.04096;0.00;0.000;1.574;0.947;0.000;0.557;104.950;96.90;73.30;15414.6;1174.30;5.72;3.20;1.14;80832.00;41036.64;0.00;21319.1;3.79;1.92;0.00;19/06/2024 16:06:27;
20/06/2024;6;2.0TD;3;0.000064321394000000;0.166;0.924132814;121.431043;0.557;2.195;118.679043;92.85;-3.19855;1.13625;0.75;0.25;90.60000;77.80580;101.96000;48.69000;52.19000;1728.5;275.0;154.0;62.0;9.32;0.000;0.17498;0.04096;0.00;0.000;1.527;0.947;0.000;0.557;101.783;94.30;73.35;15299.4;1138.80;4.98;3.20;1.14;84486.32;23827.60;0.00;21738.9;3.89;1.10;0.00;19/06/2024 16:06:27;
20/06/2024;7;2.0TD;3;0.000066484522000000;0.160;0.887822362;127.862704;0.557;2.195;125.110704;98.46;-3.19855;1.13625;0.75;0.25;90.60000;77.80580;101.96000;48.69000;52.19000;1728.5;275.0;154.0;62.0;9.69;0.000;0.17498;0.04096;0.00;0.000;1.618;0.947;0.000;0.557;107.854;99.00;93.00;15853.1;1579.20;5.35;3.20;1.14;94110.60;7990.00;24859.38;23758.1;3.96;0.34;1.05;19/06/2024 16:06:27;
20/06/2024;8;2.0TD;3;0.000074441066000000;0.158;0.879365892;145.810226;0.557;2.195;143.058226;111.57;-3.19855;1.13625;0.75;0.25;90.60000;77.80580;101.96000;48.69000;52.19000;1728.5;275.0;154.0;62.0;12.03;0.000;0.17498;0.04096;0.00;0.000;1.853;0.947;0.000;0.557;123.539;111.72;109.49;16342.5;1189.70;7.69;3.20;1.14;29974.20;142322.40;24859.38;25621.3;1.17;5.55;0.97;19/06/2024 16:06:27;
20/06/2024;9;2.0TD;2;0.000085498107000000;0.145;0.891146264;160.527729;19.184;8.779;132.564729;103.00;-3.19855;1.13625;0.75;0.25;90.60000;77.80580;101.96000;48.69000;52.19000;1728.5;275.0;154.0;62.0;12.80;0.154;0.17498;0.04096;0.00;0.000;1.737;0.947;0.000;0.557;115.777;103.00;103.00;18841.3;1776.70;8.46;3.20;1.14;33371.44;168678.40;24859.38;26844.8;1.24;6.28;0.93;19/06/2024 16:06:27;
20/06/2024;10;2.0TD;2;0.000092831308000000;0.141;0.864037017;150.681036;19.184;8.779;122.718036;94.35;-3.19855;1.13625;0.75;0.25;90.60000;77.80580;101.96000;48.69000;52.19000;1728.5;275.0;154.0;62.0;13.35;0.154;0.17498;0.04096;0.00;0.000;1.613;0.947;0.000;0.557;107.553;95.00;83.90;20991.7;1305.10;9.01;3.20;1.14;43816.44;182384.60;24859.38;27843.1;1.57;6.55;0.89;19/06/2024 16:06:27;
20/06/2024;11;2.0TD;1;0.000098512406000000;0.144;0.865250660;172.096520;33.081;43.893;95.122520;71.90;-3.19855;1.13625;0.75;0.25;90.60000;77.80580;101.96000;48.69000;52.19000;1728.5;275.0;154.0;62.0;10.99;0.926;0.17498;0.04096;0.00;0.000;1.247;0.947;0.000;0.557;83.149;71.87;72.50;22701.9;1108.20;6.65;3.20;1.14;60191.56;101626.68;24859.38;28089.6;2.14;3.62;0.89;19/06/2024 16:06:27;
20/06/2024;12;2.0TD;1;0.000101791873000000;0.147;0.879021843;162.227133;33.081;43.893;85.253133;63.29;-3.19855;1.13625;0.75;0.25;90.60000;77.80580;101.96000;48.69000;52.19000;1728.5;275.0;154.0;62.0;10.91;0.926;0.17498;0.04096;0.00;0.000;1.115;0.947;0.000;0.557;74.327;63.04;69.04;23452.3;1015.60;6.57;3.20;1.14;71204.56;91570.64;24859.38;28581.7;2.49;3.20;0.87;19/06/2024 16:06:27;
20/06/2024;13;2.0TD;1;0.000107637242000000;0.148;0.885296970;158.105520;33.081;43.893;81.131520;60.33;-3.19855;1.13625;0.75;0.25;90.60000;77.80580;101.96000;48.69000;52.19000;1728.5;275.0;154.0;62.0;10.27;0.926;0.17498;0.04096;0.00;0.000;1.060;0.947;0.000;0.557;70.672;59.94;68.94;25112.5;1152.10;5.93;3.20;1.14;71542.08;74833.20;24859.38;28896.7;2.48;2.59;0.86;19/06/2024 16:06:27;
20/06/2024;14;2.0TD;1;0.000117221199000000;0.144;0.861600745;156.324192;33.081;43.893;79.350192;58.75;-3.19855;1.13625;0.75;0.25;90.60000;77.80580;101.96000;48.69000;52.19000;1728.5;275.0;154.0;62.0;10.56;0.926;0.17498;0.04096;0.00;0.000;1.040;0.947;0.000;0.557;69.362;58.35;67.35;25098.3;1171.00;6.22;3.20;1.14;72065.40;85129.92;24859.38;29290.4;2.46;2.91;0.85;19/06/2024 16:06:27;
20/06/2024;15;2.0TD;2;0.000118766999000000;0.145;0.887335219;110.030939;19.184;8.779;82.067939;61.77;-3.19855;1.13625;0.75;0.25;90.60000;77.80580;101.96000;48.69000;52.19000;1728.5;275.0;154.0;62.0;10.59;0.154;0.17498;0.04096;0.00;0.000;1.075;0.947;0.000;0.557;71.675;61.42;69.40;24289.3;1120.50;6.25;3.20;1.14;71171.52;84090.16;24859.38;28806.7;2.47;2.92;0.86;19/06/2024 16:06:27;
20/06/2024;16;2.0TD;2;0.000110285027000000;0.148;0.906202178;112.122944;19.184;8.779;84.159944;62.18;-3.19855;1.13625;0.75;0.25;90.60000;77.80580;101.96000;48.69000;52.19000;1728.5;275.0;154.0;62.0;11.79;0.154;0.17498;0.04096;0.00;0.000;1.100;0.947;0.000;0.557;73.310;61.93;66.93;24282.8;1300.80;7.45;3.20;1.14;102551.24;81467.16;24859.38;28045.0;3.66;2.90;0.89;19/06/2024 16:06:27;
20/06/2024;17;2.0TD;2;0.000105945926000000;0.149;0.916760833;111.963007;19.184;8.779;84.000007;61.66;-3.19855;1.13625;0.75;0.25;90.60000;77.80580;101.96000;48.69000;52.19000;1728.5;275.0;154.0;62.0;12.11;0.154;0.17498;0.04096;0.00;0.000;1.097;0.947;0.000;0.557;73.107;61.42;66.42;24395.6;1220.00;7.77;3.20;1.14;103155.52;87451.72;24859.38;27751.1;3.72;3.15;0.90;19/06/2024 16:06:27;
20/06/2024;18;2.0TD;2;0.000105921204000000;0.152;0.935425776;112.918456;19.184;8.779;84.955456;62.38;-3.19855;1.13625;0.75;0.25;90.60000;77.80580;101.96000;48.69000;52.19000;1728.5;275.0;154.0;62.0;12.02;0.154;0.17498;0.04096;0.00;0.000;1.106;0.947;0.000;0.557;73.746;62.15;67.15;23833.2;1132.50;7.68;3.20;1.14;102508.20;86821.64;24859.38;27901.2;3.67;3.11;0.89;19/06/2024 16:06:27;
20/06/2024;19;2.0TD;1;0.000105894932000000;0.154;0.921351047;182.851256;33.081;43.893;105.877256;77.25;-3.19855;1.13625;0.75;0.25;90.60000;77.80580;101.96000;48.69000;52.19000;1728.5;275.0;154.0;62.0;14.11;0.926;0.17498;0.04096;0.00;0.000;1.376;0.947;0.000;0.557;91.748;77.46;74.00;22818.5;1452.30;9.77;3.20;1.14;91642.36;157403.68;24859.38;28046.2;3.27;5.61;0.89;19/06/2024 16:06:27;
20/06/2024;20;2.0TD;1;0.000106898946000000;0.159;0.949541875;214.727009;33.081;43.893;137.753009;106.09;-3.19855;1.13625;0.75;0.25;90.60000;77.80580;101.96000;48.69000;52.19000;1728.5;275.0;154.0;62.0;11.97;0.926;0.17498;0.04096;0.00;0.000;1.783;0.947;0.000;0.557;118.855;107.00;95.95;21193.7;1903.20;7.63;3.20;1.14;57013.36;137913.76;24859.38;28775.6;1.98;4.79;0.86;19/06/2024 16:06:27;
20/06/2024;21;2.0TD;1;0.000112037850000000;0.159;0.952389800;221.715779;33.081;43.893;144.741779;115.10;-3.19855;1.13625;0.75;0.25;90.60000;77.80580;101.96000;48.69000;52.19000;1728.5;275.0;154.0;62.0;8.90;0.926;0.17498;0.04096;0.00;0.000;1.873;0.947;0.000;0.557;124.885;115.28;112.97;18482.0;1602.60;4.56;3.20;1.14;18509.88;87574.96;24859.38;28735.3;0.64;3.05;0.87;19/06/2024 16:06:27;
20/06/2024;22;2.0TD;1;0.000121247859000000;0.156;0.934802094;226.962752;33.081;43.893;149.988752;122.58;-3.19855;1.13625;0.75;0.25;90.60000;77.80580;101.96000;48.69000;52.19000;1728.5;275.0;154.0;62.0;6.21;0.926;0.17498;0.04096;0.00;0.000;1.946;0.947;0.000;0.557;129.748;122.78;120.30;18083.2;1599.40;1.87;3.20;1.14;12612.00;15896.16;24859.38;28504.4;0.44;0.56;0.87;19/06/2024 16:06:27;
20/06/2024;23;2.0TD;2;0.000126209414000000;0.164;1.003997208;174.131201;19.184;8.779;146.168201;119.75;-3.19855;1.13625;0.75;0.25;90.60000;77.80580;101.96000;48.69000;52.19000;1728.5;275.0;154.0;62.0;5.70;0.154;0.17498;0.04096;0.00;0.000;1.884;0.947;0.000;0.557;125.574;120.00;117.74;17553.1;2160.90;1.36;3.20;1.14;-2114.72;14254.16;24859.38;27267.5;-0.08;0.52;0.91;19/06/2024 16:06:27;
20/06/2024;24;2.0TD;2;0.000110985515000000;0.160;0.983017750;164.795504;19.184;8.779;136.832504;112.14;-3.19855;1.13625;0.75;0.25;90.60000;77.80580;101.96000;48.69000;52.19000;1728.5;275.0;154.0;62.0;5.81;0.154;0.17498;0.04096;0.00;0.000;1.769;0.947;0.000;0.557;117.959;112.48;108.73;16156.5;1597.10;1.47;3.20;1.14;817.84;11186.00;24859.38;25026.9;0.03;0.45;0.99;19/06/2024 16:06:27;
*
