pvpcdata;
2024;12;11;12;05;31;
13/11/2024;1;2.0TD;3;0.000099447849000000;0.216;1.199958917;142.358750;0.557;2.195;139.606750;100.13;-3.12611;0.98020;0.75;0.25;105.62125;93.11680;101.96000;84.74000;75.52000;2126.1;275.0;200.0;46.0;14.30;0.000;0.17498;0.04096;0.00;0.000;1.722;0.947;0.000;0.557;114.808;100.13;100.10;13984.1;1043.10;10.06;3.21;1.03;163867.12;47880.00;24859.38;23524.2;6.97;2.04;1.06;12/11/2024 16:08:47;
13/11/2024;2;2.0TD;3;0.000082554086000000;0.223;1.239491895;142.851765;0.557;2.195;140.099765;99.34;-3.12611;0.98020;0.75;0.25;105.62125;93.11680;101.96000;84.74000;75.52000;2126.1;275.0;200.0;46.0;14.84;0.000;0.17498;0.04096;0.00;0.000;1.718;0.947;0.000;0.557;114.554;99.47;97.48;13350.8;903.40;10.60;3.21;1.03;165255.92;46400.00;24859.38;22302.0;7.41;2.08;1.11;12/11/2024 16:08:47;
13/11/2024;3;2.0TD;3;0.000073204393000000;0.231;1.284671415;146.979877;0.557;2.195;144.227877;98.96;-3.12611;0.98020;0.75;0.25;105.62125;93.11680;101.96000;84.74000;75.52000;2126.1;275.0;200.0;46.0;17.79;0.000;0.17498;0.04096;0.00;0.000;1.757;0.947;0.000;0.557;117.163;99.12;96.95;12835.6;1052.00;13.55;3.21;1.03;181302.64;85568.00;24859.38;21529.8;8.42;3.97;1.15;12/11/2024 16:08:47;
13/11/2024;4;2.0TD;3;0.000068728428000000;0.235;1.303999079;141.016650;0.557;2.195;138.264650;95.10;-3.12611;0.98020;0.75;0.25;105.62125;93.11680;101.96000;84.74000;75.52000;2126.1;275.0;200.0;46.0;16.52;0.000;0.17498;0.04096;0.00;0.000;1.679;0.947;0.000;0.557;111.955;95.33;92.32;12667.3;1071.30;12.28;3.21;1.03;174252.72;87688.64;0.00;21331.6;8.17;4.11;0.00;12/11/2024 16:08:47;
13/11/2024;5;2.0TD;3;0.000067374096000000;0.234;1.299822214;137.459367;0.557;2.195;134.707367;91.49;-3.12611;0.98020;0.75;0.25;105.62125;93.11680;101.96000;84.74000;75.52000;2126.1;275.0;200.0;46.0;17.38;0.000;0.17498;0.04096;0.00;0.000;1.637;0.947;0.000;0.557;109.163;91.82;87.00;12660.5;931.70;13.14;3.21;1.03;180668.60;99526.56;0.00;21328.0;8.47;4.67;0.00;12/11/2024 16:08:47;
13/11/2024;6;2.0TD;3;0.000069826977000000;0.227;1.260059963;139.748001;0.557;2.195;136.996001;94.68;-3.12611;0.98020;0.75;0.25;105.62125;93.11680;101.96000;84.74000;75.52000;2126.1;275.0;200.0;46.0;16.64;0.000;0.17498;0.04096;0.00;0.000;1.675;0.947;0.000;0.557;111.651;94.90;91.89;12919.6;1043.20;12.40;3.21;1.03;175088.36;95351.04;0.00;21808.7;8.03;4.37;0.00;12/11/2024 16:08:47;
13/11/2024;7;2.0TD;3;0.000080485059000000;0.208;1.155418473;143.463684;0.557;2.195;140.711684;103.76;-3.12611;0.98020;0.75;0.25;105.62125;93.11680;101.96000;84.74000;75.52000;2126.1;275.0;200.0;46.0;12.32;0.000;0.17498;0.04096;0.00;0.000;1.747;0.947;0.000;0.557;116.483;104.09;99.00;14638.2;1001.60;8.08;3.21;1.03;105770.80;65089.92;24859.38;24220.6;4.37;2.69;1.03;12/11/2024 16:08:47;
13/11/2024;8;2.0TD;3;0.000103410720000000;0.189;1.048279930;158.814412;0.557;2.195;156.062412;120.09;-3.12611;0.98020;0.75;0.25;105.62125;93.11680;101.96000;84.74000;75.52000;2126.1;275.0;200.0;46.0;10.54;0.000;0.17498;0.04096;0.00;0.000;1.969;0.947;0.000;0.557;131.255;120.00;121.00;16656.8;1606.30;6.30;3.21;1.03;50935.12;96495.52;24859.38;27328.8;1.86;3.53;0.91;12/11/2024 16:08:47;
13/11/2024;9;2.0TD;2;0.000111110947000000;0.189;1.159610544;187.035960;19.184;8.779;159.072960;121.76;-3.12611;0.98020;0.75;0.25;105.62125;93.11680;101.96000;84.74000;75.52000;2126.1;275.0;200.0;46.0;11.21;0.154;0.17498;0.04096;0.00;0.000;2.007;0.947;0.000;0.557;133.787;121.76;121.76;18169.0;1739.70;6.97;3.21;1.03;71078.80;107046.72;24859.38;29121.9;2.44;3.68;0.85;12/11/2024 16:08:47;
13/11/2024;10;2.0TD;2;0.000112026553000000;0.174;1.064608091;183.181276;19.184;8.779;155.218276;120.86;-3.12611;0.98020;0.75;0.25;105.62125;93.11680;101.96000;84.74000;75.52000;2126.1;275.0;200.0;46.0;10.56;0.154;0.17498;0.04096;0.00;0.000;1.983;0.947;0.000;0.557;132.213;120.86;120.86;18289.1;2550.10;6.32;3.21;1.03;73568.88;86735.20;24859.38;29298.6;2.51;2.96;0.85;12/11/2024 16:08:47;
13/11/2024;11;2.0TD;1;0.000113753928000000;0.170;1.015499486;215.464773;33.081;43.893;138.490773;104.17;-3.12611;0.98020;0.75;0.25;105.62125;93.11680;101.96000;84.74000;75.52000;2126.1;275.0;200.0;46.0;12.84;0.926;0.17498;0.04096;0.00;0.000;1.776;0.947;0.000;0.557;118.368;104.09;104.99;18133.3;1837.80;8.60;3.21;1.03;101209.60;127339.20;24859.38;29470.0;3.43;4.32;0.84;12/11/2024 16:08:47;
13/11/2024;12;2.0TD;1;0.000112562544000000;0.169;1.013782671;193.473246;33.081;43.893;116.499246;85.83;-3.12611;0.98020;0.75;0.25;105.62125;93.11680;101.96000;84.74000;75.52000;2126.1;275.0;200.0;46.0;12.75;0.926;0.17498;0.04096;0.00;0.000;1.495;0.947;0.000;0.557;99.657;84.90;98.87;19062.6;1362.50;8.51;3.21;1.03;130727.52;95746.56;24859.38;29531.5;4.43;3.24;0.84;12/11/2024 16:08:47;
13/11/2024;13;2.0TD;1;0.000113749286000000;0.166;0.993661339;189.753231;33.081;43.893;112.779231;83.27;-3.12611;0.98020;0.75;0.25;105.62125;93.11680;101.96000;84.74000;75.52000;2126.1;275.0;200.0;46.0;12.42;0.926;0.17498;0.04096;0.00;0.000;1.451;0.947;0.000;0.557;96.723;82.99;87.35;21177.0;1437.50;8.18;3.21;1.03;133790.04;85092.40;24859.38;29779.9;4.49;2.86;0.83;12/11/2024 16:08:47;
13/11/2024;14;2.0TD;1;0.000120691831000000;0.168;1.003788741;190.384677;33.081;43.893;113.410677;83.65;-3.12611;0.98020;0.75;0.25;105.62125;93.11680;101.96000;84.74000;75.52000;2126.1;275.0;200.0;46.0;12.41;0.926;0.17498;0.04096;0.00;0.000;1.456;0.947;0.000;0.557;97.098;83.20;89.99;19621.5;1393.90;8.17;3.21;1.03;135005.76;85422.96;24859.38;30050.5;4.49;2.84;0.83;12/11/2024 16:08:47;
13/11/2024;15;2.0TD;2;0.000122009939000000;0.172;1.058079946;143.140342;19.184;8.779;115.177342;85.52;-3.12611;0.98020;0.75;0.25;105.62125;93.11680;101.96000;84.74000;75.52000;2126.1;275.0;200.0;46.0;12.47;0.154;0.17498;0.04096;0.00;0.000;1.474;0.947;0.000;0.557;98.274;84.90;94.80;19377.0;1300.20;8.23;3.21;1.03;132923.24;87010.56;24859.38;29747.6;4.47;2.92;0.84;12/11/2024 16:08:47;
13/11/2024;16;2.0TD;2;0.000116383262000000;0.180;1.101738124;158.781555;19.184;8.779;130.818555;96.41;-3.12611;0.98020;0.75;0.25;105.62125;93.11680;101.96000;84.74000;75.52000;2126.1;275.0;200.0;46.0;13.98;0.154;0.17498;0.04096;0.00;0.000;1.663;0.947;0.000;0.557;110.863;95.97;102.22;18763.5;1413.70;9.74;3.21;1.03;113208.92;143759.20;24859.38;28941.5;3.91;4.97;0.86;12/11/2024 16:08:47;
13/11/2024;17;2.0TD;2;0.000113487501000000;0.186;1.139692701;175.990248;19.184;8.779;148.027248;112.35;-3.12611;0.98020;0.75;0.25;105.62125;93.11680;101.96000;84.74000;75.52000;2126.1;275.0;200.0;46.0;11.78;0.154;0.17498;0.04096;0.00;0.000;1.872;0.947;0.000;0.557;124.812;112.35;112.35;18249.1;1786.90;7.54;3.21;1.03;86566.12;104744.64;24859.38;28664.8;3.02;3.65;0.87;12/11/2024 16:08:47;
13/11/2024;18;2.0TD;2;0.000120761980000000;0.193;1.185784310;179.431269;19.184;8.779;151.468269;116.28;-3.12611;0.98020;0.75;0.25;105.62125;93.11680;101.96000;84.74000;75.52000;2126.1;275.0;200.0;46.0;9.97;0.154;0.17498;0.04096;0.00;0.000;1.904;0.947;0.000;0.557;126.964;116.28;116.28;18255.0;1773.70;5.73;3.21;1.03;87521.32;52756.00;24859.38;28819.7;3.04;1.83;0.86;12/11/2024 16:08:47;
13/11/2024;19;2.0TD;1;0.000142530931000000;0.192;1.147922517;233.885521;33.081;43.893;156.911521;121.28;-3.12611;0.98020;0.75;0.25;105.62125;93.11680;101.96000;84.74000;75.52000;2126.1;275.0;200.0;46.0;8.80;0.926;0.17498;0.04096;0.00;0.000;1.975;0.947;0.000;0.557;131.637;121.28;121.28;19394.0;1831.50;4.56;3.21;1.03;90926.24;22419.60;24859.38;30335.4;3.00;0.74;0.82;12/11/2024 16:08:47;
13/11/2024;20;2.0TD;1;0.000157353883000000;0.195;1.164790857;247.200773;33.081;43.893;170.226773;132.18;-3.12611;0.98020;0.75;0.25;105.62125;93.11680;101.96000;84.74000;75.52000;2126.1;275.0;200.0;46.0;8.55;0.926;0.17498;0.04096;0.00;0.000;2.137;0.947;0.000;0.557;142.449;132.18;132.18;19788.3;1901.10;4.31;3.21;1.03;73654.76;35964.00;24859.38;31189.0;2.36;1.15;0.80;12/11/2024 16:08:47;
13/11/2024;21;2.0TD;1;0.000168997606000000;0.195;1.165900716;248.232058;33.081;43.893;171.258058;133.61;-3.12611;0.98020;0.75;0.25;105.62125;93.11680;101.96000;84.74000;75.52000;2126.1;275.0;200.0;46.0;7.97;0.926;0.17498;0.04096;0.00;0.000;2.150;0.947;0.000;0.557;143.312;133.61;133.61;20085.9;1822.70;3.73;3.21;1.03;71176.00;21578.40;24859.38;31581.3;2.25;0.68;0.79;12/11/2024 16:08:47;
13/11/2024;22;2.0TD;1;0.000168969796000000;0.200;1.199101957;232.269819;33.081;43.893;155.295819;119.99;-3.12611;0.98020;0.75;0.25;105.62125;93.11680;101.96000;84.74000;75.52000;2126.1;275.0;200.0;46.0;7.90;0.926;0.17498;0.04096;0.00;0.000;1.941;0.947;0.000;0.557;129.413;119.80;122.22;18944.6;1630.00;3.66;3.21;1.03;67311.00;19800.00;24859.38;30592.8;2.20;0.65;0.81;12/11/2024 16:08:47;
13/11/2024;23;2.0TD;2;0.000150508331000000;0.212;1.303419942;179.371109;19.184;8.779;151.408109;116.19;-3.12611;0.98020;0.75;0.25;105.62125;93.11680;101.96000;84.74000;75.52000;2126.1;275.0;200.0;46.0;8.05;0.154;0.17498;0.04096;0.00;0.000;1.874;0.947;0.000;0.557;124.924;115.88;120.01;17088.3;1374.80;3.81;3.21;1.03;54639.84;25974.00;24859.38;27748.0;1.97;0.94;0.90;12/11/2024 16:08:47;
13/11/2024;24;2.0TD;2;0.000124137313000000;0.222;1.363896785;164.554717;19.184;8.779;136.591717;100.23;-3.12611;0.98020;0.75;0.25;105.62125;93.11680;101.96000;84.74000;75.52000;2126.1;275.0;200.0;46.0;11.06;0.154;0.17498;0.04096;0.00;0.000;1.677;0.947;0.000;0.557;111.777;100.00;103.00;15793.9;1296.90;6.82;3.21;1.03;70383.24;76563.36;24859.38;25225.6;2.79;3.04;0.99;12/11/2024 16:08:47;
*
