pvpcdata;
2024;02;09;12;01;31;
05/01/2024;1;2.0TD;3;0.000117112499000000;0.241;1.341441660;134.102173;0.557;2.195;131.350173;86.08;7.41930;0.72645;0.75;0.25;68.61542;98.29260;101.96000;97.42000;81.63000;2830.2;275.0;177.0;62.0;11.45;0.000;0.17498;0.03702;0.00;0.000;0.000;1.588;0.565;0.000;0.557;105.842;86.08;86.13;13392.3;1309.10;6.31;3.56;1.58;101651.16;30541.04;24859.38;24880.5;4.09;1.23;1.00;04/01/2024 16:04:37;
05/01/2024;2;2.0TD;3;0.000095108108000000;0.250;1.390707750;130.651003;0.557;2.195;127.899003;80.51;7.41930;0.72645;0.75;0.25;68.61542;98.29260;101.96000;97.42000;81.63000;2830.2;275.0;177.0;62.0;13.55;0.000;0.17498;0.03702;0.00;0.000;0.000;1.535;0.565;0.000;0.557;102.319;80.51;80.51;12273.2;1086.20;8.41;3.56;1.58;119392.88;49921.52;24859.38;23084.1;5.17;2.16;1.08;04/01/2024 16:04:37;
05/01/2024;3;2.0TD;3;0.000082765773000000;0.258;1.432988761;128.008799;0.557;2.195;125.256799;77.01;7.41930;0.72645;0.75;0.25;68.61542;98.29260;101.96000;97.42000;81.63000;2830.2;275.0;177.0;62.0;14.34;0.000;0.17498;0.03702;0.00;0.000;0.000;1.494;0.565;0.000;0.557;99.568;77.01;77.01;11902.2;917.90;9.20;3.56;1.58;121794.20;54140.24;24859.38;21822.5;5.58;2.48;1.14;04/01/2024 16:04:37;
05/01/2024;4;2.0TD;3;0.000076370951000000;0.260;1.446474429;119.918395;0.557;2.195;117.166395;70.67;7.41930;0.72645;0.75;0.25;68.61542;98.29260;101.96000;97.42000;81.63000;2830.2;275.0;177.0;62.0;14.20;0.000;0.17498;0.03702;0.00;0.000;0.000;1.395;0.565;0.000;0.557;92.989;70.67;70.62;11681.6;652.80;9.06;3.56;1.58;130883.68;61529.52;0.00;21235.4;6.16;2.90;0.00;04/01/2024 16:04:37;
05/01/2024;5;2.0TD;3;0.000074007324000000;0.259;1.438789249;108.295484;0.557;2.195;105.543484;60.90;7.41930;0.72645;0.75;0.25;68.61542;98.29260;101.96000;97.42000;81.63000;2830.2;275.0;177.0;62.0;14.95;0.000;0.17498;0.03702;0.00;0.000;0.000;1.257;0.565;0.000;0.557;83.831;61.10;57.88;12056.7;806.50;9.81;3.56;1.58;144488.68;63920.00;0.00;21239.3;6.80;3.01;0.00;04/01/2024 16:04:37;
05/01/2024;6;2.0TD;3;0.000075865879000000;0.252;1.401087149;115.856682;0.557;2.195;113.104682;68.11;7.41930;0.72645;0.75;0.25;68.61542;98.29260;101.96000;97.42000;81.63000;2830.2;275.0;177.0;62.0;14.15;0.000;0.17498;0.03702;0.00;0.000;0.000;1.355;0.565;0.000;0.557;90.339;68.26;65.26;13129.7;709.70;9.01;3.56;1.58;133570.32;60851.84;0.00;21585.0;6.19;2.82;0.00;04/01/2024 16:04:37;
05/01/2024;7;2.0TD;3;0.000084730695000000;0.230;1.278322149;121.985989;0.557;2.195;119.233989;75.00;7.41930;0.72645;0.75;0.25;68.61542;98.29260;101.96000;97.42000;81.63000;2830.2;275.0;177.0;62.0;13.76;0.000;0.17498;0.03702;0.00;0.000;0.000;1.454;0.565;0.000;0.557;96.938;75.00;75.00;14443.8;798.40;8.62;3.56;1.58;123749.16;53692.80;24859.38;23482.5;5.27;2.29;1.06;04/01/2024 16:04:37;
05/01/2024;8;2.0TD;3;0.000105026282000000;0.213;1.181195231;128.921228;0.557;2.195;126.169228;86.70;7.41930;0.72645;0.75;0.25;68.61542;98.29260;101.96000;97.42000;81.63000;2830.2;275.0;177.0;62.0;9.03;0.000;0.17498;0.03702;0.00;0.000;0.000;1.560;0.565;0.000;0.557;104.014;86.39;90.89;16261.8;1189.00;3.89;3.56;1.58;36165.28;42826.40;24859.38;26647.2;1.36;1.61;0.93;04/01/2024 16:04:37;
05/01/2024;9;2.0TD;2;0.000117586960000000;0.197;1.211180646;157.071663;19.184;8.779;129.108663;91.18;7.41930;0.72645;0.75;0.25;68.61542;98.29260;101.96000;97.42000;81.63000;2830.2;275.0;177.0;62.0;8.16;0.178;0.17498;0.03702;0.00;0.000;0.000;1.618;0.565;0.000;0.557;107.860;90.88;95.11;17572.9;1363.10;3.02;3.56;1.58;33983.84;27904.96;24859.38;28732.9;1.18;0.97;0.87;04/01/2024 16:04:37;
05/01/2024;10;2.0TD;2;0.000125583338000000;0.189;1.158744302;155.918665;19.184;8.779;127.955665;90.17;7.41930;0.72645;0.75;0.25;68.61542;98.29260;101.96000;97.42000;81.63000;2830.2;275.0;177.0;62.0;8.93;0.178;0.17498;0.03702;0.00;0.000;0.000;1.614;0.565;0.000;0.557;107.616;90.00;92.55;18611.6;1351.10;3.79;3.56;1.58;39609.88;50342.40;24859.38;30314.7;1.31;1.66;0.82;04/01/2024 16:04:37;
05/01/2024;11;2.0TD;1;0.000131920458000000;0.183;1.098358768;191.661358;33.081;43.893;114.687358;76.73;7.41930;0.72645;0.75;0.25;68.61542;98.29260;101.96000;97.42000;81.63000;2830.2;275.0;177.0;62.0;10.97;1.068;0.17498;0.03702;0.00;0.000;0.000;1.454;0.565;0.000;0.557;96.946;76.47;81.47;19172.4;1055.60;5.83;3.56;1.58;51696.08;104227.20;24859.38;30968.4;1.67;3.37;0.80;04/01/2024 16:04:37;
05/01/2024;12;2.0TD;1;0.000130559576000000;0.184;1.100665517;169.917056;33.081;43.893;92.943056;58.11;7.41930;0.72645;0.75;0.25;68.61542;98.29260;101.96000;97.42000;81.63000;2830.2;275.0;177.0;62.0;11.42;1.068;0.17498;0.03702;0.00;0.000;0.000;1.177;0.565;0.000;0.557;78.499;57.68;70.13;21192.0;766.40;6.28;3.56;1.58;67461.40;102336.00;24859.38;31005.6;2.18;3.30;0.80;04/01/2024 16:04:37;
05/01/2024;13;2.0TD;1;0.000128490419000000;0.180;1.076495108;155.372259;33.081;43.893;78.398259;46.32;7.41930;0.72645;0.75;0.25;68.61542;98.29260;101.96000;97.42000;81.63000;2830.2;275.0;177.0;62.0;11.33;1.068;0.17498;0.03702;0.00;0.000;0.000;0.997;0.565;0.000;0.557;66.439;45.87;59.89;26741.3;896.70;6.19;3.56;1.58;73842.84;92807.28;24859.38;30936.2;2.39;3.00;0.80;04/01/2024 16:04:37;
05/01/2024;14;2.0TD;1;0.000134123980000000;0.178;1.066134955;152.918721;33.081;43.893;75.944721;44.58;7.41930;0.72645;0.75;0.25;68.61542;98.29260;101.96000;97.42000;81.63000;2830.2;275.0;177.0;62.0;11.13;1.068;0.17498;0.03702;0.00;0.000;0.000;0.967;0.565;0.000;0.557;64.469;44.07;59.07;28191.3;986.50;5.99;3.56;1.58;67941.52;91274.88;24859.38;30761.3;2.21;2.97;0.81;04/01/2024 16:04:37;
05/01/2024;15;2.0TD;2;0.000136539055000000;0.177;1.088276586;99.816734;19.184;8.779;71.853734;40.54;7.41930;0.72645;0.75;0.25;68.61542;98.29260;101.96000;97.42000;81.63000;2830.2;275.0;177.0;62.0;12.69;0.178;0.17498;0.03702;0.00;0.000;0.000;0.916;0.565;0.000;0.557;61.048;40.00;57.00;28691.4;950.20;7.55;3.56;1.58;118240.60;85374.96;24859.38;30256.7;3.91;2.82;0.82;04/01/2024 16:04:37;
05/01/2024;16;2.0TD;2;0.000131495608000000;0.184;1.129348333;90.567240;19.184;8.779;62.604240;31.14;7.41930;0.72645;0.75;0.25;68.61542;98.29260;101.96000;97.42000;81.63000;2830.2;275.0;177.0;62.0;14.04;0.178;0.17498;0.03702;0.00;0.000;0.000;0.793;0.565;0.000;0.557;52.875;30.55;49.47;28324.3;904.00;8.90;3.56;1.58;117454.60;119275.52;24859.38;29404.2;3.99;4.06;0.85;04/01/2024 16:04:37;
05/01/2024;17;2.0TD;2;0.000128374682000000;0.189;1.161671371;107.948460;19.184;8.779;79.985460;45.40;7.41930;0.72645;0.75;0.25;68.61542;98.29260;101.96000;97.42000;81.63000;2830.2;275.0;177.0;62.0;13.96;0.178;0.17498;0.03702;0.00;0.000;0.000;1.009;0.565;0.000;0.557;67.271;44.37;74.08;26484.2;948.60;8.82;3.56;1.58;101397.40;127877.72;24859.38;28793.5;3.52;4.44;0.86;04/01/2024 16:04:37;
05/01/2024;18;2.0TD;2;0.000131886116000000;0.195;1.197141099;131.717922;19.184;8.779;103.754922;67.72;7.41930;0.72645;0.75;0.25;68.61542;98.29260;101.96000;97.42000;81.63000;2830.2;275.0;177.0;62.0;10.90;0.178;0.17498;0.03702;0.00;0.000;0.000;1.302;0.565;0.000;0.557;86.824;67.00;82.16;19875.1;989.10;5.76;3.56;1.58;46309.64;95403.52;24859.38;28928.9;1.60;3.30;0.86;04/01/2024 16:04:37;
05/01/2024;19;2.0TD;1;0.000146721744000000;0.200;1.199681822;190.568643;33.081;43.893;113.594643;76.05;7.41930;0.72645;0.75;0.25;68.61542;98.29260;101.96000;97.42000;81.63000;2830.2;275.0;177.0;62.0;9.40;1.068;0.17498;0.03702;0.00;0.000;0.000;1.420;0.565;0.000;0.557;94.662;75.47;86.13;19382.8;1118.30;4.26;3.56;1.58;40195.32;60635.76;24859.38;29452.0;1.36;2.06;0.84;04/01/2024 16:04:37;
05/01/2024;20;2.0TD;1;0.000156571340000000;0.207;1.236894412;194.601223;33.081;43.893;117.627223;78.65;7.41930;0.72645;0.75;0.25;68.61542;98.29260;101.96000;97.42000;81.63000;2830.2;275.0;177.0;62.0;9.55;1.068;0.17498;0.03702;0.00;0.000;0.000;1.462;0.565;0.000;0.557;97.454;78.19;86.13;19733.0;1207.70;4.41;3.56;1.58;59581.80;46284.00;24859.38;29673.8;2.01;1.56;0.84;04/01/2024 16:04:37;
05/01/2024;21;2.0TD;1;0.000164371186000000;0.210;1.257851979;196.882825;33.081;43.893;119.908825;80.23;7.41930;0.72645;0.75;0.25;68.61542;98.29260;101.96000;97.42000;81.63000;2830.2;275.0;177.0;62.0;9.59;1.068;0.17498;0.03702;0.00;0.000;0.000;1.486;0.565;0.000;0.557;99.098;79.94;86.13;19793.5;969.30;4.45;3.56;1.58;59645.44;48393.84;24859.38;29862.2;2.00;1.62;0.83;04/01/2024 16:04:37;
05/01/2024;22;2.0TD;1;0.000169804532000000;0.212;1.269150631;195.124854;33.081;43.893;118.150854;78.64;7.41930;0.72645;0.75;0.25;68.61542;98.29260;101.96000;97.42000;81.63000;2830.2;275.0;177.0;62.0;9.59;1.068;0.17498;0.03702;0.00;0.000;0.000;1.462;0.565;0.000;0.557;97.484;78.26;86.13;19356.5;975.20;4.45;3.56;1.58;59958.36;46284.00;24859.38;29451.8;2.04;1.57;0.84;04/01/2024 16:04:37;
05/01/2024;23;2.0TD;2;0.000161759977000000;0.222;1.359265240;142.412102;19.184;8.779;114.449102;75.48;7.41930;0.72645;0.75;0.25;68.61542;98.29260;101.96000;97.42000;81.63000;2830.2;275.0;177.0;62.0;9.87;0.178;0.17498;0.03702;0.00;0.000;0.000;1.405;0.565;0.000;0.557;93.657;75.00;86.13;18745.0;845.30;4.73;3.56;1.58;40964.32;63776.16;24859.38;27414.3;1.49;2.33;0.91;04/01/2024 16:04:37;
05/01/2024;24;2.0TD;2;0.000143118769000000;0.228;1.395727159;134.820125;19.184;8.779;106.857125;68.50;7.41930;0.72645;0.75;0.25;68.61542;98.29260;101.96000;97.42000;81.63000;2830.2;275.0;177.0;62.0;10.31;0.178;0.17498;0.03702;0.00;0.000;0.000;1.305;0.565;0.000;0.557;87.017;68.00;80.13;17550.5;753.00;5.17;3.56;1.58;15517.32;89940.32;24859.38;25222.8;0.62;3.57;0.99;04/01/2024 16:04:37;
*
