pvpcdata;
2025;01;13;09;30;43;
30/12/2024;1;2.0TD;3;0.000117185949000000;0.237;1.319383559;189.707257;0.557;2.195;186.955257;140.65;-11.57818;0.74721;0.75;0.25;140.93750;94.62480;101.96000;84.74000;90.60000;2826.5;275.0;200.0;53.0;15.15;0.000;0.17498;0.04096;0.00;0.000;2.267;0.947;0.000;0.557;151.136;141.50;132.07;18439.5;1827.50;10.98;3.25;0.92;175380.28;42196.00;24859.38;22088.6;7.94;1.91;1.13;29/12/2024 16:06:55;
30/12/2024;2;2.0TD;3;0.000095034475000000;0.249;1.385187098;186.296322;0.557;2.195;183.544322;134.29;-11.57818;0.74721;0.75;0.25;140.93750;94.62480;101.96000;84.74000;90.60000;2826.5;275.0;200.0;53.0;17.39;0.000;0.17498;0.04096;0.00;0.000;2.204;0.947;0.000;0.557;146.953;135.00;127.00;16324.5;1595.10;13.22;3.25;0.92;233529.52;34560.00;0.00;20278.3;11.52;1.70;0.00;29/12/2024 16:06:55;
30/12/2024;3;2.0TD;3;0.000082469305000000;0.254;1.408920641;184.994591;0.557;2.195;182.242591;129.52;-11.57818;0.74721;0.75;0.25;140.93750;94.62480;101.96000;84.74000;90.60000;2826.5;275.0;200.0;53.0;20.56;0.000;0.17498;0.04096;0.00;0.000;2.180;0.947;0.000;0.557;145.329;131.00;119.43;14986.1;2196.20;16.39;3.25;0.92;281565.36;33600.00;0.00;19224.0;14.65;1.75;0.00;29/12/2024 16:06:55;
30/12/2024;4;2.0TD;3;0.000075633196000000;0.256;1.423391047;179.993721;0.557;2.195;177.241721;124.04;-11.57818;0.74721;0.75;0.25;140.93750;94.62480;101.96000;84.74000;90.60000;2826.5;275.0;200.0;53.0;21.89;0.000;0.17498;0.04096;0.00;0.000;2.117;0.947;0.000;0.557;141.116;125.00;117.45;14372.9;2093.00;17.72;3.25;0.92;297039.88;32400.00;0.00;18592.6;15.98;1.74;0.00;29/12/2024 16:06:55;
30/12/2024;5;2.0TD;3;0.000073218573000000;0.255;1.414215930;179.355625;0.557;2.195;176.603625;123.16;-11.57818;0.74721;0.75;0.25;140.93750;94.62480;101.96000;84.74000;90.60000;2826.5;275.0;200.0;53.0;22.38;0.000;0.17498;0.04096;0.00;0.000;2.111;0.947;0.000;0.557;140.720;124.00;117.45;14176.7;2092.00;18.21;3.25;0.92;302941.24;32680.00;0.00;18435.2;16.43;1.77;0.00;29/12/2024 16:06:55;
30/12/2024;6;2.0TD;3;0.000074395423000000;0.244;1.353100005;183.364653;0.557;2.195;180.612653;129.11;-11.57818;0.74721;0.75;0.25;140.93750;94.62480;101.96000;84.74000;90.60000;2826.5;275.0;200.0;53.0;20.83;0.000;0.17498;0.04096;0.00;0.000;2.178;0.947;0.000;0.557;145.187;130.53;118.53;14686.0;1976.30;16.66;3.25;0.92;284231.80;35840.00;0.00;19209.2;14.80;1.87;0.00;29/12/2024 16:06:55;
30/12/2024;7;2.0TD;3;0.000081176465000000;0.218;1.213803098;191.868448;0.557;2.195;189.116448;143.09;-11.57818;0.74721;0.75;0.25;140.93750;94.62480;101.96000;84.74000;90.60000;2826.5;275.0;200.0;53.0;16.78;0.000;0.17498;0.04096;0.00;0.000;2.329;0.947;0.000;0.557;155.268;143.97;134.37;16679.4;1686.20;12.61;3.25;0.92;200696.80;44616.00;24859.38;21423.4;9.37;2.08;1.16;29/12/2024 16:06:55;
30/12/2024;8;2.0TD;3;0.000097957893000000;0.201;1.114775960;190.996764;0.557;2.195;188.244764;149.60;-11.57818;0.74721;0.75;0.25;140.93750;94.62480;101.96000;84.74000;90.60000;2826.5;275.0;200.0;53.0;11.72;0.000;0.17498;0.04096;0.00;0.000;2.351;0.947;0.000;0.557;156.740;150.01;144.77;19558.4;1645.90;7.55;3.25;0.92;107546.76;55917.84;24859.38;24974.7;4.31;2.24;1.00;29/12/2024 16:06:55;
30/12/2024;9;2.0TD;2;0.000110735505000000;0.192;1.175384978;223.334208;19.184;8.779;195.371208;159.63;-11.57818;0.74721;0.75;0.25;140.93750;94.62480;101.96000;84.74000;90.60000;2826.5;275.0;200.0;53.0;8.59;0.154;0.17498;0.04096;0.00;0.000;2.459;0.947;0.000;0.557;163.902;159.83;156.93;21191.7;1582.70;4.42;3.25;0.92;41766.56;55924.00;24859.38;27750.2;1.51;2.02;0.90;29/12/2024 16:06:55;
30/12/2024;10;2.0TD;2;0.000122149539000000;0.185;1.135984591;212.249484;19.184;8.779;184.286484;152.03;-11.57818;0.74721;0.75;0.25;140.93750;94.62480;101.96000;84.74000;90.60000;2826.5;275.0;200.0;53.0;7.93;0.154;0.17498;0.04096;0.00;0.000;2.333;0.947;0.000;0.557;155.516;152.03;152.03;22945.2;1636.10;3.76;3.25;0.92;12756.88;72030.88;24859.38;29129.5;0.44;2.47;0.85;29/12/2024 16:06:55;
30/12/2024;11;2.0TD;1;0.000130690157000000;0.176;1.054290236;248.759400;33.081;43.893;171.785400;141.50;-11.57818;0.74721;0.75;0.25;140.93750;94.62480;101.96000;84.74000;90.60000;2826.5;275.0;200.0;53.0;8.39;0.926;0.17498;0.04096;0.00;0.000;2.191;0.947;0.000;0.557;146.076;141.50;141.49;23071.5;1549.40;4.22;3.25;0.92;17972.40;81032.00;24859.38;29336.4;0.61;2.76;0.85;29/12/2024 16:06:55;
30/12/2024;12;2.0TD;1;0.000129481575000000;0.173;1.035246348;226.504545;33.081;43.893;149.530545;119.04;-11.57818;0.74721;0.75;0.25;140.93750;94.62480;101.96000;84.74000;90.60000;2826.5;275.0;200.0;53.0;12.53;0.926;0.17498;0.04096;0.00;0.000;1.912;0.947;0.000;0.557;127.477;119.04;119.15;22484.5;1011.40;8.36;3.25;0.92;53817.96;162719.20;24859.38;28873.0;1.86;5.64;0.86;29/12/2024 16:06:55;
30/12/2024;13;2.0TD;1;0.000126858757000000;0.172;1.031961772;226.568104;33.081;43.893;149.594104;121.45;-11.57818;0.74721;0.75;0.25;140.93750;94.62480;101.96000;84.74000;90.60000;2826.5;275.0;200.0;53.0;10.28;0.926;0.17498;0.04096;0.00;0.000;1.915;0.947;0.000;0.557;127.640;121.42;122.10;22074.1;1097.90;6.11;3.25;0.92;52326.12;95488.00;24859.38;28269.6;1.85;3.38;0.88;29/12/2024 16:06:55;
30/12/2024;14;2.0TD;1;0.000134064052000000;0.173;1.035075669;220.681773;33.081;43.893;143.707773;116.02;-11.57818;0.74721;0.75;0.25;140.93750;94.62480;101.96000;84.74000;90.60000;2826.5;275.0;200.0;53.0;10.66;0.926;0.17498;0.04096;0.00;0.000;1.838;0.947;0.000;0.557;122.513;116.02;116.13;22564.2;932.00;6.49;3.25;0.92;55824.60;104880.00;24859.38;28605.3;1.95;3.67;0.87;29/12/2024 16:06:55;
30/12/2024;15;2.0TD;2;0.000136010383000000;0.172;1.054929312;176.222196;19.184;8.779;148.259196;119.50;-11.57818;0.74721;0.75;0.25;140.93750;94.62480;101.96000;84.74000;90.60000;2826.5;275.0;200.0;53.0;11.88;0.154;0.17498;0.04096;0.00;0.000;1.898;0.947;0.000;0.557;126.501;119.50;119.61;22296.1;1045.40;7.71;3.25;0.92;53534.88;140199.24;24859.38;28385.0;1.89;4.94;0.88;29/12/2024 16:06:55;
30/12/2024;16;2.0TD;2;0.000128377898000000;0.182;1.114431643;178.926882;19.184;8.779;150.963882;120.00;-11.57818;0.74721;0.75;0.25;140.93750;94.62480;101.96000;84.74000;90.60000;2826.5;275.0;200.0;53.0;12.58;0.154;0.17498;0.04096;0.00;0.000;1.916;0.947;0.000;0.557;127.719;120.00;120.07;22386.1;1037.10;8.41;3.25;0.92;49050.44;162652.00;24859.38;28126.4;1.74;5.78;0.88;29/12/2024 16:06:55;
30/12/2024;17;2.0TD;2;0.000125914000000000;0.183;1.122235757;194.558999;19.184;8.779;166.595999;133.53;-11.57818;0.74721;0.75;0.25;140.93750;94.62480;101.96000;84.74000;90.60000;2826.5;275.0;200.0;53.0;11.96;0.154;0.17498;0.04096;0.00;0.000;2.112;0.947;0.000;0.557;140.825;133.53;133.52;22928.1;1334.40;7.79;3.25;0.92;25384.84;166936.00;24859.38;27873.2;0.91;5.99;0.89;29/12/2024 16:06:55;
30/12/2024;18;2.0TD;2;0.000134031357000000;0.193;1.184095670;208.442450;19.184;8.779;180.479450;147.75;-11.57818;0.74721;0.75;0.25;140.93750;94.62480;101.96000;84.74000;90.60000;2826.5;275.0;200.0;53.0;8.04;0.154;0.17498;0.04096;0.00;0.000;2.269;0.947;0.000;0.557;151.282;147.75;147.75;23976.6;1084.60;3.87;3.25;0.92;6449.12;79016.00;24859.38;28478.2;0.23;2.77;0.87;29/12/2024 16:06:55;
30/12/2024;19;2.0TD;1;0.000156613177000000;0.202;1.207185392;275.670634;33.081;43.893;198.696634;162.55;-11.57818;0.74721;0.75;0.25;140.93750;94.62480;101.96000;84.74000;90.60000;2826.5;275.0;200.0;53.0;6.28;0.926;0.17498;0.04096;0.00;0.000;2.480;0.947;0.000;0.557;165.305;162.43;165.43;24672.6;1034.30;2.11;3.25;0.92;3634.04;34364.00;24859.38;29788.7;0.12;1.15;0.83;29/12/2024 16:06:55;
30/12/2024;20;2.0TD;1;0.000169273951000000;0.204;1.218803153;281.195300;33.081;43.893;204.221300;166.88;-11.57818;0.74721;0.75;0.25;140.93750;94.62480;101.96000;84.74000;90.60000;2826.5;275.0;200.0;53.0;6.20;0.926;0.17498;0.04096;0.00;0.000;2.544;0.947;0.000;0.557;169.619;166.73;170.53;24977.4;992.10;2.03;3.25;0.92;2947.44;33160.00;24859.38;30006.1;0.10;1.11;0.83;29/12/2024 16:06:55;
30/12/2024;21;2.0TD;1;0.000180471093000000;0.205;1.229843293;288.570819;33.081;43.893;211.596819;172.85;-11.57818;0.74721;0.75;0.25;140.93750;94.62480;101.96000;84.74000;90.60000;2826.5;275.0;200.0;53.0;6.12;0.926;0.17498;0.04096;0.00;0.000;2.634;0.947;0.000;0.557;175.599;172.72;176.13;25115.3;983.40;1.95;3.25;0.92;2180.64;32720.00;24859.38;30686.9;0.07;1.07;0.81;29/12/2024 16:06:55;
30/12/2024;22;2.0TD;1;0.000186225154000000;0.210;1.254543882;282.839794;33.081;43.893;205.865794;167.33;-11.57818;0.74721;0.75;0.25;140.93750;94.62480;101.96000;84.74000;90.60000;2826.5;275.0;200.0;53.0;6.26;0.926;0.17498;0.04096;0.00;0.000;2.552;0.947;0.000;0.557;170.137;167.21;170.21;24993.1;1053.50;2.09;3.25;0.92;2894.36;35480.00;24859.38;30162.9;0.10;1.18;0.82;29/12/2024 16:06:55;
30/12/2024;23;2.0TD;2;0.000174801378000000;0.214;1.311579030;219.656052;19.184;8.779;191.693052;155.67;-11.57818;0.74721;0.75;0.25;140.93750;94.62480;101.96000;84.74000;90.60000;2826.5;275.0;200.0;53.0;6.64;0.154;0.17498;0.04096;0.00;0.000;2.369;0.947;0.000;0.557;157.902;155.65;156.11;23760.0;944.10;2.47;3.25;0.92;4577.56;39320.00;24859.38;27810.2;0.16;1.41;0.89;29/12/2024 16:06:55;
30/12/2024;24;2.0TD;2;0.000148900326000000;0.219;1.342032008;209.752494;19.184;8.779;181.789494;146.14;-11.57818;0.74721;0.75;0.25;140.93750;94.62480;101.96000;84.74000;90.60000;2826.5;275.0;200.0;53.0;7.53;0.154;0.17498;0.04096;0.00;0.000;2.237;0.947;0.000;0.557;149.130;146.13;146.29;21843.0;907.60;3.36;3.25;0.92;5869.20;53636.00;24859.38;25129.5;0.23;2.13;0.99;29/12/2024 16:06:55;
*
