pvpcdata;
2025;01;13;09;30;38;
24/12/2024;1;2.0TD;3;0.000116077066000000;0.236;1.311364673;134.737683;0.557;2.195;131.985683;85.78;5.19255;0.74571;0.75;0.25;73.85458;94.62480;101.96000;84.74000;90.60000;2832.2;275.0;200.0;53.0;13.81;0.000;0.17498;0.04096;0.00;0.000;1.602;0.947;0.000;0.557;106.784;85.08;95.18;21343.9;1593.60;9.64;3.25;0.92;110276.80;89584.00;24859.38;23319.5;4.73;3.84;1.07;23/12/2024 16:08:56;
24/12/2024;2;2.0TD;3;0.000094260510000000;0.245;1.361373279;134.168638;0.557;2.195;131.416638;83.30;5.19255;0.74571;0.75;0.25;73.85458;94.62480;101.96000;84.74000;90.60000;2832.2;275.0;200.0;53.0;15.08;0.000;0.17498;0.04096;0.00;0.000;1.583;0.947;0.000;0.557;105.555;82.84;90.00;19600.3;1349.80;10.91;3.25;0.92;119078.20;90000.00;24859.38;21452.2;5.55;4.20;1.16;23/12/2024 16:08:56;
24/12/2024;3;2.0TD;3;0.000081465339000000;0.253;1.406858571;131.057362;0.557;2.195;128.305362;75.63;5.19255;0.74571;0.75;0.25;73.85458;94.62480;101.96000;84.74000;90.60000;2832.2;275.0;200.0;53.0;19.64;0.000;0.17498;0.04096;0.00;0.000;1.536;0.947;0.000;0.557;102.398;75.18;84.18;19317.0;1017.40;15.47;3.25;0.92;195024.12;91520.00;24859.38;20129.3;9.69;4.55;1.23;23/12/2024 16:08:56;
24/12/2024;4;2.0TD;3;0.000074633720000000;0.256;1.419651897;122.259813;0.557;2.195;119.507813;65.36;5.19255;0.74571;0.75;0.25;73.85458;94.62480;101.96000;84.74000;90.60000;2832.2;275.0;200.0;53.0;22.77;0.000;0.17498;0.04096;0.00;0.000;1.427;0.947;0.000;0.557;95.149;65.00;71.50;19080.5;1108.80;18.60;3.25;0.92;261516.44;102880.00;0.00;19587.1;13.35;5.25;0.00;23/12/2024 16:08:56;
24/12/2024;5;2.0TD;3;0.000071726702000000;0.257;1.425201940;115.936721;0.557;2.195;113.184721;59.31;5.19255;0.74571;0.75;0.25;73.85458;94.62480;101.96000;84.74000;90.60000;2832.2;275.0;200.0;53.0;23.79;0.000;0.17498;0.04096;0.00;0.000;1.351;0.947;0.000;0.557;90.043;57.88;82.88;18863.5;1146.50;19.62;3.25;0.92;274374.36;102648.80;0.00;19214.4;14.28;5.34;0.00;23/12/2024 16:08:56;
24/12/2024;6;2.0TD;3;0.000072370357000000;0.250;1.389609790;116.397666;0.557;2.195;113.645666;59.73;5.19255;0.74571;0.75;0.25;73.85458;94.62480;101.96000;84.74000;90.60000;2832.2;275.0;200.0;53.0;24.23;0.000;0.17498;0.04096;0.00;0.000;1.364;0.947;0.000;0.557;90.916;58.30;83.30;18594.8;1131.50;20.06;3.25;0.92;273946.28;119837.44;0.00;19634.5;13.95;6.10;0.00;23/12/2024 16:08:56;
24/12/2024;7;2.0TD;3;0.000078151988000000;0.227;1.262028931;120.285757;0.557;2.195;117.533757;66.06;5.19255;0.74571;0.75;0.25;73.85458;94.62480;101.96000;84.74000;90.60000;2832.2;275.0;200.0;53.0;22.70;0.000;0.17498;0.04096;0.00;0.000;1.437;0.947;0.000;0.557;95.789;65.00;85.01;18559.8;1041.60;18.53;3.25;0.92;197892.84;173686.32;24859.38;21394.6;9.25;8.12;1.16;23/12/2024 16:08:56;
24/12/2024;8;2.0TD;3;0.000092972197000000;0.206;1.146687374;131.325509;0.557;2.195;128.573509;85.13;5.19255;0.74571;0.75;0.25;73.85458;94.62480;101.96000;84.74000;90.60000;2832.2;275.0;200.0;53.0;14.29;0.000;0.17498;0.04096;0.00;0.000;1.599;0.947;0.000;0.557;106.611;84.16;100.31;19360.5;1240.90;10.12;3.25;0.92;135731.36;84484.00;24859.38;24231.5;5.60;3.49;1.03;23/12/2024 16:08:56;
24/12/2024;9;2.0TD;2;0.000103022960000000;0.195;1.195151843;173.214692;19.184;8.779;145.251692;101.80;5.19255;0.74571;0.75;0.25;73.85458;94.62480;101.96000;84.74000;90.60000;2832.2;275.0;200.0;53.0;12.18;0.154;0.17498;0.04096;0.00;0.000;1.823;0.947;0.000;0.557;121.549;101.00;113.20;20099.0;1412.50;8.01;3.25;0.92;85924.28;99417.60;24859.38;26269.5;3.27;3.78;0.95;23/12/2024 16:08:56;
24/12/2024;10;2.0TD;2;0.000112368464000000;0.185;1.136161779;158.453461;19.184;8.779;130.490461;86.33;5.19255;0.74571;0.75;0.25;73.85458;94.62480;101.96000;84.74000;90.60000;2832.2;275.0;200.0;53.0;16.39;0.154;0.17498;0.04096;0.00;0.000;1.652;0.947;0.000;0.557;110.118;84.97;109.32;22797.8;1351.70;12.22;3.25;0.92;120016.92;195220.00;24859.38;27826.6;4.31;7.02;0.89;23/12/2024 16:08:56;
24/12/2024;11;2.0TD;1;0.000119520804000000;0.177;1.059874262;163.759545;33.081;43.893;86.785545;50.70;5.19255;0.74571;0.75;0.25;73.85458;94.62480;101.96000;84.74000;90.60000;2832.2;275.0;200.0;53.0;15.41;0.926;0.17498;0.04096;0.00;0.000;1.106;0.947;0.000;0.557;73.734;50.24;60.24;27136.1;1303.70;11.24;3.25;0.92;172278.84;129308.32;24859.38;29053.9;5.93;4.45;0.86;23/12/2024 16:08:56;
24/12/2024;12;2.0TD;1;0.000117930617000000;0.174;1.044132735;150.653692;33.081;43.893;73.679692;40.44;5.19255;0.74571;0.75;0.25;73.85458;94.62480;101.96000;84.74000;90.60000;2832.2;275.0;200.0;53.0;14.86;0.926;0.17498;0.04096;0.00;0.000;0.941;0.947;0.000;0.557;62.759;40.00;50.10;29085.1;1312.20;10.69;3.25;0.92;192690.52;88646.88;24859.38;28663.9;6.72;3.09;0.87;23/12/2024 16:08:56;
24/12/2024;13;2.0TD;1;0.000115770901000000;0.173;1.033758898;145.768729;33.081;43.893;68.794729;36.60;5.19255;0.74571;0.75;0.25;73.85458;94.62480;101.96000;84.74000;90.60000;2832.2;275.0;200.0;53.0;14.65;0.926;0.17498;0.04096;0.00;0.000;0.880;0.947;0.000;0.557;58.648;36.00;48.90;29524.8;1443.20;10.48;3.25;0.92;198425.64;71765.20;24859.38;28136.3;7.05;2.55;0.88;23/12/2024 16:08:56;
24/12/2024;14;2.0TD;1;0.000121013556000000;0.173;1.037974128;146.078401;33.081;43.893;69.104401;36.74;5.19255;0.74571;0.75;0.25;73.85458;94.62480;101.96000;84.74000;90.60000;2832.2;275.0;200.0;53.0;14.77;0.926;0.17498;0.04096;0.00;0.000;0.884;0.947;0.000;0.557;58.912;35.78;56.48;29443.1;1427.30;10.60;3.25;0.92;198738.52;70286.20;24859.38;27735.3;7.17;2.53;0.90;23/12/2024 16:08:56;
24/12/2024;15;2.0TD;2;0.000123011783000000;0.174;1.064600722;95.157516;19.184;8.779;67.194516;35.48;5.19255;0.74571;0.75;0.25;73.85458;94.62480;101.96000;84.74000;90.60000;2832.2;275.0;200.0;53.0;15.15;0.154;0.17498;0.04096;0.00;0.000;0.859;0.947;0.000;0.557;57.235;35.00;45.10;29381.6;1457.50;10.98;3.25;0.92;199823.52;72936.00;24859.38;27121.5;7.37;2.69;0.92;23/12/2024 16:08:56;
24/12/2024;16;2.0TD;2;0.000116446123000000;0.180;1.106955458;97.285089;19.184;8.779;69.322089;36.46;5.19255;0.74571;0.75;0.25;73.85458;94.62480;101.96000;84.74000;90.60000;2832.2;275.0;200.0;53.0;15.66;0.154;0.17498;0.04096;0.00;0.000;0.881;0.947;0.000;0.557;58.747;36.00;46.10;28582.2;1363.40;11.49;3.25;0.92;198438.64;82628.00;24859.38;26604.2;7.46;3.11;0.93;23/12/2024 16:08:56;
24/12/2024;17;2.0TD;2;0.000114420892000000;0.186;1.144021525;140.803230;19.184;8.779;112.840230;66.05;5.19255;0.74571;0.75;0.25;73.85458;94.62480;101.96000;84.74000;90.60000;2832.2;275.0;200.0;53.0;21.92;0.154;0.17498;0.04096;0.00;0.000;1.427;0.947;0.000;0.557;95.143;65.00;85.90;25782.2;1369.10;17.75;3.25;0.92;150855.08;289882.40;24859.38;26234.7;5.75;11.05;0.95;23/12/2024 16:08:56;
24/12/2024;18;2.0TD;2;0.000122478898000000;0.194;1.189771671;190.003764;19.184;8.779;162.040764;112.21;5.19255;0.74571;0.75;0.25;73.85458;94.62480;101.96000;84.74000;90.60000;2832.2;275.0;200.0;53.0;15.72;0.154;0.17498;0.04096;0.00;0.000;2.036;0.947;0.000;0.557;135.712;112.21;112.21;21483.3;1914.70;11.55;3.25;0.92;83207.56;200256.00;24859.38;26694.7;3.12;7.50;0.93;23/12/2024 16:08:56;
24/12/2024;19;2.0TD;1;0.000145273719000000;0.204;1.224386023;232.013722;33.081;43.893;155.039722;111.35;5.19255;0.74571;0.75;0.25;73.85458;94.62480;101.96000;84.74000;90.60000;2832.2;275.0;200.0;53.0;8.97;0.926;0.17498;0.04096;0.00;0.000;1.932;0.947;0.000;0.557;128.770;110.98;116.45;20358.5;1497.40;4.80;3.25;0.92;47739.48;62519.20;24859.38;28158.8;1.70;2.22;0.88;23/12/2024 16:08:56;
24/12/2024;20;2.0TD;1;0.000156189845000000;0.209;1.251430988;225.354005;33.081;43.893;148.380005;105.98;5.19255;0.74571;0.75;0.25;73.85458;94.62480;101.96000;84.74000;90.60000;2832.2;275.0;200.0;53.0;8.39;0.926;0.17498;0.04096;0.00;0.000;1.841;0.947;0.000;0.557;122.729;105.66;110.61;20349.5;1416.10;4.22;3.25;0.92;59443.28;36680.00;24859.38;28695.6;2.07;1.28;0.87;23/12/2024 16:08:56;
24/12/2024;21;2.0TD;1;0.000160971963000000;0.212;1.269204886;222.178306;33.081;43.893;145.204306;102.88;5.19255;0.74571;0.75;0.25;73.85458;94.62480;101.96000;84.74000;90.60000;2832.2;275.0;200.0;53.0;8.61;0.926;0.17498;0.04096;0.00;0.000;1.797;0.947;0.000;0.557;119.805;102.56;107.66;20454.3;1369.60;4.44;3.25;0.92;62011.08;38280.00;24859.38;28175.4;2.20;1.36;0.88;23/12/2024 16:08:56;
24/12/2024;22;2.0TD;1;0.000157737039000000;0.217;1.300578552;213.808043;33.081;43.893;136.834043;95.29;5.19255;0.74571;0.75;0.25;73.85458;94.62480;101.96000;84.74000;90.60000;2832.2;275.0;200.0;53.0;8.94;0.926;0.17498;0.04096;0.00;0.000;1.687;0.947;0.000;0.557;112.435;94.63;105.05;19720.7;1326.40;4.77;3.25;0.92;68491.68;35640.00;24859.38;27042.2;2.53;1.32;0.92;23/12/2024 16:08:56;
24/12/2024;23;2.0TD;2;0.000142852373000000;0.220;1.350168946;169.875270;19.184;8.779;141.912270;99.76;5.19255;0.74571;0.75;0.25;73.85458;94.62480;101.96000;84.74000;90.60000;2832.2;275.0;200.0;53.0;9.07;0.154;0.17498;0.04096;0.00;0.000;1.745;0.947;0.000;0.557;116.321;99.04;109.90;18709.5;1324.80;4.90;3.25;0.92;44660.96;48986.00;24859.38;24173.6;1.85;2.03;1.03;23/12/2024 16:08:56;
24/12/2024;24;2.0TD;2;0.000126665226000000;0.226;1.387195286;163.777481;19.184;8.779;135.814481;90.63;5.19255;0.74571;0.75;0.25;73.85458;94.62480;101.96000;84.74000;90.60000;2832.2;275.0;200.0;53.0;12.74;0.154;0.17498;0.04096;0.00;0.000;1.662;0.947;0.000;0.557;110.778;90.00;99.14;17917.1;1320.70;8.57;3.25;0.92;50997.56;114048.00;24859.38;22149.8;2.30;5.15;1.12;23/12/2024 16:08:56;
*
