pvpcdata;
2024;04;10;12;05;43;
15/03/2024;1;2.0TD;3;0.000107539586000000;0.215;1.193007206;78.737466;0.557;2.195;75.985466;34.97;14.02653;0.91848;0.75;0.25;37.73250;93.83860;101.96000;97.42000;37.09000;2168.8;275.0;177.0;46.0;12.41;0.000;0.17498;0.04096;0.00;0.000;0.000;0.938;0.565;0.000;0.557;62.539;34.97;34.97;18335.8;1025.30;7.60;3.40;1.41;124231.96;37793.28;24859.38;24602.3;5.05;1.54;1.01;14/03/2024 16:12:38;
15/03/2024;2;2.0TD;3;0.000088847695000000;0.225;1.248549942;72.162311;0.557;2.195;69.410311;27.26;14.02653;0.91848;0.75;0.25;37.73250;93.83860;101.96000;97.42000;37.09000;2168.8;275.0;177.0;46.0;14.33;0.000;0.17498;0.04096;0.00;0.000;0.000;0.850;0.565;0.000;0.557;56.661;27.20;28.20;17524.4;1055.30;9.52;3.40;1.41;152075.40;43434.56;24859.38;23148.1;6.57;1.88;1.07;14/03/2024 16:12:38;
15/03/2024;3;2.0TD;3;0.000078553770000000;0.226;1.257494303;71.086149;0.557;2.195;68.334149;24.10;14.02653;0.91848;0.75;0.25;37.73250;93.83860;101.96000;97.42000;37.09000;2168.8;275.0;177.0;46.0;16.58;0.000;0.17498;0.04096;0.00;0.000;0.000;0.836;0.565;0.000;0.557;55.737;24.10;24.10;16942.3;1270.30;11.77;3.40;1.41;190420.64;47462.84;24859.38;22314.4;8.53;2.13;1.11;14/03/2024 16:12:38;
15/03/2024;4;2.0TD;3;0.000073546819000000;0.228;1.266291748;68.467779;0.557;2.195;65.715779;22.84;14.02653;0.91848;0.75;0.25;37.73250;93.83860;101.96000;97.42000;37.09000;2168.8;275.0;177.0;46.0;15.65;0.000;0.17498;0.04096;0.00;0.000;0.000;0.803;0.565;0.000;0.557;53.514;23.60;13.60;16792.7;1372.30;10.84;3.40;1.41;191535.56;47271.20;0.00;22027.2;8.70;2.15;0.00;14/03/2024 16:12:38;
15/03/2024;5;2.0TD;3;0.000071981794000000;0.228;1.268888144;65.849683;0.557;2.195;63.097683;20.33;14.02653;0.91848;0.75;0.25;37.73250;93.83860;101.96000;97.42000;37.09000;2168.8;275.0;177.0;46.0;16.06;0.000;0.17498;0.04096;0.00;0.000;0.000;0.771;0.565;0.000;0.557;51.382;20.89;12.98;16849.0;1294.90;11.25;3.40;1.41;198124.12;48998.40;0.00;21957.6;9.02;2.23;0.00;14/03/2024 16:12:38;
15/03/2024;6;2.0TD;3;0.000074638339000000;0.224;1.246116937;69.471602;0.557;2.195;66.719602;24.03;14.02653;0.91848;0.75;0.25;37.73250;93.83860;101.96000;97.42000;37.09000;2168.8;275.0;177.0;46.0;15.44;0.000;0.17498;0.04096;0.00;0.000;0.000;0.818;0.565;0.000;0.557;54.509;24.10;23.10;16975.5;1200.10;10.63;3.40;1.41;190942.00;47850.00;0.00;22460.6;8.50;2.13;0.00;14/03/2024 16:12:38;
15/03/2024;7;2.0TD;3;0.000085370828000000;0.207;1.151888894;76.350609;0.557;2.195;73.598609;32.70;14.02653;0.91848;0.75;0.25;37.73250;93.83860;101.96000;97.42000;37.09000;2168.8;275.0;177.0;46.0;13.14;0.000;0.17498;0.04096;0.00;0.000;0.000;0.915;0.565;0.000;0.557;60.976;33.26;23.16;18174.4;1065.00;8.33;3.40;1.41;141531.44;44213.40;24859.38;25276.6;5.60;1.75;0.98;14/03/2024 16:12:38;
15/03/2024;8;2.0TD;3;0.000104610083000000;0.192;1.066893399;93.878586;0.557;2.195;91.126586;51.88;14.02653;0.91848;0.75;0.25;37.73250;93.83860;101.96000;97.42000;37.09000;2168.8;275.0;177.0;46.0;9.20;0.000;0.17498;0.04096;0.00;0.000;0.000;1.147;0.565;0.000;0.557;76.448;51.92;50.92;20490.0;960.20;4.39;3.40;1.41;63663.96;35112.00;24859.38;28153.0;2.26;1.25;0.88;14/03/2024 16:12:38;
15/03/2024;9;2.0TD;2;0.000116310526000000;0.183;1.124422558;105.927998;19.184;8.779;77.964998;40.23;14.02653;0.91848;0.75;0.25;37.73250;93.83860;101.96000;97.42000;37.09000;2168.8;275.0;177.0;46.0;10.31;0.154;0.17498;0.04096;0.00;0.000;0.000;0.989;0.565;0.000;0.557;65.904;40.33;38.19;22120.6;1125.60;5.50;3.40;1.41;67334.64;71760.00;24859.38;29777.7;2.26;2.41;0.83;14/03/2024 16:12:38;
15/03/2024;10;2.0TD;2;0.000121015973000000;0.163;1.000090545;88.115079;19.184;8.779;60.152079;24.10;14.02653;0.91848;0.75;0.25;37.73250;93.83860;101.96000;97.42000;37.09000;2168.8;275.0;177.0;46.0;12.47;0.154;0.17498;0.04096;0.00;0.000;0.000;0.776;0.565;0.000;0.557;51.721;24.10;24.09;22901.4;1228.40;7.66;3.40;1.41;153650.96;49685.60;24859.38;29779.9;5.16;1.67;0.83;14/03/2024 16:12:38;
15/03/2024;11;2.0TD;1;0.000123744608000000;0.160;0.955443205;129.023755;33.081;43.893;52.049755;15.30;14.02653;0.91848;0.75;0.25;37.73250;93.83860;101.96000;97.42000;37.09000;2168.8;275.0;177.0;46.0;13.75;0.926;0.17498;0.04096;0.00;0.000;0.000;0.673;0.565;0.000;0.557;44.870;15.35;14.35;25798.0;1328.60;8.94;3.40;1.41;177542.92;64080.00;24859.38;29801.5;5.96;2.15;0.83;14/03/2024 16:12:38;
15/03/2024;12;2.0TD;1;0.000122309193000000;0.158;0.947731211;127.793384;33.081;43.893;50.819384;14.81;14.02653;0.91848;0.75;0.25;37.73250;93.83860;101.96000;97.42000;37.09000;2168.8;275.0;177.0;46.0;13.27;0.926;0.17498;0.04096;0.00;0.000;0.000;0.658;0.565;0.000;0.557;43.885;15.05;10.07;26992.8;1340.40;8.46;3.40;1.41;185594.76;40908.80;24859.38;29715.2;6.25;1.38;0.84;14/03/2024 16:12:38;
15/03/2024;13;2.0TD;1;0.000122526934000000;0.157;0.942066798;125.400789;33.081;43.893;48.426789;12.38;14.02653;0.91848;0.75;0.25;37.73250;93.83860;101.96000;97.42000;37.09000;2168.8;275.0;177.0;46.0;13.70;0.926;0.17498;0.04096;0.00;0.000;0.000;0.628;0.565;0.000;0.557;41.855;12.43;11.43;27352.9;1296.80;8.89;3.40;1.41;195426.20;42490.80;24859.38;29542.9;6.61;1.44;0.84;14/03/2024 16:12:38;
15/03/2024;14;2.0TD;1;0.000128606411000000;0.154;0.921910568;124.021978;33.081;43.893;47.047978;10.95;14.02653;0.91848;0.75;0.25;37.73250;93.83860;101.96000;97.42000;37.09000;2168.8;275.0;177.0;46.0;14.06;0.926;0.17498;0.04096;0.00;0.000;0.000;0.612;0.565;0.000;0.557;40.769;10.95;10.95;27129.9;1464.80;9.25;3.40;1.41;205526.00;40525.92;24859.38;29286.2;7.02;1.38;0.85;14/03/2024 16:12:38;
15/03/2024;15;2.0TD;2;0.000129682171000000;0.161;0.984882209;74.185287;19.184;8.779;46.222287;10.55;14.02653;0.91848;0.75;0.25;37.73250;93.83860;101.96000;97.42000;37.09000;2168.8;275.0;177.0;46.0;14.29;0.154;0.17498;0.04096;0.00;0.000;0.000;0.597;0.565;0.000;0.557;39.812;10.55;10.55;26921.1;1449.90;9.48;3.40;1.41;198878.24;47910.00;24859.38;28649.5;6.94;1.67;0.87;14/03/2024 16:12:38;
15/03/2024;16;2.0TD;2;0.000123216895000000;0.164;1.007369417;74.506097;19.184;8.779;46.543097;10.55;14.02653;0.91848;0.75;0.25;37.73250;93.83860;101.96000;97.42000;37.09000;2168.8;275.0;177.0;46.0;14.46;0.154;0.17498;0.04096;0.00;0.000;0.000;0.600;0.565;0.000;0.557;39.985;10.55;10.55;26199.5;1443.70;9.65;3.40;1.41;190908.04;52975.68;24859.38;27833.3;6.86;1.90;0.89;14/03/2024 16:12:38;
15/03/2024;17;2.0TD;2;0.000118460368000000;0.170;1.043052427;80.233310;19.184;8.779;52.270310;15.00;14.02653;0.91848;0.75;0.25;37.73250;93.83860;101.96000;97.42000;37.09000;2168.8;275.0;177.0;46.0;14.63;0.154;0.17498;0.04096;0.00;0.000;0.000;0.670;0.565;0.000;0.557;44.675;15.15;12.00;24859.1;1258.40;9.82;3.40;1.41;177972.72;68730.72;24859.38;27656.6;6.44;2.49;0.90;14/03/2024 16:12:38;
15/03/2024;18;2.0TD;2;0.000119243624000000;0.174;1.069521061;90.805434;19.184;8.779;62.842434;24.94;14.02653;0.91848;0.75;0.25;37.73250;93.83860;101.96000;97.42000;37.09000;2168.8;275.0;177.0;46.0;13.41;0.154;0.17498;0.04096;0.00;0.000;0.000;0.803;0.565;0.000;0.557;53.528;25.00;23.87;22124.3;1218.90;8.60;3.40;1.41;143035.36;66597.92;24859.38;27269.0;5.25;2.44;0.91;14/03/2024 16:12:38;
15/03/2024;19;2.0TD;1;0.000124800907000000;0.172;1.027966235;154.727385;33.081;43.893;77.753385;40.05;14.02653;0.91848;0.75;0.25;37.73250;93.83860;101.96000;97.42000;37.09000;2168.8;275.0;177.0;46.0;10.15;0.926;0.17498;0.04096;0.00;0.000;0.000;0.995;0.565;0.000;0.557;66.342;40.00;41.00;20487.5;992.60;5.34;3.40;1.41;76862.32;44875.00;24859.38;27454.5;2.80;1.63;0.91;14/03/2024 16:12:38;
15/03/2024;20;2.0TD;1;0.000144332232000000;0.181;1.086492543;210.525588;33.081;43.893;133.551588;87.77;14.02653;0.91848;0.75;0.25;37.73250;93.83860;101.96000;97.42000;37.09000;2168.8;275.0;177.0;46.0;8.47;0.926;0.17498;0.04096;0.00;0.000;0.000;1.696;0.565;0.000;0.557;113.083;88.01;85.00;18606.5;1581.00;3.66;3.40;1.41;47391.00;35178.00;24859.38;29386.3;1.61;1.20;0.85;14/03/2024 16:12:38;
15/03/2024;21;2.0TD;1;0.000165134732000000;0.188;1.125196365;253.579084;33.081;43.893;176.605084;123.50;14.02653;0.91848;0.75;0.25;37.73250;93.83860;101.96000;97.42000;37.09000;2168.8;275.0;177.0;46.0;7.78;0.926;0.17498;0.04096;0.00;0.000;0.000;2.230;0.565;0.000;0.557;148.657;123.58;122.58;19010.3;1738.40;2.97;3.40;1.41;19510.00;45923.28;24859.38;30431.3;0.64;1.51;0.82;14/03/2024 16:12:38;
15/03/2024;22;2.0TD;1;0.000170721958000000;0.190;1.136264720;237.324689;33.081;43.893;160.350689;109.75;14.02653;0.91848;0.75;0.25;37.73250;93.83860;101.96000;97.42000;37.09000;2168.8;275.0;177.0;46.0;7.83;0.926;0.17498;0.04096;0.00;0.000;0.000;2.021;0.565;0.000;0.557;134.748;110.00;107.01;18314.2;1687.40;3.02;3.40;1.41;29625.72;35178.00;24859.38;29675.0;1.00;1.19;0.84;14/03/2024 16:12:38;
15/03/2024;23;2.0TD;2;0.000157914782000000;0.205;1.258078385;147.809261;19.184;8.779;119.846261;74.84;14.02653;0.91848;0.75;0.25;37.73250;93.83860;101.96000;97.42000;37.09000;2168.8;275.0;177.0;46.0;8.75;0.154;0.17498;0.04096;0.00;0.000;0.000;1.492;0.565;0.000;0.557;99.457;74.90;73.90;17166.1;1175.70;3.94;3.40;1.41;47453.48;35178.00;24859.38;27277.5;1.74;1.29;0.91;14/03/2024 16:12:38;
15/03/2024;24;2.0TD;2;0.000136270979000000;0.211;1.296905854;117.473433;19.184;8.779;89.510433;49.79;14.02653;0.91848;0.75;0.25;37.73250;93.83860;101.96000;97.42000;37.09000;2168.8;275.0;177.0;46.0;8.64;0.154;0.17498;0.04096;0.00;0.000;0.000;1.109;0.565;0.000;0.557;73.914;49.59;54.49;18010.7;750.70;3.83;3.40;1.41;36031.76;35090.00;24859.38;25084.9;1.44;1.40;0.99;14/03/2024 16:12:38;
*
