pvpcdata;
2024;04;10;12;05;56;
30/03/2024;1;2.0TD;3;0.000104099199000000;0.225;1.247728292;72.474037;0.557;2.195;69.722037;9.40;22.33069;0.90913;0.75;0.25;4.51583;93.83860;101.96000;97.42000;37.09000;2191.1;275.0;177.0;46.0;24.64;0.000;0.17498;0.04096;0.00;0.000;0.000;0.854;0.947;0.000;0.557;56.915;10.60;0.00;20127.9;2574.20;19.83;3.40;1.41;377749.72;16547.92;24859.38;21144.5;17.87;0.78;1.18;29/03/2024 16:06:38;
30/03/2024;2;2.0TD;3;0.000086366494000000;0.232;1.286674561;70.795296;0.557;2.195;68.043296;5.84;22.33069;0.90913;0.75;0.25;4.51583;93.83860;101.96000;97.42000;37.09000;2191.1;275.0;177.0;46.0;26.54;0.000;0.17498;0.04096;0.00;0.000;0.000;0.828;0.947;0.000;0.557;55.229;6.66;0.00;19313.3;2716.30;21.73;3.40;1.41;408680.84;21423.60;0.00;19793.6;20.65;1.08;0.00;29/03/2024 16:06:38;
30/03/2024;3;2.0TD;3;0.000075286777000000;0.238;1.322405881;71.177434;0.557;2.195;68.425434;4.26;22.33069;0.90913;0.75;0.25;4.51583;93.83860;101.96000;97.42000;37.09000;2191.1;275.0;177.0;46.0;28.16;0.000;0.17498;0.04096;0.00;0.000;0.000;0.829;0.947;0.000;0.557;55.270;4.91;-0.05;18586.6;2798.00;23.35;3.40;1.41;409890.16;27561.60;0.00;18732.8;21.88;1.47;0.00;29/03/2024 16:06:38;
30/03/2024;4;2.0TD;3;0.000069327333000000;0.240;1.334330716;70.381536;0.557;2.195;67.629536;2.74;22.33069;0.90913;0.75;0.25;4.51583;93.83860;101.96000;97.42000;37.09000;2191.1;275.0;177.0;46.0;28.96;0.000;0.17498;0.04096;0.00;0.000;0.000;0.818;0.947;0.000;0.557;54.539;3.20;-0.05;17963.5;2987.50;24.15;3.40;1.41;410874.32;27596.16;0.00;18152.9;22.63;1.52;0.00;29/03/2024 16:06:38;
30/03/2024;5;2.0TD;3;0.000066867622000000;0.242;1.341926343;70.730322;0.557;2.195;67.978322;2.74;22.33069;0.90913;0.75;0.25;4.51583;93.83860;101.96000;97.42000;37.09000;2191.1;275.0;177.0;46.0;29.15;0.000;0.17498;0.04096;0.00;0.000;0.000;0.821;0.947;0.000;0.557;54.732;3.20;-0.05;17982.7;3005.90;24.34;3.40;1.41;410870.72;27596.16;0.00;18014.3;22.81;1.53;0.00;29/03/2024 16:06:38;
30/03/2024;6;2.0TD;3;0.000067796172000000;0.240;1.334185820;70.494376;0.557;2.195;67.742376;3.33;22.33069;0.90913;0.75;0.25;4.51583;93.83860;101.96000;97.42000;37.09000;2191.1;275.0;177.0;46.0;28.46;0.000;0.17498;0.04096;0.00;0.000;0.000;0.819;0.947;0.000;0.557;54.630;4.00;-1.00;18362.3;2866.70;23.65;3.40;1.41;410332.92;22174.56;0.00;18287.4;22.44;1.21;0.00;29/03/2024 16:06:38;
30/03/2024;7;2.0TD;3;0.000070664022000000;0.236;1.311681487;71.029812;0.557;2.195;68.277812;5.24;22.33069;0.90913;0.75;0.25;4.51583;93.83860;101.96000;97.42000;37.09000;2191.1;275.0;177.0;46.0;27.15;0.000;0.17498;0.04096;0.00;0.000;0.000;0.829;0.947;0.000;0.557;55.240;6.00;-0.05;18991.3;2736.90;22.34;3.40;1.41;407494.28;20913.28;0.00;19178.5;21.25;1.09;0.00;29/03/2024 16:06:38;
30/03/2024;8;2.0TD;3;0.000073641791000000;0.225;1.252748239;67.847212;0.557;2.195;65.095212;4.42;22.33069;0.90913;0.75;0.25;4.51583;93.83860;101.96000;97.42000;37.09000;2191.1;275.0;177.0;46.0;25.90;0.000;0.17498;0.04096;0.00;0.000;0.000;0.797;0.947;0.000;0.557;53.138;5.04;-0.05;19769.3;2763.80;21.09;3.40;1.41;401306.92;20670.00;0.00;20010.7;20.05;1.03;0.00;29/03/2024 16:06:38;
30/03/2024;9;2.0TD;3;0.000088936469000000;0.199;1.107303307;61.487351;0.557;2.195;58.735351;2.81;22.33069;0.90913;0.75;0.25;4.51583;93.83860;101.96000;97.42000;37.09000;2191.1;275.0;177.0;46.0;23.42;0.000;0.17498;0.04096;0.00;0.000;0.000;0.735;0.947;0.000;0.557;48.986;3.20;0.00;20947.9;2869.60;18.61;3.40;1.41;331505.36;58872.00;0.00;20971.8;15.81;2.81;0.00;29/03/2024 16:06:38;
30/03/2024;10;2.0TD;3;0.000108999559000000;0.176;0.979989639;53.531619;0.557;2.195;50.779619;0.88;22.33069;0.90913;0.75;0.25;4.51583;93.83860;101.96000;97.42000;37.09000;2191.1;275.0;177.0;46.0;19.63;0.000;0.17498;0.04096;0.00;0.000;0.000;0.648;0.947;0.000;0.557;43.179;1.00;0.00;22029.9;3105.60;14.82;3.40;1.41;266672.08;65021.04;0.00;22376.5;11.92;2.91;0.00;29/03/2024 16:06:38;
30/03/2024;11;2.0TD;3;0.000119839098000000;0.169;0.939116470;51.033978;0.557;2.195;48.281978;0.52;22.33069;0.90913;0.75;0.25;4.51583;93.83860;101.96000;97.42000;37.09000;2191.1;275.0;177.0;46.0;18.14;0.000;0.17498;0.04096;0.00;0.000;0.000;0.620;0.947;0.000;0.557;41.301;0.58;0.00;23793.3;2578.20;13.33;3.40;1.41;260201.72;50319.36;0.00;23290.4;11.17;2.16;0.00;29/03/2024 16:06:38;
30/03/2024;12;2.0TD;3;0.000121017817000000;0.166;0.924869878;49.205380;0.557;2.195;46.453380;0.31;22.33069;0.90913;0.75;0.25;4.51583;93.83860;101.96000;97.42000;37.09000;2191.1;275.0;177.0;46.0;16.91;0.000;0.17498;0.04096;0.00;0.000;0.000;0.598;0.947;0.000;0.557;39.839;0.43;-1.00;24499.0;2475.60;12.10;3.40;1.41;272868.08;12129.60;0.00;23548.9;11.59;0.52;0.00;29/03/2024 16:06:38;
30/03/2024;13;2.0TD;3;0.000119900177000000;0.166;0.919554015;49.796542;0.557;2.195;47.044542;0.31;22.33069;0.90913;0.75;0.25;4.51583;93.83860;101.96000;97.42000;37.09000;2191.1;275.0;177.0;46.0;17.41;0.000;0.17498;0.04096;0.00;0.000;0.000;0.605;0.947;0.000;0.557;40.346;0.43;-1.00;24412.4;2549.50;12.60;3.40;1.41;283492.72;12167.60;0.00;23468.7;12.08;0.52;0.00;29/03/2024 16:06:38;
30/03/2024;14;2.0TD;3;0.000126254561000000;0.160;0.891391632;48.813220;0.557;2.195;46.061220;0.31;22.33069;0.90913;0.75;0.25;4.51583;93.83860;101.96000;97.42000;37.09000;2191.1;275.0;177.0;46.0;16.78;0.000;0.17498;0.04096;0.00;0.000;0.000;0.596;0.947;0.000;0.557;39.707;0.43;-0.99;24982.2;2565.40;11.97;3.40;1.41;272877.16;12167.60;0.00;23809.9;11.46;0.51;0.00;29/03/2024 16:06:38;
30/03/2024;15;2.0TD;3;0.000126500284000000;0.163;0.906966781;48.400853;0.557;2.195;45.648853;0.31;22.33069;0.90913;0.75;0.25;4.51583;93.83860;101.96000;97.42000;37.09000;2191.1;275.0;177.0;46.0;16.33;0.000;0.17498;0.04096;0.00;0.000;0.000;0.589;0.947;0.000;0.557;39.250;0.43;-0.99;24852.1;2524.30;11.52;3.40;1.41;260767.28;11484.00;0.00;23643.0;11.03;0.49;0.00;29/03/2024 16:06:38;
30/03/2024;16;2.0TD;3;0.000113873797000000;0.178;0.990120222;50.053351;0.557;2.195;47.301351;0.31;22.33069;0.90913;0.75;0.25;4.51583;93.83860;101.96000;97.42000;37.09000;2191.1;275.0;177.0;46.0;17.22;0.000;0.17498;0.04096;0.00;0.000;0.000;0.602;0.947;0.000;0.557;40.153;0.43;-1.00;23665.9;2490.00;12.41;3.40;1.41;260762.88;20670.00;0.00;22681.7;11.50;0.91;0.00;29/03/2024 16:06:38;
30/03/2024;17;2.0TD;3;0.000105580003000000;0.189;1.048180526;52.619788;0.557;2.195;49.867788;0.37;22.33069;0.90913;0.75;0.25;4.51583;93.83860;101.96000;97.42000;37.09000;2191.1;275.0;177.0;46.0;18.92;0.000;0.17498;0.04096;0.00;0.000;0.000;0.629;0.947;0.000;0.557;41.940;0.50;-0.99;23111.0;2369.00;14.11;3.40;1.41;260743.36;50562.60;0.00;22064.6;11.82;2.29;0.00;29/03/2024 16:06:38;
30/03/2024;18;2.0TD;3;0.000103719388000000;0.193;1.074803669;53.732407;0.557;2.195;50.980407;1.33;22.33069;0.90913;0.75;0.25;4.51583;93.83860;101.96000;97.42000;37.09000;2191.1;275.0;177.0;46.0;18.74;0.000;0.17498;0.04096;0.00;0.000;0.000;0.641;0.947;0.000;0.557;42.732;1.47;0.00;22387.2;2356.20;13.93;3.40;1.41;260519.92;47927.16;0.00;22136.9;11.77;2.17;0.00;29/03/2024 16:06:38;
30/03/2024;19;2.0TD;3;0.000107681241000000;0.205;1.141127319;54.294608;0.557;2.195;51.542608;3.50;22.33069;0.90913;0.75;0.25;4.51583;93.83860;101.96000;97.42000;37.09000;2191.1;275.0;177.0;46.0;16.61;0.000;0.17498;0.04096;0.00;0.000;0.000;0.642;0.947;0.000;0.557;42.773;3.50;3.49;22295.2;2184.20;11.80;3.40;1.41;259683.80;10901.44;0.00;22922.1;11.33;0.48;0.00;29/03/2024 16:06:38;
30/03/2024;20;2.0TD;3;0.000124337507000000;0.216;1.197755449;59.061249;0.557;2.195;56.309249;9.27;22.33069;0.90913;0.75;0.25;4.51583;93.83860;101.96000;97.42000;37.09000;2191.1;275.0;177.0;46.0;14.32;0.000;0.17498;0.04096;0.00;0.000;0.000;0.695;0.947;0.000;0.557;46.306;9.36;8.16;22239.4;1907.30;9.51;3.40;1.41;224607.28;10249.44;0.00;24684.9;9.10;0.42;0.00;29/03/2024 16:06:38;
30/03/2024;21;2.0TD;3;0.000146915229000000;0.217;1.204506567;64.777559;0.557;2.195;62.025559;16.63;22.33069;0.90913;0.75;0.25;4.51583;93.83860;101.96000;97.42000;37.09000;2191.1;275.0;177.0;46.0;11.55;0.000;0.17498;0.04096;0.00;0.000;0.000;0.764;0.947;0.000;0.557;50.965;16.70;15.70;22584.3;1776.30;6.74;3.40;1.41;158088.96;18194.40;0.00;26137.2;6.05;0.70;0.00;29/03/2024 16:06:38;
30/03/2024;22;2.0TD;3;0.000154429170000000;0.215;1.192717850;65.354812;0.557;2.195;62.602812;16.19;22.33069;0.90913;0.75;0.25;4.51583;93.83860;101.96000;97.42000;37.09000;2191.1;275.0;177.0;46.0;12.54;0.000;0.17498;0.04096;0.00;0.000;0.000;0.773;0.947;0.000;0.557;51.524;16.27;15.27;22902.7;1875.30;7.73;3.40;1.41;159151.60;19215.84;24859.38;26298.5;6.05;0.73;0.95;29/03/2024 16:06:38;
30/03/2024;23;2.0TD;3;0.000145612359000000;0.217;1.206143949;54.338133;0.557;2.195;51.586133;6.24;22.33069;0.90913;0.75;0.25;4.51583;93.83860;101.96000;97.42000;37.09000;2191.1;275.0;177.0;46.0;13.49;0.000;0.17498;0.04096;0.00;0.000;0.000;0.636;0.947;0.000;0.557;42.387;6.66;2.03;22189.4;2210.40;8.68;3.40;1.41;178265.36;10526.88;24859.38;24602.9;7.25;0.43;1.01;29/03/2024 16:06:38;
30/03/2024;24;2.0TD;3;0.000127599676000000;0.223;1.240715731;51.799129;0.557;2.195;49.047129;3.22;22.33069;0.90913;0.75;0.25;4.51583;93.83860;101.96000;97.42000;37.09000;2191.1;275.0;177.0;46.0;14.26;0.000;0.17498;0.04096;0.00;0.000;0.000;0.602;0.947;0.000;0.557;40.103;3.38;1.63;21066.1;2124.80;9.45;3.40;1.41;180275.40;6407.28;24859.38;22379.3;8.06;0.29;1.11;29/03/2024 16:06:38;
*
