pvpcdata;
2025;01;13;09;30;36;
22/12/2024;1;2.0TD;3;0.000132328973000000;0.246;1.367563991;160.895367;0.557;2.195;158.143367;100.29;10.17401;0.74272;0.75;0.25;53.92875;94.62480;101.96000;84.74000;90.60000;2843.6;275.0;200.0;53.0;15.45;0.000;0.17498;0.04096;0.00;0.000;1.904;0.947;0.000;0.557;126.920;100.50;97.51;16415.5;1232.90;11.28;3.25;0.92;213459.40;31800.00;24859.38;23948.9;8.91;1.33;1.04;21/12/2024 16:23:23;
22/12/2024;2;2.0TD;3;0.000111569744000000;0.255;1.418924054;145.907140;0.557;2.195;143.155140;85.00;10.17401;0.74272;0.75;0.25;53.92875;94.62480;101.96000;84.74000;90.60000;2843.6;275.0;200.0;53.0;18.08;0.000;0.17498;0.04096;0.00;0.000;1.711;0.947;0.000;0.557;114.067;85.00;84.96;15688.9;1277.40;13.91;3.25;0.92;255255.04;50240.00;0.00;21962.9;11.62;2.29;0.00;21/12/2024 16:23:23;
22/12/2024;3;2.0TD;3;0.000096298769000000;0.265;1.469968037;137.416108;0.557;2.195;134.664108;72.48;10.17401;0.74272;0.75;0.25;53.92875;94.62480;101.96000;84.74000;90.60000;2843.6;275.0;200.0;53.0;23.10;0.000;0.17498;0.04096;0.00;0.000;1.597;0.947;0.000;0.557;106.453;72.62;70.63;15749.1;1213.60;18.93;3.25;0.92;308566.44;84640.00;0.00;20768.3;14.86;4.08;0.00;21/12/2024 16:23:23;
22/12/2024;4;2.0TD;3;0.000087050706000000;0.270;1.498674562;131.372318;0.557;2.195;128.620318;64.99;10.17401;0.74272;0.75;0.25;53.92875;94.62480;101.96000;84.74000;90.60000;2843.6;275.0;200.0;53.0;25.49;0.000;0.17498;0.04096;0.00;0.000;1.519;0.947;0.000;0.557;101.275;64.99;64.98;15330.5;1395.40;21.32;3.25;0.92;326287.28;102160.00;0.00;20094.7;16.24;5.08;0.00;21/12/2024 16:23:23;
22/12/2024;5;2.0TD;3;0.000082526464000000;0.272;1.512524514;127.080893;0.557;2.195;124.328893;59.88;10.17401;0.74272;0.75;0.25;53.92875;94.62480;101.96000;84.74000;90.60000;2843.6;275.0;200.0;53.0;27.12;0.000;0.17498;0.04096;0.00;0.000;1.466;0.947;0.000;0.557;97.742;59.88;59.88;15471.3;1469.60;22.95;3.25;0.92;338751.24;113200.00;0.00;19690.5;17.20;5.75;0.00;21/12/2024 16:23:23;
22/12/2024;6;2.0TD;3;0.000081884702000000;0.269;1.495312903;125.976774;0.557;2.195;123.224774;59.20;10.17401;0.74272;0.75;0.25;53.92875;94.62480;101.96000;84.74000;90.60000;2843.6;275.0;200.0;53.0;27.17;0.000;0.17498;0.04096;0.00;0.000;1.457;0.947;0.000;0.557;97.103;59.20;59.19;15696.4;1403.30;23.00;3.25;0.92;340552.64;110040.00;0.00;19592.1;17.38;5.62;0.00;21/12/2024 16:23:23;
22/12/2024;7;2.0TD;3;0.000083743677000000;0.262;1.453065425;124.797295;0.557;2.195;122.045295;59.63;10.17401;0.74272;0.75;0.25;53.92875;94.62480;101.96000;84.74000;90.60000;2843.6;275.0;200.0;53.0;26.35;0.000;0.17498;0.04096;0.00;0.000;1.451;0.947;0.000;0.557;96.707;59.63;59.63;15779.1;1465.90;22.18;3.25;0.92;339405.08;107320.00;0.00;20143.3;16.85;5.33;0.00;21/12/2024 16:23:23;
22/12/2024;8;2.0TD;3;0.000089021392000000;0.249;1.381582165;119.101147;0.557;2.195;116.349147;60.27;10.17401;0.74272;0.75;0.25;53.92875;94.62480;101.96000;84.74000;90.60000;2843.6;275.0;200.0;53.0;22.21;0.000;0.17498;0.04096;0.00;0.000;1.397;0.947;0.000;0.557;93.153;60.28;60.13;16211.1;1281.40;18.04;3.25;0.92;278934.04;102480.00;0.00;21141.2;13.19;4.85;0.00;21/12/2024 16:23:23;
22/12/2024;9;2.0TD;3;0.000098241712000000;0.241;1.339211115;117.284933;0.557;2.195;114.532933;60.30;10.17401;0.74272;0.75;0.25;53.92875;94.62480;101.96000;84.74000;90.60000;2843.6;275.0;200.0;53.0;21.33;0.000;0.17498;0.04096;0.00;0.000;1.384;0.947;0.000;0.557;92.290;60.30;60.30;16593.8;1328.50;17.16;3.25;0.92;254502.96;128183.76;0.00;22302.8;11.41;5.75;0.00;21/12/2024 16:23:23;
22/12/2024;10;2.0TD;3;0.000119955942000000;0.219;1.213953460;118.782321;0.557;2.195;116.030321;50.24;10.17401;0.74272;0.75;0.25;53.92875;94.62480;101.96000;84.74000;90.60000;2843.6;275.0;200.0;53.0;34.24;0.000;0.17498;0.04096;0.00;0.000;1.428;0.947;0.000;0.557;95.184;50.24;50.24;19680.8;1421.00;30.07;3.25;0.92;210444.88;514064.68;0.00;24094.0;8.73;21.34;0.00;21/12/2024 16:23:23;
22/12/2024;11;2.0TD;3;0.000139193921000000;0.197;1.094897632;56.886134;0.557;2.195;54.134134;20.00;10.17401;0.74272;0.75;0.25;53.92875;94.62480;101.96000;84.74000;90.60000;2843.6;275.0;200.0;53.0;15.27;0.000;0.17498;0.04096;0.00;0.000;0.678;0.947;0.000;0.557;45.224;20.00;20.00;24504.3;1475.70;11.10;3.25;0.92;195843.04;90203.48;0.00;25767.4;7.60;3.50;0.00;21/12/2024 16:23:23;
22/12/2024;12;2.0TD;3;0.000145559270000000;0.191;1.060323271;54.765162;0.557;2.195;52.013162;16.01;10.17401;0.74272;0.75;0.25;53.92875;94.62480;101.96000;84.74000;90.60000;2843.6;275.0;200.0;53.0;17.73;0.000;0.17498;0.04096;0.00;0.000;0.655;0.947;0.000;0.557;43.671;16.01;16.01;26552.5;1046.80;13.56;3.25;0.92;242258.04;110700.00;0.00;26021.5;9.31;4.25;0.00;21/12/2024 16:23:23;
22/12/2024;13;2.0TD;3;0.000144802771000000;0.188;1.043439363;55.731859;0.557;2.195;52.979859;18.67;10.17401;0.74272;0.75;0.25;53.92875;94.62480;101.96000;84.74000;90.60000;2843.6;275.0;200.0;53.0;15.98;0.000;0.17498;0.04096;0.00;0.000;0.669;0.947;0.000;0.557;44.595;18.67;18.67;27575.9;1086.80;11.81;3.25;0.92;277299.12;27960.00;0.00;25844.1;10.73;1.08;0.00;21/12/2024 16:23:23;
22/12/2024;14;2.0TD;3;0.000150387530000000;0.184;1.021797902;51.659299;0.557;2.195;48.907299;15.38;10.17401;0.74272;0.75;0.25;53.92875;94.62480;101.96000;84.74000;90.60000;2843.6;275.0;200.0;53.0;16.03;0.000;0.17498;0.04096;0.00;0.000;0.620;0.947;0.000;0.557;41.306;15.38;15.38;28334.5;1126.50;11.86;3.25;0.92;275001.36;35828.00;0.00;26210.4;10.49;1.37;0.00;21/12/2024 16:23:23;
22/12/2024;15;2.0TD;3;0.000151063383000000;0.188;1.047210323;45.926107;0.557;2.195;43.174107;10.96;10.17401;0.74272;0.75;0.25;53.92875;94.62480;101.96000;84.74000;90.60000;2843.6;275.0;200.0;53.0;15.56;0.000;0.17498;0.04096;0.00;0.000;0.545;0.947;0.000;0.557;36.341;10.96;10.96;28903.8;1049.30;11.39;3.25;0.92;274081.08;27352.00;0.00;26461.2;10.36;1.03;0.00;21/12/2024 16:23:23;
22/12/2024;16;2.0TD;3;0.000138456287000000;0.204;1.135187072;39.161972;0.557;2.195;36.409972;5.00;10.17401;0.74272;0.75;0.25;53.92875;94.62480;101.96000;84.74000;90.60000;2843.6;275.0;200.0;53.0;15.51;0.000;0.17498;0.04096;0.00;0.000;0.454;0.947;0.000;0.557;30.240;5.00;5.05;28372.0;1085.20;11.34;3.25;0.92;274273.16;19344.00;0.00;25882.9;10.60;0.75;0.00;21/12/2024 16:23:23;
22/12/2024;17;2.0TD;3;0.000133204294000000;0.212;1.177959569;62.560371;0.557;2.195;59.808371;18.60;10.17401;0.74272;0.75;0.25;53.92875;94.62480;101.96000;84.74000;90.60000;2843.6;275.0;200.0;53.0;20.73;0.000;0.17498;0.04096;0.00;0.000;0.740;0.947;0.000;0.557;49.346;18.60;18.60;26711.8;1522.10;16.56;3.25;0.92;215673.00;206944.00;0.00;25518.4;8.45;8.11;0.00;21/12/2024 16:23:23;
22/12/2024;18;2.0TD;3;0.000139503605000000;0.221;1.226767393;109.154629;0.557;2.195;106.402629;55.00;10.17401;0.74272;0.75;0.25;53.92875;94.62480;101.96000;84.74000;90.60000;2843.6;275.0;200.0;53.0;21.56;0.000;0.17498;0.04096;0.00;0.000;1.307;0.947;0.000;0.557;87.143;55.00;55.00;23324.0;1646.80;17.39;3.25;0.92;139111.32;319054.68;0.00;26342.1;5.28;12.11;0.00;21/12/2024 16:23:23;
22/12/2024;19;2.0TD;3;0.000162272237000000;0.223;1.237633455;126.091355;0.557;2.195;123.339355;77.44;10.17401;0.74272;0.75;0.25;53.92875;94.62480;101.96000;84.74000;90.60000;2843.6;275.0;200.0;53.0;12.62;0.000;0.17498;0.04096;0.00;0.000;1.513;0.947;0.000;0.557;100.849;77.44;77.44;22520.8;2659.80;8.45;3.25;0.92;165482.16;73536.00;0.00;28281.0;5.85;2.60;0.00;21/12/2024 16:23:23;
22/12/2024;20;2.0TD;3;0.000173851937000000;0.229;1.271222038;127.744791;0.557;2.195;124.992791;79.97;10.17401;0.74272;0.75;0.25;53.92875;94.62480;101.96000;84.74000;90.60000;2843.6;275.0;200.0;53.0;10.93;0.000;0.17498;0.04096;0.00;0.000;1.526;0.947;0.000;0.557;101.702;79.97;79.97;20446.7;2790.90;6.76;3.25;0.92;162281.64;37320.00;0.00;29540.1;5.49;1.26;0.00;21/12/2024 16:23:23;
22/12/2024;21;2.0TD;3;0.000185787433000000;0.230;1.275144012;133.240044;0.557;2.195;130.488044;84.75;10.17401;0.74272;0.75;0.25;53.92875;94.62480;101.96000;84.74000;90.60000;2843.6;275.0;200.0;53.0;10.47;0.000;0.17498;0.04096;0.00;0.000;1.591;0.947;0.000;0.557;106.087;84.75;84.75;20542.9;2877.10;6.30;3.25;0.92;155952.32;36360.00;0.00;30506.8;5.11;1.19;0.00;21/12/2024 16:23:23;
22/12/2024;22;2.0TD;3;0.000189868983000000;0.227;1.259089013;134.304609;0.557;2.195;131.552609;84.97;10.17401;0.74272;0.75;0.25;53.92875;94.62480;101.96000;84.74000;90.60000;2843.6;275.0;200.0;53.0;11.36;0.000;0.17498;0.04096;0.00;0.000;1.608;0.947;0.000;0.557;107.214;84.97;84.97;20360.3;2895.10;7.19;3.25;0.92;155638.36;38284.80;24859.38;30430.1;5.11;1.26;0.82;21/12/2024 16:23:23;
22/12/2024;23;2.0TD;3;0.000175540433000000;0.229;1.270200641;119.870588;0.557;2.195;117.118588;70.30;10.17401;0.74272;0.75;0.25;53.92875;94.62480;101.96000;84.74000;90.60000;2843.6;275.0;200.0;53.0;14.29;0.000;0.17498;0.04096;0.00;0.000;1.429;0.947;0.000;0.557;95.295;70.30;70.30;20153.0;1227.10;10.12;3.25;0.92;175091.76;85871.28;24859.38;28233.9;6.20;3.04;0.88;21/12/2024 16:23:23;
22/12/2024;24;2.0TD;3;0.000150278145000000;0.236;1.312416731;112.733555;0.557;2.195;109.981555;64.60;10.17401;0.74272;0.75;0.25;53.92875;94.62480;101.96000;84.74000;90.60000;2843.6;275.0;200.0;53.0;13.77;0.000;0.17498;0.04096;0.00;0.000;1.335;0.947;0.000;0.557;88.981;64.60;64.60;20351.8;1745.90;9.60;3.25;0.92;87910.36;132616.00;24859.38;25558.4;3.44;5.19;0.97;21/12/2024 16:23:23;
*
