pvpcdata;
2024;11;12;10;29;17;
18/10/2024;1;2.0TD;3;0.000084717689000000;0.184;1.022597714;99.477233;0.557;2.195;96.725233;50.03;10.27983;1.21191;0.75;0.25;51.98750;93.10680;101.96000;84.74000;75.42000;1716.3;275.0;200.0;45.0;16.26;0.000;0.17498;0.04096;0.00;0.000;1.225;0.947;0.000;0.557;81.693;50.10;48.20;20378.3;739.50;12.02;3.19;1.05;215992.20;49507.00;24859.38;24167.5;8.94;2.05;1.03;17/10/2024 17:19:01;
18/10/2024;2;2.0TD;3;0.000072208691000000;0.192;1.064924604;96.428430;0.557;2.195;93.676430;45.62;10.27983;1.21191;0.75;0.25;51.98750;93.10680;101.96000;84.74000;75.42000;1716.3;275.0;200.0;45.0;17.61;0.000;0.17498;0.04096;0.00;0.000;1.179;0.947;0.000;0.557;78.587;45.62;45.62;20189.0;748.70;13.37;3.19;1.05;229929.88;53007.68;24859.38;23020.7;9.99;2.30;1.08;17/10/2024 17:19:01;
18/10/2024;3;2.0TD;3;0.000064774634000000;0.196;1.090117841;89.456748;0.557;2.195;86.704748;38.06;10.27983;1.21191;0.75;0.25;51.98750;93.10680;101.96000;84.74000;75.42000;1716.3;275.0;200.0;45.0;19.17;0.000;0.17498;0.04096;0.00;0.000;1.087;0.947;0.000;0.557;72.495;38.06;38.06;19528.1;740.60;14.93;3.19;1.05;249958.84;56772.00;24859.38;22207.5;11.26;2.56;1.12;17/10/2024 17:19:01;
18/10/2024;4;2.0TD;3;0.000061268983000000;0.199;1.107026054;78.573893;0.557;2.195;75.821893;30.30;10.27983;1.21191;0.75;0.25;51.98750;93.10680;101.96000;84.74000;75.42000;1716.3;275.0;200.0;45.0;17.81;0.000;0.17498;0.04096;0.00;0.000;0.949;0.947;0.000;0.557;63.237;30.30;30.30;19620.6;765.20;13.57;3.19;1.05;233040.16;63043.20;0.00;21820.9;10.68;2.89;0.00;17/10/2024 17:19:01;
18/10/2024;5;2.0TD;3;0.000060009759000000;0.200;1.111968943;78.819531;0.557;2.195;76.067531;30.29;10.27983;1.21191;0.75;0.25;51.98750;93.10680;101.96000;84.74000;75.42000;1716.3;275.0;200.0;45.0;17.97;0.000;0.17498;0.04096;0.00;0.000;0.951;0.947;0.000;0.557;63.389;30.30;30.00;19522.8;742.30;13.73;3.19;1.05;233023.64;65803.76;0.00;21770.5;10.70;3.02;0.00;17/10/2024 17:19:01;
18/10/2024;6;2.0TD;3;0.000061407101000000;0.196;1.090527822;98.939832;0.557;2.195;96.187832;49.03;10.27983;1.21191;0.75;0.25;51.98750;93.10680;101.96000;84.74000;75.42000;1716.3;275.0;200.0;45.0;16.01;0.000;0.17498;0.04096;0.00;0.000;1.206;0.947;0.000;0.557;80.424;49.03;48.91;19323.5;723.70;11.77;3.19;1.05;201856.36;56377.44;0.00;21947.4;9.20;2.57;0.00;17/10/2024 17:19:01;
18/10/2024;7;2.0TD;3;0.000069369942000000;0.180;0.998636864;107.345559;0.557;2.195;104.593559;57.82;10.27983;1.21191;0.75;0.25;51.98750;93.10680;101.96000;84.74000;75.42000;1716.3;275.0;200.0;45.0;15.31;0.000;0.17498;0.04096;0.00;0.000;1.330;0.947;0.000;0.557;88.638;57.84;57.30;17143.8;748.90;11.07;3.19;1.05;188873.48;52606.16;24859.38;24048.6;7.85;2.19;1.03;17/10/2024 17:19:01;
18/10/2024;8;2.0TD;3;0.000089193346000000;0.161;0.895606282;119.404182;0.557;2.195;116.652182;75.00;10.27983;1.21191;0.75;0.25;51.98750;93.10680;101.96000;84.74000;75.42000;1716.3;275.0;200.0;45.0;9.79;0.000;0.17498;0.04096;0.00;0.000;1.507;0.947;0.000;0.557;100.475;75.00;75.00;17696.3;578.20;5.55;3.19;1.05;91096.92;32615.36;24859.38;26757.8;3.40;1.22;0.93;17/10/2024 17:19:01;
18/10/2024;9;2.0TD;2;0.000096276903000000;0.187;1.145917260;174.840729;19.184;8.779;146.877729;99.45;10.27983;1.21191;0.75;0.25;51.98750;93.10680;101.96000;84.74000;75.42000;1716.3;275.0;200.0;45.0;8.10;0.154;0.17498;0.04096;0.00;0.000;1.856;0.947;0.000;0.557;123.738;99.50;98.50;18029.7;945.40;3.86;3.19;1.05;65606.96;16164.00;24859.38;27653.8;2.37;0.58;0.90;17/10/2024 17:19:01;
18/10/2024;10;2.0TD;2;0.000095485629000000;0.152;0.935536489;146.943413;19.184;8.779;118.980413;75.00;10.27983;1.21191;0.75;0.25;51.98750;93.10680;101.96000;84.74000;75.42000;1716.3;275.0;200.0;45.0;12.40;0.154;0.17498;0.04096;0.00;0.000;1.549;0.947;0.000;0.557;103.281;75.00;75.10;20981.0;643.20;8.16;3.19;1.05;111772.72;98439.88;24859.38;28796.8;3.88;3.42;0.86;17/10/2024 17:19:01;
18/10/2024;11;2.0TD;1;0.000097239849000000;0.150;0.895367184;172.808800;33.081;43.893;95.834800;54.50;10.27983;1.21191;0.75;0.25;51.98750;93.10680;101.96000;84.74000;75.42000;1716.3;275.0;200.0;45.0;12.48;0.926;0.17498;0.04096;0.00;0.000;1.250;0.947;0.000;0.557;83.334;54.50;54.50;25818.2;938.10;8.24;3.19;1.05;139755.52;77468.40;24859.38;29403.0;4.75;2.63;0.85;17/10/2024 17:19:01;
18/10/2024;12;2.0TD;1;0.000096407196000000;0.149;0.894232622;145.382713;33.081;43.893;68.408713;29.88;10.27983;1.21191;0.75;0.25;51.98750;93.10680;101.96000;84.74000;75.42000;1716.3;275.0;200.0;45.0;13.66;0.926;0.17498;0.04096;0.00;0.000;0.893;0.947;0.000;0.557;59.537;29.88;29.88;29930.7;1012.70;9.42;3.19;1.05;172627.32;78400.00;24859.38;29306.1;5.89;2.68;0.85;17/10/2024 17:19:01;
18/10/2024;13;2.0TD;1;0.000099025029000000;0.147;0.882711404;115.197326;33.081;43.893;38.223326;5.00;10.27983;1.21191;0.75;0.25;51.98750;93.10680;101.96000;84.74000;75.42000;1716.3;275.0;200.0;45.0;12.72;0.926;0.17498;0.04096;0.00;0.000;0.500;0.947;0.000;0.557;33.324;5.00;5.00;30460.7;1053.30;8.48;3.19;1.05;206520.24;18488.40;24859.38;29468.4;7.01;0.63;0.84;17/10/2024 17:19:01;
18/10/2024;14;2.0TD;1;0.000104841019000000;0.145;0.866247963;113.805912;33.081;43.893;36.831912;3.81;10.27983;1.21191;0.75;0.25;51.98750;93.10680;101.96000;84.74000;75.42000;1716.3;275.0;200.0;45.0;12.77;0.926;0.17498;0.04096;0.00;0.000;0.483;0.947;0.000;0.557;32.167;3.81;3.81;30537.4;989.50;8.53;3.19;1.05;208115.76;18318.00;24859.38;29438.6;7.07;0.62;0.84;17/10/2024 17:19:01;
18/10/2024;15;2.0TD;2;0.000104985006000000;0.163;1.002760363;64.379564;19.184;8.779;36.416564;3.59;10.27983;1.21191;0.75;0.25;51.98750;93.10680;101.96000;84.74000;75.42000;1716.3;275.0;200.0;45.0;12.92;0.154;0.17498;0.04096;0.00;0.000;0.470;0.947;0.000;0.557;31.312;3.60;3.39;30147.2;1125.80;8.68;3.19;1.05;208344.08;18232.80;24859.38;28978.4;7.19;0.63;0.86;17/10/2024 17:19:01;
18/10/2024;16;2.0TD;2;0.000098463947000000;0.170;1.041115534;64.670122;19.184;8.779;36.707122;3.32;10.27983;1.21191;0.75;0.25;51.98750;93.10680;101.96000;84.74000;75.42000;1716.3;275.0;200.0;45.0;13.25;0.154;0.17498;0.04096;0.00;0.000;0.471;0.947;0.000;0.557;31.373;3.32;3.32;29581.8;977.80;9.01;3.19;1.05;208623.68;18283.92;24859.38;27937.6;7.47;0.65;0.89;17/10/2024 17:19:01;
18/10/2024;17;2.0TD;2;0.000094817927000000;0.177;1.088072988;68.867998;19.184;8.779;40.904998;6.00;10.27983;1.21191;0.75;0.25;51.98750;93.10680;101.96000;84.74000;75.42000;1716.3;275.0;200.0;45.0;13.90;0.154;0.17498;0.04096;0.00;0.000;0.521;0.947;0.000;0.557;34.753;6.00;6.00;29339.1;974.20;9.66;3.19;1.05;204994.92;35758.80;24859.38;27474.4;7.46;1.30;0.90;17/10/2024 17:19:01;
18/10/2024;18;2.0TD;2;0.000096621538000000;0.182;1.119016091;124.062684;19.184;8.779;96.099684;49.97;10.27983;1.21191;0.75;0.25;51.98750;93.10680;101.96000;84.74000;75.42000;1716.3;275.0;200.0;45.0;15.78;0.154;0.17498;0.04096;0.00;0.000;1.220;0.947;0.000;0.557;81.302;49.97;49.97;27086.7;743.40;11.54;3.19;1.05;139838.96;150096.00;24859.38;27275.1;5.13;5.50;0.91;17/10/2024 17:19:01;
18/10/2024;19;2.0TD;1;0.000099870924000000;0.164;0.983305641;211.069837;33.081;43.893;134.095837;81.89;10.27983;1.21191;0.75;0.25;51.98750;93.10680;101.96000;84.74000;75.42000;1716.3;275.0;200.0;45.0;16.48;0.926;0.17498;0.04096;0.00;0.000;1.728;0.947;0.000;0.557;115.202;81.89;81.89;21029.3;713.10;12.24;3.19;1.05;98306.00;211218.40;24859.38;27330.1;3.60;7.73;0.91;17/10/2024 17:19:01;
18/10/2024;20;2.0TD;1;0.000111387850000000;0.170;1.016965221;239.508772;33.081;43.893;162.534772;109.35;10.27983;1.21191;0.75;0.25;51.98750;93.10680;101.96000;84.74000;75.42000;1716.3;275.0;200.0;45.0;12.38;0.926;0.17498;0.04096;0.00;0.000;2.084;0.947;0.000;0.557;138.918;109.56;106.08;18960.6;1200.80;8.14;3.19;1.05;58814.80;140826.00;24859.38;27570.7;2.13;5.11;0.90;17/10/2024 17:19:01;
18/10/2024;21;2.0TD;1;0.000130574901000000;0.172;1.027725807;227.293090;33.081;43.893;150.319090;103.11;10.27983;1.21191;0.75;0.25;51.98750;93.10680;101.96000;84.74000;75.42000;1716.3;275.0;200.0;45.0;8.12;0.926;0.17498;0.04096;0.00;0.000;1.924;0.947;0.000;0.557;128.258;103.25;101.20;18598.7;1327.60;3.88;3.19;1.05;59327.72;27944.00;24859.38;28910.0;2.05;0.97;0.86;17/10/2024 17:19:01;
18/10/2024;22;2.0TD;1;0.000133729286000000;0.173;1.035241956;216.417435;33.081;43.893;139.443435;93.72;10.27983;1.21191;0.75;0.25;51.98750;93.10680;101.96000;84.74000;75.42000;1716.3;275.0;200.0;45.0;8.27;0.926;0.17498;0.04096;0.00;0.000;1.783;0.947;0.000;0.557;118.877;93.89;90.89;18748.5;1148.10;4.03;3.19;1.05;60221.84;27944.00;24859.38;28058.1;2.15;1.00;0.89;17/10/2024 17:19:01;
18/10/2024;23;2.0TD;2;0.000120030576000000;0.199;1.223514116;156.338262;19.184;8.779;128.375262;81.14;10.27983;1.21191;0.75;0.25;51.98750;93.10680;101.96000;84.74000;75.42000;1716.3;275.0;200.0;45.0;9.99;0.154;0.17498;0.04096;0.00;0.000;1.606;0.947;0.000;0.557;107.068;81.20;80.00;17674.9;988.10;5.75;3.19;1.05;72705.56;50299.20;24859.38;25759.2;2.82;1.95;0.97;17/10/2024 17:19:01;
18/10/2024;24;2.0TD;2;0.000103821246000000;0.206;1.262686970;147.354116;19.184;8.779;119.391116;71.02;10.27983;1.21191;0.75;0.25;51.98750;93.10680;101.96000;84.74000;75.42000;1716.3;275.0;200.0;45.0;12.16;0.154;0.17498;0.04096;0.00;0.000;1.485;0.947;0.000;0.557;98.997;71.08;70.08;16393.8;960.60;7.92;3.19;1.05;82608.60;79600.00;24859.38;23624.2;3.50;3.37;1.05;17/10/2024 17:19:01;
*
