pvpcdata;
2025;01;13;09;30;35;
21/12/2024;1;2.0TD;3;0.000132488367000000;0.238;1.322347920;174.012092;0.557;2.195;171.260092;124.92;-0.02536;0.76070;0.75;0.25;94.72625;94.62480;101.96000;84.74000;90.60000;2776.4;275.0;200.0;53.0;9.64;0.000;0.17498;0.04096;0.00;0.000;2.075;0.947;0.000;0.557;138.336;125.80;115.92;18015.1;1753.70;5.47;3.25;0.92;54748.56;61864.00;24859.38;25880.6;2.12;2.39;0.96;20/12/2024 16:07:42;
21/12/2024;2;2.0TD;3;0.000110203906000000;0.251;1.392474825;164.342544;0.557;2.195;161.590544;112.12;-0.02536;0.76070;0.75;0.25;94.72625;94.62480;101.96000;84.74000;90.60000;2776.4;275.0;200.0;53.0;13.41;0.000;0.17498;0.04096;0.00;0.000;1.938;0.947;0.000;0.557;129.169;112.76;105.00;16617.1;1495.80;9.24;3.25;0.92;96143.76;99160.00;24859.38;23824.1;4.04;4.16;1.04;20/12/2024 16:07:42;
21/12/2024;3;2.0TD;3;0.000095384492000000;0.259;1.440648617;153.297051;0.557;2.195;150.545051;96.52;-0.02536;0.76070;0.75;0.25;94.72625;94.62480;101.96000;84.74000;90.60000;2776.4;275.0;200.0;53.0;19.56;0.000;0.17498;0.04096;0.00;0.000;1.794;0.947;0.000;0.557;119.575;97.00;89.00;16422.3;1045.40;15.39;3.25;0.92;169325.40;152800.00;24859.38;22537.1;7.51;6.78;1.10;20/12/2024 16:07:42;
21/12/2024;4;2.0TD;3;0.000087336090000000;0.265;1.474667311;143.700956;0.557;2.195;140.948956;87.30;-0.02536;0.76070;0.75;0.25;94.72625;94.62480;101.96000;84.74000;90.60000;2776.4;275.0;200.0;53.0;20.75;0.000;0.17498;0.04096;0.00;0.000;1.671;0.947;0.000;0.557;111.422;87.30;87.31;16246.4;1524.60;16.58;3.25;0.92;204907.16;157835.00;0.00;21875.0;9.37;7.22;0.00;20/12/2024 16:07:42;
21/12/2024;5;2.0TD;3;0.000083534721000000;0.266;1.478057585;143.208496;0.557;2.195;140.456496;87.09;-0.02536;0.76070;0.75;0.25;94.72625;94.62480;101.96000;84.74000;90.60000;2776.4;275.0;200.0;53.0;20.49;0.000;0.17498;0.04096;0.00;0.000;1.664;0.947;0.000;0.557;110.945;87.09;87.09;16191.3;1383.40;16.32;3.25;0.92;205213.80;146525.00;0.00;21551.6;9.52;6.80;0.00;20/12/2024 16:07:42;
21/12/2024;6;2.0TD;3;0.000083552624000000;0.264;1.469318623;143.140814;0.557;2.195;140.388814;86.88;-0.02536;0.76070;0.75;0.25;94.72625;94.62480;101.96000;84.74000;90.60000;2776.4;275.0;200.0;53.0;20.82;0.000;0.17498;0.04096;0.00;0.000;1.666;0.947;0.000;0.557;111.067;86.88;86.88;16188.0;1400.60;16.65;3.25;0.92;205503.84;151593.36;0.00;21450.7;9.58;7.07;0.00;20/12/2024 16:07:42;
21/12/2024;7;2.0TD;3;0.000086687234000000;0.253;1.404130149;144.997697;0.557;2.195;142.245697;90.70;-0.02536;0.76070;0.75;0.25;94.72625;94.62480;101.96000;84.74000;90.60000;2776.4;275.0;200.0;53.0;19.42;0.000;0.17498;0.04096;0.00;0.000;1.703;0.947;0.000;0.557;113.524;90.80;89.30;16054.6;1132.40;15.25;3.25;0.92;199487.00;138200.00;0.00;22148.4;9.01;6.24;0.00;20/12/2024 16:07:42;
21/12/2024;8;2.0TD;3;0.000095506070000000;0.237;1.318374856;155.425137;0.557;2.195;152.673137;108.09;-0.02536;0.76070;0.75;0.25;94.72625;94.62480;101.96000;84.74000;90.60000;2776.4;275.0;200.0;53.0;11.78;0.000;0.17498;0.04096;0.00;0.000;1.851;0.947;0.000;0.557;123.422;108.59;100.21;16450.6;1045.20;7.61;3.25;0.92;120091.16;59160.00;0.00;23566.2;5.10;2.51;0.00;20/12/2024 16:07:42;
21/12/2024;9;2.0TD;3;0.000110811379000000;0.226;1.254031218;160.353196;0.557;2.195;157.601196;114.58;-0.02536;0.76070;0.75;0.25;94.72625;94.62480;101.96000;84.74000;90.60000;2776.4;275.0;200.0;53.0;10.34;0.000;0.17498;0.04096;0.00;0.000;1.928;0.947;0.000;0.557;128.549;114.98;109.77;17025.0;1404.20;6.17;3.25;0.92;113606.60;41920.00;0.00;25203.3;4.51;1.66;0.00;20/12/2024 16:07:42;
21/12/2024;10;2.0TD;3;0.000134760723000000;0.206;1.146182649;187.277356;0.557;2.195;184.525356;94.88;-0.02536;0.76070;0.75;0.25;94.72625;94.62480;101.96000;84.74000;90.60000;2776.4;275.0;200.0;53.0;54.13;0.000;0.17498;0.04096;0.00;0.000;2.295;0.947;0.000;0.557;153.006;95.00;93.00;19655.7;1229.80;49.96;3.25;0.92;88558.84;1277366.40;0.00;27343.0;3.24;46.72;0.00;20/12/2024 16:07:42;
21/12/2024;11;2.0TD;3;0.000150003878000000;0.189;1.047275750;120.048158;0.557;2.195;117.296158;80.00;-0.02536;0.76070;0.75;0.25;94.72625;94.62480;101.96000;84.74000;90.60000;2776.4;275.0;200.0;53.0;15.47;0.000;0.17498;0.04096;0.00;0.000;1.480;0.947;0.000;0.557;98.651;80.00;80.00;23671.8;1200.60;11.30;3.25;0.92;92240.64;230384.00;0.00;28543.5;3.23;8.07;0.00;20/12/2024 16:07:42;
21/12/2024;12;2.0TD;3;0.000150983985000000;0.183;1.018865601;71.187485;0.557;2.195;68.435485;43.00;-0.02536;0.76070;0.75;0.25;94.72625;94.62480;101.96000;84.74000;90.60000;2776.4;275.0;200.0;53.0;12.28;0.000;0.17498;0.04096;0.00;0.000;0.868;0.947;0.000;0.557;57.849;43.00;43.00;27378.8;1026.60;8.11;3.25;0.92;127605.76;104120.12;0.00;28564.3;4.47;3.65;0.00;20/12/2024 16:07:42;
21/12/2024;13;2.0TD;3;0.000147495705000000;0.183;1.017618702;62.563415;0.557;2.195;59.811415;36.09;-0.02536;0.76070;0.75;0.25;94.72625;94.62480;101.96000;84.74000;90.60000;2776.4;275.0;200.0;53.0;12.01;0.000;0.17498;0.04096;0.00;0.000;0.758;0.947;0.000;0.557;50.559;36.09;36.09;27169.4;1035.10;7.84;3.25;0.92;134191.44;86108.16;0.00;28100.1;4.78;3.06;0.00;20/12/2024 16:07:42;
21/12/2024;14;2.0TD;3;0.000153732887000000;0.182;1.011035733;61.757558;0.557;2.195;59.005558;35.78;-0.02536;0.76070;0.75;0.25;94.72625;94.62480;101.96000;84.74000;90.60000;2776.4;275.0;200.0;53.0;11.69;0.000;0.17498;0.04096;0.00;0.000;0.749;0.947;0.000;0.557;49.920;35.78;35.80;27429.8;1110.80;7.52;3.25;0.92;134466.76;77383.04;0.00;28177.7;4.77;2.75;0.00;20/12/2024 16:07:42;
21/12/2024;15;2.0TD;3;0.000155291926000000;0.187;1.039171906;61.186941;0.557;2.195;58.434941;35.08;-0.02536;0.76070;0.75;0.25;94.72625;94.62480;101.96000;84.74000;90.60000;2776.4;275.0;200.0;53.0;11.71;0.000;0.17498;0.04096;0.00;0.000;0.738;0.947;0.000;0.557;49.229;35.07;35.22;27196.8;1113.40;7.54;3.25;0.92;135072.92;77112.72;0.00;28136.4;4.80;2.74;0.00;20/12/2024 16:07:42;
21/12/2024;16;2.0TD;3;0.000144677010000000;0.198;1.100946838;67.105086;0.557;2.195;64.353086;38.98;-0.02536;0.76070;0.75;0.25;94.72625;94.62480;101.96000;84.74000;90.60000;2776.4;275.0;200.0;53.0;12.23;0.000;0.17498;0.04096;0.00;0.000;0.806;0.947;0.000;0.557;53.717;38.98;38.98;26656.1;1081.70;8.06;3.25;0.92;123579.48;97650.80;0.00;27445.0;4.50;3.56;0.00;20/12/2024 16:07:42;
21/12/2024;17;2.0TD;3;0.000139199091000000;0.204;1.133361529;140.730520;0.557;2.195;137.978520;84.93;-0.02536;0.76070;0.75;0.25;94.72625;94.62480;101.96000;84.74000;90.60000;2776.4;275.0;200.0;53.0;26.25;0.000;0.17498;0.04096;0.00;0.000;1.719;0.947;0.000;0.557;114.600;85.00;83.00;22214.1;845.60;22.08;3.25;0.92;82137.68;509109.40;0.00;26774.1;3.07;19.01;0.00;20/12/2024 16:07:42;
21/12/2024;18;2.0TD;3;0.000144733960000000;0.213;1.182015588;177.659443;0.557;2.195;174.907443;125.92;-0.02536;0.76070;0.75;0.25;94.72625;94.62480;101.96000;84.74000;90.60000;2776.4;275.0;200.0;53.0;14.41;0.000;0.17498;0.04096;0.00;0.000;2.163;0.947;0.000;0.557;144.194;126.20;121.22;19991.8;1187.50;10.24;3.25;0.92;36599.60;241091.00;0.00;27120.0;1.35;8.89;0.00;20/12/2024 16:07:42;
21/12/2024;19;2.0TD;3;0.000165978876000000;0.217;1.204490402;174.715438;0.557;2.195;171.963438;129.77;-0.02536;0.76070;0.75;0.25;94.72625;94.62480;101.96000;84.74000;90.60000;2776.4;275.0;200.0;53.0;7.71;0.000;0.17498;0.04096;0.00;0.000;2.120;0.947;0.000;0.557;141.301;130.12;124.22;19991.8;1249.20;3.54;3.25;0.92;53767.04;48884.00;0.00;29004.1;1.85;1.69;0.00;20/12/2024 16:07:42;
21/12/2024;20;2.0TD;3;0.000173429029000000;0.223;1.238041948;180.032087;0.557;2.195;177.280087;132.86;-0.02536;0.76070;0.75;0.25;94.72625;94.62480;101.96000;84.74000;90.60000;2776.4;275.0;200.0;53.0;8.22;0.000;0.17498;0.04096;0.00;0.000;2.174;0.947;0.000;0.557;144.955;133.24;127.53;19843.0;1422.40;4.05;3.25;0.92;84163.44;35680.00;0.00;29627.4;2.84;1.20;0.00;20/12/2024 16:07:42;
21/12/2024;21;2.0TD;3;0.000180320434000000;0.223;1.239782201;180.255896;0.557;2.195;177.503896;133.15;-0.02536;0.76070;0.75;0.25;94.72625;94.62480;101.96000;84.74000;90.60000;2776.4;275.0;200.0;53.0;8.11;0.000;0.17498;0.04096;0.00;0.000;2.177;0.947;0.000;0.557;145.138;133.48;128.48;20219.8;1448.90;3.94;3.25;0.92;83055.24;35560.00;0.00;30105.0;2.76;1.18;0.00;20/12/2024 16:07:42;
21/12/2024;22;2.0TD;3;0.000183735827000000;0.225;1.248028120;181.714822;0.557;2.195;178.962822;133.16;-0.02536;0.76070;0.75;0.25;94.72625;94.62480;101.96000;84.74000;90.60000;2776.4;275.0;200.0;53.0;9.04;0.000;0.17498;0.04096;0.00;0.000;2.191;0.947;0.000;0.557;146.092;133.48;128.48;20285.1;1401.60;4.87;3.25;0.92;83073.04;36880.00;24859.38;29735.5;2.79;1.24;0.84;20/12/2024 16:07:42;
21/12/2024;23;2.0TD;3;0.000172830288000000;0.230;1.276736174;177.612613;0.557;2.195;174.860613;129.72;-0.02536;0.76070;0.75;0.25;94.72625;94.62480;101.96000;84.74000;90.60000;2776.4;275.0;200.0;53.0;8.61;0.000;0.17498;0.04096;0.00;0.000;2.132;0.947;0.000;0.557;142.163;130.01;125.01;19740.4;1226.60;4.44;3.25;0.92;53441.92;45640.00;24859.38;27891.5;1.92;1.64;0.89;20/12/2024 16:07:42;
21/12/2024;24;2.0TD;3;0.000154533592000000;0.239;1.325312694;175.483592;0.557;2.195;172.731592;126.49;-0.02536;0.76070;0.75;0.25;94.72625;94.62480;101.96000;84.74000;90.60000;2776.4;275.0;200.0;53.0;9.13;0.000;0.17498;0.04096;0.00;0.000;2.091;0.947;0.000;0.557;139.412;126.78;121.79;18502.9;1161.00;4.96;3.25;0.92;57653.08;44680.00;24859.38;25675.2;2.25;1.74;0.97;20/12/2024 16:07:42;
*
