pvpcdata;
2024;06;11;12;31;12;
23/05/2024;1;2.0TD;3;0.000085952852000000;0.187;1.040250203;111.980121;0.557;2.195;109.228121;71.80;3.74303;1.12741;0.75;0.25;60.44667;75.41880;101.96000;48.69000;28.32000;1738.5;275.0;154.0;61.0;12.90;0.000;0.17498;0.04096;0.00;0.000;1.380;0.947;0.000;0.557;92.020;72.00;67.51;16457.6;773.50;8.49;3.16;1.25;155027.96;20480.00;24859.38;23586.6;6.57;0.87;1.05;22/05/2024 16:10:14;
23/05/2024;2;2.0TD;3;0.000071982187000000;0.193;1.070430567;112.811405;0.557;2.195;110.059405;71.00;3.74303;1.12741;0.75;0.25;60.44667;75.41880;101.96000;48.69000;28.32000;1738.5;275.0;154.0;61.0;13.93;0.000;0.17498;0.04096;0.00;0.000;1.384;0.947;0.000;0.557;92.254;71.12;68.10;15419.8;665.20;9.52;3.16;1.25;156071.36;32663.12;24859.38;22452.2;6.95;1.45;1.11;22/05/2024 16:10:14;
23/05/2024;3;2.0TD;3;0.000064433028000000;0.194;1.075342853;96.235420;0.557;2.195;93.483420;54.81;3.74303;1.12741;0.75;0.25;60.44667;75.41880;101.96000;48.69000;28.32000;1738.5;275.0;154.0;61.0;16.37;0.000;0.17498;0.04096;0.00;0.000;1.174;0.947;0.000;0.557;78.294;54.00;69.01;15553.8;888.00;11.96;3.16;1.25;190504.56;42134.40;24859.38;21529.1;8.85;1.96;1.15;22/05/2024 16:10:14;
23/05/2024;4;2.0TD;3;0.000060790625000000;0.194;1.078035220;113.873188;0.557;2.195;111.121188;71.11;3.74303;1.12741;0.75;0.25;60.44667;75.41880;101.96000;48.69000;28.32000;1738.5;275.0;154.0;61.0;14.62;0.000;0.17498;0.04096;0.00;0.000;1.396;0.947;0.000;0.557;93.066;71.30;67.50;14175.6;737.60;10.21;3.16;1.25;183307.64;35354.00;0.00;21418.6;8.56;1.65;0.00;22/05/2024 16:10:14;
23/05/2024;5;2.0TD;3;0.000059507970000000;0.193;1.073054475;113.815911;0.557;2.195;111.063911;71.00;3.74303;1.12741;0.75;0.25;60.44667;75.41880;101.96000;48.69000;28.32000;1738.5;275.0;154.0;61.0;14.76;0.000;0.17498;0.04096;0.00;0.000;1.396;0.947;0.000;0.557;93.096;71.12;68.63;14124.8;704.50;10.35;3.16;1.25;184097.20;35072.00;0.00;21169.5;8.70;1.66;0.00;22/05/2024 16:10:14;
23/05/2024;6;2.0TD;3;0.000060782522000000;0.189;1.051533668;113.576694;0.557;2.195;110.824694;71.56;3.74303;1.12741;0.75;0.25;60.44667;75.41880;101.96000;48.69000;28.32000;1738.5;275.0;154.0;61.0;14.31;0.000;0.17498;0.04096;0.00;0.000;1.398;0.947;0.000;0.557;93.208;71.74;68.00;14266.5;702.70;9.90;3.16;1.25;183235.36;31872.00;0.00;21720.9;8.44;1.47;0.00;22/05/2024 16:10:14;
23/05/2024;7;2.0TD;3;0.000066261508000000;0.175;0.970419413;111.269503;0.557;2.195;108.517503;71.86;3.74303;1.12741;0.75;0.25;60.44667;75.41880;101.96000;48.69000;28.32000;1738.5;275.0;154.0;61.0;13.17;0.000;0.17498;0.04096;0.00;0.000;1.385;0.947;0.000;0.557;92.355;72.00;69.00;15274.7;746.20;8.76;3.16;1.25;164437.80;20480.00;24859.38;23944.4;6.87;0.86;1.04;22/05/2024 16:10:14;
23/05/2024;8;2.0TD;3;0.000078945547000000;0.165;0.915479820;119.264024;0.557;2.195;116.512024;80.62;3.74303;1.12741;0.75;0.25;60.44667;75.41880;101.96000;48.69000;28.32000;1738.5;275.0;154.0;61.0;11.95;0.000;0.17498;0.04096;0.00;0.000;1.500;0.947;0.000;0.557;100.010;80.58;81.58;17484.6;686.20;7.54;3.16;1.25;77977.56;94250.04;24859.38;26154.1;2.98;3.60;0.95;22/05/2024 16:10:14;
23/05/2024;9;2.0TD;2;0.000091114689000000;0.178;1.089719850;149.990042;19.184;8.779;122.027042;82.66;3.74303;1.12741;0.75;0.25;60.44667;75.41880;101.96000;48.69000;28.32000;1738.5;275.0;154.0;61.0;13.28;0.154;0.17498;0.04096;0.00;0.000;1.554;0.947;0.000;0.557;103.588;82.67;82.38;18729.7;770.60;8.87;3.16;1.25;57474.84;162779.28;24859.38;27626.5;2.08;5.89;0.90;22/05/2024 16:10:14;
23/05/2024;10;2.0TD;2;0.000096359930000000;0.146;0.896052702;133.516844;19.184;8.779;105.553844;71.74;3.74303;1.12741;0.75;0.25;60.44667;75.41880;101.96000;48.69000;28.32000;1738.5;275.0;154.0;61.0;12.89;0.154;0.17498;0.04096;0.00;0.000;1.382;0.947;0.000;0.557;92.106;71.74;71.74;23109.1;787.80;8.48;3.16;1.25;66896.56;142862.20;24859.38;27682.5;2.42;5.16;0.90;22/05/2024 16:10:14;
23/05/2024;11;2.0TD;1;0.000101130539000000;0.149;0.889233247;154.775457;33.081;43.893;77.801457;49.35;3.74303;1.12741;0.75;0.25;60.44667;75.41880;101.96000;48.69000;28.32000;1738.5;275.0;154.0;61.0;10.48;0.926;0.17498;0.04096;0.00;0.000;1.016;0.947;0.000;0.557;67.712;49.21;53.21;24505.3;901.20;6.07;3.16;1.25;85388.32;57964.48;24859.38;27715.6;3.08;2.09;0.90;22/05/2024 16:10:14;
23/05/2024;12;2.0TD;1;0.000103082980000000;0.148;0.887934748;147.399577;33.081;43.893;70.425577;42.96;3.74303;1.12741;0.75;0.25;60.44667;75.41880;101.96000;48.69000;28.32000;1738.5;275.0;154.0;61.0;10.60;0.926;0.17498;0.04096;0.00;0.000;0.920;0.947;0.000;0.557;61.346;42.63;52.63;26346.2;889.50;6.19;3.16;1.25;90711.36;54872.92;24859.38;27525.9;3.30;1.99;0.90;22/05/2024 16:10:14;
23/05/2024;13;2.0TD;1;0.000107443261000000;0.146;0.876963199;139.052042;33.081;43.893;62.078042;35.38;3.74303;1.12741;0.75;0.25;60.44667;75.41880;101.96000;48.69000;28.32000;1738.5;275.0;154.0;61.0;11.11;0.926;0.17498;0.04096;0.00;0.000;0.813;0.947;0.000;0.557;54.169;35.01;45.00;26598.5;1027.50;6.70;3.16;1.25;104882.72;56566.40;24859.38;27777.9;3.78;2.04;0.89;22/05/2024 16:10:14;
23/05/2024;14;2.0TD;1;0.000114701847000000;0.144;0.859417027;139.453928;33.081;43.893;62.479928;35.23;3.74303;1.12741;0.75;0.25;60.44667;75.41880;101.96000;48.69000;28.32000;1738.5;275.0;154.0;61.0;11.70;0.926;0.17498;0.04096;0.00;0.000;0.819;0.947;0.000;0.557;54.615;35.00;40.76;26772.9;1129.60;7.29;3.16;1.25;122233.88;57348.00;24859.38;28044.1;4.36;2.04;0.89;22/05/2024 16:10:14;
23/05/2024;15;2.0TD;2;0.000113965192000000;0.162;0.996002243;85.937877;19.184;8.779;57.974877;30.64;3.74303;1.12741;0.75;0.25;60.44667;75.41880;101.96000;48.69000;28.32000;1738.5;275.0;154.0;61.0;12.41;0.154;0.17498;0.04096;0.00;0.000;0.748;0.947;0.000;0.557;49.892;30.39;35.39;26166.4;1352.60;8.00;3.16;1.25;144959.00;50997.60;24859.38;27597.4;5.25;1.85;0.90;22/05/2024 16:10:14;
23/05/2024;16;2.0TD;2;0.000104260729000000;0.169;1.038709642;81.327057;19.184;8.779;53.364057;26.25;3.74303;1.12741;0.75;0.25;60.44667;75.41880;101.96000;48.69000;28.32000;1738.5;275.0;154.0;61.0;12.62;0.154;0.17498;0.04096;0.00;0.000;0.685;0.947;0.000;0.557;45.649;26.10;29.09;26430.1;1363.70;8.21;3.16;1.25;148591.80;47478.40;24859.38;26884.6;5.53;1.77;0.92;22/05/2024 16:10:14;
23/05/2024;17;2.0TD;2;0.000098185521000000;0.177;1.087520294;81.667534;19.184;8.779;53.704534;26.46;3.74303;1.12741;0.75;0.25;60.44667;75.41880;101.96000;48.69000;28.32000;1738.5;275.0;154.0;61.0;12.39;0.154;0.17498;0.04096;0.00;0.000;0.684;0.947;0.000;0.557;45.628;26.31;29.30;25903.7;1360.50;7.98;3.16;1.25;139421.60;47330.40;24859.38;26524.1;5.26;1.78;0.94;22/05/2024 16:10:14;
23/05/2024;18;2.0TD;2;0.000098376649000000;0.182;1.118054992;91.663724;19.184;8.779;63.700724;35.39;3.74303;1.12741;0.75;0.25;60.44667;75.41880;101.96000;48.69000;28.32000;1738.5;275.0;154.0;61.0;11.60;0.154;0.17498;0.04096;0.00;0.000;0.808;0.947;0.000;0.557;53.892;35.01;44.01;24341.9;1082.60;7.19;3.16;1.25;106436.44;59017.20;24859.38;26484.3;4.02;2.23;0.94;22/05/2024 16:10:14;
23/05/2024;19;2.0TD;1;0.000100201261000000;0.161;0.966544915;156.389095;33.081;43.893;79.415095;43.81;3.74303;1.12741;0.75;0.25;60.44667;75.41880;101.96000;48.69000;28.32000;1738.5;275.0;154.0;61.0;16.70;0.926;0.17498;0.04096;0.00;0.000;1.026;0.947;0.000;0.557;68.402;43.56;51.56;23503.5;770.70;12.29;3.16;1.25;90167.44;211297.24;24859.38;26549.6;3.40;7.96;0.94;22/05/2024 16:10:14;
23/05/2024;20;2.0TD;1;0.000105031629000000;0.161;0.964927928;187.529437;33.081;43.893;110.555437;71.12;3.74303;1.12741;0.75;0.25;60.44667;75.41880;101.96000;48.69000;28.32000;1738.5;275.0;154.0;61.0;15.81;0.926;0.17498;0.04096;0.00;0.000;1.428;0.947;0.000;0.557;95.224;71.12;71.12;22260.6;696.70;11.40;3.16;1.25;67753.32;214200.00;24859.38;26910.1;2.52;7.96;0.92;22/05/2024 16:10:14;
23/05/2024;21;2.0TD;1;0.000116529486000000;0.162;0.970352762;182.788417;33.081;43.893;105.814417;68.91;3.74303;1.12741;0.75;0.25;60.44667;75.41880;101.96000;48.69000;28.32000;1738.5;275.0;154.0;61.0;13.92;0.926;0.17498;0.04096;0.00;0.000;1.366;0.947;0.000;0.557;91.062;68.43;76.43;20159.3;1279.70;9.51;3.16;1.25;95580.96;143555.64;24859.38;27766.3;3.44;5.17;0.90;22/05/2024 16:10:14;
23/05/2024;22;2.0TD;1;0.000132626823000000;0.168;1.005672016;203.219991;33.081;43.893;126.245991;91.54;3.74303;1.12741;0.75;0.25;60.44667;75.41880;101.96000;48.69000;28.32000;1738.5;275.0;154.0;61.0;8.06;0.926;0.17498;0.04096;0.00;0.000;1.621;0.947;0.000;0.557;108.087;91.73;87.73;18945.4;927.10;3.65;3.16;1.25;72204.32;8133.08;24859.38;28761.4;2.51;0.28;0.86;22/05/2024 16:10:14;
23/05/2024;23;2.0TD;2;0.000127188907000000;0.197;1.209246970;157.366267;19.184;8.779;129.403267;92.14;3.74303;1.12741;0.75;0.25;60.44667;75.41880;101.96000;48.69000;28.32000;1738.5;275.0;154.0;61.0;8.25;0.154;0.17498;0.04096;0.00;0.000;1.622;0.947;0.000;0.557;108.106;92.30;89.00;17754.9;922.20;3.84;3.16;1.25;71662.16;8309.60;24859.38;27279.0;2.63;0.30;0.91;22/05/2024 16:10:14;
23/05/2024;24;2.0TD;2;0.000105286788000000;0.202;1.239831329;149.998840;19.184;8.779;122.035840;85.65;3.74303;1.12741;0.75;0.25;60.44667;75.41880;101.96000;48.69000;28.32000;1738.5;275.0;154.0;61.0;8.26;0.154;0.17498;0.04096;0.00;0.000;1.523;0.947;0.000;0.557;101.527;85.65;85.65;16493.0;747.50;3.85;3.16;1.25;55205.76;14364.00;24859.38;24538.3;2.25;0.59;1.01;22/05/2024 16:10:14;
*
