pvpcdata;
2024;07;09;11;18;20;
29/06/2024;1;2.0TD;3;0.000101623825000000;0.172;0.958193781;134.140824;0.557;2.195;131.388824;89.52;6.81728;1.08755;0.75;0.25;50.53667;77.80580;101.96000;48.69000;52.19000;1805.9;275.0;154.0;62.0;11.77;0.000;0.17498;0.04096;0.00;0.000;1.682;0.947;0.000;0.557;112.106;90.00;81.60;18043.9;1086.00;7.43;3.20;1.14;89254.20;69935.52;24859.38;24774.5;3.60;2.82;1.00;28/06/2024 16:08:56;
29/06/2024;2;2.0TD;3;0.000087783876000000;0.172;0.958115702;115.566968;0.557;2.195;112.814968;71.60;6.81728;1.08755;0.75;0.25;50.53667;77.80580;101.96000;48.69000;52.19000;1805.9;275.0;154.0;62.0;14.08;0.000;0.17498;0.04096;0.00;0.000;1.444;0.947;0.000;0.557;96.258;71.60;71.59;17574.0;792.00;9.74;3.20;1.14;117860.60;85843.20;24859.38;23469.6;5.02;3.66;1.06;28/06/2024 16:08:56;
29/06/2024;3;2.0TD;3;0.000077377195000000;0.173;0.962284783;88.785104;0.557;2.195;86.033104;47.70;6.81728;1.08755;0.75;0.25;50.53667;77.80580;101.96000;48.69000;52.19000;1805.9;275.0;154.0;62.0;15.41;0.000;0.17498;0.04096;0.00;0.000;1.100;0.947;0.000;0.557;73.344;47.50;52.50;17513.3;721.90;11.07;3.20;1.14;154411.92;70656.00;24859.38;22563.9;6.84;3.13;1.10;28/06/2024 16:08:56;
29/06/2024;4;2.0TD;3;0.000071457150000000;0.173;0.962651741;88.523525;0.557;2.195;85.771525;47.50;6.81728;1.08755;0.75;0.25;50.53667;77.80580;101.96000;48.69000;52.19000;1805.9;275.0;154.0;62.0;15.39;0.000;0.17498;0.04096;0.00;0.000;1.097;0.947;0.000;0.557;73.121;47.50;47.50;16910.0;838.90;11.05;3.20;1.14;154381.96;87560.00;0.00;21887.0;7.05;4.00;0.00;28/06/2024 16:08:56;
29/06/2024;5;2.0TD;3;0.000068283895000000;0.173;0.959697035;88.773374;0.557;2.195;86.021374;47.39;6.81728;1.08755;0.75;0.25;50.53667;77.80580;101.96000;48.69000;52.19000;1805.9;275.0;154.0;62.0;15.71;0.000;0.17498;0.04096;0.00;0.000;1.100;0.947;0.000;0.557;73.334;47.29;49.39;16572.3;787.30;11.37;3.20;1.14;154706.04;87933.60;0.00;21344.9;7.25;4.12;0.00;28/06/2024 16:08:56;
29/06/2024;6;2.0TD;3;0.000067221544000000;0.173;0.963557240;87.261377;0.557;2.195;84.509377;47.01;6.81728;1.08755;0.75;0.25;50.53667;77.80580;101.96000;48.69000;52.19000;1805.9;275.0;154.0;62.0;14.82;0.000;0.17498;0.04096;0.00;0.000;1.081;0.947;0.000;0.557;72.045;47.01;47.01;17348.5;854.40;10.48;3.20;1.14;155132.84;67072.00;0.00;21207.6;7.31;3.16;0.00;28/06/2024 16:08:56;
29/06/2024;7;2.0TD;3;0.000065697293000000;0.171;0.950638793;88.591575;0.557;2.195;85.839575;47.86;6.81728;1.08755;0.75;0.25;50.53667;77.80580;101.96000;48.69000;52.19000;1805.9;275.0;154.0;62.0;15.21;0.000;0.17498;0.04096;0.00;0.000;1.100;0.947;0.000;0.557;73.304;47.29;59.79;16575.7;793.30;10.87;3.20;1.14;154635.12;72530.64;0.00;20889.9;7.40;3.47;0.00;28/06/2024 16:08:56;
29/06/2024;8;2.0TD;3;0.000066590518000000;0.162;0.901205194;96.767683;0.557;2.195;94.015683;50.74;6.81728;1.08755;0.75;0.25;50.53667;77.80580;101.96000;48.69000;52.19000;1805.9;275.0;154.0;62.0;19.82;0.000;0.17498;0.04096;0.00;0.000;1.214;0.947;0.000;0.557;80.908;50.20;60.10;17596.8;1013.50;15.48;3.20;1.14;151113.52;177168.24;0.00;21200.7;7.13;8.36;0.00;28/06/2024 16:08:56;
29/06/2024;9;2.0TD;3;0.000079598915000000;0.149;0.828000687;89.030990;0.557;2.195;86.278990;47.29;6.81728;1.08755;0.75;0.25;50.53667;77.80580;101.96000;48.69000;52.19000;1805.9;275.0;154.0;62.0;17.54;0.000;0.17498;0.04096;0.00;0.000;1.126;0.947;0.000;0.557;75.090;47.29;47.39;19339.4;1014.30;13.20;3.20;1.14;124361.56;174186.56;0.00;22620.8;5.50;7.70;0.00;28/06/2024 16:08:56;
29/06/2024;10;2.0TD;3;0.000097275045000000;0.145;0.806128685;90.032493;0.557;2.195;87.280493;47.01;6.81728;1.08755;0.75;0.25;50.53667;77.80580;101.96000;48.69000;52.19000;1805.9;275.0;154.0;62.0;18.94;0.000;0.17498;0.04096;0.00;0.000;1.143;0.947;0.000;0.557;76.227;46.62;56.63;22004.6;885.20;14.60;3.20;1.14;167559.12;187546.00;0.00;24327.3;6.89;7.71;0.00;28/06/2024 16:08:56;
29/06/2024;11;2.0TD;3;0.000110677634000000;0.145;0.804188933;83.175088;0.557;2.195;80.423088;45.86;6.81728;1.08755;0.75;0.25;50.53667;77.80580;101.96000;48.69000;52.19000;1805.9;275.0;154.0;62.0;14.19;0.000;0.17498;0.04096;0.00;0.000;1.054;0.947;0.000;0.557;70.238;45.06;66.83;23657.1;901.80;9.85;3.20;1.14;191174.68;56738.40;0.00;25165.5;7.60;2.25;0.00;28/06/2024 16:08:56;
29/06/2024;12;2.0TD;3;0.000116722965000000;0.144;0.800202923;70.642113;0.557;2.195;67.890113;35.51;6.81728;1.08755;0.75;0.25;50.53667;77.80580;101.96000;48.69000;52.19000;1805.9;275.0;154.0;62.0;13.81;0.000;0.17498;0.04096;0.00;0.000;0.890;0.947;0.000;0.557;59.344;35.02;45.02;24246.7;1246.10;9.47;3.20;1.14;200635.72;41190.72;0.00;25538.9;7.86;1.61;0.00;28/06/2024 16:08:56;
29/06/2024;13;2.0TD;3;0.000121684450000000;0.145;0.807916013;69.678973;0.557;2.195;66.926973;34.79;6.81728;1.08755;0.75;0.25;50.53667;77.80580;101.96000;48.69000;52.19000;1805.9;275.0;154.0;62.0;13.65;0.000;0.17498;0.04096;0.00;0.000;0.877;0.947;0.000;0.557;58.451;35.01;32.00;24496.6;1909.80;9.31;3.20;1.14;201853.32;40420.80;0.00;26023.4;7.76;1.55;0.00;28/06/2024 16:08:56;
29/06/2024;14;2.0TD;3;0.000131012929000000;0.142;0.788991041;68.761318;0.557;2.195;66.009318;33.68;6.81728;1.08755;0.75;0.25;50.53667;77.80580;101.96000;48.69000;52.19000;1805.9;275.0;154.0;62.0;14.12;0.000;0.17498;0.04096;0.00;0.000;0.867;0.947;0.000;0.557;57.801;35.00;17.50;24536.1;2004.60;9.78;3.20;1.14;217652.12;40155.84;0.00;26364.1;8.26;1.52;0.00;28/06/2024 16:08:56;
29/06/2024;15;2.0TD;3;0.000131797742000000;0.142;0.789278245;41.040410;0.557;2.195;38.288410;8.78;6.81728;1.08755;0.75;0.25;50.53667;77.80580;101.96000;48.69000;52.19000;1805.9;275.0;154.0;62.0;15.11;0.000;0.17498;0.04096;0.00;0.000;0.503;0.947;0.000;0.557;33.527;10.00;-1.31;24478.7;3007.10;10.77;3.20;1.14;271269.32;13457.76;0.00;26434.1;10.26;0.51;0.00;28/06/2024 16:08:56;
29/06/2024;16;2.0TD;3;0.000119211349000000;0.147;0.818296305;32.334856;0.557;2.195;29.582856;0.79;6.81728;1.08755;0.75;0.25;50.53667;77.80580;101.96000;48.69000;52.19000;1805.9;275.0;154.0;62.0;15.48;0.000;0.17498;0.04096;0.00;0.000;0.387;0.947;0.000;0.557;25.791;1.50;-5.50;23541.7;3491.10;11.14;3.20;1.14;277589.32;5493.68;0.00;25403.4;10.93;0.22;0.00;28/06/2024 16:08:56;
29/06/2024;17;2.0TD;3;0.000110132890000000;0.153;0.852695308;45.142627;0.557;2.195;42.390627;11.18;6.81728;1.08755;0.75;0.25;50.53667;77.80580;101.96000;48.69000;52.19000;1805.9;275.0;154.0;62.0;15.90;0.000;0.17498;0.04096;0.00;0.000;0.551;0.947;0.000;0.557;36.765;12.76;0.00;22481.2;3171.50;11.56;3.20;1.14;268290.16;18658.40;0.00;24818.3;10.81;0.75;0.00;28/06/2024 16:08:56;
29/06/2024;18;2.0TD;3;0.000106438011000000;0.161;0.892281754;67.667579;0.557;2.195;64.915579;30.94;6.81728;1.08755;0.75;0.25;50.53667;77.80580;101.96000;48.69000;52.19000;1805.9;275.0;154.0;62.0;15.00;0.000;0.17498;0.04096;0.00;0.000;0.839;0.947;0.000;0.557;55.913;31.86;23.90;21724.6;2835.70;10.66;3.20;1.14;221484.16;42049.84;0.00;24720.5;8.96;1.70;0.00;28/06/2024 16:08:56;
29/06/2024;19;2.0TD;3;0.000105733399000000;0.165;0.918025799;73.307318;0.557;2.195;70.555318;35.28;6.81728;1.08755;0.75;0.25;50.53667;77.80580;101.96000;48.69000;52.19000;1805.9;275.0;154.0;62.0;15.24;0.000;0.17498;0.04096;0.00;0.000;0.908;0.947;0.000;0.557;60.562;35.02;40.02;22183.0;1230.40;10.90;3.20;1.14;177662.48;93648.80;0.00;24892.0;7.14;3.76;0.00;28/06/2024 16:08:56;
29/06/2024;20;2.0TD;3;0.000105416874000000;0.174;0.964129743;89.764777;0.557;2.195;87.012777;46.85;6.81728;1.08755;0.75;0.25;50.53667;77.80580;101.96000;48.69000;52.19000;1805.9;275.0;154.0;62.0;17.02;0.000;0.17498;0.04096;0.00;0.000;1.112;0.947;0.000;0.557;74.116;46.60;52.53;21741.8;971.90;12.68;3.20;1.14;135519.88;187072.00;0.00;25438.6;5.33;7.35;0.00;28/06/2024 16:08:56;
29/06/2024;21;2.0TD;3;0.000108520759000000;0.181;1.005257609;117.692240;0.557;2.195;114.940240;73.39;6.81728;1.08755;0.75;0.25;50.53667;77.80580;101.96000;48.69000;52.19000;1805.9;275.0;154.0;62.0;13.34;0.000;0.17498;0.04096;0.00;0.000;1.460;0.947;0.000;0.557;97.324;73.37;73.93;18160.9;832.50;9.00;3.20;1.14;25758.76;204067.04;0.00;25546.6;1.01;7.99;0.00;28/06/2024 16:08:56;
29/06/2024;22;2.0TD;3;0.000117120372000000;0.184;1.023879914;144.356630;0.557;2.195;141.604630;102.24;6.81728;1.08755;0.75;0.25;50.53667;77.80580;101.96000;48.69000;52.19000;1805.9;275.0;154.0;62.0;6.43;0.000;0.17498;0.04096;0.00;0.000;1.794;0.947;0.000;0.557;119.598;102.36;100.31;17297.1;1051.10;2.09;3.20;1.14;12773.12;15990.00;24859.38;25758.8;0.50;0.62;0.97;28/06/2024 16:08:56;
29/06/2024;23;2.0TD;3;0.000125952582000000;0.183;1.017770033;148.992691;0.557;2.195;146.240691;105.91;6.81728;1.08755;0.75;0.25;50.53667;77.80580;101.96000;48.69000;52.19000;1805.9;275.0;154.0;62.0;6.72;0.000;0.17498;0.04096;0.00;0.000;1.854;0.947;0.000;0.557;123.618;106.08;103.13;16195.9;1012.10;2.38;3.20;1.14;11104.48;24371.60;24859.38;25299.4;0.44;0.96;0.98;28/06/2024 16:08:56;
29/06/2024;24;2.0TD;3;0.000115217165000000;0.182;1.013272177;142.605655;0.557;2.195;139.853655;100.78;6.81728;1.08755;0.75;0.25;50.53667;77.80580;101.96000;48.69000;52.19000;1805.9;275.0;154.0;62.0;6.63;0.000;0.17498;0.04096;0.00;0.000;1.775;0.947;0.000;0.557;118.319;100.94;98.44;15095.4;1020.30;2.29;3.20;1.14;13422.88;15842.24;24859.38;23565.3;0.57;0.67;1.05;28/06/2024 16:08:56;
*
