pvpcdata;
2024;02;09;12;01;37;
11/01/2024;1;2.0TD;3;0.000128522160000000;0.235;1.307601119;129.366888;0.557;2.195;126.614888;91.75;0.33044;0.66494;0.75;0.25;96.97083;98.29260;101.96000;97.42000;81.63000;3092.0;275.0;177.0;62.0;7.68;0.000;0.17498;0.03702;0.00;0.000;0.000;1.538;0.565;0.000;0.557;102.522;91.75;91.75;16226.1;1092.10;2.54;3.56;1.58;30922.52;12679.92;24859.38;26877.1;1.15;0.47;0.92;10/01/2024 16:09:52;
11/01/2024;2;2.0TD;3;0.000104668841000000;0.245;1.358564241;123.806060;0.557;2.195;121.054060;86.26;0.33044;0.66494;0.75;0.25;96.97083;98.29260;101.96000;97.42000;81.63000;3092.0;275.0;177.0;62.0;7.96;0.000;0.17498;0.03702;0.00;0.000;0.000;1.458;0.565;0.000;0.557;97.232;86.18;87.39;16537.3;1096.30;2.82;3.56;1.58;35729.64;10118.32;24859.38;25027.6;1.43;0.40;0.99;10/01/2024 16:09:52;
11/01/2024;3;2.0TD;3;0.000091849089000000;0.251;1.394257446;119.944650;0.557;2.195;117.192650;82.40;0.33044;0.66494;0.75;0.25;96.97083;98.29260;101.96000;97.42000;81.63000;3092.0;275.0;177.0;62.0;8.32;0.000;0.17498;0.03702;0.00;0.000;0.000;1.405;0.565;0.000;0.557;93.679;82.10;87.10;16756.1;1051.60;3.18;3.56;1.58;38808.12;11847.40;24859.38;23745.3;1.63;0.50;1.05;10/01/2024 16:09:52;
11/01/2024;4;2.0TD;3;0.000085407443000000;0.255;1.417652186;116.637196;0.557;2.195;113.885196;80.39;0.33044;0.66494;0.75;0.25;96.97083;98.29260;101.96000;97.42000;81.63000;3092.0;275.0;177.0;62.0;7.44;0.000;0.17498;0.03702;0.00;0.000;0.000;1.361;0.565;0.000;0.557;90.745;80.00;86.01;16866.3;1157.70;2.30;3.56;1.58;40123.36;13687.44;0.00;23355.7;1.72;0.59;0.00;10/01/2024 16:09:52;
11/01/2024;5;2.0TD;3;0.000083209248000000;0.256;1.419899936;116.141390;0.557;2.195;113.389390;79.98;0.33044;0.66494;0.75;0.25;96.97083;98.29260;101.96000;97.42000;81.63000;3092.0;275.0;177.0;62.0;7.39;0.000;0.17498;0.03702;0.00;0.000;0.000;1.354;0.565;0.000;0.557;90.278;79.60;85.67;16912.8;1119.00;2.25;3.56;1.58;40570.28;11847.40;0.00;23250.5;1.74;0.51;0.00;10/01/2024 16:09:52;
11/01/2024;6;2.0TD;3;0.000085508600000000;0.250;1.387636540;117.363471;0.557;2.195;114.611471;81.50;0.33044;0.66494;0.75;0.25;96.97083;98.29260;101.96000;97.42000;81.63000;3092.0;275.0;177.0;62.0;7.26;0.000;0.17498;0.03702;0.00;0.000;0.000;1.375;0.565;0.000;0.557;91.689;81.10;87.11;16739.5;1189.70;2.12;3.56;1.58;39644.60;11207.00;0.00;23930.2;1.66;0.47;0.00;10/01/2024 16:09:52;
11/01/2024;7;2.0TD;3;0.000096987645000000;0.228;1.267085837;123.301293;0.557;2.195;120.549293;86.14;0.33044;0.66494;0.75;0.25;96.97083;98.29260;101.96000;97.42000;81.63000;3092.0;275.0;177.0;62.0;9.00;0.000;0.17498;0.03702;0.00;0.000;0.000;1.473;0.565;0.000;0.557;98.167;85.91;89.11;16095.6;1219.10;3.86;3.56;1.58;67968.68;11591.24;24859.38;27025.6;2.51;0.43;0.92;10/01/2024 16:09:52;
11/01/2024;8;2.0TD;3;0.000124153214000000;0.215;1.192250931;140.058149;0.557;2.195;137.306149;102.38;0.33044;0.66494;0.75;0.25;96.97083;98.29260;101.96000;97.42000;81.63000;3092.0;275.0;177.0;62.0;7.38;0.000;0.17498;0.03702;0.00;0.000;0.000;1.695;0.565;0.000;0.557;113.009;102.05;107.30;19003.2;1285.10;2.24;3.56;1.58;34191.56;10886.80;24859.38;31214.2;1.10;0.35;0.80;10/01/2024 16:09:52;
11/01/2024;9;2.0TD;2;0.000139650294000000;0.200;1.227011672;178.361612;19.184;8.779;150.398612;114.28;0.33044;0.66494;0.75;0.25;96.97083;98.29260;101.96000;97.42000;81.63000;3092.0;275.0;177.0;62.0;7.44;0.178;0.17498;0.03702;0.00;0.000;0.000;1.880;0.565;0.000;0.557;125.332;113.84;120.02;20806.8;1613.10;2.30;3.56;1.58;28289.84;24840.00;24859.38;33870.4;0.84;0.73;0.73;10/01/2024 16:09:52;
11/01/2024;10;2.0TD;2;0.000144240369000000;0.191;1.171664106;172.711395;19.184;8.779;144.748395;110.38;0.33044;0.66494;0.75;0.25;96.97083;98.29260;101.96000;97.42000;81.63000;3092.0;275.0;177.0;62.0;7.60;0.178;0.17498;0.03702;0.00;0.000;0.000;1.823;0.565;0.000;0.557;121.535;110.00;115.12;21233.4;1720.80;2.46;3.56;1.58;30314.40;30168.00;24859.38;34665.6;0.87;0.87;0.72;10/01/2024 16:09:52;
11/01/2024;11;2.0TD;1;0.000150080578000000;0.185;1.107051247;207.182009;33.081;43.893;130.208009;97.85;0.33044;0.66494;0.75;0.25;96.97083;98.29260;101.96000;97.42000;81.63000;3092.0;275.0;177.0;62.0;7.76;1.068;0.17498;0.03702;0.00;0.000;0.000;1.648;0.565;0.000;0.557;109.880;97.63;100.83;21233.6;1572.80;2.62;3.56;1.58;43084.76;22954.24;24859.38;34706.8;1.24;0.66;0.72;10/01/2024 16:09:52;
11/01/2024;12;2.0TD;1;0.000148156484000000;0.184;1.099905562;193.188545;33.081;43.893;116.214545;86.43;0.33044;0.66494;0.75;0.25;96.97083;98.29260;101.96000;97.42000;81.63000;3092.0;275.0;177.0;62.0;7.63;1.068;0.17498;0.03702;0.00;0.000;0.000;1.472;0.565;0.000;0.557;98.154;86.18;89.80;22192.5;1623.00;2.49;3.56;1.58;49439.48;11911.44;24859.38;34633.3;1.43;0.34;0.72;10/01/2024 16:09:52;
11/01/2024;13;2.0TD;1;0.000147036347000000;0.182;1.088910214;190.544315;33.081;43.893;113.570315;84.15;0.33044;0.66494;0.75;0.25;96.97083;98.29260;101.96000;97.42000;81.63000;3092.0;275.0;177.0;62.0;7.87;1.068;0.17498;0.03702;0.00;0.000;0.000;1.441;0.565;0.000;0.557;96.083;83.89;87.89;22785.3;1577.20;2.73;3.56;1.58;59268.08;9549.24;24859.38;34290.2;1.73;0.28;0.72;10/01/2024 16:09:52;
11/01/2024;14;2.0TD;1;0.000153901456000000;0.180;1.079685482;188.243488;33.081;43.893;111.269488;82.38;0.33044;0.66494;0.75;0.25;96.97083;98.29260;101.96000;97.42000;81.63000;3092.0;275.0;177.0;62.0;7.88;1.068;0.17498;0.03702;0.00;0.000;0.000;1.414;0.565;0.000;0.557;94.296;82.18;85.38;22861.9;1520.60;2.74;3.56;1.58;60363.92;8965.60;24859.38;34332.7;1.76;0.26;0.72;10/01/2024 16:09:52;
11/01/2024;15;2.0TD;2;0.000155866833000000;0.181;1.112484104;138.823678;19.184;8.779;110.860678;83.13;0.33044;0.66494;0.75;0.25;96.97083;98.29260;101.96000;97.42000;81.63000;3092.0;275.0;177.0;62.0;7.60;0.178;0.17498;0.03702;0.00;0.000;0.000;1.408;0.565;0.000;0.557;93.870;83.00;85.00;22780.4;1568.70;2.46;3.56;1.58;51293.56;7955.64;24859.38;34247.6;1.50;0.23;0.73;10/01/2024 16:09:52;
11/01/2024;16;2.0TD;2;0.000150727525000000;0.190;1.167348226;141.710550;19.184;8.779;113.747550;85.00;0.33044;0.66494;0.75;0.25;96.97083;98.29260;101.96000;97.42000;81.63000;3092.0;275.0;177.0;62.0;7.42;0.178;0.17498;0.03702;0.00;0.000;0.000;1.434;0.565;0.000;0.557;95.586;85.00;85.00;22452.7;1545.50;2.28;3.56;1.58;42167.20;9653.36;24859.38;33749.4;1.25;0.29;0.74;10/01/2024 16:09:52;
11/01/2024;17;2.0TD;2;0.000147186777000000;0.199;1.223413762;158.199791;19.184;8.779;130.236791;97.66;0.33044;0.66494;0.75;0.25;96.97083;98.29260;101.96000;97.42000;81.63000;3092.0;275.0;177.0;62.0;7.60;0.178;0.17498;0.03702;0.00;0.000;0.000;1.629;0.565;0.000;0.557;108.621;97.63;98.00;21286.0;1552.10;2.46;3.56;1.58;36783.00;20027.12;24859.38;33298.5;1.10;0.60;0.75;10/01/2024 16:09:52;
11/01/2024;18;2.0TD;2;0.000152766719000000;0.206;1.261220406;184.904817;19.184;8.779;156.941817;118.61;0.33044;0.66494;0.75;0.25;96.97083;98.29260;101.96000;97.42000;81.63000;3092.0;275.0;177.0;62.0;7.84;0.178;0.17498;0.03702;0.00;0.000;0.000;1.952;0.565;0.000;0.557;130.134;118.50;120.15;21078.2;1576.50;2.70;3.56;1.58;27200.08;39192.32;24859.38;33818.2;0.80;1.16;0.74;10/01/2024 16:09:52;
11/01/2024;19;2.0TD;1;0.000175079304000000;0.207;1.237554919;247.193802;33.081;43.893;170.219802;129.18;0.33044;0.66494;0.75;0.25;96.97083;98.29260;101.96000;97.42000;81.63000;3092.0;275.0;177.0;62.0;7.11;1.068;0.17498;0.03702;0.00;0.000;0.000;2.115;0.565;0.000;0.557;141.027;128.93;132.31;21459.8;1717.10;1.97;3.56;1.58;20874.48;22400.00;24859.38;34721.9;0.60;0.65;0.72;10/01/2024 16:09:52;
11/01/2024;20;2.0TD;1;0.000195777365000000;0.209;1.252585100;251.232219;33.081;43.893;174.258219;132.31;0.33044;0.66494;0.75;0.25;96.97083;98.29260;101.96000;97.42000;81.63000;3092.0;275.0;177.0;62.0;7.04;1.068;0.17498;0.03702;0.00;0.000;0.000;2.162;0.565;0.000;0.557;144.134;132.31;132.31;21442.0;1588.60;1.90;3.56;1.58;17410.96;25152.00;24859.38;35561.9;0.49;0.71;0.70;10/01/2024 16:09:52;
11/01/2024;21;2.0TD;1;0.000209602739000000;0.210;1.257732477;234.018904;33.081;43.893;157.044904;117.93;0.33044;0.66494;0.75;0.25;96.97083;98.29260;101.96000;97.42000;81.63000;3092.0;275.0;177.0;62.0;7.29;1.068;0.17498;0.03702;0.00;0.000;0.000;1.947;0.565;0.000;0.557;129.789;117.93;117.93;21008.2;1618.80;2.15;3.56;1.58;25996.72;27520.00;24859.38;36327.3;0.72;0.76;0.68;10/01/2024 16:09:52;
11/01/2024;22;2.0TD;1;0.000211875025000000;0.213;1.272623673;222.512380;33.081;43.893;145.538380;108.13;0.33044;0.66494;0.75;0.25;96.97083;98.29260;101.96000;97.42000;81.63000;3092.0;275.0;177.0;62.0;7.43;1.068;0.17498;0.03702;0.00;0.000;0.000;1.800;0.565;0.000;0.557;119.982;108.33;105.52;20375.8;1586.60;2.29;3.56;1.58;31244.40;25152.00;24859.38;35513.7;0.88;0.71;0.70;10/01/2024 16:09:52;
11/01/2024;23;2.0TD;2;0.000193277800000000;0.219;1.341123426;162.674905;19.184;8.779;134.711905;99.62;0.33044;0.66494;0.75;0.25;96.97083;98.29260;101.96000;97.42000;81.63000;3092.0;275.0;177.0;62.0;7.50;0.178;0.17498;0.03702;0.00;0.000;0.000;1.658;0.565;0.000;0.557;110.510;100.00;95.02;18058.5;1479.50;2.36;3.56;1.58;36430.92;15775.56;24859.38;32599.6;1.12;0.48;0.76;10/01/2024 16:09:52;
11/01/2024;24;2.0TD;2;0.000161268003000000;0.224;1.375650886;153.633744;19.184;8.779;125.670744;92.75;0.33044;0.66494;0.75;0.25;96.97083;98.29260;101.96000;97.42000;81.63000;3092.0;275.0;177.0;62.0;6.65;0.178;0.17498;0.03702;0.00;0.000;0.000;1.540;0.565;0.000;0.557;102.672;93.26;88.00;15344.3;1653.90;1.51;3.56;1.58;4953.92;14729.20;24859.38;29423.5;0.17;0.50;0.84;10/01/2024 16:09:52;
*
