pvpcdata;
2024;06;11;12;30;55;
04/05/2024;1;2.0TD;3;0.000085226561000000;0.192;1.068751721;84.263792;0.557;2.195;81.511792;34.60;15.15574;1.05280;0.75;0.25;14.79583;75.41880;101.96000;48.69000;28.32000;1861.7;275.0;154.0;61.0;15.08;0.000;0.17498;0.04096;0.00;0.000;1.026;0.947;0.000;0.557;68.382;35.00;30.10;19409.2;1702.70;10.67;3.16;1.25;206098.32;20735.00;24859.38;23574.0;8.74;0.88;1.05;03/05/2024 16:10:30;
04/05/2024;2;2.0TD;3;0.000071929853000000;0.195;1.081808163;84.335099;0.557;2.195;81.583099;32.54;15.15574;1.05280;0.75;0.25;14.79583;75.41880;101.96000;48.69000;28.32000;1861.7;275.0;154.0;61.0;17.03;0.000;0.17498;0.04096;0.00;0.000;1.024;0.947;0.000;0.557;68.270;33.11;25.91;18409.8;1569.70;12.62;3.16;1.25;221911.80;32793.20;24859.38;22150.6;10.02;1.48;1.12;03/05/2024 16:10:30;
04/05/2024;3;2.0TD;3;0.000063050688000000;0.198;1.099905606;80.222319;0.557;2.195;77.470319;27.47;15.15574;1.05280;0.75;0.25;14.79583;75.41880;101.96000;48.69000;28.32000;1861.7;275.0;154.0;61.0;18.55;0.000;0.17498;0.04096;0.00;0.000;0.970;0.947;0.000;0.557;64.666;27.94;21.93;17705.8;1512.20;14.14;3.16;1.25;236402.76;37027.20;24859.38;21100.2;11.20;1.75;1.18;03/05/2024 16:10:30;
04/05/2024;4;2.0TD;3;0.000058159198000000;0.197;1.096142342;70.071730;0.557;2.195;67.319730;18.83;15.15574;1.05280;0.75;0.25;14.79583;75.41880;101.96000;48.69000;28.32000;1861.7;275.0;154.0;61.0;18.89;0.000;0.17498;0.04096;0.00;0.000;0.844;0.947;0.000;0.557;56.240;18.90;18.22;17344.6;2039.80;14.48;3.16;1.25;261438.20;31664.64;0.00;20247.0;12.91;1.56;0.00;03/05/2024 16:10:30;
04/05/2024;5;2.0TD;3;0.000056102230000000;0.197;1.095726507;67.276735;0.557;2.195;64.524735;15.97;15.15574;1.05280;0.75;0.25;14.79583;75.41880;101.96000;48.69000;28.32000;1861.7;275.0;154.0;61.0;19.45;0.000;0.17498;0.04096;0.00;0.000;0.809;0.947;0.000;0.557;53.905;16.20;13.51;16968.2;1620.90;15.04;3.16;1.25;269535.08;32558.40;0.00;20079.5;13.42;1.62;0.00;03/05/2024 16:10:30;
04/05/2024;6;2.0TD;3;0.000055649994000000;0.198;1.099780341;70.638319;0.557;2.195;67.886319;18.83;15.15574;1.05280;0.75;0.25;14.79583;75.41880;101.96000;48.69000;28.32000;1861.7;275.0;154.0;61.0;19.31;0.000;0.17498;0.04096;0.00;0.000;0.850;0.947;0.000;0.557;56.666;18.90;18.22;16973.9;1896.10;14.90;3.16;1.25;260657.00;35753.64;0.00;19893.8;13.10;1.80;0.00;03/05/2024 16:10:30;
04/05/2024;7;2.0TD;3;0.000055805832000000;0.195;1.083583981;73.246694;0.557;2.195;70.494694;22.03;15.15574;1.05280;0.75;0.25;14.79583;75.41880;101.96000;48.69000;28.32000;1861.7;275.0;154.0;61.0;18.40;0.000;0.17498;0.04096;0.00;0.000;0.885;0.947;0.000;0.557;58.991;22.23;19.74;16880.0;1507.50;13.99;3.16;1.25;249996.16;38328.00;0.00;20606.9;12.13;1.86;0.00;03/05/2024 16:10:30;
04/05/2024;8;2.0TD;3;0.000056941410000000;0.191;1.061158451;76.202609;0.557;2.195;73.450609;26.08;15.15574;1.05280;0.75;0.25;14.79583;75.41880;101.96000;48.69000;28.32000;1861.7;275.0;154.0;61.0;16.99;0.000;0.17498;0.04096;0.00;0.000;0.925;0.947;0.000;0.557;61.671;26.22;24.22;18205.4;1418.40;12.58;3.16;1.25;232340.64;36743.36;0.00;21393.0;10.86;1.72;0.00;03/05/2024 16:10:30;
04/05/2024;9;2.0TD;3;0.000071019693000000;0.172;0.956674471;65.987701;0.557;2.195;63.235701;16.63;15.15574;1.05280;0.75;0.25;14.79583;75.41880;101.96000;48.69000;28.32000;1861.7;275.0;154.0;61.0;18.84;0.000;0.17498;0.04096;0.00;0.000;0.809;0.947;0.000;0.557;53.955;16.20;25.43;21121.5;1040.90;14.43;3.16;1.25;268292.44;57258.24;0.00;22558.6;11.89;2.54;0.00;03/05/2024 16:10:30;
04/05/2024;10;2.0TD;3;0.000089573439000000;0.159;0.881054593;49.754522;0.557;2.195;47.002522;2.17;15.15574;1.05280;0.75;0.25;14.79583;75.41880;101.96000;48.69000;28.32000;1861.7;275.0;154.0;61.0;20.10;0.000;0.17498;0.04096;0.00;0.000;0.608;0.947;0.000;0.557;40.554;2.10;3.25;24628.9;1691.00;15.69;3.16;1.25;283817.12;92650.40;0.00;23994.2;11.83;3.86;0.00;03/05/2024 16:10:30;
04/05/2024;11;2.0TD;3;0.000101381963000000;0.152;0.846162767;46.980017;0.557;2.195;44.228017;0.01;15.15574;1.05280;0.75;0.25;14.79583;75.41880;101.96000;48.69000;28.32000;1861.7;275.0;154.0;61.0;20.13;0.000;0.17498;0.04096;0.00;0.000;0.576;0.947;0.000;0.557;38.392;0.01;0.00;26754.7;2529.10;15.72;3.16;1.25;322965.52;66169.44;0.00;24761.5;13.04;2.67;0.00;03/05/2024 16:10:30;
04/05/2024;12;2.0TD;3;0.000103611290000000;0.151;0.837081881;47.479142;0.557;2.195;44.727142;0.00;15.15574;1.05280;0.75;0.25;14.79583;75.41880;101.96000;48.69000;28.32000;1861.7;275.0;154.0;61.0;20.60;0.000;0.17498;0.04096;0.00;0.000;0.583;0.947;0.000;0.557;38.859;0.00;0.00;27311.5;2026.50;16.19;3.16;1.25;342099.48;54048.16;0.00;24467.6;13.98;2.21;0.00;03/05/2024 16:10:30;
04/05/2024;13;2.0TD;3;0.000104732174000000;0.149;0.828734443;47.412913;0.557;2.195;44.660913;-0.14;15.15574;1.05280;0.75;0.25;14.79583;75.41880;101.96000;48.69000;28.32000;1861.7;275.0;154.0;61.0;20.75;0.000;0.17498;0.04096;0.00;0.000;0.583;0.947;0.000;0.557;38.869;0.00;-2.00;27510.1;2003.90;16.34;3.16;1.25;342121.32;55236.96;0.00;24317.0;14.07;2.27;0.00;03/05/2024 16:10:30;
04/05/2024;14;2.0TD;3;0.000111072785000000;0.146;0.812041559;47.797107;0.557;2.195;45.045107;-0.14;15.15574;1.05280;0.75;0.25;14.79583;75.41880;101.96000;48.69000;28.32000;1861.7;275.0;154.0;61.0;21.18;0.000;0.17498;0.04096;0.00;0.000;0.590;0.947;0.000;0.557;39.306;0.00;-2.00;27655.6;2043.80;16.77;3.16;1.25;357595.20;52192.60;0.00;24438.6;14.63;2.14;0.00;03/05/2024 16:10:30;
04/05/2024;15;2.0TD;3;0.000109643094000000;0.147;0.813990888;46.788055;0.557;2.195;44.036055;-0.22;15.15574;1.05280;0.75;0.25;14.79583;75.41880;101.96000;48.69000;28.32000;1861.7;275.0;154.0;61.0;20.36;0.000;0.17498;0.04096;0.00;0.000;0.576;0.947;0.000;0.557;38.392;0.00;-3.00;27090.8;2120.40;15.95;3.16;1.25;342157.44;39616.00;0.00;23929.7;14.30;1.66;0.00;03/05/2024 16:10:30;
04/05/2024;16;2.0TD;3;0.000095359219000000;0.157;0.870383489;47.112972;0.557;2.195;44.360972;-0.23;15.15574;1.05280;0.75;0.25;14.79583;75.41880;101.96000;48.69000;28.32000;1861.7;275.0;154.0;61.0;20.32;0.000;0.17498;0.04096;0.00;0.000;0.575;0.947;0.000;0.557;38.341;0.00;-3.00;26020.9;2184.50;15.91;3.16;1.25;342187.76;20787.00;0.00;22810.1;15.00;0.91;0.00;03/05/2024 16:10:30;
04/05/2024;17;2.0TD;3;0.000086199190000000;0.162;0.901695818;47.753211;0.557;2.195;45.001211;-0.37;15.15574;1.05280;0.75;0.25;14.79583;75.41880;101.96000;48.69000;28.32000;1861.7;275.0;154.0;61.0;20.84;0.000;0.17498;0.04096;0.00;0.000;0.581;0.947;0.000;0.557;38.727;0.00;-4.60;24830.1;2177.20;16.43;3.16;1.25;342212.56;21159.60;0.00;22121.1;15.47;0.96;0.00;03/05/2024 16:10:30;
04/05/2024;18;2.0TD;3;0.000083188723000000;0.168;0.932068614;48.151431;0.557;2.195;45.399431;-0.29;15.15574;1.05280;0.75;0.25;14.79583;75.41880;101.96000;48.69000;28.32000;1861.7;275.0;154.0;61.0;20.90;0.000;0.17498;0.04096;0.00;0.000;0.583;0.947;0.000;0.557;38.869;0.00;-3.82;24603.2;2059.40;16.49;3.16;1.25;342184.20;20761.00;0.00;22007.5;15.55;0.94;0.00;03/05/2024 16:10:30;
04/05/2024;19;2.0TD;3;0.000083259073000000;0.172;0.954112010;46.450461;0.557;2.195;43.698461;0.00;15.15574;1.05280;0.75;0.25;14.79583;75.41880;101.96000;48.69000;28.32000;1861.7;275.0;154.0;61.0;19.05;0.000;0.17498;0.04096;0.00;0.000;0.559;0.947;0.000;0.557;37.285;0.00;0.00;24903.4;1996.40;14.64;3.16;1.25;284851.96;43960.20;0.00;22457.4;12.68;1.96;0.00;03/05/2024 16:10:30;
04/05/2024;20;2.0TD;3;0.000085010207000000;0.183;1.015232179;50.091373;0.557;2.195;47.339373;3.25;15.15574;1.05280;0.75;0.25;14.79583;75.41880;101.96000;48.69000;28.32000;1861.7;275.0;154.0;61.0;18.49;0.000;0.17498;0.04096;0.00;0.000;0.600;0.947;0.000;0.557;40.016;3.25;3.25;23579.1;1491.90;14.08;3.16;1.25;259672.32;69037.12;0.00;23352.1;11.12;2.96;0.00;03/05/2024 16:10:30;
04/05/2024;21;2.0TD;3;0.000092330627000000;0.186;1.033490516;76.050804;0.557;2.195;73.298804;29.50;15.15574;1.05280;0.75;0.25;14.79583;75.41880;101.96000;48.69000;28.32000;1861.7;275.0;154.0;61.0;13.70;0.000;0.17498;0.04096;0.00;0.000;0.927;0.947;0.000;0.557;61.803;30.00;23.50;20186.6;1690.50;9.29;3.16;1.25;198350.76;34105.00;0.00;25030.6;7.92;1.36;0.00;03/05/2024 16:10:30;
04/05/2024;22;2.0TD;3;0.000111612346000000;0.188;1.047212486;80.142331;0.557;2.195;77.390331;34.96;15.15574;1.05280;0.75;0.25;14.79583;75.41880;101.96000;48.69000;28.32000;1861.7;275.0;154.0;61.0;11.53;0.000;0.17498;0.04096;0.00;0.000;0.977;0.947;0.000;0.557;65.143;35.01;34.01;19263.3;1030.80;7.12;3.16;1.25;152538.28;8826.48;24859.38;26142.3;5.83;0.34;0.95;03/05/2024 16:10:30;
04/05/2024;23;2.0TD;3;0.000112411085000000;0.193;1.072635868;81.086022;0.557;2.195;78.334022;35.09;15.15574;1.05280;0.75;0.25;14.79583;75.41880;101.96000;48.69000;28.32000;1861.7;275.0;154.0;61.0;11.91;0.000;0.17498;0.04096;0.00;0.000;0.985;0.947;0.000;0.557;65.661;35.02;36.57;19357.8;847.40;7.50;3.16;1.25;152507.88;8432.16;24859.38;24759.7;6.16;0.34;1.00;03/05/2024 16:10:30;
04/05/2024;24;2.0TD;3;0.000099135237000000;0.198;1.100864828;77.984455;0.557;2.195;75.232455;34.88;15.15574;1.05280;0.75;0.25;14.79583;75.41880;101.96000;48.69000;28.32000;1861.7;275.0;154.0;61.0;9.30;0.000;0.17498;0.04096;0.00;0.000;0.942;0.947;0.000;0.557;62.798;35.01;33.01;18699.4;1267.30;4.89;3.16;1.25;74761.32;12760.00;24859.38;22955.7;3.26;0.56;1.08;03/05/2024 16:10:30;
*
