pvpcdata;
2024;03;11;12;38;34;
17/02/2024;1;2.0TD;3;0.000119408634000000;0.232;1.286637752;91.506488;0.557;2.195;88.754488;46.80;12.06582;0.81483;0.75;0.25;48.69333;96.95660;101.96000;97.42000;68.27000;2454.5;275.0;177.0;48.0;12.99;0.000;0.17498;0.04096;0.00;0.000;0.000;1.081;0.565;0.000;0.557;72.041;46.80;46.80;19787.0;793.70;7.96;3.48;1.55;121868.08;48585.12;24859.38;24540.1;4.97;1.98;1.01;16/02/2024 16:14:38;
17/02/2024;2;2.0TD;3;0.000099281081000000;0.241;1.340011597;94.018838;0.557;2.195;91.266838;46.00;12.06582;0.81483;0.75;0.25;48.69333;96.95660;101.96000;97.42000;68.27000;2454.5;275.0;177.0;48.0;15.27;0.000;0.17498;0.04096;0.00;0.000;0.000;1.103;0.565;0.000;0.557;73.543;46.00;45.95;19290.6;1016.20;10.24;3.48;1.55;149217.04;62361.00;24859.38;23099.5;6.46;2.70;1.08;16/02/2024 16:14:38;
17/02/2024;3;2.0TD;3;0.000086041482000000;0.247;1.373292261;95.713331;0.557;2.195;92.961331;46.00;12.06582;0.81483;0.75;0.25;48.69333;96.95660;101.96000;97.42000;68.27000;2454.5;275.0;177.0;48.0;16.26;0.000;0.17498;0.04096;0.00;0.000;0.000;1.118;0.565;0.000;0.557;74.548;46.00;46.00;18384.0;1075.40;11.23;3.48;1.55;156287.64;64047.84;24859.38;21832.1;7.16;2.93;1.14;16/02/2024 16:14:38;
17/02/2024;4;2.0TD;3;0.000078849583000000;0.248;1.376955105;94.939239;0.557;2.195;92.187239;45.00;12.06582;0.81483;0.75;0.25;48.69333;96.95660;101.96000;97.42000;68.27000;2454.5;275.0;177.0;48.0;16.59;0.000;0.17498;0.04096;0.00;0.000;0.000;1.108;0.565;0.000;0.557;73.868;45.00;45.00;18388.3;1163.30;11.56;3.48;1.55;177900.12;66668.56;0.00;21149.3;8.41;3.15;0.00;16/02/2024 16:14:38;
17/02/2024;5;2.0TD;3;0.000075709722000000;0.252;1.399346197;95.170859;0.557;2.195;92.418859;45.00;12.06582;0.81483;0.75;0.25;48.69333;96.95660;101.96000;97.42000;68.27000;2454.5;275.0;177.0;48.0;16.54;0.000;0.17498;0.04096;0.00;0.000;0.000;1.107;0.565;0.000;0.557;73.817;45.00;45.00;18356.5;1142.30;11.51;3.48;1.55;176895.80;62244.00;0.00;20773.6;8.52;3.00;0.00;16/02/2024 16:14:38;
17/02/2024;6;2.0TD;3;0.000075874086000000;0.252;1.401769466;94.383351;0.557;2.195;91.631351;44.23;12.06582;0.81483;0.75;0.25;48.69333;96.95660;101.96000;97.42000;68.27000;2454.5;275.0;177.0;48.0;16.69;0.000;0.17498;0.04096;0.00;0.000;0.000;1.098;0.565;0.000;0.557;73.188;44.23;44.23;18470.5;1154.60;11.66;3.48;1.55;178625.84;62283.00;0.00;20669.5;8.64;3.01;0.00;16/02/2024 16:14:38;
17/02/2024;7;2.0TD;3;0.000079147656000000;0.246;1.367661989;93.425887;0.557;2.195;90.673887;44.23;12.06582;0.81483;0.75;0.25;48.69333;96.95660;101.96000;97.42000;68.27000;2454.5;275.0;177.0;48.0;16.28;0.000;0.17498;0.04096;0.00;0.000;0.000;1.092;0.565;0.000;0.557;72.772;44.23;44.23;18617.4;1056.50;11.25;3.48;1.55;178092.88;62322.00;0.00;21361.2;8.34;2.92;0.00;16/02/2024 16:14:38;
17/02/2024;8;2.0TD;3;0.000086998013000000;0.238;1.323793746;92.654298;0.557;2.195;89.902298;45.27;12.06582;0.81483;0.75;0.25;48.69333;96.95660;101.96000;97.42000;68.27000;2454.5;275.0;177.0;48.0;15.09;0.000;0.17498;0.04096;0.00;0.000;0.000;1.089;0.565;0.000;0.557;72.619;45.27;45.27;18514.1;1059.60;10.06;3.48;1.55;177379.44;48967.68;0.00;22501.5;7.88;2.18;0.00;16/02/2024 16:14:38;
17/02/2024;9;2.0TD;3;0.000100690243000000;0.225;1.248852524;89.633876;0.557;2.195;86.881876;46.39;12.06582;0.81483;0.75;0.25;48.69333;96.95660;101.96000;97.42000;68.27000;2454.5;275.0;177.0;48.0;12.30;0.000;0.17498;0.04096;0.00;0.000;0.000;1.064;0.565;0.000;0.557;70.924;46.34;47.73;19495.4;790.60;7.27;3.48;1.55;84289.52;89450.00;0.00;23911.6;3.53;3.74;0.00;16/02/2024 16:14:38;
17/02/2024;10;2.0TD;3;0.000124492848000000;0.205;1.140265946;84.153341;0.557;2.195;81.401341;44.56;12.06582;0.81483;0.75;0.25;48.69333;96.95660;101.96000;97.42000;68.27000;2454.5;275.0;177.0;48.0;10.81;0.000;0.17498;0.04096;0.00;0.000;0.000;1.013;0.565;0.000;0.557;67.553;44.50;45.98;21671.5;958.40;5.78;3.48;1.55;60679.12;87710.00;0.00;25651.8;2.37;3.42;0.00;16/02/2024 16:14:38;
17/02/2024;11;2.0TD;3;0.000138309609000000;0.194;1.075651237;77.652790;0.557;2.195;74.900790;39.95;12.06582;0.81483;0.75;0.25;48.69333;96.95660;101.96000;97.42000;68.27000;2454.5;275.0;177.0;48.0;10.67;0.000;0.17498;0.04096;0.00;0.000;0.000;0.941;0.565;0.000;0.557;62.731;40.00;39.01;25158.3;1246.50;5.64;3.48;1.55;71086.40;79721.76;0.00;26751.4;2.66;2.98;0.00;16/02/2024 16:14:38;
17/02/2024;12;2.0TD;3;0.000138077227000000;0.192;1.067572261;71.646000;0.557;2.195;68.894000;35.00;12.06582;0.81483;0.75;0.25;48.69333;96.95660;101.96000;97.42000;68.27000;2454.5;275.0;177.0;48.0;10.76;0.000;0.17498;0.04096;0.00;0.000;0.000;0.867;0.565;0.000;0.557;57.797;35.00;35.00;26445.9;991.50;5.73;3.48;1.55;80338.96;72077.40;0.00;26582.2;3.02;2.71;0.00;16/02/2024 16:14:38;
17/02/2024;13;2.0TD;3;0.000135278404000000;0.192;1.064511913;69.297760;0.557;2.195;66.545760;33.20;12.06582;0.81483;0.75;0.25;48.69333;96.95660;101.96000;97.42000;68.27000;2454.5;275.0;177.0;48.0;10.62;0.000;0.17498;0.04096;0.00;0.000;0.000;0.837;0.565;0.000;0.557;55.827;33.20;33.20;26474.8;1003.80;5.59;3.48;1.55;81865.00;64174.32;0.00;26125.6;3.13;2.46;0.00;16/02/2024 16:14:38;
17/02/2024;14;2.0TD;3;0.000141047146000000;0.188;1.043465349;69.822893;0.557;2.195;67.070893;33.50;12.06582;0.81483;0.75;0.25;48.69333;96.95660;101.96000;97.42000;68.27000;2454.5;275.0;177.0;48.0;10.94;0.000;0.17498;0.04096;0.00;0.000;0.000;0.847;0.565;0.000;0.557;56.457;33.50;33.50;26308.9;976.60;5.91;3.48;1.55;81592.88;71856.32;0.00;25981.6;3.14;2.77;0.00;16/02/2024 16:14:38;
17/02/2024;15;2.0TD;3;0.000140369993000000;0.187;1.040276253;68.971146;0.557;2.195;66.219146;32.43;12.06582;0.81483;0.75;0.25;48.69333;96.95660;101.96000;97.42000;68.27000;2454.5;275.0;177.0;48.0;11.35;0.000;0.17498;0.04096;0.00;0.000;0.000;0.837;0.565;0.000;0.557;55.787;32.40;33.30;26069.5;887.20;6.32;3.48;1.55;76505.44;84865.60;0.00;25521.9;3.00;3.33;0.00;16/02/2024 16:14:38;
17/02/2024;16;2.0TD;3;0.000127941379000000;0.197;1.093457416;67.620997;0.557;2.195;64.868997;30.73;12.06582;0.81483;0.75;0.25;48.69333;96.95660;101.96000;97.42000;68.27000;2454.5;275.0;177.0;48.0;11.48;0.000;0.17498;0.04096;0.00;0.000;0.000;0.813;0.565;0.000;0.557;54.193;30.70;31.60;25694.9;838.50;6.45;3.48;1.55;70922.56;88102.00;0.00;24658.7;2.88;3.57;0.00;16/02/2024 16:14:38;
17/02/2024;17;2.0TD;3;0.000120109272000000;0.204;1.133202814;72.975276;0.557;2.195;70.223276;33.61;12.06582;0.81483;0.75;0.25;48.69333;96.95660;101.96000;97.42000;68.27000;2454.5;275.0;177.0;48.0;12.67;0.000;0.17498;0.04096;0.00;0.000;0.000;0.875;0.565;0.000;0.557;58.325;33.50;36.84;24114.7;818.20;7.64;3.48;1.55;68738.88;115598.00;0.00;24130.5;2.85;4.79;0.00;16/02/2024 16:14:38;
17/02/2024;18;2.0TD;3;0.000118927972000000;0.209;1.162671320;84.337714;0.557;2.195;81.585714;45.38;12.06582;0.81483;0.75;0.25;48.69333;96.95660;101.96000;97.42000;68.27000;2454.5;275.0;177.0;48.0;9.92;0.000;0.17498;0.04096;0.00;0.000;0.000;1.012;0.565;0.000;0.557;67.482;45.27;48.27;21007.4;816.90;4.89;3.48;1.55;47020.68;70690.40;0.00;24047.3;1.96;2.94;0.00;16/02/2024 16:14:38;
17/02/2024;19;2.0TD;3;0.000128029126000000;0.216;1.200159760;107.512808;0.557;2.195;104.760808;65.84;12.06582;0.81483;0.75;0.25;48.69333;96.95660;101.96000;97.42000;68.27000;2454.5;275.0;177.0;48.0;7.85;0.000;0.17498;0.04096;0.00;0.000;0.000;1.292;0.565;0.000;0.557;86.152;65.68;69.22;20306.3;984.70;2.82;3.48;1.55;29420.60;39850.00;0.00;24541.8;1.20;1.62;0.00;16/02/2024 16:14:38;
17/02/2024;20;2.0TD;3;0.000149157127000000;0.221;1.228106696;127.827553;0.557;2.195;125.075553;83.01;12.06582;0.81483;0.75;0.25;48.69333;96.95660;101.96000;97.42000;68.27000;2454.5;275.0;177.0;48.0;6.72;0.000;0.17498;0.04096;0.00;0.000;0.000;1.537;0.565;0.000;0.557;102.437;82.93;84.43;15908.0;887.20;1.69;3.48;1.55;22689.12;21668.88;0.00;26304.1;0.86;0.82;0.00;16/02/2024 16:14:38;
17/02/2024;21;2.0TD;3;0.000160900840000000;0.224;1.246824315;118.628056;0.557;2.195;115.876056;75.22;12.06582;0.81483;0.75;0.25;48.69333;96.95660;101.96000;97.42000;68.27000;2454.5;275.0;177.0;48.0;6.86;0.000;0.17498;0.04096;0.00;0.000;0.000;1.420;0.565;0.000;0.557;94.670;75.03;79.03;15095.9;763.50;1.83;3.48;1.55;26018.04;23970.00;0.00;27333.9;0.95;0.88;0.00;16/02/2024 16:14:38;
17/02/2024;22;2.0TD;3;0.000165664599000000;0.227;1.258536725;114.651922;0.557;2.195;111.899922;70.87;12.06582;0.81483;0.75;0.25;48.69333;96.95660;101.96000;97.42000;68.27000;2454.5;275.0;177.0;48.0;7.79;0.000;0.17498;0.04096;0.00;0.000;0.000;1.368;0.565;0.000;0.557;91.198;70.75;73.66;19285.2;816.70;2.76;3.48;1.55;27805.12;22691.60;24859.38;27270.7;1.02;0.83;0.91;16/02/2024 16:14:38;
17/02/2024;23;2.0TD;3;0.000156635171000000;0.231;1.282038158;113.404104;0.557;2.195;110.652104;68.34;12.06582;0.81483;0.75;0.25;48.69333;96.95660;101.96000;97.42000;68.27000;2454.5;275.0;177.0;48.0;9.03;0.000;0.17498;0.04096;0.00;0.000;0.000;1.348;0.565;0.000;0.557;89.888;68.20;71.94;17965.2;722.00;4.00;3.48;1.55;28871.64;47880.00;24859.38;25414.3;1.14;1.88;0.98;16/02/2024 16:14:38;
17/02/2024;24;2.0TD;3;0.000138914669000000;0.237;1.315121655;116.041384;0.557;2.195;113.289384;69.12;12.06582;0.81483;0.75;0.25;48.69333;96.95660;101.96000;97.42000;68.27000;2454.5;275.0;177.0;48.0;9.92;0.000;0.17498;0.04096;0.00;0.000;0.000;1.374;0.565;0.000;0.557;91.584;69.11;69.31;17989.6;700.10;4.89;3.48;1.55;28495.12;61477.92;24859.38;23514.9;1.21;2.61;1.06;16/02/2024 16:14:38;
*
