pvpcdata;
2024;11;12;10;29;03;
03/10/2024;1;2.0TD;3;0.000086095892000000;0.186;1.031541768;101.297595;0.557;2.195;98.545595;59.96;8.79670;1.18162;0.75;0.25;57.92000;93.10680;101.96000;84.74000;75.42000;1760.3;275.0;200.0;45.0;9.77;0.000;0.17498;0.04096;0.00;0.000;1.246;0.947;0.000;0.557;83.090;59.36;68.90;22315.1;1503.90;5.53;3.19;1.05;55811.48;51775.20;24859.38;23947.3;2.33;2.16;1.04;02/10/2024 16:08:33;
03/10/2024;2;2.0TD;3;0.000072967710000000;0.191;1.063098965;81.956741;0.557;2.195;79.204741;41.03;8.79670;1.18162;0.75;0.25;57.92000;93.10680;101.96000;84.74000;75.42000;1760.3;275.0;200.0;45.0;12.36;0.000;0.17498;0.04096;0.00;0.000;0.998;0.947;0.000;0.557;66.502;40.00;53.82;21504.7;1736.20;8.12;3.19;1.05;97125.12;64391.04;24859.38;22941.4;4.23;2.81;1.08;02/10/2024 16:08:33;
03/10/2024;3;2.0TD;3;0.000065822638000000;0.197;1.094044718;85.478730;0.557;2.195;82.726730;41.21;8.79670;1.18162;0.75;0.25;57.92000;93.10680;101.96000;84.74000;75.42000;1760.3;275.0;200.0;45.0;14.75;0.000;0.17498;0.04096;0.00;0.000;1.037;0.947;0.000;0.557;69.111;40.00;56.66;21270.8;1668.60;10.51;3.19;1.05;139882.04;66646.32;24859.38;22006.9;6.36;3.03;1.13;02/10/2024 16:08:33;
03/10/2024;4;2.0TD;3;0.000062584808000000;0.200;1.108578701;62.587265;0.557;2.195;59.835265;18.62;8.79670;1.18162;0.75;0.25;57.92000;93.10680;101.96000;84.74000;75.42000;1760.3;275.0;200.0;45.0;18.38;0.000;0.17498;0.04096;0.00;0.000;0.748;0.947;0.000;0.557;49.862;17.80;29.33;21659.3;1668.80;14.14;3.19;1.05;223048.56;86012.24;0.00;21855.0;10.21;3.94;0.00;02/10/2024 16:08:33;
03/10/2024;5;2.0TD;3;0.000061268172000000;0.202;1.119547430;52.753663;0.557;2.195;50.001663;8.50;8.79670;1.18162;0.75;0.25;57.92000;93.10680;101.96000;84.74000;75.42000;1760.3;275.0;200.0;45.0;20.36;0.000;0.17498;0.04096;0.00;0.000;0.624;0.947;0.000;0.557;41.598;8.00;15.00;21700.4;1667.10;16.12;3.19;1.05;261432.28;93706.72;0.00;22030.5;11.87;4.25;0.00;02/10/2024 16:08:33;
03/10/2024;6;2.0TD;3;0.000062509191000000;0.195;1.084147073;79.746712;0.557;2.195;76.994712;33.53;8.79670;1.18162;0.75;0.25;57.92000;93.10680;101.96000;84.74000;75.42000;1760.3;275.0;200.0;45.0;17.82;0.000;0.17498;0.04096;0.00;0.000;0.966;0.947;0.000;0.557;64.430;32.57;47.12;21226.1;1503.20;13.58;3.19;1.05;225718.40;72274.80;0.00;21947.5;10.28;3.29;0.00;02/10/2024 16:08:33;
03/10/2024;7;2.0TD;3;0.000070544209000000;0.178;0.987357949;103.910066;0.557;2.195;101.158066;58.08;8.79670;1.18162;0.75;0.25;57.92000;93.10680;101.96000;84.74000;75.42000;1760.3;275.0;200.0;45.0;14.39;0.000;0.17498;0.04096;0.00;0.000;1.288;0.947;0.000;0.557;85.872;57.17;72.13;19176.1;1244.30;10.15;3.19;1.05;148312.04;69638.40;24859.38;23911.6;6.20;2.91;1.04;02/10/2024 16:08:33;
03/10/2024;8;2.0TD;3;0.000089921833000000;0.161;0.896019448;120.932188;0.557;2.195;118.180188;78.19;8.79670;1.18162;0.75;0.25;57.92000;93.10680;101.96000;84.74000;75.42000;1760.3;275.0;200.0;45.0;9.96;0.000;0.17498;0.04096;0.00;0.000;1.527;0.947;0.000;0.557;101.791;77.63;87.15;19426.7;1208.90;5.72;3.19;1.05;84213.24;44374.64;24859.38;26850.1;3.14;1.65;0.93;02/10/2024 16:08:33;
03/10/2024;9;2.0TD;2;0.000095088702000000;0.187;1.145894440;158.592019;19.184;8.779;130.629019;87.28;8.79670;1.18162;0.75;0.25;57.92000;93.10680;101.96000;84.74000;75.42000;1760.3;275.0;200.0;45.0;8.85;0.154;0.17498;0.04096;0.00;0.000;1.651;0.947;0.000;0.557;110.049;86.74;95.70;19517.4;1241.80;4.61;3.19;1.05;67097.68;36544.56;24859.38;27841.1;2.41;1.31;0.89;02/10/2024 16:08:33;
03/10/2024;10;2.0TD;2;0.000093867915000000;0.157;0.965791508;145.011739;19.184;8.779;117.048739;75.22;8.79670;1.18162;0.75;0.25;57.92000;93.10680;101.96000;84.74000;75.42000;1760.3;275.0;200.0;45.0;12.16;0.154;0.17498;0.04096;0.00;0.000;1.517;0.947;0.000;0.557;101.165;74.61;84.61;22381.5;1465.00;7.92;3.19;1.05;82295.92;119288.00;24859.38;28602.7;2.88;4.17;0.87;02/10/2024 16:08:33;
03/10/2024;11;2.0TD;1;0.000095393296000000;0.162;0.967816224;167.505096;33.081;43.893;90.531096;51.22;8.79670;1.18162;0.75;0.25;57.92000;93.10680;101.96000;84.74000;75.42000;1760.3;275.0;200.0;45.0;12.48;0.926;0.17498;0.04096;0.00;0.000;1.169;0.947;0.000;0.557;77.909;50.10;70.00;24699.4;1477.60;8.24;3.19;1.05;135616.04;80512.00;24859.38;29250.5;4.64;2.75;0.85;02/10/2024 16:08:33;
03/10/2024;12;2.0TD;1;0.000095386930000000;0.161;0.965382935;161.392308;33.081;43.893;84.418308;45.84;8.79670;1.18162;0.75;0.25;57.92000;93.10680;101.96000;84.74000;75.42000;1760.3;275.0;200.0;45.0;12.74;0.926;0.17498;0.04096;0.00;0.000;1.091;0.947;0.000;0.557;72.711;45.00;61.88;27598.2;1452.30;8.50;3.19;1.05;145017.64;79521.12;24859.38;29347.6;4.94;2.71;0.85;02/10/2024 16:08:33;
03/10/2024;13;2.0TD;1;0.000098430768000000;0.157;0.941363289;154.123594;33.081;43.893;77.149594;40.50;8.79670;1.18162;0.75;0.25;57.92000;93.10680;101.96000;84.74000;75.42000;1760.3;275.0;200.0;45.0;12.14;0.926;0.17498;0.04096;0.00;0.000;1.000;0.947;0.000;0.557;66.680;40.00;50.00;27936.3;1481.30;7.90;3.19;1.05;151587.60;56995.20;24859.38;29540.2;5.13;1.93;0.84;02/10/2024 16:08:33;
03/10/2024;14;2.0TD;1;0.000104739903000000;0.154;0.923657914;144.070700;33.081;43.893;67.096700;32.14;8.79670;1.18162;0.75;0.25;57.92000;93.10680;101.96000;84.74000;75.42000;1760.3;275.0;200.0;45.0;12.09;0.926;0.17498;0.04096;0.00;0.000;0.872;0.947;0.000;0.557;58.142;31.67;41.65;30352.2;1485.00;7.85;3.19;1.05;163136.32;45912.80;24859.38;29790.2;5.48;1.54;0.83;02/10/2024 16:08:33;
03/10/2024;15;2.0TD;2;0.000104804608000000;0.178;1.091537185;86.717778;19.184;8.779;58.754778;24.70;8.79670;1.18162;0.75;0.25;57.92000;93.10680;101.96000;84.74000;75.42000;1760.3;275.0;200.0;45.0;12.16;0.154;0.17498;0.04096;0.00;0.000;0.748;0.947;0.000;0.557;49.876;24.47;29.70;30155.3;1407.40;7.92;3.19;1.05;171921.92;38169.60;24859.38;29656.3;5.80;1.29;0.84;02/10/2024 16:08:33;
03/10/2024;16;2.0TD;2;0.000097834964000000;0.184;1.130342182;76.114766;19.184;8.779;48.151766;15.39;8.79670;1.18162;0.75;0.25;57.92000;93.10680;101.96000;84.74000;75.42000;1760.3;275.0;200.0;45.0;12.40;0.154;0.17498;0.04096;0.00;0.000;0.610;0.947;0.000;0.557;40.668;15.10;21.51;29866.4;1397.70;8.16;3.19;1.05;185494.08;26360.40;24859.38;29001.9;6.40;0.91;0.86;02/10/2024 16:08:33;
03/10/2024;17;2.0TD;2;0.000094837978000000;0.190;1.164214232;74.184648;19.184;8.779;46.221648;14.40;8.79670;1.18162;0.75;0.25;57.92000;93.10680;101.96000;84.74000;75.42000;1760.3;275.0;200.0;45.0;11.59;0.154;0.17498;0.04096;0.00;0.000;0.583;0.947;0.000;0.557;38.841;14.00;22.00;28755.1;1525.90;7.35;3.19;1.05;160628.64;26293.68;24859.38;28781.6;5.58;0.91;0.86;02/10/2024 16:08:33;
03/10/2024;18;2.0TD;2;0.000098432615000000;0.192;1.180013268;116.387612;19.184;8.779;88.424612;48.39;8.79670;1.18162;0.75;0.25;57.92000;93.10680;101.96000;84.74000;75.42000;1760.3;275.0;200.0;45.0;12.41;0.154;0.17498;0.04096;0.00;0.000;1.113;0.947;0.000;0.557;74.181;47.88;57.88;25157.9;1357.20;8.17;3.19;1.05;116244.72;92800.00;24859.38;28652.8;4.06;3.24;0.87;02/10/2024 16:08:33;
03/10/2024;19;2.0TD;1;0.000104284002000000;0.166;0.994555514;195.800735;33.081;43.893;118.826735;75.19;8.79670;1.18162;0.75;0.25;57.92000;93.10680;101.96000;84.74000;75.42000;1760.3;275.0;200.0;45.0;12.15;0.926;0.17498;0.04096;0.00;0.000;1.529;0.947;0.000;0.557;101.909;74.61;84.61;22755.4;1393.50;7.91;3.19;1.05;74231.12;124686.00;24859.38;28303.9;2.62;4.41;0.88;02/10/2024 16:08:33;
03/10/2024;20;2.0TD;1;0.000117218704000000;0.161;0.965788594;240.953316;33.081;43.893;163.979316;109.83;8.79670;1.18162;0.75;0.25;57.92000;93.10680;101.96000;84.74000;75.42000;1760.3;275.0;200.0;45.0;16.25;0.926;0.17498;0.04096;0.00;0.000;2.119;0.947;0.000;0.557;141.239;109.52;114.52;19919.6;1303.60;12.01;3.19;1.05;49003.64;260834.56;24859.38;27873.8;1.76;9.36;0.89;02/10/2024 16:08:33;
03/10/2024;21;2.0TD;1;0.000142394074000000;0.159;0.951398204;251.178331;33.081;43.893;174.204331;125.31;8.79670;1.18162;0.75;0.25;57.92000;93.10680;101.96000;84.74000;75.42000;1760.3;275.0;200.0;45.0;9.70;0.926;0.17498;0.04096;0.00;0.000;2.255;0.947;0.000;0.557;150.305;125.00;130.00;19758.5;1311.40;5.46;3.19;1.05;34191.36;102434.72;24859.38;29569.4;1.16;3.46;0.84;02/10/2024 16:08:33;
03/10/2024;22;2.0TD;1;0.000145094822000000;0.168;1.003051612;256.384314;33.081;43.893;179.410314;127.28;8.79670;1.18162;0.75;0.25;57.92000;93.10680;101.96000;84.74000;75.42000;1760.3;275.0;200.0;45.0;10.98;0.926;0.17498;0.04096;0.00;0.000;2.304;0.947;0.000;0.557;153.604;126.98;131.98;19188.3;1229.30;6.74;3.19;1.05;29792.64;139720.00;24859.38;28831.2;1.03;4.85;0.86;02/10/2024 16:08:33;
03/10/2024;23;2.0TD;2;0.000126324312000000;0.199;1.223404539;181.092951;19.184;8.779;153.129951;100.42;8.79670;1.18162;0.75;0.25;57.92000;93.10680;101.96000;84.74000;75.42000;1760.3;275.0;200.0;45.0;13.11;0.154;0.17498;0.04096;0.00;0.000;1.916;0.947;0.000;0.557;127.714;99.99;108.09;18589.1;1034.10;8.87;3.19;1.05;48913.40;159280.72;24859.38;26277.3;1.86;6.06;0.95;02/10/2024 16:08:33;
03/10/2024;24;2.0TD;2;0.000105387009000000;0.206;1.261462447;172.914216;19.184;8.779;144.951216;92.68;8.79670;1.18162;0.75;0.25;57.92000;93.10680;101.96000;84.74000;75.42000;1760.3;275.0;200.0;45.0;13.44;0.154;0.17498;0.04096;0.00;0.000;1.803;0.947;0.000;0.557;120.191;91.88;106.88;17604.7;993.10;9.20;3.19;1.05;40283.60;155053.44;24859.38;23925.0;1.68;6.48;1.04;02/10/2024 16:08:33;
*
