pvpcdata;
2024;09;10;12;19;10;
24/08/2024;1;2.0TD;3;0.000115517609000000;0.181;1.007958879;158.811853;0.557;2.195;156.059853;115.47;7.18246;0.93558;0.75;0.25;60.32417;89.05400;101.96000;73.51000;75.32000;2419.9;275.0;234.0;57.0;6.25;0.000;0.17498;0.04096;0.00;0.000;1.982;0.947;0.000;0.557;132.142;115.23;120.23;19224.6;955.10;2.12;3.08;1.05;17648.92;12321.12;24859.38;25839.6;0.68;0.48;0.96;23/08/2024 16:14:47;
24/08/2024;2;2.0TD;3;0.000102066232000000;0.179;0.995641325;157.386253;0.557;2.195;154.634253;113.92;7.18246;0.93558;0.75;0.25;60.32417;89.05400;101.96000;73.51000;75.32000;2419.9;275.0;234.0;57.0;6.83;0.000;0.17498;0.04096;0.00;0.000;1.967;0.947;0.000;0.557;131.157;113.92;113.92;17231.1;1499.80;2.70;3.08;1.05;23506.52;18066.72;24859.38;24607.4;0.96;0.73;1.01;23/08/2024 16:14:47;
24/08/2024;3;2.0TD;3;0.000091412787000000;0.179;0.995239306;148.648684;0.557;2.195;145.896684;104.92;7.18246;0.93558;0.75;0.25;60.32417;89.05400;101.96000;73.51000;75.32000;2419.9;275.0;234.0;57.0;8.53;0.000;0.17498;0.04096;0.00;0.000;1.856;0.947;0.000;0.557;123.746;104.92;104.92;16329.4;1606.80;4.40;3.08;1.05;33468.40;44560.32;24859.38;23387.3;1.43;1.91;1.06;23/08/2024 16:14:47;
24/08/2024;4;2.0TD;3;0.000084687947000000;0.179;0.993812609;151.569067;0.557;2.195;148.817067;109.02;7.18246;0.93558;0.75;0.25;60.32417;89.05400;101.96000;73.51000;75.32000;2419.9;275.0;234.0;57.0;6.87;0.000;0.17498;0.04096;0.00;0.000;1.893;0.947;0.000;0.557;126.223;109.02;108.99;15976.0;1400.00;2.74;3.08;1.05;45192.60;16225.52;0.00;22400.8;2.02;0.72;0.00;23/08/2024 16:14:47;
24/08/2024;5;2.0TD;3;0.000080516768000000;0.178;0.987967879;141.672512;0.557;2.195;138.920512;98.75;7.18246;0.93558;0.75;0.25;60.32417;89.05400;101.96000;73.51000;75.32000;2419.9;275.0;234.0;57.0;8.97;0.000;0.17498;0.04096;0.00;0.000;1.769;0.947;0.000;0.557;117.929;98.75;98.75;16004.8;1355.10;4.84;3.08;1.05;54222.40;52283.20;0.00;22010.1;2.46;2.38;0.00;23/08/2024 16:14:47;
24/08/2024;6;2.0TD;3;0.000078182556000000;0.176;0.978344146;140.505262;0.557;2.195;137.753262;97.79;7.18246;0.93558;0.75;0.25;60.32417;89.05400;101.96000;73.51000;75.32000;2419.9;275.0;234.0;57.0;9.15;0.000;0.17498;0.04096;0.00;0.000;1.757;0.947;0.000;0.557;117.137;98.00;95.00;15876.6;1165.30;5.02;3.08;1.05;54927.84;53813.44;0.00;21675.9;2.53;2.48;0.00;23/08/2024 16:14:47;
24/08/2024;7;2.0TD;3;0.000077565700000000;0.174;0.969044249;145.681954;0.557;2.195;142.929954;103.42;7.18246;0.93558;0.75;0.25;60.32417;89.05400;101.96000;73.51000;75.32000;2419.9;275.0;234.0;57.0;8.06;0.000;0.17498;0.04096;0.00;0.000;1.826;0.947;0.000;0.557;121.746;103.42;103.42;15999.3;1268.30;3.93;3.08;1.05;46861.60;40283.04;0.00;22190.1;2.11;1.82;0.00;23/08/2024 16:14:47;
24/08/2024;8;2.0TD;3;0.000075142220000000;0.171;0.952202576;147.789867;0.557;2.195;145.037867;105.91;7.18246;0.93558;0.75;0.25;60.32417;89.05400;101.96000;73.51000;75.32000;2419.9;275.0;234.0;57.0;7.65;0.000;0.17498;0.04096;0.00;0.000;1.858;0.947;0.000;0.557;123.858;105.91;105.91;16221.3;1271.80;3.52;3.08;1.05;47928.16;30707.04;0.00;22308.2;2.15;1.38;0.00;23/08/2024 16:14:47;
24/08/2024;9;2.0TD;3;0.000079881035000000;0.167;0.926645055;125.447028;0.557;2.195;122.695028;83.86;7.18246;0.93558;0.75;0.25;60.32417;89.05400;101.96000;73.51000;75.32000;2419.9;275.0;234.0;57.0;11.26;0.000;0.17498;0.04096;0.00;0.000;1.577;0.947;0.000;0.557;105.137;82.90;96.94;17868.2;1317.30;7.13;3.08;1.05;26339.92;137692.00;0.00;23015.3;1.14;5.98;0.00;23/08/2024 16:14:47;
24/08/2024;10;2.0TD;3;0.000091711254000000;0.161;0.892190561;46.186319;0.557;2.195;43.434319;15.00;7.18246;0.93558;0.75;0.25;60.32417;89.05400;101.96000;73.51000;75.32000;2419.9;275.0;234.0;57.0;13.41;0.000;0.17498;0.04096;0.00;0.000;0.561;0.947;0.000;0.557;37.411;15.00;15.00;24458.3;1458.30;9.28;3.08;1.05;104975.84;126118.40;0.00;24895.4;4.22;5.07;0.00;23/08/2024 16:14:47;
24/08/2024;11;2.0TD;3;0.000102113401000000;0.160;0.891508785;22.925708;0.557;2.195;20.173708;0.01;7.18246;0.93558;0.75;0.25;60.32417;89.05400;101.96000;73.51000;75.32000;2419.9;275.0;234.0;57.0;8.68;0.000;0.17498;0.04096;0.00;0.000;0.261;0.947;0.000;0.557;17.391;0.01;0.01;26637.7;1168.90;4.55;3.08;1.05;113990.84;9492.00;0.00;27116.1;4.20;0.35;0.00;23/08/2024 16:14:47;
24/08/2024;12;2.0TD;3;0.000107556977000000;0.159;0.881394897;22.413424;0.557;2.195;19.661424;0.00;7.18246;0.93558;0.75;0.25;60.32417;89.05400;101.96000;73.51000;75.32000;2419.9;275.0;234.0;57.0;8.27;0.000;0.17498;0.04096;0.00;0.000;0.254;0.947;0.000;0.557;16.964;0.00;0.00;27196.8;1208.60;4.14;3.08;1.05;113977.52;1659.84;0.00;27906.8;4.08;0.06;0.00;23/08/2024 16:14:47;
24/08/2024;13;2.0TD;3;0.000112462137000000;0.160;0.886535655;22.290028;0.557;2.195;19.538028;0.00;7.18246;0.93558;0.75;0.25;60.32417;89.05400;101.96000;73.51000;75.32000;2419.9;275.0;234.0;57.0;8.15;0.000;0.17498;0.04096;0.00;0.000;0.253;0.947;0.000;0.557;16.843;0.00;0.00;28081.1;1340.70;4.02;3.08;1.05;113932.24;1612.00;0.00;28748.3;3.96;0.06;0.00;23/08/2024 16:14:47;
24/08/2024;14;2.0TD;3;0.000121797762000000;0.158;0.879900996;22.126646;0.557;2.195;19.374646;0.00;7.18246;0.93558;0.75;0.25;60.32417;89.05400;101.96000;73.51000;75.32000;2419.9;275.0;234.0;57.0;8.04;0.000;0.17498;0.04096;0.00;0.000;0.251;0.947;0.000;0.557;16.731;0.00;0.00;28879.1;1407.10;3.91;3.08;1.05;113911.28;1591.00;0.00;29566.8;3.85;0.05;0.00;23/08/2024 16:14:47;
24/08/2024;15;2.0TD;3;0.000127411380000000;0.156;0.867971207;22.070063;0.557;2.195;19.318063;0.00;7.18246;0.93558;0.75;0.25;60.32417;89.05400;101.96000;73.51000;75.32000;2419.9;275.0;234.0;57.0;8.02;0.000;0.17498;0.04096;0.00;0.000;0.251;0.947;0.000;0.557;16.711;0.00;0.00;28834.0;1456.80;3.89;3.08;1.05;114803.52;1590.00;0.00;29955.7;3.83;0.05;0.00;23/08/2024 16:14:47;
24/08/2024;16;2.0TD;3;0.000122883446000000;0.158;0.876115586;22.185704;0.557;2.195;19.433704;0.00;7.18246;0.93558;0.75;0.25;60.32417;89.05400;101.96000;73.51000;75.32000;2419.9;275.0;234.0;57.0;8.09;0.000;0.17498;0.04096;0.00;0.000;0.252;0.947;0.000;0.557;16.782;0.00;0.00;28059.2;1438.60;3.96;3.08;1.05;114823.68;2718.24;0.00;29656.6;3.87;0.09;0.00;23/08/2024 16:14:47;
24/08/2024;17;2.0TD;3;0.000119542399000000;0.159;0.885435223;22.273185;0.557;2.195;19.521185;0.00;7.18246;0.93558;0.75;0.25;60.32417;89.05400;101.96000;73.51000;75.32000;2419.9;275.0;234.0;57.0;8.15;0.000;0.17498;0.04096;0.00;0.000;0.253;0.947;0.000;0.557;16.843;0.00;0.00;27590.5;1668.80;4.02;3.08;1.05;114844.00;2228.80;0.00;29157.8;3.94;0.08;0.00;23/08/2024 16:14:47;
24/08/2024;18;2.0TD;3;0.000119550850000000;0.163;0.905210399;26.390123;0.557;2.195;23.638123;3.32;7.18246;0.93558;0.75;0.25;60.32417;89.05400;101.96000;73.51000;75.32000;2419.9;275.0;234.0;57.0;8.26;0.000;0.17498;0.04096;0.00;0.000;0.305;0.947;0.000;0.557;20.325;3.32;3.32;26542.0;1715.50;4.13;3.08;1.05;113219.16;5257.84;0.00;28666.8;3.95;0.18;0.00;23/08/2024 16:14:47;
24/08/2024;19;2.0TD;3;0.000120641715000000;0.170;0.944303314;43.660029;0.557;2.195;40.908029;16.77;7.18246;0.93558;0.75;0.25;60.32417;89.05400;101.96000;73.51000;75.32000;2419.9;275.0;234.0;57.0;9.23;0.000;0.17498;0.04096;0.00;0.000;0.524;0.947;0.000;0.557;34.964;16.77;16.77;27120.8;1277.10;5.10;3.08;1.05;102694.80;44706.40;0.00;28921.8;3.55;1.55;0.00;23/08/2024 16:14:47;
24/08/2024;20;2.0TD;3;0.000120725076000000;0.178;0.989356026;111.773694;0.557;2.195;109.021694;71.67;7.18246;0.93558;0.75;0.25;60.32417;89.05400;101.96000;73.51000;75.32000;2419.9;275.0;234.0;57.0;11.05;0.000;0.17498;0.04096;0.00;0.000;1.388;0.947;0.000;0.557;92.548;71.41;79.81;22387.8;708.40;6.92;3.08;1.05;65255.40;133329.60;0.00;28684.0;2.27;4.65;0.00;23/08/2024 16:14:47;
24/08/2024;21;2.0TD;3;0.000123146160000000;0.188;1.047091436;155.106024;0.557;2.195;152.354024;103.02;7.18246;0.93558;0.75;0.25;60.32417;89.05400;101.96000;73.51000;75.32000;2419.9;275.0;234.0;57.0;14.86;0.000;0.17498;0.04096;0.00;0.000;1.924;0.947;0.000;0.557;128.244;103.42;96.91;20474.9;1347.60;10.73;3.08;1.05;189094.88;118933.92;0.00;28718.8;6.58;4.14;0.00;23/08/2024 16:14:47;
24/08/2024;22;2.0TD;3;0.000139043309000000;0.192;1.068227218;169.002776;0.557;2.195;166.250776;115.23;7.18246;0.93558;0.75;0.25;60.32417;89.05400;101.96000;73.51000;75.32000;2419.9;275.0;234.0;57.0;13.71;0.000;0.17498;0.04096;0.00;0.000;2.092;0.947;0.000;0.557;139.472;116.62;101.62;20588.7;2106.60;9.58;3.08;1.05;245987.08;12768.00;24859.38;29613.3;8.31;0.43;0.84;23/08/2024 16:14:47;
24/08/2024;23;2.0TD;3;0.000137321004000000;0.192;1.069237499;150.548232;0.557;2.195;147.796232;98.28;7.18246;0.93558;0.75;0.25;60.32417;89.05400;101.96000;73.51000;75.32000;2419.9;275.0;234.0;57.0;15.41;0.000;0.17498;0.04096;0.00;0.000;1.860;0.947;0.000;0.557;123.990;98.75;91.33;19931.1;1343.00;11.28;3.08;1.05;262669.72;30704.96;24859.38;28208.3;9.31;1.09;0.88;23/08/2024 16:14:47;
24/08/2024;24;2.0TD;3;0.000125001025000000;0.191;1.063284545;143.810619;0.557;2.195;141.058619;90.11;7.18246;0.93558;0.75;0.25;60.32417;89.05400;101.96000;73.51000;75.32000;2419.9;275.0;234.0;57.0;18.11;0.000;0.17498;0.04096;0.00;0.000;1.777;0.947;0.000;0.557;118.437;90.41;85.41;19556.5;1237.20;13.98;3.08;1.05;274713.16;69924.80;24859.38;26419.3;10.40;2.65;0.94;23/08/2024 16:14:47;
*
