pvpcdata;
2024;05;13;12;31;20;
12/04/2024;1;2.0TD;3;0.000096529336000000;0.191;1.059751628;72.282905;0.557;2.195;69.530905;23.47;13.85958;1.03422;0.75;0.25;19.94250;75.38080;101.96000;48.69000;27.94000;1852.6;275.0;154.0;50.0;17.98;0.000;0.17498;0.04096;0.00;0.000;0.876;0.947;0.000;0.557;58.380;23.77;19.32;17491.9;1247.80;13.21;3.35;1.42;255319.44;27404.00;24859.38;23292.7;10.96;1.18;1.07;11/04/2024 16:16:38;
12/04/2024;2;2.0TD;3;0.000080236683000000;0.197;1.094206180;63.944164;0.557;2.195;61.192164;15.09;13.85958;1.03422;0.75;0.25;19.94250;75.38080;101.96000;48.69000;27.94000;1852.6;275.0;154.0;50.0;19.21;0.000;0.17498;0.04096;0.00;0.000;0.767;0.947;0.000;0.557;51.121;15.37;11.37;16209.8;1218.30;14.44;3.35;1.42;273062.72;21342.72;24859.38;22110.3;12.35;0.97;1.12;11/04/2024 16:16:38;
12/04/2024;3;2.0TD;3;0.000070582273000000;0.201;1.118919587;62.051703;0.557;2.195;59.299703;12.32;13.85958;1.03422;0.75;0.25;19.94250;75.38080;101.96000;48.69000;27.94000;1852.6;275.0;154.0;50.0;20.26;0.000;0.17498;0.04096;0.00;0.000;0.741;0.947;0.000;0.557;49.375;12.50;9.94;15387.6;1152.40;15.49;3.35;1.42;278771.08;23011.20;24859.38;21087.8;13.22;1.09;1.18;11/04/2024 16:16:38;
12/04/2024;4;2.0TD;3;0.000066075476000000;0.202;1.124598611;61.441180;0.557;2.195;58.689180;11.80;13.85958;1.03422;0.75;0.25;19.94250;75.38080;101.96000;48.69000;27.94000;1852.6;275.0;154.0;50.0;20.24;0.000;0.17498;0.04096;0.00;0.000;0.732;0.947;0.000;0.557;48.826;11.94;9.94;15090.3;1124.20;15.47;3.35;1.42;279902.52;40589.20;0.00;20722.4;13.51;1.96;0.00;11/04/2024 16:16:38;
12/04/2024;5;2.0TD;3;0.000064492144000000;0.202;1.119558213;61.123852;0.557;2.195;58.371852;12.36;13.85958;1.03422;0.75;0.25;19.94250;75.38080;101.96000;48.69000;27.94000;1852.6;275.0;154.0;50.0;19.42;0.000;0.17498;0.04096;0.00;0.000;0.728;0.947;0.000;0.557;48.562;12.49;10.49;15492.3;1058.40;14.65;3.35;1.42;278580.84;23921.04;0.00;20654.6;13.49;1.16;0.00;11/04/2024 16:16:38;
12/04/2024;6;2.0TD;3;0.000066434829000000;0.198;1.100249990;65.248393;0.557;2.195;62.496393;16.80;13.85958;1.03422;0.75;0.25;19.94250;75.38080;101.96000;48.69000;27.94000;1852.6;275.0;154.0;50.0;18.53;0.000;0.17498;0.04096;0.00;0.000;0.783;0.947;0.000;0.557;52.167;16.93;14.93;15906.8;1143.80;13.76;3.35;1.42;267793.64;24161.76;0.00;21216.7;12.62;1.14;0.00;11/04/2024 16:16:38;
12/04/2024;7;2.0TD;3;0.000075115149000000;0.189;1.052332340;82.172768;0.557;2.195;79.420768;33.09;13.85958;1.03422;0.75;0.25;19.94250;75.38080;101.96000;48.69000;27.94000;1852.6;275.0;154.0;50.0;16.65;0.000;0.17498;0.04096;0.00;0.000;1.002;0.947;0.000;0.557;66.796;33.47;28.57;16212.5;1344.90;11.88;3.35;1.42;231476.64;25568.00;24859.38;23736.0;9.75;1.08;1.05;11/04/2024 16:16:38;
12/04/2024;8;2.0TD;3;0.000093374948000000;0.178;0.990873116;127.434197;0.557;2.195;124.682197;78.38;13.85958;1.03422;0.75;0.25;19.94250;75.38080;101.96000;48.69000;27.94000;1852.6;275.0;154.0;50.0;9.82;0.000;0.17498;0.04096;0.00;0.000;1.588;0.947;0.000;0.557;105.842;78.44;77.44;19673.3;1171.10;5.05;3.35;1.42;75897.80;35200.00;24859.38;26909.1;2.82;1.31;0.92;11/04/2024 16:16:38;
12/04/2024;9;2.0TD;2;0.000105717343000000;0.191;1.173803679;149.696626;19.184;8.779;121.733626;74.04;13.85958;1.03422;0.75;0.25;19.94250;75.38080;101.96000;48.69000;27.94000;1852.6;275.0;154.0;50.0;10.43;0.154;0.17498;0.04096;0.00;0.000;1.533;0.947;0.000;0.557;102.211;74.04;74.04;20642.8;1362.70;5.66;3.35;1.42;64890.32;69408.00;24859.38;28124.6;2.31;2.47;0.88;11/04/2024 16:16:38;
12/04/2024;10;2.0TD;2;0.000113006537000000;0.155;0.949241497;72.636405;19.184;8.779;44.673405;5.83;13.85958;1.03422;0.75;0.25;19.94250;75.38080;101.96000;48.69000;27.94000;1852.6;275.0;154.0;50.0;16.06;0.154;0.17498;0.04096;0.00;0.000;0.580;0.947;0.000;0.557;38.678;5.85;5.36;23093.5;1097.10;11.29;3.35;1.42;225110.64;66056.00;24859.38;28010.1;8.04;2.36;0.89;11/04/2024 16:16:38;
12/04/2024;11;2.0TD;1;0.000118643358000000;0.157;0.942756529;116.793628;33.081;43.893;39.819628;0.00;13.85958;1.03422;0.75;0.25;19.94250;75.38080;101.96000;48.69000;27.94000;1852.6;275.0;154.0;50.0;16.92;0.926;0.17498;0.04096;0.00;0.000;0.516;0.947;0.000;0.557;34.416;0.00;0.00;23454.3;1334.40;12.15;3.35;1.42;241606.68;64476.16;24859.38;27239.1;8.87;2.37;0.91;11/04/2024 16:16:38;
12/04/2024;12;2.0TD;1;0.000120036377000000;0.153;0.913685142;116.082922;33.081;43.893;39.108922;-0.33;13.85958;1.03422;0.75;0.25;19.94250;75.38080;101.96000;48.69000;27.94000;1852.6;275.0;154.0;50.0;16.76;0.926;0.17498;0.04096;0.00;0.000;0.509;0.947;0.000;0.557;33.919;0.00;-4.95;23469.5;1701.80;11.99;3.35;1.42;250671.48;47970.00;24859.38;26984.2;9.29;1.78;0.92;11/04/2024 16:16:38;
12/04/2024;13;2.0TD;1;0.000122826445000000;0.152;0.912750615;116.657258;33.081;43.893;39.683258;-0.36;13.85958;1.03422;0.75;0.25;19.94250;75.38080;101.96000;48.69000;27.94000;1852.6;275.0;154.0;50.0;17.31;0.926;0.17498;0.04096;0.00;0.000;0.517;0.947;0.000;0.557;34.447;0.00;-4.98;23948.1;1902.40;12.54;3.35;1.42;260921.08;47940.00;24859.38;26601.4;9.81;1.80;0.93;11/04/2024 16:16:38;
12/04/2024;14;2.0TD;1;0.000129330721000000;0.148;0.889055910;114.445033;33.081;43.893;37.471033;-0.06;13.85958;1.03422;0.75;0.25;19.94250;75.38080;101.96000;48.69000;27.94000;1852.6;275.0;154.0;50.0;15.23;0.926;0.17498;0.04096;0.00;0.000;0.490;0.947;0.000;0.557;32.640;-0.06;-0.06;23551.6;1851.50;10.46;3.35;1.42;194935.52;53326.84;24859.38;26112.3;7.47;2.04;0.95;11/04/2024 16:16:38;
12/04/2024;15;2.0TD;2;0.000129621847000000;0.167;1.025470966;64.511424;19.184;8.779;36.548424;-0.07;13.85958;1.03422;0.75;0.25;19.94250;75.38080;101.96000;48.69000;27.94000;1852.6;275.0;154.0;50.0;14.71;0.154;0.17498;0.04096;0.00;0.000;0.470;0.947;0.000;0.557;31.318;-0.06;-0.15;23866.9;1862.90;9.94;3.35;1.42;195107.12;34744.32;24859.38;25613.0;7.62;1.36;0.97;11/04/2024 16:16:38;
12/04/2024;16;2.0TD;2;0.000120564055000000;0.173;1.062587522;64.901090;19.184;8.779;36.938090;-0.10;13.85958;1.03422;0.75;0.25;19.94250;75.38080;101.96000;48.69000;27.94000;1852.6;275.0;154.0;50.0;14.91;0.154;0.17498;0.04096;0.00;0.000;0.472;0.947;0.000;0.557;31.490;-0.10;-0.15;23385.6;1877.40;10.14;3.35;1.42;184845.72;41812.40;24859.38;24805.9;7.45;1.69;1.00;11/04/2024 16:16:38;
12/04/2024;17;2.0TD;2;0.000113451549000000;0.179;1.098502254;68.597557;19.184;8.779;40.634557;-0.03;13.85958;1.03422;0.75;0.25;19.94250;75.38080;101.96000;48.69000;27.94000;1852.6;275.0;154.0;50.0;17.77;0.154;0.17498;0.04096;0.00;0.000;0.517;0.947;0.000;0.557;34.465;-0.03;-0.05;22460.6;1602.90;13.00;3.35;1.42;237788.24;53763.12;24859.38;24335.2;9.77;2.21;1.02;11/04/2024 16:16:38;
12/04/2024;18;2.0TD;2;0.000110771009000000;0.186;1.141599169;67.237714;19.184;8.779;39.274714;-0.18;13.85958;1.03422;0.75;0.25;19.94250;75.38080;101.96000;48.69000;27.94000;1852.6;275.0;154.0;50.0;16.59;0.154;0.17498;0.04096;0.00;0.000;0.497;0.947;0.000;0.557;33.115;0.00;-2.95;22413.6;1645.40;11.82;3.35;1.42;202942.92;63095.24;24859.38;24617.5;8.24;2.56;1.01;11/04/2024 16:16:38;
12/04/2024;19;2.0TD;1;0.000110233896000000;0.170;1.018466289;117.039799;33.081;43.893;40.065799;0.00;13.85958;1.03422;0.75;0.25;19.94250;75.38080;101.96000;48.69000;27.94000;1852.6;275.0;154.0;50.0;16.75;0.926;0.17498;0.04096;0.00;0.000;0.514;0.947;0.000;0.557;34.244;0.00;0.00;22667.4;1322.10;11.98;3.35;1.42;203156.88;73183.32;24859.38;25151.8;8.08;2.91;0.99;11/04/2024 16:16:38;
12/04/2024;20;2.0TD;1;0.000113663382000000;0.176;1.052984027;135.069897;33.081;43.893;58.095897;15.57;13.85958;1.03422;0.75;0.25;19.94250;75.38080;101.96000;48.69000;27.94000;1852.6;275.0;154.0;50.0;16.11;0.926;0.17498;0.04096;0.00;0.000;0.741;0.947;0.000;0.557;49.401;15.77;11.77;22510.7;1205.80;11.34;3.35;1.42;181107.04;98725.00;24859.38;26873.6;6.74;3.67;0.93;11/04/2024 16:16:38;
12/04/2024;21;2.0TD;1;0.000128319628000000;0.181;1.082620308;156.718985;33.081;43.893;79.744985;39.35;13.85958;1.03422;0.75;0.25;19.94250;75.38080;101.96000;48.69000;27.94000;1852.6;275.0;154.0;50.0;10.18;0.926;0.17498;0.04096;0.00;0.000;1.013;0.947;0.000;0.557;67.523;39.35;39.35;20986.3;1076.10;5.41;3.35;1.42;52221.96;75840.00;24859.38;28280.1;1.85;2.68;0.88;11/04/2024 16:16:38;
12/04/2024;22;2.0TD;1;0.000151894399000000;0.180;1.074891599;197.849982;33.081;43.893;120.875982;74.13;13.85958;1.03422;0.75;0.25;19.94250;75.38080;101.96000;48.69000;27.94000;1852.6;275.0;154.0;50.0;9.79;0.926;0.17498;0.04096;0.00;0.000;1.537;0.947;0.000;0.557;102.437;74.23;72.23;21624.1;1141.40;5.02;3.35;1.42;36425.36;81676.56;24859.38;28464.8;1.28;2.87;0.87;11/04/2024 16:16:38;
12/04/2024;23;2.0TD;2;0.000142659882000000;0.210;1.290940499;107.365950;19.184;8.779;79.402950;38.05;13.85958;1.03422;0.75;0.25;19.94250;75.38080;101.96000;48.69000;27.94000;1852.6;275.0;154.0;50.0;10.38;0.154;0.17498;0.04096;0.00;0.000;0.984;0.947;0.000;0.557;65.622;38.05;38.05;19952.3;1104.70;5.61;3.35;1.42;52795.68;72730.80;24859.38;26824.3;1.97;2.71;0.93;11/04/2024 16:16:38;
12/04/2024;24;2.0TD;2;0.000123268506000000;0.219;1.340696150;95.049779;19.184;8.779;67.086779;26.20;13.85958;1.03422;0.75;0.25;19.94250;75.38080;101.96000;48.69000;27.94000;1852.6;275.0;154.0;50.0;11.80;0.154;0.17498;0.04096;0.00;0.000;0.826;0.947;0.000;0.557;55.034;26.67;20.17;17784.9;1379.90;7.03;3.35;1.42;86341.52;63816.12;24859.38;24914.3;3.47;2.56;1.00;11/04/2024 16:16:38;
*
