pvpcdata;
2024;08;09;11;56;54;
28/07/2024;1;2.0TD;3;0.000113403998000000;0.185;1.025412826;149.837166;0.557;2.195;147.085166;108.48;6.40048;0.91714;0.75;0.25;63.32708;88.92900;101.96000;73.51000;74.07000;2486.0;275.0;234.0;61.0;6.19;0.000;0.17498;0.04096;0.00;0.000;1.862;0.947;0.000;0.557;124.122;108.33;111.33;19355.0;1033.60;1.97;3.13;1.09;14080.60;12144.80;24859.38;25949.7;0.54;0.47;0.96;27/07/2024 16:04:42;
28/07/2024;2;2.0TD;3;0.000100681343000000;0.183;1.015299753;146.034006;0.557;2.195;143.282006;105.36;6.40048;0.91714;0.75;0.25;63.32708;88.92900;101.96000;73.51000;74.07000;2486.0;275.0;234.0;61.0;6.35;0.000;0.17498;0.04096;0.00;0.000;1.817;0.947;0.000;0.557;121.117;105.25;107.24;17875.8;996.00;2.13;3.13;1.09;17624.92;34197.20;0.00;24379.6;0.72;1.40;0.00;27/07/2024 16:04:42;
28/07/2024;3;2.0TD;3;0.000090148991000000;0.180;0.999734401;139.597193;0.557;2.195;136.845193;98.98;6.40048;0.91714;0.75;0.25;63.32708;88.92900;101.96000;73.51000;74.07000;2486.0;275.0;234.0;61.0;7.66;0.000;0.17498;0.04096;0.00;0.000;1.740;0.947;0.000;0.557;115.970;98.88;100.68;16409.3;969.70;3.44;3.13;1.09;25062.00;54136.32;0.00;23025.9;1.09;2.35;0.00;27/07/2024 16:04:42;
28/07/2024;4;2.0TD;3;0.000082927276000000;0.181;1.003451290;142.890054;0.557;2.195;140.138054;101.74;6.40048;0.91714;0.75;0.25;63.32708;88.92900;101.96000;73.51000;74.07000;2486.0;275.0;234.0;61.0;7.55;0.000;0.17498;0.04096;0.00;0.000;1.780;0.947;0.000;0.557;118.660;101.87;99.92;15797.7;1161.90;3.33;3.13;1.09;21921.96;52029.60;0.00;22193.8;0.99;2.34;0.00;27/07/2024 16:04:42;
28/07/2024;5;2.0TD;3;0.000078486741000000;0.179;0.994379285;142.748232;0.557;2.195;139.996232;101.73;6.40048;0.91714;0.75;0.25;63.32708;88.92900;101.96000;73.51000;74.07000;2486.0;275.0;234.0;61.0;7.64;0.000;0.17498;0.04096;0.00;0.000;1.781;0.947;0.000;0.557;118.741;101.87;99.83;15541.2;1129.90;3.42;3.13;1.09;21896.56;52221.12;0.00;21682.6;1.01;2.41;0.00;27/07/2024 16:04:42;
28/07/2024;6;2.0TD;3;0.000076033031000000;0.178;0.987450943;143.682622;0.557;2.195;140.930622;102.66;6.40048;0.91714;0.75;0.25;63.32708;88.92900;101.96000;73.51000;74.07000;2486.0;275.0;234.0;61.0;7.59;0.000;0.17498;0.04096;0.00;0.000;1.795;0.947;0.000;0.557;119.635;102.87;99.87;15342.5;1159.70;3.37;3.13;1.09;20655.88;51710.40;0.00;21453.9;0.96;2.41;0.00;27/07/2024 16:04:42;
28/07/2024;7;2.0TD;3;0.000074003075000000;0.175;0.971694839;143.931191;0.557;2.195;141.179191;103.71;6.40048;0.91714;0.75;0.25;63.32708;88.92900;101.96000;73.51000;74.07000;2486.0;275.0;234.0;61.0;7.05;0.000;0.17498;0.04096;0.00;0.000;1.802;0.947;0.000;0.557;120.152;104.07;99.07;15400.2;1190.20;2.83;3.13;1.09;19383.32;41164.48;0.00;21393.2;0.91;1.92;0.00;27/07/2024 16:04:42;
28/07/2024;8;2.0TD;3;0.000070697735000000;0.173;0.959035155;143.929005;0.557;2.195;141.177005;103.26;6.40048;0.91714;0.75;0.25;63.32708;88.92900;101.96000;73.51000;74.07000;2486.0;275.0;234.0;61.0;7.70;0.000;0.17498;0.04096;0.00;0.000;1.805;0.947;0.000;0.557;120.355;103.87;95.56;15078.3;1187.50;3.48;3.13;1.09;26130.96;47688.48;0.00;21187.8;1.23;2.25;0.00;27/07/2024 16:04:42;
28/07/2024;9;2.0TD;3;0.000078203187000000;0.164;0.911076601;111.648277;0.557;2.195;108.896277;69.86;6.40048;0.91714;0.75;0.25;63.32708;88.92900;101.96000;73.51000;74.07000;2486.0;275.0;234.0;61.0;14.70;0.000;0.17498;0.04096;0.00;0.000;1.403;0.947;0.000;0.557;93.553;70.00;67.15;16655.6;834.60;10.48;3.13;1.09;61531.92;168151.68;0.00;21925.8;2.81;7.67;0.00;27/07/2024 16:04:42;
28/07/2024;10;2.0TD;3;0.000091534117000000;0.156;0.866052354;88.378657;0.557;2.195;85.626657;50.00;6.40048;0.91714;0.75;0.25;63.32708;88.92900;101.96000;73.51000;74.07000;2486.0;275.0;234.0;61.0;15.37;0.000;0.17498;0.04096;0.00;0.000;1.111;0.947;0.000;0.557;74.071;50.00;50.00;23453.8;789.00;11.15;3.13;1.09;106197.60;150097.76;0.00;22979.7;4.62;6.53;0.00;27/07/2024 16:04:42;
28/07/2024;11;2.0TD;3;0.000104452766000000;0.152;0.846897503;25.441219;0.557;2.195;22.689219;0.52;6.40048;0.91714;0.75;0.25;63.32708;88.92900;101.96000;73.51000;74.07000;2486.0;275.0;234.0;61.0;11.29;0.000;0.17498;0.04096;0.00;0.000;0.295;0.947;0.000;0.557;19.695;0.44;2.00;25031.2;1423.60;7.07;3.13;1.09;153592.88;18126.00;0.00;24272.1;6.33;0.75;0.00;27/07/2024 16:04:42;
28/07/2024;12;2.0TD;3;0.000113419428000000;0.152;0.845621949;24.599107;0.557;2.195;21.847107;0.03;6.40048;0.91714;0.75;0.25;63.32708;88.92900;101.96000;73.51000;74.07000;2486.0;275.0;234.0;61.0;11.06;0.000;0.17498;0.04096;0.00;0.000;0.284;0.947;0.000;0.557;18.964;0.00;0.44;25840.9;1592.90;6.84;3.13;1.09;167635.92;3178.00;0.00;24975.3;6.71;0.13;0.00;27/07/2024 16:04:42;
28/07/2024;13;2.0TD;3;0.000120319730000000;0.154;0.853911416;24.227366;0.557;2.195;21.475366;-0.11;6.40048;0.91714;0.75;0.25;63.32708;88.92900;101.96000;73.51000;74.07000;2486.0;275.0;234.0;61.0;10.85;0.000;0.17498;0.04096;0.00;0.000;0.279;0.947;0.000;0.557;18.609;0.00;-3.01;26408.4;1056.10;6.63;3.13;1.09;167635.92;3200.00;0.00;25767.5;6.51;0.12;0.00;27/07/2024 16:04:42;
28/07/2024;14;2.0TD;3;0.000130229679000000;0.151;0.837526479;23.821634;0.557;2.195;21.069634;-0.16;6.40048;0.91714;0.75;0.25;63.32708;88.92900;101.96000;73.51000;74.07000;2486.0;275.0;234.0;61.0;10.60;0.000;0.17498;0.04096;0.00;0.000;0.275;0.947;0.000;0.557;18.305;0.00;-4.31;27197.1;1063.70;6.38;3.13;1.09;167635.92;2887.20;0.00;26713.1;6.28;0.11;0.00;27/07/2024 16:04:42;
28/07/2024;15;2.0TD;3;0.000136131752000000;0.150;0.832897809;23.101828;0.557;2.195;20.349828;-0.16;6.40048;0.91714;0.75;0.25;63.32708;88.92900;101.96000;73.51000;74.07000;2486.0;275.0;234.0;61.0;10.00;0.000;0.17498;0.04096;0.00;0.000;0.265;0.947;0.000;0.557;17.695;0.00;-4.00;27275.0;1108.00;5.78;3.13;1.09;153780.92;3212.00;0.00;27178.5;5.66;0.12;0.00;27/07/2024 16:04:42;
28/07/2024;16;2.0TD;3;0.000130218946000000;0.151;0.839009990;23.178225;0.557;2.195;20.426225;-0.20;6.40048;0.91714;0.75;0.25;63.32708;88.92900;101.96000;73.51000;74.07000;2486.0;275.0;234.0;61.0;10.09;0.000;0.17498;0.04096;0.00;0.000;0.266;0.947;0.000;0.557;17.746;0.00;-4.88;26643.9;1123.50;5.87;3.13;1.09;153780.92;3184.00;0.00;26749.4;5.75;0.12;0.00;27/07/2024 16:04:42;
28/07/2024;17;2.0TD;3;0.000125179168000000;0.152;0.843822973;25.547203;0.557;2.195;22.795203;-0.21;6.40048;0.91714;0.75;0.25;63.32708;88.92900;101.96000;73.51000;74.07000;2486.0;275.0;234.0;61.0;12.11;0.000;0.17498;0.04096;0.00;0.000;0.297;0.947;0.000;0.557;19.787;0.00;-4.97;26216.9;1135.20;7.89;3.13;1.09;204705.92;3166.00;0.00;26343.3;7.77;0.12;0.00;27/07/2024 16:04:42;
28/07/2024;18;2.0TD;3;0.000123283859000000;0.158;0.875614207;25.113562;0.557;2.195;22.361562;0.11;6.40048;0.91714;0.75;0.25;63.32708;88.92900;101.96000;73.51000;74.07000;2486.0;275.0;234.0;61.0;11.32;0.000;0.17498;0.04096;0.00;0.000;0.290;0.947;0.000;0.557;19.310;0.15;-0.99;26184.8;1216.30;7.10;3.13;1.09;184269.44;3771.12;0.00;26468.1;6.96;0.14;0.00;27/07/2024 16:04:42;
28/07/2024;19;2.0TD;3;0.000123031364000000;0.164;0.910101034;74.553925;0.557;2.195;71.801925;41.06;6.40048;0.91714;0.75;0.25;63.32708;88.92900;101.96000;73.51000;74.07000;2486.0;275.0;234.0;61.0;12.11;0.000;0.17498;0.04096;0.00;0.000;0.925;0.947;0.000;0.557;61.685;41.26;35.16;26811.0;898.20;7.89;3.13;1.09;139991.24;74347.76;0.00;27172.8;5.15;2.74;0.00;27/07/2024 16:04:42;
28/07/2024;20;2.0TD;3;0.000123080916000000;0.172;0.954748849;106.923465;0.557;2.195;104.171465;66.84;6.40048;0.91714;0.75;0.25;63.32708;88.92900;101.96000;73.51000;74.07000;2486.0;275.0;234.0;61.0;13.12;0.000;0.17498;0.04096;0.00;0.000;1.333;0.947;0.000;0.557;88.883;66.84;66.84;21568.7;754.10;8.90;3.13;1.09;88433.60;154445.68;0.00;27297.3;3.24;5.66;0.00;27/07/2024 16:04:42;
28/07/2024;21;2.0TD;3;0.000126332953000000;0.176;0.976800706;152.492671;0.557;2.195;149.740671;105.42;6.40048;0.91714;0.75;0.25;63.32708;88.92900;101.96000;73.51000;74.07000;2486.0;275.0;234.0;61.0;12.41;0.000;0.17498;0.04096;0.00;0.000;1.910;0.947;0.000;0.557;127.330;105.47;104.47;20891.7;1033.50;8.19;3.13;1.09;63265.40;162588.00;0.00;27586.6;2.29;5.89;0.00;27/07/2024 16:04:42;
28/07/2024;22;2.0TD;3;0.000137884084000000;0.177;0.981213625;159.311247;0.557;2.195;156.559247;115.98;6.40048;0.91714;0.75;0.25;63.32708;88.92900;101.96000;73.51000;74.07000;2486.0;275.0;234.0;61.0;7.45;0.000;0.17498;0.04096;0.00;0.000;1.995;0.947;0.000;0.557;133.015;115.98;115.98;21905.2;983.00;3.23;3.13;1.09;58342.40;8304.40;24859.38;28318.4;2.06;0.29;0.88;27/07/2024 16:04:42;
28/07/2024;23;2.0TD;3;0.000146283053000000;0.178;0.991289180;171.093504;0.557;2.195;168.341504;125.46;6.40048;0.91714;0.75;0.25;63.32708;88.92900;101.96000;73.51000;74.07000;2486.0;275.0;234.0;61.0;7.71;0.000;0.17498;0.04096;0.00;0.000;2.144;0.947;0.000;0.557;142.904;125.50;124.50;22403.8;1051.70;3.49;3.13;1.09;49306.44;26526.80;24859.38;28868.9;1.71;0.92;0.86;27/07/2024 16:04:42;
28/07/2024;24;2.0TD;3;0.000132961631000000;0.178;0.991555679;160.305380;0.557;2.195;157.553380;117.20;6.40048;0.91714;0.75;0.25;63.32708;88.92900;101.96000;73.51000;74.07000;2486.0;275.0;234.0;61.0;6.95;0.000;0.17498;0.04096;0.00;0.000;2.006;0.947;0.000;0.557;133.746;117.20;117.20;21817.0;888.60;2.73;3.13;1.09;39408.12;9709.76;24859.38;27122.6;1.45;0.36;0.92;27/07/2024 16:04:42;
*
