pvpcdata;
2024;07;09;11;18;17;
26/06/2024;1;2.0TD;3;0.000098399788000000;0.171;0.948455363;136.467690;0.557;2.195;133.715690;107.60;-4.84074;1.06473;0.75;0.25;97.16875;77.80580;101.96000;48.69000;52.19000;1844.6;275.0;154.0;62.0;8.31;0.000;0.17498;0.04096;0.00;0.000;1.713;0.947;0.000;0.557;114.189;107.43;109.55;16949.7;1440.90;3.97;3.20;1.14;0.00;72722.56;24859.38;24561.7;0.00;2.96;1.01;25/06/2024 16:36:26;
26/06/2024;2;2.0TD;3;0.000083007527000000;0.170;0.945785000;129.606111;0.557;2.195;126.854111;100.21;-4.84074;1.06473;0.75;0.25;97.16875;77.80580;101.96000;48.69000;52.19000;1844.6;275.0;154.0;62.0;10.02;0.000;0.17498;0.04096;0.00;0.000;1.626;0.947;0.000;0.557;108.422;99.96;103.41;16530.1;1314.50;5.68;3.20;1.14;0.00;107435.60;24859.38;23302.8;0.00;4.61;1.07;25/06/2024 16:36:26;
26/06/2024;3;2.0TD;3;0.000073581958000000;0.171;0.950185652;124.697969;0.557;2.195;121.945969;95.52;-4.84074;1.06473;0.75;0.25;97.16875;77.80580;101.96000;48.69000;52.19000;1844.6;275.0;154.0;62.0;10.49;0.000;0.17498;0.04096;0.00;0.000;1.562;0.947;0.000;0.557;104.138;95.32;97.85;16115.2;1351.20;6.15;3.20;1.14;0.00;113046.48;24859.38;22434.1;0.00;5.04;1.11;25/06/2024 16:36:26;
26/06/2024;4;2.0TD;3;0.000068772113000000;0.172;0.953147463;123.362892;0.557;2.195;120.610892;95.56;-4.84074;1.06473;0.75;0.25;97.16875;77.80580;101.96000;48.69000;52.19000;1844.6;275.0;154.0;62.0;9.24;0.000;0.17498;0.04096;0.00;0.000;1.544;0.947;0.000;0.557;102.910;95.46;96.66;16187.6;1527.80;4.90;3.20;1.14;0.00;107626.88;0.00;21944.3;0.00;4.90;0.00;25/06/2024 16:36:26;
26/06/2024;5;2.0TD;3;0.000066553570000000;0.171;0.951105454;119.074827;0.557;2.195;116.322827;91.81;-4.84074;1.06473;0.75;0.25;97.16875;77.80580;101.96000;48.69000;52.19000;1844.6;275.0;154.0;62.0;9.47;0.000;0.17498;0.04096;0.00;0.000;1.490;0.947;0.000;0.557;99.336;91.70;92.95;15590.6;1543.90;5.13;3.20;1.14;0.00;111908.16;0.00;21795.8;0.00;5.13;0.00;25/06/2024 16:36:26;
26/06/2024;6;2.0TD;3;0.000066598255000000;0.168;0.930588035;124.397234;0.557;2.195;121.645234;97.41;-4.84074;1.06473;0.75;0.25;97.16875;77.80580;101.96000;48.69000;52.19000;1844.6;275.0;154.0;62.0;8.61;0.000;0.17498;0.04096;0.00;0.000;1.562;0.947;0.000;0.557;104.148;97.12;100.57;15405.4;1404.20;4.27;3.20;1.14;0.00;94513.52;0.00;22146.1;0.00;4.27;0.00;25/06/2024 16:36:26;
26/06/2024;7;2.0TD;3;0.000069077285000000;0.161;0.892618995;135.927195;0.557;2.195;133.175195;109.68;-4.84074;1.06473;0.75;0.25;97.16875;77.80580;101.96000;48.69000;52.19000;1844.6;275.0;154.0;62.0;6.74;0.000;0.17498;0.04096;0.00;0.000;1.721;0.947;0.000;0.557;114.707;109.59;110.60;15994.0;1523.00;2.40;3.20;1.14;0.00;32599.20;24859.38;23918.5;0.00;1.36;1.04;25/06/2024 16:36:26;
26/06/2024;8;2.0TD;3;0.000077212317000000;0.158;0.879172571;167.065619;0.557;2.195;164.313619;130.09;-4.84074;1.06473;0.75;0.25;97.16875;77.80580;101.96000;48.69000;52.19000;1844.6;275.0;154.0;62.0;13.11;0.000;0.17498;0.04096;0.00;0.000;2.128;0.947;0.000;0.557;141.894;130.00;131.00;16953.4;1642.90;8.77;3.20;1.14;0.00;206544.80;24859.38;26385.4;0.00;7.83;0.94;25/06/2024 16:36:26;
26/06/2024;9;2.0TD;2;0.000088694548000000;0.147;0.904598367;172.555331;19.184;8.779;144.592331;115.49;-4.84074;1.06473;0.75;0.25;97.16875;77.80580;101.96000;48.69000;52.19000;1844.6;275.0;154.0;62.0;11.96;0.154;0.17498;0.04096;0.00;0.000;1.891;0.947;0.000;0.557;126.061;115.45;115.95;19567.5;1834.30;7.62;3.20;1.14;0.00;188253.20;24859.38;27961.6;0.00;6.73;0.89;25/06/2024 16:36:26;
26/06/2024;10;2.0TD;2;0.000097024956000000;0.143;0.879669576;157.069784;19.184;8.779;129.106784;101.87;-4.84074;1.06473;0.75;0.25;97.16875;77.80580;101.96000;48.69000;52.19000;1844.6;275.0;154.0;62.0;12.67;0.154;0.17498;0.04096;0.00;0.000;1.694;0.947;0.000;0.557;112.954;101.76;103.76;21602.7;1270.80;8.33;3.20;1.14;0.00;213750.00;24859.38;28661.9;0.00;7.46;0.87;25/06/2024 16:36:26;
26/06/2024;11;2.0TD;1;0.000103270594000000;0.144;0.863381052;190.261251;33.081;43.893;113.287251;91.16;-4.84074;1.06473;0.75;0.25;97.16875;77.80580;101.96000;48.69000;52.19000;1844.6;275.0;154.0;62.0;8.89;0.926;0.17498;0.04096;0.00;0.000;1.485;0.947;0.000;0.557;99.027;90.98;94.43;21968.3;1180.20;4.55;3.20;1.14;0.00;108550.00;24859.38;29337.9;0.00;3.70;0.85;25/06/2024 16:36:26;
26/06/2024;12;2.0TD;1;0.000107015608000000;0.144;0.860249629;184.907331;33.081;43.893;107.933331;86.20;-4.84074;1.06473;0.75;0.25;97.16875;77.80580;101.96000;48.69000;52.19000;1844.6;275.0;154.0;62.0;9.24;0.926;0.17498;0.04096;0.00;0.000;1.415;0.947;0.000;0.557;94.347;85.99;90.54;23347.8;1127.50;4.90;3.20;1.14;0.00;121351.56;24859.38;29851.7;0.00;4.07;0.83;25/06/2024 16:36:26;
26/06/2024;13;2.0TD;1;0.000113441929000000;0.146;0.873210965;176.056377;33.081;43.893;99.082377;79.65;-4.84074;1.06473;0.75;0.25;97.16875;77.80580;101.96000;48.69000;52.19000;1844.6;275.0;154.0;62.0;8.02;0.926;0.17498;0.04096;0.00;0.000;1.297;0.947;0.000;0.557;86.459;79.41;84.40;23913.8;1199.40;3.68;3.20;1.14;0.00;87000.00;24859.38;30440.1;0.00;2.86;0.82;25/06/2024 16:36:26;
26/06/2024;14;2.0TD;1;0.000123765677000000;0.144;0.859488245;173.920355;33.081;43.893;96.946355;77.49;-4.84074;1.06473;0.75;0.25;97.16875;77.80580;101.96000;48.69000;52.19000;1844.6;275.0;154.0;62.0;8.49;0.926;0.17498;0.04096;0.00;0.000;1.271;0.947;0.000;0.557;84.743;77.24;82.23;24598.0;1281.10;4.15;3.20;1.14;0.00;103622.40;24859.38;30901.5;0.00;3.35;0.80;25/06/2024 16:36:26;
26/06/2024;15;2.0TD;2;0.000125821970000000;0.144;0.885278220;119.332355;19.184;8.779;91.369355;73.90;-4.84074;1.06473;0.75;0.25;97.16875;77.80580;101.96000;48.69000;52.19000;1844.6;275.0;154.0;62.0;8.05;0.154;0.17498;0.04096;0.00;0.000;1.198;0.947;0.000;0.557;79.868;73.65;78.64;24668.2;1276.50;3.71;3.20;1.14;0.00;88910.64;24859.38;30652.9;0.00;2.90;0.81;25/06/2024 16:36:26;
26/06/2024;16;2.0TD;2;0.000117129433000000;0.146;0.892874754;103.005735;19.184;8.779;75.042735;60.23;-4.84074;1.06473;0.75;0.25;97.16875;77.80580;101.96000;48.69000;52.19000;1844.6;275.0;154.0;62.0;7.55;0.154;0.17498;0.04096;0.00;0.000;0.982;0.947;0.000;0.557;65.482;60.00;65.00;24518.4;1173.90;3.21;3.20;1.14;0.00;71660.16;24859.38;30048.5;0.00;2.38;0.83;25/06/2024 16:36:26;
26/06/2024;17;2.0TD;2;0.000112517522000000;0.147;0.900539430;104.876596;19.184;8.779;76.913596;61.22;-4.84074;1.06473;0.75;0.25;97.16875;77.80580;101.96000;48.69000;52.19000;1844.6;275.0;154.0;62.0;8.11;0.154;0.17498;0.04096;0.00;0.000;1.006;0.947;0.000;0.557;67.056;61.00;66.00;24278.2;1124.40;3.77;3.20;1.14;0.00;87077.20;24859.38;29724.4;0.00;2.93;0.84;25/06/2024 16:36:26;
26/06/2024;18;2.0TD;2;0.000112370177000000;0.150;0.918321291;130.564065;19.184;8.779;102.601065;82.59;-4.84074;1.06473;0.75;0.25;97.16875;77.80580;101.96000;48.69000;52.19000;1844.6;275.0;154.0;62.0;8.57;0.154;0.17498;0.04096;0.00;0.000;1.338;0.947;0.000;0.557;89.218;82.01;94.91;23831.2;1114.10;4.23;3.20;1.14;0.00;100297.68;24859.38;29599.9;0.00;3.39;0.84;25/06/2024 16:36:26;
26/06/2024;19;2.0TD;1;0.000112270773000000;0.152;0.910394902;194.375837;33.081;43.893;117.401837;91.70;-4.84074;1.06473;0.75;0.25;97.16875;77.80580;101.96000;48.69000;52.19000;1844.6;275.0;154.0;62.0;11.19;0.926;0.17498;0.04096;0.00;0.000;1.529;0.947;0.000;0.557;101.911;91.22;101.22;22234.0;1111.10;6.85;3.20;1.14;0.00;176363.28;24859.38;29374.0;0.00;6.00;0.85;25/06/2024 16:36:26;
26/06/2024;20;2.0TD;1;0.000113063004000000;0.153;0.917433712;213.546063;33.081;43.893;136.572063;104.73;-4.84074;1.06473;0.75;0.25;97.16875;77.80580;101.96000;48.69000;52.19000;1844.6;275.0;154.0;62.0;14.45;0.926;0.17498;0.04096;0.00;0.000;1.777;0.947;0.000;0.557;118.449;104.55;108.25;22154.2;1135.20;10.11;3.20;1.14;0.00;270936.00;24859.38;29245.2;0.00;9.26;0.85;25/06/2024 16:36:26;
26/06/2024;21;2.0TD;1;0.000118081228000000;0.153;0.913621264;224.233220;33.081;43.893;147.259220;116.55;-4.84074;1.06473;0.75;0.25;97.16875;77.80580;101.96000;48.69000;52.19000;1844.6;275.0;154.0;62.0;11.76;0.926;0.17498;0.04096;0.00;0.000;1.916;0.947;0.000;0.557;127.718;116.05;126.05;21089.3;1120.20;7.42;3.20;1.14;0.00;192480.00;24859.38;29287.4;0.00;6.57;0.85;25/06/2024 16:36:26;
26/06/2024;22;2.0TD;1;0.000127388164000000;0.154;0.919742934;244.242050;33.081;43.893;167.268050;138.06;-4.84074;1.06473;0.75;0.25;97.16875;77.80580;101.96000;48.69000;52.19000;1844.6;275.0;154.0;62.0;7.22;0.926;0.17498;0.04096;0.00;0.000;2.174;0.947;0.000;0.557;144.946;137.18;155.66;18892.6;950.10;2.88;3.20;1.14;0.00;58550.72;24859.38;28999.1;0.00;2.02;0.86;25/06/2024 16:36:26;
26/06/2024;23;2.0TD;2;0.000132329257000000;0.158;0.968502367;171.425671;19.184;8.779;143.462671;119.41;-4.84074;1.06473;0.75;0.25;97.16875;77.80580;101.96000;48.69000;52.19000;1844.6;275.0;154.0;62.0;5.90;0.154;0.17498;0.04096;0.00;0.000;1.858;0.947;0.000;0.557;123.888;118.98;128.98;19376.7;872.40;1.56;3.20;1.14;0.00;18728.56;24859.38;28028.0;0.00;0.67;0.89;25/06/2024 16:36:26;
26/06/2024;24;2.0TD;2;0.000116347935000000;0.157;0.960280643;161.188446;19.184;8.779;133.225446;110.23;-4.84074;1.06473;0.75;0.25;97.16875;77.80580;101.96000;48.69000;52.19000;1844.6;275.0;154.0;62.0;6.47;0.154;0.17498;0.04096;0.00;0.000;1.727;0.947;0.000;0.557;115.147;110.00;115.00;17857.1;854.30;2.13;3.20;1.14;0.00;29677.44;24859.38;25633.0;0.00;1.16;0.97;25/06/2024 16:36:26;
*
