pvpcdata;
2024;09;10;12;18;56;
08/08/2024;1;2.0TD;3;0.000115147642000000;0.172;0.953779318;138.081025;0.557;2.195;135.329025;108.17;-3.03306;0.85852;0.75;0.25;101.18625;89.05400;101.96000;73.51000;75.32000;2637.1;275.0;234.0;57.0;6.45;0.000;0.17498;0.04096;0.00;0.000;1.732;0.947;0.000;0.557;115.468;107.75;114.95;20137.9;1236.00;2.32;3.08;1.05;22050.92;16609.28;24859.38;27382.7;0.81;0.61;0.91;07/08/2024 16:10:01;
08/08/2024;2;2.0TD;3;0.000099148613000000;0.171;0.948144035;133.269847;0.557;2.195;130.517847;103.78;-3.03306;0.85852;0.75;0.25;101.18625;89.05400;101.96000;73.51000;75.32000;2637.1;275.0;234.0;57.0;6.89;0.000;0.17498;0.04096;0.00;0.000;1.672;0.947;0.000;0.557;111.458;103.79;103.71;18630.4;1429.40;2.76;3.08;1.05;33594.64;13103.60;24859.38;25903.0;1.30;0.51;0.96;07/08/2024 16:10:01;
08/08/2024;3;2.0TD;3;0.000088703503000000;0.171;0.947226314;127.777857;0.557;2.195;125.025857;98.38;-3.03306;0.85852;0.75;0.25;101.18625;89.05400;101.96000;73.51000;75.32000;2637.1;275.0;234.0;57.0;7.67;0.000;0.17498;0.04096;0.00;0.000;1.602;0.947;0.000;0.557;106.768;98.38;98.38;17732.7;1315.40;3.54;3.08;1.05;42861.36;19383.04;24859.38;24603.1;1.74;0.79;1.01;07/08/2024 16:10:01;
08/08/2024;4;2.0TD;3;0.000082598048000000;0.169;0.938589012;132.370079;0.557;2.195;129.618079;102.21;-3.03306;0.85852;0.75;0.25;101.18625;89.05400;101.96000;73.51000;75.32000;2637.1;275.0;234.0;57.0;7.89;0.000;0.17498;0.04096;0.00;0.000;1.663;0.947;0.000;0.557;110.879;101.81;110.50;16876.9;811.50;3.76;3.08;1.05;46660.92;41307.52;0.00;23385.0;2.00;1.77;0.00;07/08/2024 16:10:01;
08/08/2024;5;2.0TD;3;0.000078940940000000;0.167;0.929814569;131.899749;0.557;2.195;129.147749;102.22;-3.03306;0.85852;0.75;0.25;101.18625;89.05400;101.96000;73.51000;75.32000;2637.1;275.0;234.0;57.0;7.67;0.000;0.17498;0.04096;0.00;0.000;1.660;0.947;0.000;0.557;110.666;101.81;110.50;16480.1;813.20;3.54;3.08;1.05;46671.36;34619.20;0.00;22971.8;2.03;1.51;0.00;07/08/2024 16:10:01;
08/08/2024;6;2.0TD;3;0.000077404270000000;0.165;0.916143107;130.696321;0.557;2.195;127.944321;102.18;-3.03306;0.85852;0.75;0.25;101.18625;89.05400;101.96000;73.51000;75.32000;2637.1;275.0;234.0;57.0;6.88;0.000;0.17498;0.04096;0.00;0.000;1.647;0.947;0.000;0.557;109.823;101.93;106.93;16345.9;871.30;2.75;3.08;1.05;46546.48;17194.48;0.00;23162.0;2.01;0.74;0.00;07/08/2024 16:10:01;
08/08/2024;7;2.0TD;3;0.000078696951000000;0.160;0.889660289;136.800964;0.557;2.195;134.048964;107.75;-3.03306;0.85852;0.75;0.25;101.18625;89.05400;101.96000;73.51000;75.32000;2637.1;275.0;234.0;57.0;6.96;0.000;0.17498;0.04096;0.00;0.000;1.733;0.947;0.000;0.557;115.559;107.75;107.75;16958.4;1306.80;2.83;3.08;1.05;35373.40;10677.12;24859.38;25007.7;1.41;0.43;0.99;07/08/2024 16:10:01;
08/08/2024;8;2.0TD;3;0.000079503380000000;0.159;0.884878394;144.922418;0.557;2.195;142.170418;115.52;-3.03306;0.85852;0.75;0.25;101.18625;89.05400;101.96000;73.51000;75.32000;2637.1;275.0;234.0;57.0;6.19;0.000;0.17498;0.04096;0.00;0.000;1.840;0.947;0.000;0.557;122.666;115.10;122.81;17464.0;1017.10;2.06;3.08;1.05;20637.72;8506.68;24859.38;26247.0;0.79;0.32;0.95;07/08/2024 16:10:01;
08/08/2024;9;2.0TD;2;0.000086761838000000;0.148;0.909775028;161.504619;19.184;8.779;133.541619;107.82;-3.03306;0.85852;0.75;0.25;101.18625;89.05400;101.96000;73.51000;75.32000;2637.1;275.0;234.0;57.0;7.49;0.154;0.17498;0.04096;0.00;0.000;1.745;0.947;0.000;0.557;116.325;107.82;107.82;19073.0;1184.70;3.36;3.08;1.05;28739.00;39390.24;24859.38;27727.0;1.04;1.42;0.90;07/08/2024 16:10:01;
08/08/2024;10;2.0TD;2;0.000098158426000000;0.141;0.867187507;163.215373;19.184;8.779;135.252373;108.90;-3.03306;0.85852;0.75;0.25;101.18625;89.05400;101.96000;73.51000;75.32000;2637.1;275.0;234.0;57.0;8.59;0.154;0.17498;0.04096;0.00;0.000;1.778;0.947;0.000;0.557;118.538;109.10;105.10;22766.1;1172.90;4.46;3.08;1.05;32284.84;73543.68;24859.38;29342.5;1.10;2.51;0.85;07/08/2024 16:10:01;
08/08/2024;11;2.0TD;1;0.000106223915000000;0.149;0.891048474;193.008582;33.081;43.893;116.034582;88.49;-3.03306;0.85852;0.75;0.25;101.18625;89.05400;101.96000;73.51000;75.32000;2637.1;275.0;234.0;57.0;10.94;0.926;0.17498;0.04096;0.00;0.000;1.515;0.947;0.000;0.557;100.987;89.00;77.00;24456.4;1079.60;6.81;3.08;1.05;66350.00;119600.00;24859.38;30925.6;2.15;3.87;0.80;07/08/2024 16:10:01;
08/08/2024;12;2.0TD;1;0.000110693818000000;0.151;0.902559812;184.984360;33.081;43.893;108.010360;83.10;-3.03306;0.85852;0.75;0.25;101.18625;89.05400;101.96000;73.51000;75.32000;2637.1;275.0;234.0;57.0;9.29;0.926;0.17498;0.04096;0.00;0.000;1.408;0.947;0.000;0.557;93.840;83.10;83.10;25414.6;1278.30;5.16;3.08;1.05;70997.76;68650.08;24859.38;31876.3;2.23;2.15;0.78;07/08/2024 16:10:01;
08/08/2024;13;2.0TD;1;0.000116599179000000;0.151;0.904500421;184.563094;33.081;43.893;107.589094;82.88;-3.03306;0.85852;0.75;0.25;101.18625;89.05400;101.96000;73.51000;75.32000;2637.1;275.0;234.0;57.0;9.15;0.926;0.17498;0.04096;0.00;0.000;1.402;0.947;0.000;0.557;93.474;83.00;80.40;26049.0;1220.30;5.02;3.08;1.05;71018.36;68777.92;24859.38;32811.0;2.16;2.10;0.76;07/08/2024 16:10:01;
08/08/2024;14;2.0TD;1;0.000126958704000000;0.148;0.887092896;184.294151;33.081;43.893;107.320151;83.00;-3.03306;0.85852;0.75;0.25;101.18625;89.05400;101.96000;73.51000;75.32000;2637.1;275.0;234.0;57.0;9.04;0.926;0.17498;0.04096;0.00;0.000;1.402;0.947;0.000;0.557;93.484;83.00;83.10;26405.8;1178.30;4.91;3.08;1.05;71026.40;68777.92;24859.38;33504.9;2.12;2.05;0.74;07/08/2024 16:10:01;
08/08/2024;15;2.0TD;2;0.000132549657000000;0.151;0.924484405;134.662371;19.184;8.779;106.699371;83.00;-3.03306;0.85852;0.75;0.25;101.18625;89.05400;101.96000;73.51000;75.32000;2637.1;275.0;234.0;57.0;9.04;0.154;0.17498;0.04096;0.00;0.000;1.391;0.947;0.000;0.557;92.701;83.00;83.01;26578.9;1164.70;4.91;3.08;1.05;71027.00;69928.48;24859.38;33771.8;2.10;2.07;0.74;07/08/2024 16:10:01;
08/08/2024;16;2.0TD;2;0.000128892605000000;0.151;0.924341789;133.528636;19.184;8.779;105.565636;82.00;-3.03306;0.85852;0.75;0.25;101.18625;89.05400;101.96000;73.51000;75.32000;2637.1;275.0;234.0;57.0;9.07;0.154;0.17498;0.04096;0.00;0.000;1.376;0.947;0.000;0.557;91.716;82.00;82.00;26616.8;1065.50;4.94;3.08;1.05;72192.96;67243.84;24859.38;33296.4;2.17;2.02;0.75;07/08/2024 16:10:01;
08/08/2024;17;2.0TD;2;0.000127050309000000;0.153;0.936564448;133.805462;19.184;8.779;105.842462;82.00;-3.03306;0.85852;0.75;0.25;101.18625;89.05400;101.96000;73.51000;75.32000;2637.1;275.0;234.0;57.0;9.15;0.154;0.17498;0.04096;0.00;0.000;1.377;0.947;0.000;0.557;91.797;82.00;82.00;26511.7;1135.80;5.02;3.08;1.05;72147.44;69225.36;24859.38;33141.1;2.18;2.09;0.75;07/08/2024 16:10:01;
08/08/2024;18;2.0TD;2;0.000128268442000000;0.157;0.963591767;139.869720;19.184;8.779;111.906720;86.89;-3.03306;0.85852;0.75;0.25;101.18625;89.05400;101.96000;73.51000;75.32000;2637.1;275.0;234.0;57.0;9.11;0.154;0.17498;0.04096;0.00;0.000;1.451;0.947;0.000;0.557;96.721;87.19;80.09;25982.0;1144.30;4.98;3.08;1.05;68185.16;72868.80;24859.38;33330.7;2.05;2.19;0.75;07/08/2024 16:10:01;
08/08/2024;19;2.0TD;1;0.000129304574000000;0.156;0.934520742;201.847954;33.081;43.893;124.873954;96.37;-3.03306;0.85852;0.75;0.25;101.18625;89.05400;101.96000;73.51000;75.32000;2637.1;275.0;234.0;57.0;9.99;0.926;0.17498;0.04096;0.00;0.000;1.620;0.947;0.000;0.557;108.022;96.50;93.47;25524.7;1115.10;5.86;3.08;1.05;57651.24;109828.40;24859.38;32860.3;1.75;3.34;0.76;07/08/2024 16:10:01;
08/08/2024;20;2.0TD;1;0.000129127598000000;0.159;0.952895423;215.798385;33.081;43.893;138.824385;110.50;-3.03306;0.85852;0.75;0.25;101.18625;89.05400;101.96000;73.51000;75.32000;2637.1;275.0;234.0;57.0;7.44;0.926;0.17498;0.04096;0.00;0.000;1.797;0.947;0.000;0.557;119.779;110.50;110.50;24878.1;1378.40;3.31;3.08;1.05;28028.64;54482.56;24859.38;32430.6;0.86;1.68;0.77;07/08/2024 16:10:01;
08/08/2024;21;2.0TD;1;0.000131463353000000;0.162;0.971896863;221.170591;33.081;43.893;144.196591;115.50;-3.03306;0.85852;0.75;0.25;101.18625;89.05400;101.96000;73.51000;75.32000;2637.1;275.0;234.0;57.0;6.69;0.926;0.17498;0.04096;0.00;0.000;1.861;0.947;0.000;0.557;124.093;115.50;115.50;21920.9;1431.80;2.56;3.08;1.05;33731.08;21600.00;24859.38;31310.3;1.08;0.69;0.79;07/08/2024 16:10:01;
08/08/2024;22;2.0TD;1;0.000147066484000000;0.163;0.973702281;251.332648;33.081;43.893;174.358648;139.72;-3.03306;0.85852;0.75;0.25;101.18625;89.05400;101.96000;73.51000;75.32000;2637.1;275.0;234.0;57.0;7.91;0.926;0.17498;0.04096;0.00;0.000;2.249;0.947;0.000;0.557;149.921;140.01;136.01;21947.5;1708.70;3.78;3.08;1.05;78847.08;15734.16;24859.38;31653.8;2.49;0.50;0.79;07/08/2024 16:10:01;
08/08/2024;23;2.0TD;2;0.000148241780000000;0.167;1.024779328;186.581000;19.184;8.779;158.618000;126.11;-3.03306;0.85852;0.75;0.25;101.18625;89.05400;101.96000;73.51000;75.32000;2637.1;275.0;234.0;57.0;8.50;0.154;0.17498;0.04096;0.00;0.000;2.039;0.947;0.000;0.557;135.919;126.48;121.48;21485.8;1696.20;4.37;3.08;1.05;96759.00;13952.00;24859.38;30972.9;3.12;0.45;0.80;07/08/2024 16:10:01;
08/08/2024;24;2.0TD;2;0.000132106136000000;0.163;1.001803389;170.144927;19.184;8.779;142.181927;111.19;-3.03306;0.85852;0.75;0.25;101.18625;89.05400;101.96000;73.51000;75.32000;2637.1;275.0;234.0;57.0;9.96;0.154;0.17498;0.04096;0.00;0.000;1.834;0.947;0.000;0.557;122.254;111.95;103.31;19961.9;1915.20;5.83;3.08;1.05;131628.24;11200.00;24859.38;28763.6;4.58;0.39;0.86;07/08/2024 16:10:01;
*
