pvpcdata;
2024;04;10;12;05;46;
18/03/2024;1;2.0TD;3;0.000103252006000000;0.221;1.225095356;114.300411;0.557;2.195;111.548411;64.12;8.12580;0.97466;0.75;0.25;61.33542;93.83860;101.96000;97.42000;37.09000;2043.8;275.0;177.0;46.0;16.61;0.000;0.17498;0.04096;0.00;0.000;0.000;1.370;0.565;0.000;0.557;91.358;64.12;64.12;17228.0;972.50;11.80;3.40;1.41;193155.64;34388.20;24859.38;21384.2;9.03;1.61;1.16;17/03/2024 16:06:02;
18/03/2024;2;2.0TD;3;0.000084936853000000;0.228;1.267761682;99.767979;0.557;2.195;97.015979;50.58;8.12580;0.97466;0.75;0.25;61.33542;93.83860;101.96000;97.42000;37.09000;2043.8;275.0;177.0;46.0;17.98;0.000;0.17498;0.04096;0.00;0.000;0.000;1.185;0.565;0.000;0.557;79.003;50.30;55.35;16943.6;1000.90;13.17;3.40;1.41;227805.20;38280.00;0.00;20196.9;11.28;1.90;0.00;17/03/2024 16:06:02;
18/03/2024;3;2.0TD;3;0.000074896905000000;0.235;1.305063670;99.481201;0.557;2.195;96.729201;49.06;8.12580;0.97466;0.75;0.25;61.33542;93.83860;101.96000;97.42000;37.09000;2043.8;275.0;177.0;46.0;18.83;0.000;0.17498;0.04096;0.00;0.000;0.000;1.175;0.565;0.000;0.557;78.323;48.85;52.51;16396.6;1020.90;14.02;3.40;1.41;235821.92;38328.00;0.00;19548.5;12.06;1.96;0.00;17/03/2024 16:06:02;
18/03/2024;4;2.0TD;3;0.000069963078000000;0.238;1.322725719;99.628273;0.557;2.195;96.876273;48.85;8.12580;0.97466;0.75;0.25;61.33542;93.83860;101.96000;97.42000;37.09000;2043.8;275.0;177.0;46.0;18.97;0.000;0.17498;0.04096;0.00;0.000;0.000;1.174;0.565;0.000;0.557;78.252;48.85;48.86;16176.9;1095.00;14.16;3.40;1.41;235539.12;38328.00;0.00;19335.3;12.18;1.98;0.00;17/03/2024 16:06:02;
18/03/2024;5;2.0TD;3;0.000068438924000000;0.239;1.326225518;96.750271;0.557;2.195;93.998271;46.58;8.12580;0.97466;0.75;0.25;61.33542;93.83860;101.96000;97.42000;37.09000;2043.8;275.0;177.0;46.0;18.89;0.000;0.17498;0.04096;0.00;0.000;0.000;1.138;0.565;0.000;0.557;75.866;46.03;55.35;15450.9;964.00;14.08;3.40;1.41;232382.80;38328.00;0.00;19233.4;12.08;1.99;0.00;17/03/2024 16:06:02;
18/03/2024;6;2.0TD;3;0.000070549047000000;0.231;1.281338331;93.506539;0.557;2.195;90.754539;44.91;8.12580;0.97466;0.75;0.25;61.33542;93.83860;101.96000;97.42000;37.09000;2043.8;275.0;177.0;46.0;18.45;0.000;0.17498;0.04096;0.00;0.000;0.000;1.106;0.565;0.000;0.557;73.724;44.28;56.74;16880.6;902.40;13.64;3.40;1.41;236745.68;38328.00;0.00;20173.2;11.74;1.90;0.00;17/03/2024 16:06:02;
18/03/2024;7;2.0TD;3;0.000080251722000000;0.208;1.153836835;106.416810;0.557;2.195;103.664810;61.92;8.12580;0.97466;0.75;0.25;61.33542;93.83860;101.96000;97.42000;37.09000;2043.8;275.0;177.0;46.0;13.35;0.000;0.17498;0.04096;0.00;0.000;0.000;1.287;0.565;0.000;0.557;85.815;61.71;65.37;17969.6;1070.60;8.54;3.40;1.41;135033.12;38280.00;24859.38;23185.8;5.82;1.65;1.07;17/03/2024 16:06:02;
18/03/2024;8;2.0TD;3;0.000097447279000000;0.190;1.054741826;139.521366;0.557;2.195;136.769366;95.01;8.12580;0.97466;0.75;0.25;61.33542;93.83860;101.96000;97.42000;37.09000;2043.8;275.0;177.0;46.0;8.94;0.000;0.17498;0.04096;0.00;0.000;0.000;1.724;0.565;0.000;0.557;114.932;94.68;101.18;16021.3;850.50;4.13;3.40;1.41;45729.76;38376.00;24859.38;26401.6;1.73;1.45;0.94;17/03/2024 16:06:02;
18/03/2024;9;2.0TD;2;0.000108225059000000;0.180;1.102500195;164.797263;19.184;8.779;136.834263;95.22;8.12580;0.97466;0.75;0.25;61.33542;93.83860;101.96000;97.42000;37.09000;2043.8;275.0;177.0;46.0;9.59;0.154;0.17498;0.04096;0.00;0.000;0.000;1.739;0.565;0.000;0.557;115.961;94.45;109.45;18149.9;986.20;4.78;3.40;1.41;31443.72;77486.64;24859.38;28021.6;1.12;2.77;0.89;17/03/2024 16:06:02;
18/03/2024;10;2.0TD;2;0.000113736980000000;0.163;0.998826165;115.455769;19.184;8.779;87.492769;52.91;8.12580;0.97466;0.75;0.25;61.33542;93.83860;101.96000;97.42000;37.09000;2043.8;275.0;177.0;46.0;11.78;0.154;0.17498;0.04096;0.00;0.000;0.000;1.128;0.565;0.000;0.557;75.230;52.61;58.96;22436.8;1120.90;6.97;3.40;1.41;89641.36;82570.00;24859.38;28295.8;3.17;2.92;0.88;17/03/2024 16:06:02;
18/03/2024;11;2.0TD;1;0.000118087359000000;0.163;0.978822702;153.984650;33.081;43.893;77.010650;42.59;8.12580;0.97466;0.75;0.25;61.33542;93.83860;101.96000;97.42000;37.09000;2043.8;275.0;177.0;46.0;12.45;0.926;0.17498;0.04096;0.00;0.000;0.000;0.993;0.565;0.000;0.557;66.217;42.10;52.35;23385.0;1163.50;7.64;3.40;1.41;108030.28;82047.68;24859.38;28132.7;3.84;2.92;0.88;17/03/2024 16:06:02;
18/03/2024;12;2.0TD;1;0.000117927089000000;0.161;0.965503417;146.732964;33.081;43.893;69.758964;36.24;8.12580;0.97466;0.75;0.25;61.33542;93.83860;101.96000;97.42000;37.09000;2043.8;275.0;177.0;46.0;12.76;0.926;0.17498;0.04096;0.00;0.000;0.000;0.901;0.565;0.000;0.557;60.085;35.00;54.99;23790.9;1578.20;7.95;3.40;1.41;120960.48;73984.00;24859.38;27666.3;4.37;2.67;0.90;17/03/2024 16:06:02;
18/03/2024;13;2.0TD;1;0.000118872268000000;0.158;0.947867788;145.530194;33.081;43.893;68.556194;35.60;8.12580;0.97466;0.75;0.25;61.33542;93.83860;101.96000;97.42000;37.09000;2043.8;275.0;177.0;46.0;12.53;0.926;0.17498;0.04096;0.00;0.000;0.000;0.888;0.565;0.000;0.557;59.202;35.00;44.10;25082.8;1756.00;7.72;3.40;1.41;127775.28;60232.16;24859.38;27575.6;4.63;2.18;0.90;17/03/2024 16:06:02;
18/03/2024;14;2.0TD;1;0.000125860674000000;0.153;0.918161181;144.847928;33.081;43.893;67.873928;35.48;8.12580;0.97466;0.75;0.25;61.33542;93.83860;101.96000;97.42000;37.09000;2043.8;275.0;177.0;46.0;12.32;0.926;0.17498;0.04096;0.00;0.000;0.000;0.883;0.565;0.000;0.557;58.867;35.00;42.35;25194.8;1767.30;7.51;3.40;1.41;120960.88;61414.08;24859.38;27579.7;4.39;2.23;0.90;17/03/2024 16:06:02;
18/03/2024;15;2.0TD;2;0.000126642196000000;0.159;0.977132606;94.799331;19.184;8.779;66.836331;35.40;8.12580;0.97466;0.75;0.25;61.33542;93.83860;101.96000;97.42000;37.09000;2043.8;275.0;177.0;46.0;11.99;0.154;0.17498;0.04096;0.00;0.000;0.000;0.865;0.565;0.000;0.557;57.667;35.00;41.01;24774.5;1751.70;7.18;3.40;1.41;114146.28;56335.40;24859.38;27186.4;4.20;2.07;0.91;17/03/2024 16:06:02;
18/03/2024;16;2.0TD;2;0.000118714090000000;0.164;1.007931491;96.505419;19.184;8.779;68.542419;36.22;8.12580;0.97466;0.75;0.25;61.33542;93.83860;101.96000;97.42000;37.09000;2043.8;275.0;177.0;46.0;12.37;0.154;0.17498;0.04096;0.00;0.000;0.000;0.883;0.565;0.000;0.557;58.885;35.50;48.55;23945.4;1400.80;7.56;3.40;1.41;113593.72;62130.24;24859.38;26550.5;4.28;2.34;0.94;17/03/2024 16:06:02;
18/03/2024;17;2.0TD;2;0.000113197364000000;0.171;1.049855617;107.700184;19.184;8.779;79.737184;44.45;8.12580;0.97466;0.75;0.25;61.33542;93.83860;101.96000;97.42000;37.09000;2043.8;275.0;177.0;46.0;13.21;0.154;0.17498;0.04096;0.00;0.000;0.000;1.021;0.565;0.000;0.557;68.093;43.86;55.35;21427.1;1150.00;8.40;3.40;1.41;104341.04;92345.40;24859.38;26350.4;3.96;3.50;0.94;17/03/2024 16:06:02;
18/03/2024;18;2.0TD;2;0.000114467304000000;0.176;1.079191808;113.365578;19.184;8.779;85.402578;47.91;8.12580;0.97466;0.75;0.25;61.33542;93.83860;101.96000;97.42000;37.09000;2043.8;275.0;177.0;46.0;14.21;0.154;0.17498;0.04096;0.00;0.000;0.000;1.089;0.565;0.000;0.557;72.621;47.70;51.26;20037.7;1257.80;9.40;3.40;1.41;50448.44;174309.00;24859.38;26570.0;1.90;6.56;0.94;17/03/2024 16:06:02;
18/03/2024;19;2.0TD;1;0.000121860497000000;0.171;1.026790439;186.863263;33.081;43.893;109.889263;73.32;8.12580;0.97466;0.75;0.25;61.33542;93.83860;101.96000;97.42000;37.09000;2043.8;275.0;177.0;46.0;8.93;0.926;0.17498;0.04096;0.00;0.000;0.000;1.408;0.565;0.000;0.557;93.842;73.45;71.89;16080.0;1412.40;4.12;3.40;1.41;36865.72;48824.00;24859.38;26853.7;1.37;1.82;0.93;17/03/2024 16:06:02;
18/03/2024;20;2.0TD;1;0.000144909971000000;0.174;1.040999256;247.846460;33.081;43.893;170.872460;125.16;8.12580;0.97466;0.75;0.25;61.33542;93.83860;101.96000;97.42000;37.09000;2043.8;275.0;177.0;46.0;8.02;0.926;0.17498;0.04096;0.00;0.000;0.000;2.183;0.565;0.000;0.557;145.547;125.16;125.16;17504.7;1541.20;3.21;3.40;1.41;24678.56;41574.00;24859.38;28403.4;0.87;1.46;0.88;17/03/2024 16:06:02;
18/03/2024;21;2.0TD;1;0.000172036469000000;0.175;1.045928227;234.572332;33.081;43.893;157.598332;114.00;8.12580;0.97466;0.75;0.25;61.33542;93.83860;101.96000;97.42000;37.09000;2043.8;275.0;177.0;46.0;7.93;0.926;0.17498;0.04096;0.00;0.000;0.000;2.012;0.565;0.000;0.557;134.126;114.24;110.74;18731.1;1399.60;3.12;3.40;1.41;30952.44;38376.00;24859.38;30159.7;1.03;1.27;0.82;17/03/2024 16:06:02;
18/03/2024;22;2.0TD;1;0.000176776812000000;0.176;1.052989124;213.204474;33.081;43.893;136.230474;95.50;8.12580;0.97466;0.75;0.25;61.33542;93.83860;101.96000;97.42000;37.09000;2043.8;275.0;177.0;46.0;8.42;0.926;0.17498;0.04096;0.00;0.000;0.000;1.738;0.565;0.000;0.557;115.842;95.85;90.90;17996.5;1370.10;3.61;3.40;1.41;43318.48;38376.00;24859.38;29459.9;1.47;1.30;0.84;17/03/2024 16:06:02;
18/03/2024;23;2.0TD;2;0.000156545203000000;0.190;1.164991350;144.864126;19.184;8.779;116.901126;77.42;8.12580;0.97466;0.75;0.25;61.33542;93.83860;101.96000;97.42000;37.09000;2043.8;275.0;177.0;46.0;9.93;0.154;0.17498;0.04096;0.00;0.000;0.000;1.474;0.565;0.000;0.557;98.236;77.80;72.82;15961.1;1317.20;5.12;3.40;1.41;75049.56;38328.00;24859.38;26964.5;2.78;1.42;0.92;17/03/2024 16:06:02;
18/03/2024;24;2.0TD;2;0.000127892587000000;0.197;1.206620115;136.108646;19.184;8.779;108.145646;70.35;8.12580;0.97466;0.75;0.25;61.33542;93.83860;101.96000;97.42000;37.09000;2043.8;275.0;177.0;46.0;9.23;0.154;0.17498;0.04096;0.00;0.000;0.000;1.355;0.565;0.000;0.557;90.347;70.51;67.56;16789.1;977.60;4.42;3.40;1.41;44719.84;38328.00;24859.38;24401.0;1.83;1.57;1.02;17/03/2024 16:06:02;
*
