pvpcdata;
2024;10;09;11;29;29;
07/09/2024;1;2.0TD;3;0.000099752201000000;0.166;0.922907464;155.911395;0.557;2.195;153.159395;117.32;2.91813;1.16655;0.75;0.25;79.01250;90.68500;101.96000;73.51000;91.63000;1909.9;275.0;234.0;48.0;6.94;0.000;0.17498;0.04096;0.00;0.000;1.970;0.947;0.000;0.557;131.354;117.32;117.32;17078.2;1782.50;2.81;3.08;1.05;26975.08;17236.80;24859.38;24607.4;1.10;0.70;1.01;06/09/2024 16:10:49;
07/09/2024;2;2.0TD;3;0.000087025085000000;0.171;0.950656036;155.760178;0.557;2.195;153.008178;116.42;2.91813;1.16655;0.75;0.25;79.01250;90.68500;101.96000;73.51000;91.63000;1909.9;275.0;234.0;48.0;7.16;0.000;0.17498;0.04096;0.00;0.000;1.960;0.947;0.000;0.557;130.664;116.42;116.42;15969.0;1782.20;3.03;3.08;1.05;27995.88;18002.88;24859.38;23400.7;1.20;0.77;1.06;06/09/2024 16:10:49;
07/09/2024;3;2.0TD;3;0.000077834026000000;0.175;0.972162049;143.566986;0.557;2.195;140.814986;103.35;2.91813;1.16655;0.75;0.25;79.01250;90.68500;101.96000;73.51000;91.63000;1909.9;275.0;234.0;48.0;9.57;0.000;0.17498;0.04096;0.00;0.000;1.798;0.947;0.000;0.557;119.842;103.35;103.35;15163.3;1547.30;5.44;3.08;1.05;47543.56;49288.32;24859.38;22348.8;2.13;2.21;1.11;06/09/2024 16:10:49;
07/09/2024;4;2.0TD;3;0.000072286896000000;0.176;0.975011069;142.600204;0.557;2.195;139.848204;103.16;2.91813;1.16655;0.75;0.25;79.01250;90.68500;101.96000;73.51000;91.63000;1909.9;275.0;234.0;48.0;8.85;0.000;0.17498;0.04096;0.00;0.000;1.784;0.947;0.000;0.557;118.918;103.35;101.51;14700.4;1691.00;4.72;3.08;1.05;52439.60;49350.24;0.00;21580.4;2.43;2.29;0.00;06/09/2024 16:10:49;
07/09/2024;5;2.0TD;3;0.000069494738000000;0.178;0.990256450;140.744735;0.557;2.195;137.992735;101.07;2.91813;1.16655;0.75;0.25;79.01250;90.68500;101.96000;73.51000;91.63000;1909.9;275.0;234.0;48.0;9.19;0.000;0.17498;0.04096;0.00;0.000;1.757;0.947;0.000;0.557;117.141;101.12;100.67;14777.8;1649.50;5.06;3.08;1.05;44209.24;62867.36;0.00;21168.4;2.09;2.97;0.00;06/09/2024 16:10:49;
07/09/2024;6;2.0TD;3;0.000068578063000000;0.177;0.984698150;139.002157;0.557;2.195;136.250157;99.30;2.91813;1.16655;0.75;0.25;79.01250;90.68500;101.96000;73.51000;91.63000;1909.9;275.0;234.0;48.0;9.60;0.000;0.17498;0.04096;0.00;0.000;1.736;0.947;0.000;0.557;115.760;99.34;98.89;14719.8;1519.40;5.47;3.08;1.05;48548.88;66374.16;0.00;20996.6;2.31;3.16;0.00;06/09/2024 16:10:49;
07/09/2024;7;2.0TD;3;0.000069703868000000;0.173;0.962503476;142.588311;0.557;2.195;139.836311;103.49;2.91813;1.16655;0.75;0.25;79.01250;90.68500;101.96000;73.51000;91.63000;1909.9;275.0;234.0;48.0;8.81;0.000;0.17498;0.04096;0.00;0.000;1.788;0.947;0.000;0.557;119.212;104.00;99.36;14497.6;1776.10;4.68;3.08;1.05;41460.92;59169.28;0.00;21501.2;1.93;2.75;0.00;06/09/2024 16:10:49;
07/09/2024;8;2.0TD;3;0.000071669744000000;0.168;0.934917142;146.521752;0.557;2.195;143.769752;108.29;2.91813;1.16655;0.75;0.25;79.01250;90.68500;101.96000;73.51000;91.63000;1909.9;275.0;234.0;48.0;7.83;0.000;0.17498;0.04096;0.00;0.000;1.846;0.947;0.000;0.557;123.090;108.83;103.83;15212.9;1838.90;3.70;3.08;1.05;29405.28;52410.72;0.00;22126.0;1.33;2.37;0.00;06/09/2024 16:10:49;
07/09/2024;9;2.0TD;3;0.000077148427000000;0.161;0.894437124;153.581621;0.557;2.195;150.829621;104.58;2.91813;1.16655;0.75;0.25;79.01250;90.68500;101.96000;73.51000;91.63000;1909.9;275.0;234.0;48.0;18.26;0.000;0.17498;0.04096;0.00;0.000;1.949;0.947;0.000;0.557;129.913;104.68;103.45;15936.0;1426.60;14.13;3.08;1.05;14482.68;307031.68;0.00;22759.3;0.64;13.49;0.00;06/09/2024 16:10:49;
07/09/2024;10;2.0TD;3;0.000091775995000000;0.145;0.804250869;114.630570;0.557;2.195;111.878570;77.95;2.91813;1.16655;0.75;0.25;79.01250;90.68500;101.96000;73.51000;91.63000;1909.9;275.0;234.0;48.0;13.17;0.000;0.17498;0.04096;0.00;0.000;1.466;0.947;0.000;0.557;97.710;77.95;77.95;19423.4;1253.00;9.04;3.08;1.05;59235.80;160695.08;0.00;24336.6;2.43;6.60;0.00;06/09/2024 16:10:49;
07/09/2024;11;2.0TD;3;0.000101918009000000;0.138;0.769133468;80.926388;0.557;2.195;78.174388;51.72;2.91813;1.16655;0.75;0.25;79.01250;90.68500;101.96000;73.51000;91.63000;1909.9;275.0;234.0;48.0;10.82;0.000;0.17498;0.04096;0.00;0.000;1.030;0.947;0.000;0.557;68.694;51.52;56.21;25842.2;1136.40;6.69;3.08;1.05;84194.88;86038.56;0.00;25440.9;3.31;3.38;0.00;06/09/2024 16:10:49;
07/09/2024;12;2.0TD;3;0.000104969290000000;0.138;0.767876700;23.056812;0.557;2.195;20.304812;3.32;2.91813;1.16655;0.75;0.25;79.01250;90.68500;101.96000;73.51000;91.63000;1909.9;275.0;234.0;48.0;9.13;0.000;0.17498;0.04096;0.00;0.000;0.268;0.947;0.000;0.557;17.842;3.32;3.37;26871.6;1176.70;5.00;3.08;1.05;125929.60;4815.00;0.00;26136.4;4.82;0.18;0.00;06/09/2024 16:10:49;
07/09/2024;13;2.0TD;3;0.000107249537000000;0.134;0.746669594;23.008122;0.557;2.195;20.256122;3.32;2.91813;1.16655;0.75;0.25;79.01250;90.68500;101.96000;73.51000;91.63000;1909.9;275.0;234.0;48.0;9.15;0.000;0.17498;0.04096;0.00;0.000;0.268;0.947;0.000;0.557;17.862;3.32;3.32;26933.5;1589.50;5.02;3.08;1.05;125756.80;6480.00;0.00;26356.1;4.77;0.25;0.00;06/09/2024 16:10:49;
07/09/2024;14;2.0TD;3;0.000114994872000000;0.131;0.730271452;20.302339;0.557;2.195;17.550339;1.14;2.91813;1.16655;0.75;0.25;79.01250;90.68500;101.96000;73.51000;91.63000;1909.9;275.0;234.0;48.0;9.02;0.000;0.17498;0.04096;0.00;0.000;0.233;0.947;0.000;0.557;15.517;1.02;3.32;26556.7;1408.40;4.89;3.08;1.05;127156.52;3190.56;0.00;26668.9;4.77;0.12;0.00;06/09/2024 16:10:49;
07/09/2024;15;2.0TD;3;0.000116404968000000;0.131;0.726917005;19.544569;0.557;2.195;16.792569;0.47;2.91813;1.16655;0.75;0.25;79.01250;90.68500;101.96000;73.51000;91.63000;1909.9;275.0;234.0;48.0;9.03;0.000;0.17498;0.04096;0.00;0.000;0.223;0.947;0.000;0.557;14.847;0.44;1.09;25961.9;1430.50;4.90;3.08;1.05;127372.44;2430.48;0.00;26467.7;4.81;0.09;0.00;06/09/2024 16:10:49;
07/09/2024;16;2.0TD;3;0.000106218611000000;0.141;0.783451713;23.434383;0.557;2.195;20.682383;3.40;2.91813;1.16655;0.75;0.25;79.01250;90.68500;101.96000;73.51000;91.63000;1909.9;275.0;234.0;48.0;9.33;0.000;0.17498;0.04096;0.00;0.000;0.272;0.947;0.000;0.557;18.126;3.32;5.00;26411.7;1334.50;5.20;3.08;1.05;125809.32;8314.80;0.00;25807.4;4.87;0.32;0.00;06/09/2024 16:10:49;
07/09/2024;17;2.0TD;3;0.000101145475000000;0.146;0.810352822;36.834660;0.557;2.195;34.082660;14.63;2.91813;1.16655;0.75;0.25;79.01250;90.68500;101.96000;73.51000;91.63000;1909.9;275.0;234.0;48.0;9.54;0.000;0.17498;0.04096;0.00;0.000;0.446;0.947;0.000;0.557;29.740;14.00;29.00;25907.9;1129.90;5.41;3.08;1.05;116937.40;19092.00;0.00;25134.0;4.65;0.76;0.00;06/09/2024 16:10:49;
07/09/2024;18;2.0TD;3;0.000100922954000000;0.153;0.850579748;81.711217;0.557;2.195;78.959217;50.61;2.91813;1.16655;0.75;0.25;79.01250;90.68500;101.96000;73.51000;91.63000;1909.9;275.0;234.0;48.0;11.72;0.000;0.17498;0.04096;0.00;0.000;1.027;0.947;0.000;0.557;68.481;50.24;58.23;23445.2;1128.70;7.59;3.08;1.05;85523.96;106672.00;0.00;25335.9;3.38;4.21;0.00;06/09/2024 16:10:49;
07/09/2024;19;2.0TD;3;0.000103156133000000;0.155;0.862169544;121.129730;0.557;2.195;118.377730;83.37;2.91813;1.16655;0.75;0.25;79.01250;90.68500;101.96000;73.51000;91.63000;1909.9;275.0;234.0;48.0;12.46;0.000;0.17498;0.04096;0.00;0.000;1.537;0.947;0.000;0.557;102.491;83.32;84.32;19970.0;1057.30;8.33;3.08;1.05;45563.92;167937.60;0.00;25639.6;1.78;6.55;0.00;06/09/2024 16:10:49;
07/09/2024;20;2.0TD;3;0.000105663352000000;0.158;0.876769796;156.906745;0.557;2.195;154.154745;116.51;2.91813;1.16655;0.75;0.25;79.01250;90.68500;101.96000;73.51000;91.63000;1909.9;275.0;234.0;48.0;9.49;0.000;0.17498;0.04096;0.00;0.000;1.997;0.947;0.000;0.557;133.121;116.51;116.51;18852.2;1660.30;5.36;3.08;1.05;19669.92;117301.20;0.00;25563.3;0.77;4.59;0.00;06/09/2024 16:10:49;
07/09/2024;21;2.0TD;3;0.000117437700000000;0.159;0.885265596;177.737288;0.557;2.195;174.985288;136.33;2.91813;1.16655;0.75;0.25;79.01250;90.68500;101.96000;73.51000;91.63000;1909.9;275.0;234.0;48.0;7.26;0.000;0.17498;0.04096;0.00;0.000;2.265;0.947;0.000;0.557;150.979;136.07;139.85;19108.9;1395.00;3.13;3.08;1.05;29077.20;51582.72;0.00;25779.8;1.13;2.00;0.00;06/09/2024 16:10:49;
07/09/2024;22;2.0TD;3;0.000133268443000000;0.157;0.869545316;194.361082;0.557;2.195;191.609082;148.66;2.91813;1.16655;0.75;0.25;79.01250;90.68500;101.96000;73.51000;91.63000;1909.9;275.0;234.0;48.0;9.34;0.000;0.17498;0.04096;0.00;0.000;2.484;0.947;0.000;0.557;165.608;148.56;150.00;18814.7;1462.70;5.21;3.08;1.05;59932.48;51708.16;24859.38;26217.0;2.29;1.97;0.95;06/09/2024 16:10:49;
07/09/2024;23;2.0TD;3;0.000124346669000000;0.162;0.901196142;166.935095;0.557;2.195;164.183095;124.44;2.91813;1.16655;0.75;0.25;79.01250;90.68500;101.96000;73.51000;91.63000;1909.9;275.0;234.0;48.0;9.61;0.000;0.17498;0.04096;0.00;0.000;2.119;0.947;0.000;0.557;141.293;124.44;124.44;17602.7;1415.50;5.48;3.08;1.05;69192.52;42336.64;24859.38;24879.7;2.78;1.70;1.00;06/09/2024 16:10:49;
07/09/2024;24;2.0TD;3;0.000110967373000000;0.167;0.926672723;166.480397;0.557;2.195;163.728397;123.80;2.91813;1.16655;0.75;0.25;79.01250;90.68500;101.96000;73.51000;91.63000;1909.9;275.0;234.0;48.0;9.27;0.000;0.17498;0.04096;0.00;0.000;2.104;0.947;0.000;0.557;140.298;123.86;123.17;16375.5;1426.80;5.14;3.08;1.05;72589.76;22656.00;24859.38;23368.0;3.11;0.97;1.06;06/09/2024 16:10:49;
*
