pvpcdata;
2024;10;09;11;29;32;
10/09/2024;1;2.0TD;3;0.000093736401000000;0.164;0.911438526;149.690977;0.557;2.195;146.938977;110.02;3.86781;1.21822;0.75;0.25;75.21375;90.68500;101.96000;73.51000;91.63000;1828.9;275.0;234.0;48.0;7.89;0.000;0.17498;0.04096;0.00;0.000;1.894;0.947;0.000;0.557;126.236;110.32;106.70;16422.1;1480.40;3.76;3.08;1.05;45074.36;20901.84;24859.38;24169.9;1.86;0.86;1.03;09/09/2024 16:10:03;
10/09/2024;2;2.0TD;3;0.000080393601000000;0.172;0.955328444;143.798958;0.557;2.195;141.046958;103.70;3.86781;1.21822;0.75;0.25;75.21375;90.68500;101.96000;73.51000;91.63000;1828.9;275.0;234.0;48.0;8.41;0.000;0.17498;0.04096;0.00;0.000;1.805;0.947;0.000;0.557;120.347;103.83;101.87;15781.7;1093.00;4.28;3.08;1.05;59301.04;14382.00;24859.38;23008.6;2.58;0.63;1.08;09/09/2024 16:10:03;
10/09/2024;3;2.0TD;3;0.000072699590000000;0.178;0.987650047;146.853482;0.557;2.195;144.101482;104.97;3.86781;1.21822;0.75;0.25;75.21375;90.68500;101.96000;73.51000;91.63000;1828.9;275.0;234.0;48.0;9.09;0.000;0.17498;0.04096;0.00;0.000;1.835;0.947;0.000;0.557;122.327;105.00;104.65;14898.1;1187.10;4.96;3.08;1.05;61397.64;23620.80;24859.38;22140.6;2.77;1.07;1.12;09/09/2024 16:10:03;
10/09/2024;4;2.0TD;3;0.000068626063000000;0.180;0.998011221;147.984316;0.557;2.195;145.232316;103.93;3.86781;1.21822;0.75;0.25;75.21375;90.68500;101.96000;73.51000;91.63000;1828.9;275.0;234.0;48.0;10.87;0.000;0.17498;0.04096;0.00;0.000;1.846;0.947;0.000;0.557;123.078;103.92;104.02;14730.1;1083.60;6.74;3.08;1.05;90407.04;55440.00;0.00;21649.5;4.18;2.56;0.00;09/09/2024 16:10:03;
10/09/2024;5;2.0TD;3;0.000066533154000000;0.180;1.000048694;143.192336;0.557;2.195;140.440336;99.42;3.86781;1.21822;0.75;0.25;75.21375;90.68500;101.96000;73.51000;91.63000;1828.9;275.0;234.0;48.0;11.38;0.000;0.17498;0.04096;0.00;0.000;1.785;0.947;0.000;0.557;119.017;99.42;99.43;15282.3;1055.50;7.25;3.08;1.05;96686.32;59626.56;0.00;21560.7;4.48;2.77;0.00;09/09/2024 16:10:03;
10/09/2024;6;2.0TD;3;0.000066884641000000;0.175;0.969570198;142.932125;0.557;2.195;140.180125;100.02;3.86781;1.21822;0.75;0.25;75.21375;90.68500;101.96000;73.51000;91.63000;1828.9;275.0;234.0;48.0;11.06;0.000;0.17498;0.04096;0.00;0.000;1.790;0.947;0.000;0.557;119.302;100.01;100.11;15340.3;1002.20;6.93;3.08;1.05;95483.16;56667.60;0.00;21946.9;4.35;2.58;0.00;09/09/2024 16:10:03;
10/09/2024;7;2.0TD;3;0.000072714871000000;0.160;0.891392906;149.703392;0.557;2.195;146.951392;109.27;3.86781;1.21822;0.75;0.25;75.21375;90.68500;101.96000;73.51000;91.63000;1828.9;275.0;234.0;48.0;9.08;0.000;0.17498;0.04096;0.00;0.000;1.900;0.947;0.000;0.557;126.682;109.47;106.37;16125.0;1117.20;4.95;3.08;1.05;80040.64;14382.00;24859.38;24091.0;3.32;0.60;1.03;09/09/2024 16:10:03;
10/09/2024;8;2.0TD;3;0.000085148702000000;0.147;0.819159066;150.316113;0.557;2.195;147.564113;112.47;3.86781;1.21822;0.75;0.25;75.21375;90.68500;101.96000;73.51000;91.63000;1828.9;275.0;234.0;48.0;7.82;0.000;0.17498;0.04096;0.00;0.000;1.930;0.947;0.000;0.557;128.652;112.64;109.64;17194.0;1046.50;3.69;3.08;1.05;60037.80;12784.00;24859.38;26447.6;2.27;0.48;0.94;09/09/2024 16:10:03;
10/09/2024;9;2.0TD;2;0.000089145699000000;0.147;0.904435330;178.710038;19.184;8.779;150.747038;114.41;3.86781;1.21822;0.75;0.25;75.21375;90.68500;101.96000;73.51000;91.63000;1828.9;275.0;234.0;48.0;8.46;0.154;0.17498;0.04096;0.00;0.000;1.971;0.947;0.000;0.557;131.427;114.59;111.59;18516.9;1216.30;4.33;3.08;1.05;46393.44;49849.28;24859.38;27993.5;1.66;1.78;0.89;09/09/2024 16:10:03;
10/09/2024;10;2.0TD;2;0.000093298349000000;0.138;0.844420799;163.051832;19.184;8.779;135.088832;99.76;3.86781;1.21822;0.75;0.25;75.21375;90.68500;101.96000;73.51000;91.63000;1828.9;275.0;234.0;48.0;10.58;0.154;0.17498;0.04096;0.00;0.000;1.781;0.947;0.000;0.557;118.707;100.00;95.00;21485.8;1071.20;6.45;3.08;1.05;73256.64;89831.04;24859.38;29138.4;2.51;3.08;0.85;09/09/2024 16:10:03;
10/09/2024;11;2.0TD;1;0.000097533783000000;0.141;0.846374296;172.931226;33.081;43.893;95.957226;62.57;3.86781;1.21822;0.75;0.25;75.21375;90.68500;101.96000;73.51000;91.63000;1828.9;275.0;234.0;48.0;12.91;0.926;0.17498;0.04096;0.00;0.000;1.261;0.947;0.000;0.557;84.099;62.00;77.87;25729.2;953.40;8.78;3.08;1.05;124775.36;111250.40;24859.38;29735.3;4.20;3.74;0.84;09/09/2024 16:10:03;
10/09/2024;12;2.0TD;1;0.000098948047000000;0.143;0.854360295;134.795209;33.081;43.893;57.821209;30.63;3.86781;1.21822;0.75;0.25;75.21375;90.68500;101.96000;73.51000;91.63000;1828.9;275.0;234.0;48.0;11.84;0.926;0.17498;0.04096;0.00;0.000;0.759;0.947;0.000;0.557;50.587;30.10;45.88;29965.8;1043.10;7.71;3.08;1.05;172263.76;35943.04;24859.38;30209.3;5.70;1.19;0.82;09/09/2024 16:10:03;
10/09/2024;13;2.0TD;1;0.000103134446000000;0.140;0.841084765;117.050967;33.081;43.893;40.076967;15.42;3.86781;1.21822;0.75;0.25;75.21375;90.68500;101.96000;73.51000;91.63000;1828.9;275.0;234.0;48.0;11.85;0.926;0.17498;0.04096;0.00;0.000;0.527;0.947;0.000;0.557;35.155;14.74;32.75;30577.3;1202.70;7.72;3.08;1.05;192438.72;17905.32;24859.38;30468.8;6.32;0.59;0.82;09/09/2024 16:10:03;
10/09/2024;14;2.0TD;1;0.000110634405000000;0.135;0.809957939;122.049656;33.081;43.893;45.075656;20.00;3.86781;1.21822;0.75;0.25;75.21375;90.68500;101.96000;73.51000;91.63000;1828.9;275.0;234.0;48.0;11.76;0.926;0.17498;0.04096;0.00;0.000;0.596;0.947;0.000;0.557;39.714;19.56;31.32;30781.6;1208.50;7.63;3.08;1.05;186345.36;23330.80;24859.38;30740.5;6.06;0.76;0.81;09/09/2024 16:10:03;
10/09/2024;15;2.0TD;2;0.000111391963000000;0.134;0.823884698;56.774804;19.184;8.779;28.811804;6.61;3.86781;1.21822;0.75;0.25;75.21375;90.68500;101.96000;73.51000;91.63000;1828.9;275.0;234.0;48.0;11.83;0.154;0.17498;0.04096;0.00;0.000;0.381;0.947;0.000;0.557;25.407;6.31;14.00;30793.9;1239.60;7.70;3.08;1.05;201344.80;7775.00;24859.38;30395.0;6.62;0.26;0.82;09/09/2024 16:10:03;
10/09/2024;16;2.0TD;2;0.000105049687000000;0.141;0.862982472;52.863310;19.184;8.779;24.900310;3.05;3.86781;1.21822;0.75;0.25;75.21375;90.68500;101.96000;73.51000;91.63000;1828.9;275.0;234.0;48.0;11.86;0.154;0.17498;0.04096;0.00;0.000;0.327;0.947;0.000;0.557;21.823;3.04;3.34;29740.0;1448.40;7.73;3.08;1.05;199934.76;4536.00;24859.38;29669.1;6.74;0.15;0.84;09/09/2024 16:10:03;
10/09/2024;17;2.0TD;2;0.000102626155000000;0.146;0.893312994;54.974488;19.184;8.779;27.011488;4.71;3.86781;1.21822;0.75;0.25;75.21375;90.68500;101.96000;73.51000;91.63000;1828.9;275.0;234.0;48.0;11.92;0.154;0.17498;0.04096;0.00;0.000;0.354;0.947;0.000;0.557;23.570;4.59;7.49;29530.8;1248.00;7.79;3.08;1.05;197931.52;5774.40;24859.38;29335.2;6.75;0.20;0.85;09/09/2024 16:10:03;
10/09/2024;18;2.0TD;2;0.000105921287000000;0.149;0.913922673;83.448479;19.184;8.779;55.485479;28.54;3.86781;1.21822;0.75;0.25;75.21375;90.68500;101.96000;73.51000;91.63000;1828.9;275.0;234.0;48.0;12.44;0.154;0.17498;0.04096;0.00;0.000;0.724;0.947;0.000;0.557;48.290;28.41;32.22;29022.4;1032.80;8.31;3.08;1.05;167044.76;54119.04;24859.38;29608.8;5.64;1.83;0.84;09/09/2024 16:10:03;
10/09/2024;19;2.0TD;1;0.000109086277000000;0.149;0.894512862;162.534554;33.081;43.893;85.560554;53.17;3.86781;1.21822;0.75;0.25;75.21375;90.68500;101.96000;73.51000;91.63000;1828.9;275.0;234.0;48.0;12.82;0.926;0.17498;0.04096;0.00;0.000;1.117;0.947;0.000;0.557;74.465;53.10;55.00;24762.2;889.00;8.69;3.08;1.05;132567.72;97986.00;24859.38;29396.4;4.51;3.33;0.85;09/09/2024 16:10:03;
10/09/2024;20;2.0TD;1;0.000113539370000000;0.150;0.896221589;216.361169;33.081;43.893;139.387169;99.32;3.86781;1.21822;0.75;0.25;75.21375;90.68500;101.96000;73.51000;91.63000;1828.9;275.0;234.0;48.0;12.71;0.926;0.17498;0.04096;0.00;0.000;1.818;0.947;0.000;0.557;121.206;99.42;97.42;21419.3;1135.40;8.58;3.08;1.05;96571.04;124001.28;24859.38;28599.8;3.38;4.34;0.87;09/09/2024 16:10:03;
10/09/2024;21;2.0TD;1;0.000131952808000000;0.144;0.862295961;226.133564;33.081;43.893;149.159564;108.79;3.86781;1.21822;0.75;0.25;75.21375;90.68500;101.96000;73.51000;91.63000;1828.9;275.0;234.0;48.0;12.28;0.926;0.17498;0.04096;0.00;0.000;1.956;0.947;0.000;0.557;130.384;109.00;106.00;19882.1;1510.10;8.15;3.08;1.05;205053.12;6703.20;24859.38;29059.1;7.06;0.23;0.86;09/09/2024 16:10:03;
10/09/2024;22;2.0TD;1;0.000145463300000000;0.142;0.852406109;228.967615;33.081;43.893;151.993615;111.67;3.86781;1.21822;0.75;0.25;75.21375;90.68500;101.96000;73.51000;91.63000;1828.9;275.0;234.0;48.0;12.07;0.926;0.17498;0.04096;0.00;0.000;1.996;0.947;0.000;0.557;133.094;111.74;110.74;19927.1;1404.40;7.94;3.08;1.05;198264.56;6703.20;24859.38;28947.9;6.85;0.23;0.86;09/09/2024 16:10:03;
10/09/2024;23;2.0TD;2;0.000129719581000000;0.151;0.925854975;174.071209;19.184;8.779;146.108209;105.25;3.86781;1.21822;0.75;0.25;75.21375;90.68500;101.96000;73.51000;91.63000;1828.9;275.0;234.0;48.0;13.20;0.154;0.17498;0.04096;0.00;0.000;1.904;0.947;0.000;0.557;126.940;105.50;102.60;18181.6;1687.60;9.07;3.08;1.05;210363.12;6448.00;24859.38;26638.0;7.90;0.24;0.93;09/09/2024 16:10:03;
10/09/2024;24;2.0TD;2;0.000109570462000000;0.154;0.944057708;168.278130;19.184;8.779;140.315130;98.51;3.86781;1.21822;0.75;0.25;75.21375;90.68500;101.96000;73.51000;91.63000;1828.9;275.0;234.0;48.0;14.67;0.154;0.17498;0.04096;0.00;0.000;1.824;0.947;0.000;0.557;121.590;98.42;99.40;17622.7;1725.80;10.54;3.08;1.05;222705.48;14346.00;24859.38;24846.4;8.96;0.58;1.00;09/09/2024 16:10:03;
*
