pvpcdata;
2024;02;09;12;01;35;
09/01/2024;1;2.0TD;3;0.000127747785000000;0.240;1.331174686;135.733171;0.557;2.195;132.981171;98.92;-3.88404;0.66440;0.75;0.25;113.82875;98.29260;101.96000;97.42000;81.63000;3094.5;275.0;177.0;62.0;7.96;0.000;0.17498;0.03702;0.00;0.000;0.000;1.609;0.565;0.000;0.557;107.242;98.92;98.92;16524.8;927.10;2.82;3.56;1.58;31610.20;18827.76;24859.38;26693.7;1.18;0.71;0.93;08/01/2024 16:05:58;
09/01/2024;2;2.0TD;3;0.000103919999000000;0.250;1.389303389;138.379350;0.557;2.195;135.627350;100.00;-3.88404;0.66440;0.75;0.25;113.82875;98.29260;101.96000;97.42000;81.63000;3094.5;275.0;177.0;62.0;8.12;0.000;0.17498;0.03702;0.00;0.000;0.000;1.628;0.565;0.000;0.557;108.501;100.00;99.99;15314.9;982.50;2.98;3.56;1.58;29450.72;19212.00;24859.38;24721.3;1.19;0.78;1.01;08/01/2024 16:05:58;
09/01/2024;3;2.0TD;3;0.000091444184000000;0.257;1.428006846;137.237022;0.557;2.195;134.485022;98.32;-3.88404;0.66440;0.75;0.25;113.82875;98.29260;101.96000;97.42000;81.63000;3094.5;275.0;177.0;62.0;8.31;0.000;0.17498;0.03702;0.00;0.000;0.000;1.605;0.565;0.000;0.557;106.988;98.43;96.46;14905.6;873.90;3.17;3.56;1.58;30792.36;19212.00;24859.38;23616.1;1.30;0.81;1.05;08/01/2024 16:05:58;
09/01/2024;4;2.0TD;3;0.000085182573000000;0.262;1.456214273;136.849444;0.557;2.195;134.097444;98.50;-3.88404;0.66440;0.75;0.25;113.82875;98.29260;101.96000;97.42000;81.63000;3094.5;275.0;177.0;62.0;7.41;0.000;0.17498;0.03702;0.00;0.000;0.000;1.594;0.565;0.000;0.557;106.257;98.62;96.65;14660.1;941.00;2.27;3.56;1.58;30734.20;21453.40;0.00;22991.0;1.34;0.93;0.00;08/01/2024 16:05:58;
09/01/2024;5;2.0TD;3;0.000083011771000000;0.263;1.461948959;134.994263;0.557;2.195;132.242263;96.97;-3.88404;0.66440;0.75;0.25;113.82875;98.29260;101.96000;97.42000;81.63000;3094.5;275.0;177.0;62.0;7.41;0.000;0.17498;0.03702;0.00;0.000;0.000;1.571;0.565;0.000;0.557;104.704;97.15;94.15;14458.7;905.50;2.27;3.56;1.58;32434.80;19212.00;0.00;22751.3;1.43;0.84;0.00;08/01/2024 16:05:58;
09/01/2024;6;2.0TD;3;0.000085274801000000;0.258;1.434345069;135.019227;0.557;2.195;132.267227;97.42;-3.88404;0.66440;0.75;0.25;113.82875;98.29260;101.96000;97.42000;81.63000;3094.5;275.0;177.0;62.0;7.39;0.000;0.17498;0.03702;0.00;0.000;0.000;1.577;0.565;0.000;0.557;105.140;97.53;95.53;14153.6;792.90;2.25;3.56;1.58;31698.00;21453.40;0.00;23612.2;1.34;0.91;0.00;08/01/2024 16:05:58;
09/01/2024;7;2.0TD;3;0.000096897431000000;0.239;1.325072959;140.782646;0.557;2.195;138.030646;102.70;-3.88404;0.66440;0.75;0.25;113.82875;98.29260;101.96000;97.42000;81.63000;3094.5;275.0;177.0;62.0;8.28;0.000;0.17498;0.03702;0.00;0.000;0.000;1.671;0.565;0.000;0.557;111.404;102.79;100.43;15234.0;632.60;3.14;3.56;1.58;42782.04;14409.00;24859.38;26109.6;1.64;0.55;0.95;08/01/2024 16:05:58;
09/01/2024;8;2.0TD;3;0.000124307025000000;0.219;1.215638233;144.160729;0.557;2.195;141.408729;108.28;-3.88404;0.66440;0.75;0.25;113.82875;98.29260;101.96000;97.42000;81.63000;3094.5;275.0;177.0;62.0;7.23;0.000;0.17498;0.03702;0.00;0.000;0.000;1.740;0.565;0.000;0.557;116.003;108.28;108.28;17850.4;648.10;2.09;3.56;1.58;24108.56;14409.00;24859.38;30267.3;0.80;0.48;0.82;08/01/2024 16:05:58;
09/01/2024;9;2.0TD;2;0.000139890930000000;0.205;1.257552865;185.679280;19.184;8.779;157.716280;122.60;-3.88404;0.66440;0.75;0.25;113.82875;98.29260;101.96000;97.42000;81.63000;3094.5;275.0;177.0;62.0;7.39;0.178;0.17498;0.03702;0.00;0.000;0.000;1.963;0.565;0.000;0.557;130.884;122.55;123.91;19900.2;807.60;2.25;3.56;1.58;17946.08;30888.00;24859.38;32777.2;0.55;0.94;0.76;08/01/2024 16:05:58;
09/01/2024;10;2.0TD;2;0.000144743803000000;0.195;1.195843852;181.920681;19.184;8.779;153.957681;120.80;-3.88404;0.66440;0.75;0.25;113.82875;98.29260;101.96000;97.42000;81.63000;3094.5;275.0;177.0;62.0;7.17;0.178;0.17498;0.03702;0.00;0.000;0.000;1.933;0.565;0.000;0.557;128.834;120.75;122.09;20263.9;826.30;2.03;3.56;1.58;18694.80;25416.00;24859.38;34054.2;0.55;0.75;0.73;08/01/2024 16:05:58;
09/01/2024;11;2.0TD;1;0.000151054720000000;0.187;1.117967584;218.536664;33.081;43.893;141.562664;110.36;-3.88404;0.66440;0.75;0.25;113.82875;98.29260;101.96000;97.42000;81.63000;3094.5;275.0;177.0;62.0;7.29;1.068;0.17498;0.03702;0.00;0.000;0.000;1.789;0.565;0.000;0.557;119.260;110.32;111.21;20640.6;949.80;2.15;3.56;1.58;27245.56;22131.20;24859.38;34487.6;0.79;0.64;0.72;08/01/2024 16:05:58;
09/01/2024;12;2.0TD;1;0.000149639469000000;0.185;1.107430955;214.700482;33.081;43.893;137.726482;107.67;-3.88404;0.66440;0.75;0.25;113.82875;98.29260;101.96000;97.42000;81.63000;3094.5;275.0;177.0;62.0;6.99;1.068;0.17498;0.03702;0.00;0.000;0.000;1.743;0.565;0.000;0.557;116.224;107.67;107.67;21205.9;1132.50;1.85;3.56;1.58;23820.60;14959.56;24859.38;34338.9;0.69;0.44;0.72;08/01/2024 16:05:58;
09/01/2024;13;2.0TD;1;0.000148786321000000;0.182;1.091423920;213.656792;33.081;43.893;136.682792;107.01;-3.88404;0.66440;0.75;0.25;113.82875;98.29260;101.96000;97.42000;81.63000;3094.5;275.0;177.0;62.0;7.07;1.068;0.17498;0.03702;0.00;0.000;0.000;1.735;0.565;0.000;0.557;115.636;107.01;107.01;21617.4;1038.30;1.93;3.56;1.58;28593.16;12159.00;24859.38;34005.6;0.84;0.36;0.73;08/01/2024 16:05:58;
09/01/2024;14;2.0TD;1;0.000155832912000000;0.180;1.079069325;212.789498;33.081;43.893;135.815498;106.48;-3.88404;0.66440;0.75;0.25;113.82875;98.29260;101.96000;97.42000;81.63000;3094.5;275.0;177.0;62.0;7.07;1.068;0.17498;0.03702;0.00;0.000;0.000;1.726;0.565;0.000;0.557;115.097;106.48;106.48;21491.9;1030.00;1.93;3.56;1.58;28840.00;11960.52;24859.38;33958.5;0.85;0.35;0.73;08/01/2024 16:05:58;
09/01/2024;15;2.0TD;2;0.000157926292000000;0.181;1.109315932;163.366870;19.184;8.779;135.403870;107.07;-3.88404;0.66440;0.75;0.25;113.82875;98.29260;101.96000;97.42000;81.63000;3094.5;275.0;177.0;62.0;6.93;0.178;0.17498;0.03702;0.00;0.000;0.000;1.720;0.565;0.000;0.557;114.651;107.07;107.06;20966.9;1019.30;1.79;3.56;1.58;24067.60;11413.36;24859.38;33725.1;0.71;0.34;0.74;08/01/2024 16:05:58;
09/01/2024;16;2.0TD;2;0.000152350008000000;0.188;1.151053199;173.854009;19.184;8.779;145.891009;114.75;-3.88404;0.66440;0.75;0.25;113.82875;98.29260;101.96000;97.42000;81.63000;3094.5;275.0;177.0;62.0;7.28;0.178;0.17498;0.03702;0.00;0.000;0.000;1.842;0.565;0.000;0.557;122.803;114.75;114.75;20443.6;843.30;2.14;3.56;1.58;20911.72;25128.00;24859.38;33109.6;0.63;0.76;0.75;08/01/2024 16:05:58;
09/01/2024;17;2.0TD;2;0.000148341585000000;0.195;1.193542009;186.154566;19.184;8.779;158.191566;124.29;-3.88404;0.66440;0.75;0.25;113.82875;98.29260;101.96000;97.42000;81.63000;3094.5;275.0;177.0;62.0;7.17;0.178;0.17498;0.03702;0.00;0.000;0.000;1.986;0.565;0.000;0.557;132.377;124.29;124.29;20067.4;856.30;2.03;3.56;1.58;16498.72;25632.00;24859.38;32930.9;0.50;0.78;0.75;08/01/2024 16:05:58;
09/01/2024;18;2.0TD;2;0.000153662760000000;0.202;1.238618231;203.042569;19.184;8.779;175.079569;137.35;-3.88404;0.66440;0.75;0.25;113.82875;98.29260;101.96000;97.42000;81.63000;3094.5;275.0;177.0;62.0;7.19;0.178;0.17498;0.03702;0.00;0.000;0.000;2.185;0.565;0.000;0.557;145.656;137.35;137.35;19734.7;815.40;2.05;3.56;1.58;11434.20;32616.00;24859.38;33547.2;0.34;0.97;0.74;08/01/2024 16:05:58;
09/01/2024;19;2.0TD;1;0.000175967971000000;0.208;1.246783914;252.939591;33.081;43.893;175.965591;137.05;-3.88404;0.66440;0.75;0.25;113.82875;98.29260;101.96000;97.42000;81.63000;3094.5;275.0;177.0;62.0;6.61;1.068;0.17498;0.03702;0.00;0.000;0.000;2.185;0.565;0.000;0.557;145.666;137.00;138.07;20265.1;1042.40;1.47;3.56;1.58;11583.12;14720.00;24859.38;34796.4;0.33;0.42;0.71;08/01/2024 16:05:58;
09/01/2024;20;2.0TD;1;0.000196647707000000;0.208;1.245959724;255.269823;33.081;43.893;178.295823;138.96;-3.88404;0.66440;0.75;0.25;113.82875;98.29260;101.96000;97.42000;81.63000;3094.5;275.0;177.0;62.0;6.60;1.068;0.17498;0.03702;0.00;0.000;0.000;2.214;0.565;0.000;0.557;147.595;138.95;139.15;20858.8;1097.70;1.46;3.56;1.58;11102.12;15872.00;24859.38;35493.0;0.31;0.45;0.70;08/01/2024 16:05:58;
09/01/2024;21;2.0TD;1;0.000210708129000000;0.208;1.245663453;266.356847;33.081;43.893;189.382847;148.01;-3.88404;0.66440;0.75;0.25;113.82875;98.29260;101.96000;97.42000;81.63000;3094.5;275.0;177.0;62.0;6.59;1.068;0.17498;0.03702;0.00;0.000;0.000;2.352;0.565;0.000;0.557;156.773;148.01;148.01;20921.2;1161.70;1.45;3.56;1.58;8897.60;17920.00;24859.38;35576.1;0.25;0.50;0.70;08/01/2024 16:05:58;
09/01/2024;22;2.0TD;1;0.000212933563000000;0.210;1.255301395;244.902494;33.081;43.893;167.928494;130.00;-3.88404;0.66440;0.75;0.25;113.82875;98.29260;101.96000;97.42000;81.63000;3094.5;275.0;177.0;62.0;6.88;1.068;0.17498;0.03702;0.00;0.000;0.000;2.082;0.565;0.000;0.557;138.783;130.00;130.00;20200.7;850.60;1.74;3.56;1.58;13279.96;22144.00;24859.38;34649.2;0.38;0.64;0.72;08/01/2024 16:05:58;
09/01/2024;23;2.0TD;2;0.000193723454000000;0.215;1.319017010;172.728889;19.184;8.779;144.765889;111.86;-3.88404;0.66440;0.75;0.25;113.82875;98.29260;101.96000;97.42000;81.63000;3094.5;275.0;177.0;62.0;6.57;0.178;0.17498;0.03702;0.00;0.000;0.000;1.787;0.565;0.000;0.557;119.148;111.86;111.85;18416.5;917.60;1.43;3.56;1.58;0.00;20822.64;24859.38;32044.0;0.00;0.65;0.78;08/01/2024 16:05:58;
09/01/2024;24;2.0TD;2;0.000160953193000000;0.220;1.348175404;166.203493;19.184;8.779;138.240493;106.11;-3.88404;0.66440;0.75;0.25;113.82875;98.29260;101.96000;97.42000;81.63000;3094.5;275.0;177.0;62.0;6.57;0.178;0.17498;0.03702;0.00;0.000;0.000;1.700;0.565;0.000;0.557;113.311;106.11;106.10;16416.2;883.10;1.43;3.56;1.58;0.00;16010.00;24859.38;28685.7;0.00;0.56;0.87;08/01/2024 16:05:58;
*
