pvpcdata;
2024;07;09;11;18;02;
09/06/2024;1;2.0TD;3;0.000093944813000000;0.181;1.004890804;88.345415;0.557;2.195;85.593415;36.75;15.34447;1.12731;0.75;0.25;16.42792;77.80580;101.96000;48.69000;52.19000;1742.2;275.0;154.0;62.0;15.62;0.000;0.17498;0.04096;0.00;0.000;1.087;0.947;0.000;0.557;72.475;35.13;70.68;20315.1;967.20;11.28;3.20;1.14;162873.16;55401.60;24859.38;21551.2;7.56;2.57;1.15;08/06/2024 16:15:04;
09/06/2024;2;2.0TD;3;0.000081537465000000;0.182;1.009467750;75.517543;0.557;2.195;72.765543;22.41;15.34447;1.12731;0.75;0.25;16.42792;77.80580;101.96000;48.69000;52.19000;1742.2;275.0;154.0;62.0;19.21;0.000;0.17498;0.04096;0.00;0.000;0.923;0.947;0.000;0.557;61.561;22.41;22.41;18345.4;1143.60;14.87;3.20;1.14;254328.64;52213.44;0.00;20616.4;12.34;2.53;0.00;08/06/2024 16:15:04;
09/06/2024;3;2.0TD;3;0.000072199892000000;0.184;1.020300011;67.299386;0.557;2.195;64.547386;13.62;15.34447;1.12731;0.75;0.25;16.42792;77.80580;101.96000;48.69000;52.19000;1742.2;275.0;154.0;62.0;21.06;0.000;0.17498;0.04096;0.00;0.000;0.818;0.947;0.000;0.557;54.516;12.76;27.76;17981.3;1087.50;16.72;3.20;1.14;274084.04;54236.16;0.00;19641.2;13.95;2.76;0.00;08/06/2024 16:15:04;
09/06/2024;4;2.0TD;3;0.000066600739000000;0.184;1.023692416;62.274490;0.557;2.195;59.522490;8.86;15.34447;1.12731;0.75;0.25;16.42792;77.80580;101.96000;48.69000;52.19000;1742.2;275.0;154.0;62.0;21.64;0.000;0.17498;0.04096;0.00;0.000;0.754;0.947;0.000;0.557;50.272;8.46;14.41;17375.2;1267.60;17.30;3.20;1.14;264640.68;65806.72;0.00;19097.6;13.86;3.45;0.00;08/06/2024 16:15:04;
09/06/2024;5;2.0TD;3;0.000063582889000000;0.184;1.020374591;62.791898;0.557;2.195;60.039898;9.06;15.34447;1.12731;0.75;0.25;16.42792;77.80580;101.96000;48.69000;52.19000;1742.2;275.0;154.0;62.0;21.87;0.000;0.17498;0.04096;0.00;0.000;0.761;0.947;0.000;0.557;50.709;8.94;10.94;17825.1;1165.60;17.53;3.20;1.14;266323.32;63320.00;0.00;18803.2;14.16;3.37;0.00;08/06/2024 16:15:04;
09/06/2024;6;2.0TD;3;0.000062216280000000;0.184;1.020722916;76.951354;0.557;2.195;74.199354;22.88;15.34447;1.12731;0.75;0.25;16.42792;77.80580;101.96000;48.69000;52.19000;1742.2;275.0;154.0;62.0;19.83;0.000;0.17498;0.04096;0.00;0.000;0.940;0.947;0.000;0.557;62.668;22.99;20.99;19932.6;1207.90;15.49;3.20;1.14;233055.84;56525.04;0.00;18696.8;12.47;3.02;0.00;08/06/2024 16:15:04;
09/06/2024;7;2.0TD;3;0.000060103680000000;0.183;1.014143264;64.434061;0.557;2.195;61.682061;10.00;15.34447;1.12731;0.75;0.25;16.42792;77.80580;101.96000;48.69000;52.19000;1742.2;275.0;154.0;62.0;22.34;0.000;0.17498;0.04096;0.00;0.000;0.782;0.947;0.000;0.557;52.140;10.00;10.00;19915.3;1184.40;18.00;3.20;1.14;265861.88;71306.56;0.00;18733.5;14.19;3.81;0.00;08/06/2024 16:15:04;
09/06/2024;8;2.0TD;3;0.000058692540000000;0.173;0.958713034;75.476092;0.557;2.195;72.724092;5.00;15.34447;1.12731;0.75;0.25;16.42792;77.80580;101.96000;48.69000;52.19000;1742.2;275.0;154.0;62.0;37.05;0.000;0.17498;0.04096;0.00;0.000;0.930;0.947;0.000;0.557;61.998;5.00;5.00;20541.1;1405.80;32.71;3.20;1.14;277853.72;326375.68;0.00;18472.6;15.04;17.67;0.00;08/06/2024 16:15:04;
09/06/2024;9;2.0TD;3;0.000067991259000000;0.158;0.875611845;69.115096;0.557;2.195;66.363096;3.07;15.34447;1.12731;0.75;0.25;16.42792;77.80580;101.96000;48.69000;52.19000;1742.2;275.0;154.0;62.0;34.36;0.000;0.17498;0.04096;0.00;0.000;0.860;0.947;0.000;0.557;57.308;3.25;0.25;21069.2;1333.30;30.02;3.20;1.14;282142.24;293930.00;0.00;19188.8;14.70;15.32;0.00;08/06/2024 16:15:04;
09/06/2024;10;2.0TD;3;0.000083656725000000;0.146;0.813825303;50.055869;0.557;2.195;47.303869;-0.11;15.34447;1.12731;0.75;0.25;16.42792;77.80580;101.96000;48.69000;52.19000;1742.2;275.0;154.0;62.0;21.75;0.000;0.17498;0.04096;0.00;0.000;0.619;0.947;0.000;0.557;41.277;0.00;-2.00;21862.9;1292.20;17.41;3.20;1.14;233652.36;116660.00;0.00;20122.5;11.61;5.80;0.00;08/06/2024 16:15:04;
09/06/2024;11;2.0TD;3;0.000097626699000000;0.142;0.787753149;42.471186;0.557;2.195;39.719186;-0.30;15.34447;1.12731;0.75;0.25;16.42792;77.80580;101.96000;48.69000;52.19000;1742.2;275.0;154.0;62.0;15.54;0.000;0.17498;0.04096;0.00;0.000;0.522;0.947;0.000;0.557;34.780;0.00;-4.98;23022.2;1504.50;11.20;3.20;1.14;235775.44;2812.48;0.00;21305.7;11.07;0.13;0.00;08/06/2024 16:15:04;
09/06/2024;12;2.0TD;3;0.000105265706000000;0.141;0.781092911;46.942215;0.557;2.195;44.190215;-0.29;15.34447;1.12731;0.75;0.25;16.42792;77.80580;101.96000;48.69000;52.19000;1742.2;275.0;154.0;62.0;19.42;0.000;0.17498;0.04096;0.00;0.000;0.581;0.947;0.000;0.557;38.729;0.00;-5.00;23595.6;1456.20;15.08;3.20;1.14;325679.64;2544.00;0.00;21758.3;14.97;0.12;0.00;08/06/2024 16:15:04;
09/06/2024;13;2.0TD;3;0.000109596832000000;0.143;0.792760251;46.787644;0.557;2.195;44.035644;-0.28;15.34447;1.12731;0.75;0.25;16.42792;77.80580;101.96000;48.69000;52.19000;1742.2;275.0;154.0;62.0;19.21;0.000;0.17498;0.04096;0.00;0.000;0.578;0.947;0.000;0.557;38.526;0.00;-5.00;23860.7;1407.20;14.87;3.20;1.14;326909.60;1975.32;0.00;22111.1;14.78;0.09;0.00;08/06/2024 16:15:04;
09/06/2024;14;2.0TD;3;0.000117145693000000;0.140;0.777492571;46.290165;0.557;2.195;43.538165;-0.28;15.34447;1.12731;0.75;0.25;16.42792;77.80580;101.96000;48.69000;52.19000;1742.2;275.0;154.0;62.0;18.88;0.000;0.17498;0.04096;0.00;0.000;0.573;0.947;0.000;0.557;38.191;0.00;-5.00;24379.5;1419.10;14.54;3.20;1.14;327075.08;1710.72;0.00;22614.5;14.46;0.08;0.00;08/06/2024 16:15:04;
09/06/2024;15;2.0TD;3;0.000117089289000000;0.138;0.769252446;46.328720;0.557;2.195;43.576720;-0.29;15.34447;1.12731;0.75;0.25;16.42792;77.80580;101.96000;48.69000;52.19000;1742.2;275.0;154.0;62.0;18.99;0.000;0.17498;0.04096;0.00;0.000;0.574;0.947;0.000;0.557;38.292;0.00;-5.12;24171.4;1434.30;14.65;3.20;1.14;327517.24;1955.48;0.00;22488.9;14.56;0.09;0.00;08/06/2024 16:15:04;
09/06/2024;16;2.0TD;3;0.000103619436000000;0.146;0.811382790;48.066413;0.557;2.195;45.314413;-0.31;15.34447;1.12731;0.75;0.25;16.42792;77.80580;101.96000;48.69000;52.19000;1742.2;275.0;154.0;62.0;20.24;0.000;0.17498;0.04096;0.00;0.000;0.593;0.947;0.000;0.557;39.541;-0.01;-5.01;22826.7;1442.20;15.90;3.20;1.14;331486.16;7622.40;0.00;21325.9;15.54;0.36;0.00;08/06/2024 16:15:04;
09/06/2024;17;2.0TD;3;0.000095438764000000;0.150;0.834718397;48.773129;0.557;2.195;46.021129;-0.32;15.34447;1.12731;0.75;0.25;16.42792;77.80580;101.96000;48.69000;52.19000;1742.2;275.0;154.0;62.0;20.72;0.000;0.17498;0.04096;0.00;0.000;0.600;0.947;0.000;0.557;40.018;-0.01;-5.00;21958.4;1482.90;16.38;3.20;1.14;331576.60;7627.20;0.00;20708.4;16.01;0.37;0.00;08/06/2024 16:15:04;
09/06/2024;18;2.0TD;3;0.000092132506000000;0.158;0.876870976;48.529330;0.557;2.195;45.777330;-0.13;15.34447;1.12731;0.75;0.25;16.42792;77.80580;101.96000;48.69000;52.19000;1742.2;275.0;154.0;62.0;20.05;0.000;0.17498;0.04096;0.00;0.000;0.593;0.947;0.000;0.557;39.531;0.00;-2.33;23024.8;1343.20;15.71;3.20;1.14;325906.36;3228.00;0.00;20953.3;15.55;0.15;0.00;08/06/2024 16:15:04;
09/06/2024;19;2.0TD;3;0.000092846380000000;0.165;0.918486759;57.239485;0.557;2.195;54.487485;3.25;15.34447;1.12731;0.75;0.25;16.42792;77.80580;101.96000;48.69000;52.19000;1742.2;275.0;154.0;62.0;23.80;0.000;0.17498;0.04096;0.00;0.000;0.702;0.947;0.000;0.557;46.770;3.25;3.25;23910.8;1616.60;19.46;3.20;1.14;315404.04;113763.52;0.00;22050.8;14.30;5.16;0.00;08/06/2024 16:15:04;
09/06/2024;20;2.0TD;3;0.000095220466000000;0.168;0.933773236;93.023652;0.557;2.195;90.271652;35.13;15.34447;1.12731;0.75;0.25;16.42792;77.80580;101.96000;48.69000;52.19000;1742.2;275.0;154.0;62.0;21.98;0.000;0.17498;0.04096;0.00;0.000;1.159;0.947;0.000;0.557;77.287;35.00;38.50;23782.9;910.00;17.64;3.20;1.14;190433.64;211760.80;0.00;22798.4;8.35;9.29;0.00;08/06/2024 16:15:04;
09/06/2024;21;2.0TD;3;0.000102387842000000;0.170;0.945460087;101.920466;0.557;2.195;99.168466;42.62;15.34447;1.12731;0.75;0.25;16.42792;77.80580;101.96000;48.69000;52.19000;1742.2;275.0;154.0;62.0;21.85;0.000;0.17498;0.04096;0.00;0.000;1.271;0.947;0.000;0.557;84.759;41.80;62.01;20662.9;872.50;17.51;3.20;1.14;183053.72;228862.56;0.00;23520.4;7.78;9.73;0.00;08/06/2024 16:15:04;
09/06/2024;22;2.0TD;3;0.000114751193000000;0.170;0.942071747;114.761216;0.557;2.195;112.009216;59.03;15.34447;1.12731;0.75;0.25;16.42792;77.80580;101.96000;48.69000;52.19000;1742.2;275.0;154.0;62.0;16.25;0.000;0.17498;0.04096;0.00;0.000;1.436;0.947;0.000;0.557;95.734;58.76;63.76;17370.6;972.70;11.91;3.20;1.14;219073.80;47876.08;24859.38;24494.5;8.94;1.95;1.01;08/06/2024 16:15:04;
09/06/2024;23;2.0TD;3;0.000120795827000000;0.171;0.947325392;122.655811;0.557;2.195;119.903811;69.84;15.34447;1.12731;0.75;0.25;16.42792;77.80580;101.96000;48.69000;52.19000;1742.2;275.0;154.0;62.0;12.00;0.000;0.17498;0.04096;0.00;0.000;1.536;0.947;0.000;0.557;102.394;69.64;73.19;17192.9;1027.50;7.66;3.20;1.14;117673.12;42134.40;24859.38;24093.0;4.88;1.75;1.03;08/06/2024 16:15:04;
09/06/2024;24;2.0TD;3;0.000105746950000000;0.175;0.974778357;110.324863;0.557;2.195;107.572863;57.19;15.34447;1.12731;0.75;0.25;16.42792;77.80580;101.96000;48.69000;52.19000;1742.2;275.0;154.0;62.0;13.97;0.000;0.17498;0.04096;0.00;0.000;1.373;0.947;0.000;0.557;91.551;56.90;62.00;17128.8;1047.80;9.63;3.20;1.14;133972.52;56888.80;24859.38;22410.0;5.98;2.54;1.11;08/06/2024 16:15:04;
*
