pvpcdata;
2024;03;11;12;38;30;
13/02/2024;1;2.0TD;3;0.000110914404000000;0.229;1.270467456;94.360026;0.557;2.195;91.608026;53.63;8.55957;0.80684;0.75;0.25;62.71833;96.95660;101.96000;97.42000;68.27000;2478.8;275.0;177.0;48.0;11.55;0.000;0.17498;0.03702;0.00;0.000;0.000;1.118;0.565;0.000;0.557;74.538;53.87;49.88;15081.9;946.40;6.52;3.48;1.55;85879.92;49346.24;24859.38;24560.8;3.50;2.01;1.01;12/02/2024 16:08:21;
13/02/2024;2;2.0TD;3;0.000090989466000000;0.240;1.334964317;80.602511;0.557;2.195;77.850511;41.10;8.55957;0.80684;0.75;0.25;62.71833;96.95660;101.96000;97.42000;68.27000;2478.8;275.0;177.0;48.0;12.50;0.000;0.17498;0.03702;0.00;0.000;0.000;0.942;0.565;0.000;0.557;62.782;41.10;41.10;15098.1;861.20;7.47;3.48;1.55;99700.48;48982.08;24859.38;23228.1;4.29;2.11;1.07;12/02/2024 16:08:21;
13/02/2024;3;2.0TD;3;0.000080319401000000;0.244;1.356327601;80.297574;0.557;2.195;77.545574;40.00;8.55957;0.80684;0.75;0.25;62.71833;96.95660;101.96000;97.42000;68.27000;2478.8;275.0;177.0;48.0;13.16;0.000;0.17498;0.03702;0.00;0.000;0.000;0.935;0.565;0.000;0.557;62.335;40.00;40.00;15073.1;826.30;8.13;3.48;1.55;107775.68;48360.48;24859.38;22262.6;4.84;2.17;1.12;12/02/2024 16:08:21;
13/02/2024;4;2.0TD;3;0.000075122436000000;0.248;1.375891866;80.458308;0.557;2.195;77.706308;40.00;8.55957;0.80684;0.75;0.25;62.71833;96.95660;101.96000;97.42000;68.27000;2478.8;275.0;177.0;48.0;13.09;0.000;0.17498;0.03702;0.00;0.000;0.000;0.934;0.565;0.000;0.557;62.264;40.00;39.99;14824.1;961.40;8.06;3.48;1.55;128466.00;47925.36;0.00;21891.4;5.87;2.19;0.00;12/02/2024 16:08:21;
13/02/2024;5;2.0TD;3;0.000073421170000000;0.246;1.368767193;79.967455;0.557;2.195;77.215455;40.00;8.55957;0.80684;0.75;0.25;62.71833;96.95660;101.96000;97.42000;68.27000;2478.8;275.0;177.0;48.0;12.80;0.000;0.17498;0.03702;0.00;0.000;0.000;0.930;0.565;0.000;0.557;61.970;40.00;39.99;14904.9;937.70;7.77;3.48;1.55;129738.40;39758.24;0.00;21825.0;5.94;1.82;0.00;12/02/2024 16:08:21;
13/02/2024;6;2.0TD;3;0.000076075914000000;0.240;1.335309906;82.376951;0.557;2.195;79.624951;42.61;8.55957;0.80684;0.75;0.25;62.71833;96.95660;101.96000;97.42000;68.27000;2478.8;275.0;177.0;48.0;12.40;0.000;0.17498;0.03702;0.00;0.000;0.000;0.963;0.565;0.000;0.557;64.213;42.61;42.60;14330.9;854.80;7.37;3.48;1.55;125414.00;40397.44;0.00;22501.6;5.57;1.80;0.00;12/02/2024 16:08:21;
13/02/2024;7;2.0TD;3;0.000087925831000000;0.221;1.229255825;91.285086;0.557;2.195;88.533086;51.77;8.55957;0.80684;0.75;0.25;62.71833;96.95660;101.96000;97.42000;68.27000;2478.8;275.0;177.0;48.0;11.41;0.000;0.17498;0.03702;0.00;0.000;0.000;1.088;0.565;0.000;0.557;72.508;52.00;48.00;14961.6;914.80;6.38;3.48;1.55;102101.20;33558.00;24859.38;25185.0;4.05;1.33;0.99;12/02/2024 16:08:21;
13/02/2024;8;2.0TD;3;0.000113670628000000;0.209;1.161254903;104.308810;0.557;2.195;101.556810;65.91;8.55957;0.80684;0.75;0.25;62.71833;96.95660;101.96000;97.42000;68.27000;2478.8;275.0;177.0;48.0;8.59;0.000;0.17498;0.03702;0.00;0.000;0.000;1.260;0.565;0.000;0.557;84.000;65.91;65.90;17445.0;991.00;3.56;3.48;1.55;40668.08;38839.04;24859.38;29359.5;1.39;1.32;0.85;12/02/2024 16:08:21;
13/02/2024;9;2.0TD;2;0.000123696867000000;0.197;1.206570209;156.617362;19.184;8.779;128.654362;87.98;8.55957;0.80684;0.75;0.25;62.71833;96.95660;101.96000;97.42000;68.27000;2478.8;275.0;177.0;48.0;9.47;0.178;0.17498;0.03702;0.00;0.000;0.000;1.612;0.565;0.000;0.557;107.480;87.92;88.72;18398.0;1416.50;4.44;3.48;1.55;21597.68;89900.00;24859.38;30744.5;0.70;2.92;0.81;12/02/2024 16:08:21;
13/02/2024;10;2.0TD;2;0.000126430588000000;0.191;1.171401399;131.269947;19.184;8.779;103.306947;66.74;8.55957;0.80684;0.75;0.25;62.71833;96.95660;101.96000;97.42000;68.27000;2478.8;275.0;177.0;48.0;10.28;0.178;0.17498;0.03702;0.00;0.000;0.000;1.301;0.565;0.000;0.557;86.739;66.80;65.90;18790.4;1233.00;5.25;3.48;1.55;43194.88;98890.00;24859.38;31786.5;1.36;3.11;0.78;12/02/2024 16:08:21;
13/02/2024;11;2.0TD;1;0.000129694931000000;0.187;1.122233314;178.776663;33.081;43.893;101.802663;64.73;8.55957;0.80684;0.75;0.25;62.71833;96.95660;101.96000;97.42000;68.27000;2478.8;275.0;177.0;48.0;10.44;1.068;0.17498;0.03702;0.00;0.000;0.000;1.286;0.565;0.000;0.557;85.764;65.00;61.00;18839.0;1360.30;5.41;3.48;1.55;48648.04;98175.00;24859.38;31729.4;1.53;3.09;0.78;12/02/2024 16:08:21;
13/02/2024;12;2.0TD;1;0.000127289559000000;0.191;1.141098644;177.536883;33.081;43.893;100.562883;63.60;8.55957;0.80684;0.75;0.25;62.71833;96.95660;101.96000;97.42000;68.27000;2478.8;275.0;177.0;48.0;10.26;1.068;0.17498;0.03702;0.00;0.000;0.000;1.267;0.565;0.000;0.557;84.435;63.87;59.87;18681.7;1328.60;5.23;3.48;1.55;53929.16;85663.08;24859.38;31432.6;1.72;2.73;0.79;12/02/2024 16:08:21;
13/02/2024;13;2.0TD;1;0.000127214538000000;0.185;1.108936361;174.683969;33.081;43.893;97.709969;60.18;8.55957;0.80684;0.75;0.25;62.71833;96.95660;101.96000;97.42000;68.27000;2478.8;275.0;177.0;48.0;11.73;1.068;0.17498;0.03702;0.00;0.000;0.000;1.237;0.565;0.000;0.557;82.455;60.53;55.53;18685.1;1410.30;6.70;3.48;1.55;79323.12;103418.72;24859.38;30985.2;2.56;3.34;0.80;12/02/2024 16:08:21;
13/02/2024;14;2.0TD;1;0.000133227041000000;0.183;1.098591213;173.425966;33.081;43.893;96.451966;59.91;8.55957;0.80684;0.75;0.25;62.71833;96.95660;101.96000;97.42000;68.27000;2478.8;275.0;177.0;48.0;11.09;1.068;0.17498;0.03702;0.00;0.000;0.000;1.223;0.565;0.000;0.557;81.531;60.26;55.26;18502.1;1413.60;6.06;3.48;1.55;74846.28;86515.00;24859.38;30733.7;2.44;2.81;0.81;12/02/2024 16:08:21;
13/02/2024;15;2.0TD;2;0.000133899960000000;0.185;1.136860751;123.903764;19.184;8.779;95.940764;60.05;8.55957;0.80684;0.75;0.25;62.71833;96.95660;101.96000;97.42000;68.27000;2478.8;275.0;177.0;48.0;11.28;0.178;0.17498;0.03702;0.00;0.000;0.000;1.214;0.565;0.000;0.557;80.962;60.52;53.52;18853.7;1370.80;6.25;3.48;1.55;74613.68;89647.60;24859.38;30253.9;2.47;2.96;0.82;12/02/2024 16:08:21;
13/02/2024;16;2.0TD;2;0.000127866660000000;0.190;1.166475965;125.203457;19.184;8.779;97.240457;60.18;8.55957;0.80684;0.75;0.25;62.71833;96.95660;101.96000;97.42000;68.27000;2478.8;275.0;177.0;48.0;11.89;0.178;0.17498;0.03702;0.00;0.000;0.000;1.226;0.565;0.000;0.557;81.714;60.52;55.52;18471.9;1335.90;6.86;3.48;1.55;69794.68;108338.40;24859.38;29584.8;2.36;3.66;0.84;12/02/2024 16:08:21;
13/02/2024;17;2.0TD;2;0.000123008969000000;0.191;1.173722057;132.696765;19.184;8.779;104.733765;66.24;8.55957;0.80684;0.75;0.25;62.71833;96.95660;101.96000;97.42000;68.27000;2478.8;275.0;177.0;48.0;11.96;0.178;0.17498;0.03702;0.00;0.000;0.000;1.319;0.565;0.000;0.557;87.937;66.50;62.50;17945.6;1241.90;6.93;3.48;1.55;59658.28;118098.84;24859.38;29255.7;2.04;4.04;0.85;12/02/2024 16:08:21;
13/02/2024;18;2.0TD;2;0.000125045056000000;0.193;1.183412739;134.350767;19.184;8.779;106.387767;68.41;8.55957;0.80684;0.75;0.25;62.71833;96.95660;101.96000;97.42000;68.27000;2478.8;275.0;177.0;48.0;11.01;0.178;0.17498;0.03702;0.00;0.000;0.000;1.338;0.565;0.000;0.557;89.176;68.61;65.90;17765.5;1396.00;5.98;3.48;1.55;53878.76;95475.36;24859.38;29124.6;1.85;3.28;0.85;12/02/2024 16:08:21;
13/02/2024;19;2.0TD;1;0.000138172756000000;0.191;1.145052676;205.745718;33.081;43.893;128.771718;87.83;8.55957;0.80684;0.75;0.25;62.71833;96.95660;101.96000;97.42000;68.27000;2478.8;275.0;177.0;48.0;9.36;1.068;0.17498;0.03702;0.00;0.000;0.000;1.622;0.565;0.000;0.557;108.120;87.92;86.64;18272.6;1353.20;4.33;3.48;1.55;31664.76;71910.00;24859.38;29654.8;1.07;2.42;0.84;12/02/2024 16:08:21;
13/02/2024;20;2.0TD;1;0.000167401080000000;0.195;1.166509705;211.467271;33.081;43.893;134.493271;91.59;8.55957;0.80684;0.75;0.25;62.71833;96.95660;101.96000;97.42000;68.27000;2478.8;275.0;177.0;48.0;9.96;1.068;0.17498;0.03702;0.00;0.000;0.000;1.688;0.565;0.000;0.557;112.546;91.81;88.30;18111.4;1216.20;4.93;3.48;1.55;77640.00;54264.00;24859.38;31772.5;2.44;1.71;0.78;12/02/2024 16:08:21;
13/02/2024;21;2.0TD;1;0.000185155059000000;0.195;1.168866128;200.852086;33.081;43.893;123.878086;81.97;8.55957;0.80684;0.75;0.25;62.71833;96.95660;101.96000;97.42000;68.27000;2478.8;275.0;177.0;48.0;10.83;1.068;0.17498;0.03702;0.00;0.000;0.000;1.555;0.565;0.000;0.557;103.663;82.14;79.15;18740.9;1132.30;5.80;3.48;1.55;99092.36;65317.20;24859.38;32601.3;3.04;2.00;0.76;12/02/2024 16:08:21;
13/02/2024;22;2.0TD;1;0.000186984087000000;0.194;1.161036239;190.808372;33.081;43.893;113.834372;73.01;8.55957;0.80684;0.75;0.25;62.71833;96.95660;101.96000;97.42000;68.27000;2478.8;275.0;177.0;48.0;11.59;1.068;0.17498;0.03702;0.00;0.000;0.000;1.430;0.565;0.000;0.557;95.338;73.17;70.30;18187.7;1060.00;6.56;3.48;1.55;108259.84;74722.48;24859.38;31671.0;3.42;2.36;0.78;12/02/2024 16:08:21;
13/02/2024;23;2.0TD;2;0.000168591163000000;0.199;1.220279565;135.907375;19.184;8.779;107.944375;69.18;8.55957;0.80684;0.75;0.25;62.71833;96.95660;101.96000;97.42000;68.27000;2478.8;275.0;177.0;48.0;11.08;0.178;0.17498;0.03702;0.00;0.000;0.000;1.350;0.565;0.000;0.557;90.028;69.18;69.16;15901.7;991.00;6.05;3.48;1.55;60369.76;87890.00;24859.38;28629.2;2.11;3.07;0.87;12/02/2024 16:08:21;
13/02/2024;24;2.0TD;2;0.000139125692000000;0.205;1.254912906;132.521657;19.184;8.779;104.558657;65.00;8.55957;0.80684;0.75;0.25;62.71833;96.95660;101.96000;97.42000;68.27000;2478.8;275.0;177.0;48.0;12.05;0.178;0.17498;0.03702;0.00;0.000;0.000;1.302;0.565;0.000;0.557;86.770;65.00;65.00;13693.9;1103.80;7.02;3.48;1.55;27714.08;128862.72;24859.38;25824.6;1.07;4.99;0.96;12/02/2024 16:08:21;
*
