pvpcdata;
2024;11;12;10;29;13;
14/10/2024;1;2.0TD;3;0.000083750513000000;0.187;1.036559840;129.078116;0.557;2.195;126.326116;93.55;-2.76507;1.17961;0.75;0.25;104.16708;93.10680;101.96000;84.74000;75.42000;1763.3;275.0;200.0;45.0;12.82;0.000;0.17498;0.04096;0.00;0.000;1.596;0.947;0.000;0.557;106.424;93.98;88.98;14786.5;1406.10;8.58;3.19;1.05;137820.76;13542.56;24859.38;20542.1;6.71;0.66;1.21;13/10/2024 16:16:37;
14/10/2024;2;2.0TD;3;0.000070310073000000;0.198;1.097250647;121.686682;0.557;2.195;118.934682;85.14;-2.76507;1.17961;0.75;0.25;104.16708;93.10680;101.96000;84.74000;75.42000;1763.3;275.0;200.0;45.0;14.19;0.000;0.17498;0.04096;0.00;0.000;1.489;0.947;0.000;0.557;99.277;85.23;84.23;14130.1;1317.40;9.95;3.19;1.05;174676.76;20390.48;0.00;19598.1;8.91;1.04;0.00;13/10/2024 16:16:37;
14/10/2024;3;2.0TD;3;0.000063764342000000;0.201;1.118494648;123.228751;0.557;2.195;120.476751;85.66;-2.76507;1.17961;0.75;0.25;104.16708;93.10680;101.96000;84.74000;75.42000;1763.3;275.0;200.0;45.0;14.69;0.000;0.17498;0.04096;0.00;0.000;1.505;0.947;0.000;0.557;100.313;85.75;84.75;13430.0;1295.10;10.45;3.19;1.05;177829.60;18856.40;0.00;18825.1;9.45;1.00;0.00;13/10/2024 16:16:37;
14/10/2024;4;2.0TD;3;0.000060461033000000;0.202;1.124429999;122.510503;0.557;2.195;119.758503;83.74;-2.76507;1.17961;0.75;0.25;104.16708;93.10680;101.96000;84.74000;75.42000;1763.3;275.0;200.0;45.0;15.94;0.000;0.17498;0.04096;0.00;0.000;1.494;0.947;0.000;0.557;99.632;83.83;82.83;13597.4;1400.20;11.70;3.19;1.05;197768.36;20390.48;0.00;18652.0;10.60;1.09;0.00;13/10/2024 16:16:37;
14/10/2024;5;2.0TD;3;0.000059289841000000;0.200;1.113419873;123.639637;0.557;2.195;120.887637;85.18;-2.76507;1.17961;0.75;0.25;104.16708;93.10680;101.96000;84.74000;75.42000;1763.3;275.0;200.0;45.0;15.59;0.000;0.17498;0.04096;0.00;0.000;1.511;0.947;0.000;0.557;100.739;85.23;84.73;13418.6;1348.60;11.35;3.19;1.05;194649.84;19303.84;0.00;18853.3;10.32;1.02;0.00;13/10/2024 16:16:37;
14/10/2024;6;2.0TD;3;0.000060599332000000;0.191;1.059486130;131.584492;0.557;2.195;128.832492;93.57;-2.76507;1.17961;0.75;0.25;104.16708;93.10680;101.96000;84.74000;75.42000;1763.3;275.0;200.0;45.0;14.52;0.000;0.17498;0.04096;0.00;0.000;1.623;0.947;0.000;0.557;108.171;93.74;91.91;13510.6;1388.60;10.28;3.19;1.05;187551.24;12784.00;0.00;19492.1;9.62;0.66;0.00;13/10/2024 16:16:37;
14/10/2024;7;2.0TD;3;0.000068844335000000;0.170;0.946954530;134.622346;0.557;2.195;131.870346;101.41;-2.76507;1.17961;0.75;0.25;104.16708;93.10680;101.96000;84.74000;75.42000;1763.3;275.0;200.0;45.0;11.15;0.000;0.17498;0.04096;0.00;0.000;1.691;0.947;0.000;0.557;112.709;102.00;96.78;14098.6;1787.90;6.91;3.19;1.05;117882.56;11186.00;24859.38;22274.6;5.29;0.50;1.12;13/10/2024 16:16:37;
14/10/2024;8;2.0TD;3;0.000087907280000000;0.158;0.878243131;153.137636;0.557;2.195;150.385636;121.64;-2.76507;1.17961;0.75;0.25;104.16708;93.10680;101.96000;84.74000;75.42000;1763.3;275.0;200.0;45.0;7.82;0.000;0.17498;0.04096;0.00;0.000;1.948;0.947;0.000;0.557;129.866;122.86;111.45;16404.1;1958.60;3.58;3.19;1.05;51859.72;15255.00;24859.38;25718.7;2.02;0.59;0.97;13/10/2024 16:16:37;
14/10/2024;9;2.0TD;2;0.000094923972000000;0.185;1.136475828;220.646012;19.184;8.779;192.683012;154.91;-2.76507;1.17961;0.75;0.25;104.16708;93.10680;101.96000;84.74000;75.42000;1763.3;275.0;200.0;45.0;6.64;0.154;0.17498;0.04096;0.00;0.000;2.439;0.947;0.000;0.557;162.601;155.00;154.00;17493.5;1806.90;2.40;3.19;1.05;-6092.84;45263.68;24859.38;26701.1;-0.23;1.70;0.93;13/10/2024 16:16:37;
14/10/2024;10;2.0TD;2;0.000095395339000000;0.149;0.912498827;183.320092;19.184;8.779;155.357092;122.86;-2.76507;1.17961;0.75;0.25;104.16708;93.10680;101.96000;84.74000;75.42000;1763.3;275.0;200.0;45.0;11.71;0.154;0.17498;0.04096;0.00;0.000;2.028;0.947;0.000;0.557;135.210;122.86;122.86;17925.4;1802.40;7.47;3.19;1.05;22887.92;156270.72;24859.38;27320.4;0.84;5.72;0.91;13/10/2024 16:16:37;
14/10/2024;11;2.0TD;1;0.000097259361000000;0.145;0.870913935;215.135079;33.081;43.893;138.161079;111.26;-2.76507;1.17961;0.75;0.25;104.16708;93.10680;101.96000;84.74000;75.42000;1763.3;275.0;200.0;45.0;8.21;0.926;0.17498;0.04096;0.00;0.000;1.810;0.947;0.000;0.557;120.664;111.54;107.81;18965.3;1545.90;3.97;3.19;1.05;41173.96;43534.40;24859.38;27602.9;1.49;1.58;0.90;13/10/2024 16:16:37;
14/10/2024;12;2.0TD;1;0.000096963586000000;0.143;0.854604340;196.083398;33.081;43.893;119.109398;92.66;-2.76507;1.17961;0.75;0.25;104.16708;93.10680;101.96000;84.74000;75.42000;1763.3;275.0;200.0;45.0;10.60;0.926;0.17498;0.04096;0.00;0.000;1.563;0.947;0.000;0.557;104.207;92.50;95.52;19727.5;1134.10;6.36;3.19;1.05;65243.36;86400.00;24859.38;27765.1;2.35;3.11;0.90;13/10/2024 16:16:37;
14/10/2024;13;2.0TD;1;0.000099725251000000;0.141;0.844197604;186.341928;33.081;43.893;109.367928;85.92;-2.76507;1.17961;0.75;0.25;104.16708;93.10680;101.96000;84.74000;75.42000;1763.3;275.0;200.0;45.0;9.11;0.926;0.17498;0.04096;0.00;0.000;1.438;0.947;0.000;0.557;95.852;85.70;89.98;20378.6;1115.50;4.87;3.19;1.05;73120.52;38405.28;24859.38;27996.9;2.61;1.37;0.89;13/10/2024 16:16:37;
14/10/2024;14;2.0TD;1;0.000106528542000000;0.139;0.832455384;178.714831;33.081;43.893;101.740831;78.62;-2.76507;1.17961;0.75;0.25;104.16708;93.10680;101.96000;84.74000;75.42000;1763.3;275.0;200.0;45.0;9.98;0.926;0.17498;0.04096;0.00;0.000;1.340;0.947;0.000;0.557;89.324;78.42;83.42;22651.3;952.00;5.74;3.19;1.05;81213.96;57352.12;24859.38;28478.1;2.85;2.01;0.87;13/10/2024 16:16:37;
14/10/2024;15;2.0TD;2;0.000106322545000000;0.160;0.984054111;125.913049;19.184;8.779;97.950049;74.36;-2.76507;1.17961;0.75;0.25;104.16708;93.10680;101.96000;84.74000;75.42000;1763.3;275.0;200.0;45.0;10.20;0.154;0.17498;0.04096;0.00;0.000;1.267;0.947;0.000;0.557;84.439;74.16;79.16;21955.7;915.80;5.96;3.19;1.05;86294.48;56488.60;24859.38;28091.0;3.07;2.01;0.88;13/10/2024 16:16:37;
14/10/2024;16;2.0TD;2;0.000098588601000000;0.171;1.048854928;125.688451;19.184;8.779;97.725451;73.27;-2.76507;1.17961;0.75;0.25;104.16708;93.10680;101.96000;84.74000;75.42000;1763.3;275.0;200.0;45.0;10.32;0.154;0.17498;0.04096;0.00;0.000;1.252;0.947;0.000;0.557;83.454;73.07;78.07;21562.5;890.90;6.08;3.19;1.05;87596.80;54000.00;24859.38;27388.2;3.20;1.97;0.91;13/10/2024 16:16:37;
14/10/2024;17;2.0TD;2;0.000094385237000000;0.182;1.114534457;124.277913;19.184;8.779;96.314913;71.39;-2.76507;1.17961;0.75;0.25;104.16708;93.10680;101.96000;84.74000;75.42000;1763.3;275.0;200.0;45.0;10.26;0.154;0.17498;0.04096;0.00;0.000;1.222;0.947;0.000;0.557;81.484;71.20;76.20;21491.7;853.10;6.02;3.19;1.05;90627.08;48833.68;24859.38;27269.7;3.32;1.79;0.91;13/10/2024 16:16:37;
14/10/2024;18;2.0TD;2;0.000097064592000000;0.188;1.151825360;157.983301;19.184;8.779;130.020301;97.48;-2.76507;1.17961;0.75;0.25;104.16708;93.10680;101.96000;84.74000;75.42000;1763.3;275.0;200.0;45.0;11.71;0.154;0.17498;0.04096;0.00;0.000;1.642;0.947;0.000;0.557;109.444;97.46;97.95;20339.8;984.60;7.47;3.19;1.05;57437.12;119800.00;24859.38;27063.3;2.12;4.43;0.92;13/10/2024 16:16:37;
14/10/2024;19;2.0TD;1;0.000103113086000000;0.168;1.007205924;235.578703;33.081;43.893;158.604703;121.16;-2.76507;1.17961;0.75;0.25;104.16708;93.10680;101.96000;84.74000;75.42000;1763.3;275.0;200.0;45.0;13.21;0.926;0.17498;0.04096;0.00;0.000;2.037;0.947;0.000;0.557;135.791;121.04;123.00;18416.4;1172.00;8.97;3.19;1.05;21194.40;196585.20;24859.38;27039.9;0.78;7.27;0.92;13/10/2024 16:16:37;
14/10/2024;20;2.0TD;1;0.000118872555000000;0.166;0.991786936;282.597748;33.081;43.893;205.623748;162.66;-2.76507;1.17961;0.75;0.25;104.16708;93.10680;101.96000;84.74000;75.42000;1763.3;275.0;200.0;45.0;11.66;0.926;0.17498;0.04096;0.00;0.000;2.645;0.947;0.000;0.557;176.349;161.89;171.72;17947.8;1531.50;7.42;3.19;1.05;-8524.76;188072.64;24859.38;27519.0;-0.31;6.83;0.90;13/10/2024 16:16:37;
14/10/2024;21;2.0TD;1;0.000143321422000000;0.160;0.960150396;294.706809;33.081;43.893;217.732809;178.61;-2.76507;1.17961;0.75;0.25;104.16708;93.10680;101.96000;84.74000;75.42000;1763.3;275.0;200.0;45.0;6.89;0.926;0.17498;0.04096;0.00;0.000;2.816;0.947;0.000;0.557;187.700;178.61;178.61;19027.1;1531.20;2.65;3.19;1.05;-18482.60;71034.88;24859.38;29195.8;-0.63;2.43;0.85;13/10/2024 16:16:37;
14/10/2024;22;2.0TD;1;0.000144739816000000;0.161;0.963575865;236.149071;33.081;43.893;159.175071;128.55;-2.76507;1.17961;0.75;0.25;104.16708;93.10680;101.96000;84.74000;75.42000;1763.3;275.0;200.0;45.0;7.11;0.926;0.17498;0.04096;0.00;0.000;2.057;0.947;0.000;0.557;137.101;128.90;123.90;18672.4;1409.50;2.87;3.19;1.05;21536.72;35624.96;24859.38;28557.3;0.75;1.25;0.87;13/10/2024 16:16:37;
14/10/2024;23;2.0TD;2;0.000125194801000000;0.186;1.141533167;157.799991;19.184;8.779;129.836991;100.24;-2.76507;1.17961;0.75;0.25;104.16708;93.10680;101.96000;84.74000;75.42000;1763.3;275.0;200.0;45.0;8.98;0.154;0.17498;0.04096;0.00;0.000;1.642;0.947;0.000;0.557;109.474;100.24;100.21;18113.9;1063.00;4.74;3.19;1.05;58068.76;39094.00;24859.38;25750.1;2.26;1.52;0.97;13/10/2024 16:16:37;
14/10/2024;24;2.0TD;2;0.000103174219000000;0.196;1.201624725;154.037782;19.184;8.779;126.074782;94.71;-2.76507;1.17961;0.75;0.25;104.16708;93.10680;101.96000;84.74000;75.42000;1763.3;275.0;200.0;45.0;10.51;0.154;0.17498;0.04096;0.00;0.000;1.581;0.947;0.000;0.557;105.413;94.80;93.05;16930.6;923.00;6.27;3.19;1.05;75926.52;46072.00;24859.38;23438.7;3.24;1.97;1.06;13/10/2024 16:16:37;
*
