pvpcdata;
2024;09;10;12;19;17;
31/08/2024;1;2.0TD;3;0.000114919964000000;0.181;1.007958879;158.421277;0.557;2.195;155.669277;129.08;-6.88994;1.01684;0.75;0.25;116.61375;89.05400;101.96000;73.51000;75.32000;2226.5;275.0;234.0;57.0;6.04;0.000;0.17498;0.04096;0.00;0.000;1.977;0.947;0.000;0.557;131.811;128.50;137.50;20208.7;1403.40;1.91;3.08;1.05;8282.84;16683.12;24859.38;26056.8;0.32;0.64;0.95;30/08/2024 16:06:26;
31/08/2024;2;2.0TD;3;0.000101614786000000;0.179;0.995641325;154.782177;0.557;2.195;152.030177;125.50;-6.88994;1.01684;0.75;0.25;116.61375;89.05400;101.96000;73.51000;75.32000;2226.5;275.0;234.0;57.0;6.80;0.000;0.17498;0.04096;0.00;0.000;1.934;0.947;0.000;0.557;128.948;124.90;134.80;19045.0;1237.90;2.67;3.08;1.05;21425.88;19239.92;24859.38;24525.9;0.87;0.78;1.01;30/08/2024 16:06:26;
31/08/2024;3;2.0TD;3;0.000091117923000000;0.179;0.995239306;150.425772;0.557;2.195;147.673772;121.69;-6.88994;1.01684;0.75;0.25;116.61375;89.05400;101.96000;73.51000;75.32000;2226.5;275.0;234.0;57.0;6.97;0.000;0.17498;0.04096;0.00;0.000;1.879;0.947;0.000;0.557;125.253;121.26;127.51;18137.6;1344.70;2.84;3.08;1.05;23765.00;18408.96;24859.38;23563.9;1.01;0.78;1.05;30/08/2024 16:06:26;
31/08/2024;4;2.0TD;3;0.000084561229000000;0.179;0.993812609;147.301422;0.557;2.195;144.549422;119.55;-6.88994;1.01684;0.75;0.25;116.61375;89.05400;101.96000;73.51000;75.32000;2226.5;275.0;234.0;57.0;6.50;0.000;0.17498;0.04096;0.00;0.000;1.839;0.947;0.000;0.557;122.603;119.51;120.01;17170.2;1349.60;2.37;3.08;1.05;36051.00;17769.76;0.00;22746.8;1.58;0.78;0.00;30/08/2024 16:06:26;
31/08/2024;5;2.0TD;3;0.000080490825000000;0.178;0.987967879;147.250676;0.557;2.195;144.498676;119.54;-6.88994;1.01684;0.75;0.25;116.61375;89.05400;101.96000;73.51000;75.32000;2226.5;275.0;234.0;57.0;6.57;0.000;0.17498;0.04096;0.00;0.000;1.840;0.947;0.000;0.557;122.664;120.00;115.01;16587.1;1686.20;2.44;3.08;1.05;34894.00;19815.20;0.00;22383.8;1.56;0.89;0.00;30/08/2024 16:06:26;
31/08/2024;6;2.0TD;3;0.000078077926000000;0.176;0.978344146;152.652500;0.557;2.195;149.900500;124.36;-6.88994;1.01684;0.75;0.25;116.61375;89.05400;101.96000;73.51000;75.32000;2226.5;275.0;234.0;57.0;6.48;0.000;0.17498;0.04096;0.00;0.000;1.912;0.947;0.000;0.557;127.466;124.36;124.35;16175.6;1747.80;2.35;3.08;1.05;29461.28;22244.16;0.00;22023.0;1.34;1.01;0.00;30/08/2024 16:06:26;
31/08/2024;7;2.0TD;3;0.000077432932000000;0.174;0.969044249;154.423891;0.557;2.195;151.671891;126.26;-6.88994;1.01684;0.75;0.25;116.61375;89.05400;101.96000;73.51000;75.32000;2226.5;275.0;234.0;57.0;6.28;0.000;0.17498;0.04096;0.00;0.000;1.938;0.947;0.000;0.557;129.192;126.26;126.26;16338.6;1647.00;2.15;3.08;1.05;24650.08;23011.20;0.00;22144.5;1.11;1.04;0.00;30/08/2024 16:06:26;
31/08/2024;8;2.0TD;3;0.000075512912000000;0.171;0.952202576;153.727170;0.557;2.195;150.975170;126.26;-6.88994;1.01684;0.75;0.25;116.61375;89.05400;101.96000;73.51000;75.32000;2226.5;275.0;234.0;57.0;6.02;0.000;0.17498;0.04096;0.00;0.000;1.934;0.947;0.000;0.557;128.928;126.26;126.26;17229.5;1629.30;1.89;3.08;1.05;22831.16;19512.00;0.00;22387.8;1.02;0.87;0.00;30/08/2024 16:06:26;
31/08/2024;9;2.0TD;3;0.000080142519000000;0.167;0.926645055;166.812841;0.557;2.195;164.060841;128.50;-6.88994;1.01684;0.75;0.25;116.61375;89.05400;101.96000;73.51000;75.32000;2226.5;275.0;234.0;57.0;15.26;0.000;0.17498;0.04096;0.00;0.000;2.109;0.947;0.000;0.557;140.583;128.50;128.50;17812.5;1985.30;11.13;3.08;1.05;18865.96;239152.80;0.00;23181.3;0.81;10.32;0.00;30/08/2024 16:06:26;
31/08/2024;10;2.0TD;3;0.000092101247000000;0.161;0.892190561;158.213860;0.557;2.195;155.461860;123.90;-6.88994;1.01684;0.75;0.25;116.61375;89.05400;101.96000;73.51000;75.32000;2226.5;275.0;234.0;57.0;13.28;0.000;0.17498;0.04096;0.00;0.000;2.009;0.947;0.000;0.557;133.903;124.64;116.65;19385.8;1966.70;9.15;3.08;1.05;38345.32;188264.16;0.00;24778.5;1.55;7.60;0.00;30/08/2024 16:06:26;
31/08/2024;11;2.0TD;3;0.000102479814000000;0.160;0.891508785;144.688917;0.557;2.195;141.936917;114.16;-6.88994;1.01684;0.75;0.25;116.61375;89.05400;101.96000;73.51000;75.32000;2226.5;275.0;234.0;57.0;11.65;0.000;0.17498;0.04096;0.00;0.000;1.835;0.947;0.000;0.557;122.359;115.91;96.35;20434.8;2004.20;7.52;3.08;1.05;48261.56;148320.00;0.00;26151.4;1.85;5.67;0.00;30/08/2024 16:06:26;
31/08/2024;12;2.0TD;3;0.000107758611000000;0.159;0.881394897;111.373957;0.557;2.195;108.621957;89.29;-6.88994;1.01684;0.75;0.25;116.61375;89.05400;101.96000;73.51000;75.32000;2226.5;275.0;234.0;57.0;8.31;0.000;0.17498;0.04096;0.00;0.000;1.406;0.947;0.000;0.557;93.720;89.63;84.64;21867.8;1589.90;4.18;3.08;1.05;74556.76;37120.00;0.00;26698.9;2.79;1.39;0.00;30/08/2024 16:06:26;
31/08/2024;13;2.0TD;3;0.000112593869000000;0.160;0.886535655;106.121237;0.557;2.195;103.369237;84.24;-6.88994;1.01684;0.75;0.25;116.61375;89.05400;101.96000;73.51000;75.32000;2226.5;275.0;234.0;57.0;8.82;0.000;0.17498;0.04096;0.00;0.000;1.337;0.947;0.000;0.557;89.111;85.45;66.30;22990.2;1550.20;4.69;3.08;1.05;78694.12;50912.16;0.00;27643.8;2.85;1.84;0.00;30/08/2024 16:06:26;
31/08/2024;14;2.0TD;3;0.000121762110000000;0.158;0.879900996;109.140252;0.557;2.195;106.388252;87.58;-6.88994;1.01684;0.75;0.25;116.61375;89.05400;101.96000;73.51000;75.32000;2226.5;275.0;234.0;57.0;8.20;0.000;0.17498;0.04096;0.00;0.000;1.378;0.947;0.000;0.557;91.872;88.20;78.10;23540.5;1540.70;4.07;3.08;1.05;75353.56;39527.28;0.00;28226.7;2.67;1.40;0.00;30/08/2024 16:06:26;
31/08/2024;15;2.0TD;3;0.000126646838000000;0.156;0.867971207;108.710279;0.557;2.195;105.958279;86.84;-6.88994;1.01684;0.75;0.25;116.61375;89.05400;101.96000;73.51000;75.32000;2226.5;275.0;234.0;57.0;8.73;0.000;0.17498;0.04096;0.00;0.000;1.375;0.947;0.000;0.557;91.659;87.94;70.00;23575.4;1540.20;4.60;3.08;1.05;76055.32;55575.60;0.00;28597.2;2.66;1.94;0.00;30/08/2024 16:06:26;
31/08/2024;16;2.0TD;3;0.000121633981000000;0.158;0.876115586;105.578244;0.557;2.195;102.826244;84.13;-6.88994;1.01684;0.75;0.25;116.61375;89.05400;101.96000;73.51000;75.32000;2226.5;275.0;234.0;57.0;8.62;0.000;0.17498;0.04096;0.00;0.000;1.332;0.947;0.000;0.557;88.796;85.23;67.44;23136.6;1525.50;4.49;3.08;1.05;78866.68;48067.40;0.00;28254.7;2.79;1.70;0.00;30/08/2024 16:06:26;
31/08/2024;17;2.0TD;3;0.000117920217000000;0.159;0.885435223;109.574030;0.557;2.195;106.822030;87.75;-6.88994;1.01684;0.75;0.25;116.61375;89.05400;101.96000;73.51000;75.32000;2226.5;275.0;234.0;57.0;8.32;0.000;0.17498;0.04096;0.00;0.000;1.383;0.947;0.000;0.557;92.167;88.07;83.10;22170.1;1543.20;4.19;3.08;1.05;75428.88;40320.00;0.00;27651.6;2.73;1.46;0.00;30/08/2024 16:06:26;
31/08/2024;18;2.0TD;3;0.000117859135000000;0.163;0.905210399;124.417397;0.557;2.195;121.665397;99.17;-6.88994;1.01684;0.75;0.25;116.61375;89.05400;101.96000;73.51000;75.32000;2226.5;275.0;234.0;57.0;9.16;0.000;0.17498;0.04096;0.00;0.000;1.569;0.947;0.000;0.557;104.613;100.00;90.07;21069.0;1927.70;5.03;3.08;1.05;68313.92;70720.00;0.00;27617.8;2.47;2.56;0.00;30/08/2024 16:06:26;
31/08/2024;19;2.0TD;3;0.000118710084000000;0.170;0.944303314;147.754091;0.557;2.195;145.002091;117.95;-6.88994;1.01684;0.75;0.25;116.61375;89.05400;101.96000;73.51000;75.32000;2226.5;275.0;234.0;57.0;9.41;0.000;0.17498;0.04096;0.00;0.000;1.859;0.947;0.000;0.557;123.933;118.85;108.60;21057.0;2038.50;5.28;3.08;1.05;32174.60;115199.92;0.00;27930.1;1.15;4.12;0.00;30/08/2024 16:06:26;
31/08/2024;20;2.0TD;3;0.000118758252000000;0.178;0.989356026;156.483840;0.557;2.195;153.731840;126.81;-6.88994;1.01684;0.75;0.25;116.61375;89.05400;101.96000;73.51000;75.32000;2226.5;275.0;234.0;57.0;7.02;0.000;0.17498;0.04096;0.00;0.000;1.958;0.947;0.000;0.557;130.502;127.42;120.95;19937.7;2065.80;2.89;3.08;1.05;40726.56;39765.12;0.00;27824.2;1.46;1.43;0.00;30/08/2024 16:06:26;
31/08/2024;21;2.0TD;3;0.000121929950000000;0.188;1.047091436;168.353748;0.557;2.195;165.601748;132.52;-6.88994;1.01684;0.75;0.25;116.61375;89.05400;101.96000;73.51000;75.32000;2226.5;275.0;234.0;57.0;10.07;0.000;0.17498;0.04096;0.00;0.000;2.091;0.947;0.000;0.557;139.395;133.00;128.11;18581.2;2027.20;5.94;3.08;1.05;118786.12;47494.80;0.00;27986.5;4.24;1.70;0.00;30/08/2024 16:06:26;
31/08/2024;22;2.0TD;3;0.000138142706000000;0.192;1.068227218;192.896754;0.557;2.195;190.144754;153.16;-6.88994;1.01684;0.75;0.25;116.61375;89.05400;101.96000;73.51000;75.32000;2226.5;275.0;234.0;57.0;9.25;0.000;0.17498;0.04096;0.00;0.000;2.393;0.947;0.000;0.557;159.517;154.15;144.25;19012.2;2115.00;5.12;3.08;1.05;96340.80;26398.96;24859.38;28804.5;3.34;0.92;0.86;30/08/2024 16:06:26;
31/08/2024;23;2.0TD;3;0.000135336504000000;0.192;1.069237499;182.597874;0.557;2.195;179.845874;144.63;-6.88994;1.01684;0.75;0.25;116.61375;89.05400;101.96000;73.51000;75.32000;2226.5;275.0;234.0;57.0;9.27;0.000;0.17498;0.04096;0.00;0.000;2.263;0.947;0.000;0.557;150.877;145.68;135.58;18570.7;2164.30;5.14;3.08;1.05;96369.80;19176.00;24859.38;27297.8;3.53;0.70;0.91;30/08/2024 16:06:26;
31/08/2024;24;2.0TD;3;0.000123114028000000;0.191;1.063284545;170.489357;0.557;2.195;167.737357;134.48;-6.88994;1.01684;0.75;0.25;116.61375;89.05400;101.96000;73.51000;75.32000;2226.5;275.0;234.0;57.0;9.53;0.000;0.17498;0.04096;0.00;0.000;2.113;0.947;0.000;0.557;140.837;135.01;130.02;17679.5;2107.00;5.40;3.08;1.05;101831.36;11505.60;24859.38;25584.9;3.98;0.45;0.97;30/08/2024 16:06:26;
*
