pvpcdata;
2024;08;09;11;56;38;
10/07/2024;1;2.0TD;3;0.000114905771000000;0.174;0.969001235;141.482654;0.557;2.195;138.730654;107.79;0.32996;1.10868;0.75;0.25;87.60917;88.92900;101.96000;73.51000;74.07000;2056.5;275.0;234.0;61.0;6.52;0.000;0.17498;0.04096;0.00;0.000;1.773;0.947;0.000;0.557;118.169;107.94;106.14;18312.9;1642.70;2.30;3.13;1.09;27690.52;7478.64;24859.38;26049.3;1.06;0.29;0.95;09/07/2024 16:08:23;
10/07/2024;2;2.0TD;3;0.000097722143000000;0.176;0.978092627;140.727624;0.557;2.195;137.975624;106.61;0.32996;1.10868;0.75;0.25;87.60917;88.92900;101.96000;73.51000;74.07000;2056.5;275.0;234.0;61.0;6.87;0.000;0.17498;0.04096;0.00;0.000;1.760;0.947;0.000;0.557;117.326;106.81;104.61;17661.2;1725.10;2.65;3.13;1.09;30915.84;9210.24;24859.38;24518.9;1.26;0.38;1.01;09/07/2024 16:08:23;
10/07/2024;3;2.0TD;3;0.000086764194000000;0.175;0.974041296;138.081698;0.557;2.195;135.329698;103.99;0.32996;1.10868;0.75;0.25;87.60917;88.92900;101.96000;73.51000;74.07000;2056.5;275.0;234.0;61.0;7.37;0.000;0.17498;0.04096;0.00;0.000;1.728;0.947;0.000;0.557;115.174;104.22;101.22;18361.1;1542.10;3.15;3.13;1.09;42481.60;6647.68;24859.38;23487.7;1.81;0.28;1.06;09/07/2024 16:08:23;
10/07/2024;4;2.0TD;3;0.000080800890000000;0.174;0.968787134;135.725358;0.557;2.195;132.973358;102.37;0.32996;1.10868;0.75;0.25;87.60917;88.92900;101.96000;73.51000;74.07000;2056.5;275.0;234.0;61.0;7.11;0.000;0.17498;0.04096;0.00;0.000;1.699;0.947;0.000;0.557;113.265;102.61;99.61;17750.7;1513.30;2.89;3.13;1.09;59592.36;6711.60;0.00;22926.9;2.60;0.29;0.00;09/07/2024 16:08:23;
10/07/2024;5;2.0TD;3;0.000077363553000000;0.173;0.960251718;134.981019;0.557;2.195;132.229019;101.76;0.32996;1.10868;0.75;0.25;87.60917;88.92900;101.96000;73.51000;74.07000;2056.5;275.0;234.0;61.0;7.19;0.000;0.17498;0.04096;0.00;0.000;1.691;0.947;0.000;0.557;112.727;101.92;99.92;16842.0;1458.00;2.97;3.13;1.09;60625.16;6711.60;0.00;22671.8;2.67;0.30;0.00;09/07/2024 16:08:23;
10/07/2024;6;2.0TD;3;0.000076191644000000;0.168;0.935067888;136.658775;0.557;2.195;133.906775;104.05;0.32996;1.10868;0.75;0.25;87.60917;88.92900;101.96000;73.51000;74.07000;2056.5;275.0;234.0;61.0;6.79;0.000;0.17498;0.04096;0.00;0.000;1.720;0.947;0.000;0.557;114.646;104.22;102.19;15822.3;1481.40;2.57;3.13;1.09;52765.96;6711.60;0.00;23100.1;2.28;0.29;0.00;09/07/2024 16:08:23;
10/07/2024;7;2.0TD;3;0.000077683656000000;0.159;0.882918510;133.379658;0.557;2.195;130.627658;101.16;0.32996;1.10868;0.75;0.25;87.60917;88.92900;101.96000;73.51000;74.07000;2056.5;275.0;234.0;61.0;7.77;0.000;0.17498;0.04096;0.00;0.000;1.691;0.947;0.000;0.557;112.707;101.50;97.50;16964.9;1594.90;3.55;3.13;1.09;56254.08;6528.00;24859.38;24692.1;2.28;0.26;1.01;09/07/2024 16:08:23;
10/07/2024;8;2.0TD;3;0.000081955358000000;0.158;0.876093318;141.331262;0.557;2.195;138.579262;108.43;0.32996;1.10868;0.75;0.25;87.60917;88.92900;101.96000;73.51000;74.07000;2056.5;275.0;234.0;61.0;7.36;0.000;0.17498;0.04096;0.00;0.000;1.795;0.947;0.000;0.557;119.671;108.43;108.43;17654.4;1602.40;3.14;3.13;1.09;17454.68;40766.00;24859.38;26444.3;0.66;1.54;0.94;09/07/2024 16:08:23;
10/07/2024;9;2.0TD;2;0.000093706430000000;0.142;0.873542744;155.750757;19.184;8.779;127.787757;101.31;0.32996;1.10868;0.75;0.25;87.60917;88.92900;101.96000;73.51000;74.07000;2056.5;275.0;234.0;61.0;6.67;0.154;0.17498;0.04096;0.00;0.000;1.678;0.947;0.000;0.557;111.898;101.92;95.32;19159.4;1942.50;2.45;3.13;1.09;20176.72;24140.00;24859.38;28250.4;0.71;0.85;0.88;09/07/2024 16:08:23;
10/07/2024;10;2.0TD;2;0.000105980792000000;0.141;0.864633393;152.743001;19.184;8.779;124.780001;94.52;0.32996;1.10868;0.75;0.25;87.60917;88.92900;101.96000;73.51000;74.07000;2056.5;275.0;234.0;61.0;10.96;0.154;0.17498;0.04096;0.00;0.000;1.640;0.947;0.000;0.557;109.360;94.99;87.74;22942.5;1578.10;6.74;3.13;1.09;26661.00;146527.68;24859.38;29417.1;0.91;4.98;0.85;09/07/2024 16:08:23;
10/07/2024;11;2.0TD;1;0.000115491122000000;0.146;0.873235387;166.876796;33.081;43.893;89.902796;65.05;0.32996;1.10868;0.75;0.25;87.60917;88.92900;101.96000;73.51000;74.07000;2056.5;275.0;234.0;61.0;9.21;0.926;0.17498;0.04096;0.00;0.000;1.177;0.947;0.000;0.557;78.449;65.00;66.00;24828.4;1222.60;4.99;3.13;1.09;55467.12;69760.00;24859.38;30092.6;1.84;2.32;0.83;09/07/2024 16:08:23;
10/07/2024;12;2.0TD;1;0.000120905706000000;0.146;0.875720882;158.452550;33.081;43.893;81.478550;57.88;0.32996;1.10868;0.75;0.25;87.60917;88.92900;101.96000;73.51000;74.07000;2056.5;275.0;234.0;61.0;9.14;0.926;0.17498;0.04096;0.00;0.000;1.066;0.947;0.000;0.557;71.098;57.75;60.74;26878.6;1225.10;4.92;3.13;1.09;60913.04;63943.20;24859.38;30460.1;2.00;2.10;0.82;09/07/2024 16:08:23;
10/07/2024;13;2.0TD;1;0.000128135500000000;0.147;0.877253066;158.139403;33.081;43.893;81.165403;57.35;0.32996;1.10868;0.75;0.25;87.60917;88.92900;101.96000;73.51000;74.07000;2056.5;275.0;234.0;61.0;9.34;0.926;0.17498;0.04096;0.00;0.000;1.061;0.947;0.000;0.557;70.763;57.21;60.20;27881.1;1383.20;5.12;3.13;1.09;66827.60;67606.92;24859.38;31093.1;2.15;2.17;0.80;09/07/2024 16:08:23;
10/07/2024;14;2.0TD;1;0.000139181670000000;0.145;0.866301714;150.628657;33.081;43.893;73.654657;51.24;0.32996;1.10868;0.75;0.25;87.60917;88.92900;101.96000;73.51000;74.07000;2056.5;275.0;234.0;61.0;9.11;0.926;0.17498;0.04096;0.00;0.000;0.965;0.947;0.000;0.557;64.327;51.10;54.10;28313.2;1375.00;4.89;3.13;1.09;72040.36;58769.60;24859.38;31863.9;2.26;1.84;0.78;09/07/2024 16:08:23;
10/07/2024;15;2.0TD;2;0.000144332940000000;0.144;0.885615453;100.180530;19.184;8.779;72.217530;50.88;0.32996;1.10868;0.75;0.25;87.60917;88.92900;101.96000;73.51000;74.07000;2056.5;275.0;234.0;61.0;9.06;0.154;0.17498;0.04096;0.00;0.000;0.947;0.947;0.000;0.557;63.127;50.77;53.33;28665.0;1337.70;4.84;3.13;1.09;72341.48;56781.60;24859.38;31834.0;2.27;1.78;0.78;09/07/2024 16:08:23;
10/07/2024;16;2.0TD;2;0.000140089211000000;0.142;0.874008366;93.294777;19.184;8.779;65.331777;45.10;0.32996;1.10868;0.75;0.25;87.60917;88.92900;101.96000;73.51000;74.07000;2056.5;275.0;234.0;61.0;9.01;0.154;0.17498;0.04096;0.00;0.000;0.858;0.947;0.000;0.557;57.208;45.06;46.06;28715.7;1309.60;4.79;3.13;1.09;71377.36;53400.60;24859.38;31252.1;2.28;1.71;0.80;09/07/2024 16:08:23;
10/07/2024;17;2.0TD;2;0.000137129219000000;0.142;0.872685662;93.166873;19.184;8.779;65.203873;45.11;0.32996;1.10868;0.75;0.25;87.60917;88.92900;101.96000;73.51000;74.07000;2056.5;275.0;234.0;61.0;8.89;0.154;0.17498;0.04096;0.00;0.000;0.856;0.947;0.000;0.557;57.096;45.06;46.06;28363.3;1345.40;4.67;3.13;1.09;71376.36;48700.80;24859.38;30993.0;2.30;1.57;0.80;09/07/2024 16:08:23;
10/07/2024;18;2.0TD;2;0.000137145003000000;0.144;0.885102016;102.851770;19.184;8.779;74.888770;52.55;0.32996;1.10868;0.75;0.25;87.60917;88.92900;101.96000;73.51000;74.07000;2056.5;275.0;234.0;61.0;9.69;0.154;0.17498;0.04096;0.00;0.000;0.982;0.947;0.000;0.557;65.462;52.50;53.54;27201.1;1245.60;5.47;3.13;1.09;89641.88;55074.40;24859.38;30994.3;2.89;1.78;0.80;09/07/2024 16:08:23;
10/07/2024;19;2.0TD;1;0.000136090834000000;0.145;0.865305796;180.712387;33.081;43.893;103.738387;74.92;0.32996;1.10868;0.75;0.25;87.60917;88.92900;101.96000;73.51000;74.07000;2056.5;275.0;234.0;61.0;11.31;0.926;0.17498;0.04096;0.00;0.000;1.359;0.947;0.000;0.557;90.601;75.00;73.59;23081.7;1371.00;7.09;3.13;1.09;69249.84;124238.72;24859.38;30824.2;2.25;4.03;0.81;09/07/2024 16:08:23;
10/07/2024;20;2.0TD;1;0.000133811224000000;0.148;0.888942253;205.634046;33.081;43.893;128.660046;98.99;0.32996;1.10868;0.75;0.25;87.60917;88.92900;101.96000;73.51000;74.07000;2056.5;275.0;234.0;61.0;8.39;0.926;0.17498;0.04096;0.00;0.000;1.681;0.947;0.000;0.557;112.073;99.58;91.60;23061.8;1851.90;4.17;3.13;1.09;41598.80;61772.48;24859.38;30796.0;1.35;2.01;0.81;09/07/2024 16:08:23;
10/07/2024;21;2.0TD;1;0.000134553860000000;0.149;0.895056151;211.123440;33.081;43.893;134.149440;105.00;0.32996;1.10868;0.75;0.25;87.60917;88.92900;101.96000;73.51000;74.07000;2056.5;275.0;234.0;61.0;6.99;0.926;0.17498;0.04096;0.00;0.000;1.751;0.947;0.000;0.557;116.753;105.00;105.00;20578.2;1698.80;2.77;3.13;1.09;22077.20;37408.80;24859.38;30437.1;0.73;1.23;0.82;09/07/2024 16:08:23;
10/07/2024;22;2.0TD;1;0.000143344336000000;0.151;0.902948546;228.160395;33.081;43.893;151.186395;120.17;0.32996;1.10868;0.75;0.25;87.60917;88.92900;101.96000;73.51000;74.07000;2056.5;275.0;234.0;61.0;6.20;0.926;0.17498;0.04096;0.00;0.000;1.970;0.947;0.000;0.557;131.352;120.18;120.00;20093.7;1518.20;1.98;3.13;1.09;18953.04;16043.92;24859.38;30161.1;0.63;0.53;0.82;09/07/2024 16:08:23;
10/07/2024;23;2.0TD;2;0.000150121580000000;0.157;0.965430407;192.984997;19.184;8.779;165.021997;131.91;0.32996;1.10868;0.75;0.25;87.60917;88.92900;101.96000;73.51000;74.07000;2056.5;275.0;234.0;61.0;6.34;0.154;0.17498;0.04096;0.00;0.000;2.139;0.947;0.000;0.557;142.629;131.98;130.98;19635.8;1553.30;2.12;3.13;1.09;12435.88;25440.16;24859.38;29662.8;0.42;0.86;0.84;09/07/2024 16:08:23;
10/07/2024;24;2.0TD;2;0.000135339301000000;0.156;0.954659349;168.960564;19.184;8.779;140.997564;111.52;0.32996;1.10868;0.75;0.25;87.60917;88.92900;101.96000;73.51000;74.07000;2056.5;275.0;234.0;61.0;6.38;0.154;0.17498;0.04096;0.00;0.000;1.830;0.947;0.000;0.557;121.970;111.87;107.23;18577.8;1528.90;2.16;3.13;1.09;23565.68;11186.00;24859.38;27534.0;0.86;0.41;0.90;09/07/2024 16:08:23;
*
