pvpcdata;
2024;08;09;11;56;46;
19/07/2024;1;2.0TD;3;0.000115494380000000;0.166;0.921657182;137.802201;0.557;2.195;135.050201;108.49;-2.21327;0.98221;0.75;0.25;97.78208;88.92900;101.96000;73.51000;74.07000;2321.3;275.0;234.0;61.0;6.05;0.000;0.17498;0.04096;0.00;0.000;1.737;0.947;0.000;0.557;115.823;108.49;108.49;23065.5;2549.50;1.83;3.13;1.09;6178.32;21208.16;24859.38;28661.4;0.22;0.74;0.87;18/07/2024 16:08:19;
19/07/2024;2;2.0TD;3;0.000098798340000000;0.166;0.921865606;136.027549;0.557;2.195;133.275549;106.33;-2.21327;0.98221;0.75;0.25;97.78208;88.92900;101.96000;73.51000;74.07000;2321.3;275.0;234.0;61.0;6.71;0.000;0.17498;0.04096;0.00;0.000;1.715;0.947;0.000;0.557;114.301;106.37;106.00;21435.0;2357.90;2.49;3.13;1.09;23534.68;18844.60;24859.38;26928.9;0.87;0.70;0.92;18/07/2024 16:08:19;
19/07/2024;3;2.0TD;3;0.000087298157000000;0.167;0.927535904;134.281653;0.557;2.195;131.529653;103.98;-2.21327;0.98221;0.75;0.25;97.78208;88.92900;101.96000;73.51000;74.07000;2321.3;275.0;234.0;61.0;7.49;0.000;0.17498;0.04096;0.00;0.000;1.691;0.947;0.000;0.557;112.707;103.99;103.87;20291.0;2115.60;3.27;3.13;1.09;45832.68;13185.60;24859.38;25609.0;1.79;0.51;0.97;18/07/2024 16:08:19;
19/07/2024;4;2.0TD;3;0.000080999287000000;0.167;0.928057262;133.499763;0.557;2.195;130.747763;103.85;-2.21327;0.98221;0.75;0.25;97.78208;88.92900;101.96000;73.51000;74.07000;2321.3;275.0;234.0;61.0;6.96;0.000;0.17498;0.04096;0.00;0.000;1.681;0.947;0.000;0.557;112.037;103.98;102.58;19755.8;1984.70;2.74;3.13;1.09;56957.00;11306.56;0.00;24919.7;2.29;0.45;0.00;18/07/2024 16:08:19;
19/07/2024;5;2.0TD;3;0.000077387956000000;0.168;0.932706609;133.409736;0.557;2.195;130.657736;103.85;-2.21327;0.98221;0.75;0.25;97.78208;88.92900;101.96000;73.51000;74.07000;2321.3;275.0;234.0;61.0;6.79;0.000;0.17498;0.04096;0.00;0.000;1.678;0.947;0.000;0.557;111.864;103.98;102.58;19472.7;1972.90;2.57;3.13;1.09;56963.20;6136.32;0.00;24510.5;2.32;0.25;0.00;18/07/2024 16:08:19;
19/07/2024;6;2.0TD;3;0.000076353422000000;0.167;0.928937049;135.892113;0.557;2.195;133.140113;105.73;-2.21327;0.98221;0.75;0.25;97.78208;88.92900;101.96000;73.51000;74.07000;2321.3;275.0;234.0;61.0;7.10;0.000;0.17498;0.04096;0.00;0.000;1.711;0.947;0.000;0.557;114.087;105.87;104.46;19416.2;2069.40;2.88;3.13;1.09;53342.36;18107.84;0.00;24804.5;2.15;0.73;0.00;18/07/2024 16:08:19;
19/07/2024;7;2.0TD;3;0.000077645120000000;0.163;0.904472279;139.793524;0.557;2.195;137.041524;109.53;-2.21327;0.98221;0.75;0.25;97.78208;88.92900;101.96000;73.51000;74.07000;2321.3;275.0;234.0;61.0;6.99;0.000;0.17498;0.04096;0.00;0.000;1.768;0.947;0.000;0.557;117.834;109.80;106.80;20503.0;2052.00;2.77;3.13;1.09;35795.84;13295.36;24859.38;26738.8;1.34;0.50;0.93;18/07/2024 16:08:19;
19/07/2024;8;2.0TD;3;0.000081615087000000;0.160;0.890026090;147.341940;0.557;2.195;144.589940;116.23;-2.21327;0.98221;0.75;0.25;97.78208;88.92900;101.96000;73.51000;74.07000;2321.3;275.0;234.0;61.0;7.00;0.000;0.17498;0.04096;0.00;0.000;1.870;0.947;0.000;0.557;124.646;116.22;116.37;20866.3;1680.40;2.78;3.13;1.09;15083.04;38703.20;24859.38;28364.5;0.53;1.36;0.88;18/07/2024 16:08:19;
19/07/2024;9;2.0TD;2;0.000093213945000000;0.141;0.864088656;161.072631;19.184;8.779;133.109631;108.86;-2.21327;0.98221;0.75;0.25;97.78208;88.92900;101.96000;73.51000;74.07000;2321.3;275.0;234.0;61.0;6.35;0.154;0.17498;0.04096;0.00;0.000;1.750;0.947;0.000;0.557;116.660;108.85;109.00;23143.6;1823.70;2.13;3.13;1.09;16233.52;22710.40;24859.38;29966.8;0.54;0.76;0.83;18/07/2024 16:08:19;
19/07/2024;10;2.0TD;2;0.000105795895000000;0.139;0.850054754;153.080442;19.184;8.779;125.117442;101.00;-2.21327;0.98221;0.75;0.25;97.78208;88.92900;101.96000;73.51000;74.07000;2321.3;275.0;234.0;61.0;7.50;0.154;0.17498;0.04096;0.00;0.000;1.648;0.947;0.000;0.557;109.848;101.00;101.00;24770.3;1396.20;3.28;3.13;1.09;30296.32;46769.92;24859.38;31074.1;0.97;1.51;0.80;18/07/2024 16:08:19;
19/07/2024;11;2.0TD;1;0.000115277414000000;0.144;0.863995907;197.683732;33.081;43.893;120.709732;95.41;-2.21327;0.98221;0.75;0.25;97.78208;88.92900;101.96000;73.51000;74.07000;2321.3;275.0;234.0;61.0;8.05;0.926;0.17498;0.04096;0.00;0.000;1.583;0.947;0.000;0.557;105.515;95.46;94.46;26048.1;1333.40;3.83;3.13;1.09;40063.24;57655.84;24859.38;32004.7;1.25;1.80;0.78;18/07/2024 16:08:19;
19/07/2024;12;2.0TD;1;0.000120942459000000;0.144;0.863063539;184.826316;33.081;43.893;107.852316;83.64;-2.21327;0.98221;0.75;0.25;97.78208;88.92900;101.96000;73.51000;74.07000;2321.3;275.0;234.0;61.0;8.75;0.926;0.17498;0.04096;0.00;0.000;1.414;0.947;0.000;0.557;94.276;83.80;80.11;26447.8;1220.30;4.53;3.13;1.09;74434.64;50752.96;24859.38;33138.2;2.25;1.53;0.75;18/07/2024 16:08:19;
19/07/2024;13;2.0TD;1;0.000128231142000000;0.145;0.865692810;181.119193;33.081;43.893;104.145193;80.27;-2.21327;0.98221;0.75;0.25;97.78208;88.92900;101.96000;73.51000;74.07000;2321.3;275.0;234.0;61.0;8.85;0.926;0.17498;0.04096;0.00;0.000;1.364;0.947;0.000;0.557;90.956;80.35;78.71;26770.7;1371.70;4.63;3.13;1.09;78029.24;54468.00;24859.38;33936.5;2.30;1.60;0.73;18/07/2024 16:08:19;
19/07/2024;14;2.0TD;1;0.000138956286000000;0.143;0.854743086;178.930172;33.081;43.893;101.956172;78.59;-2.21327;0.98221;0.75;0.25;97.78208;88.92900;101.96000;73.51000;74.07000;2321.3;275.0;234.0;61.0;8.80;0.926;0.17498;0.04096;0.00;0.000;1.338;0.947;0.000;0.557;89.200;78.59;78.59;27402.9;1661.40;4.58;3.13;1.09;79889.76;52923.36;24859.38;34423.5;2.32;1.54;0.72;18/07/2024 16:08:19;
19/07/2024;15;2.0TD;2;0.000144429997000000;0.144;0.881741450;128.112764;19.184;8.779;100.149764;77.95;-2.21327;0.98221;0.75;0.25;97.78208;88.92900;101.96000;73.51000;74.07000;2321.3;275.0;234.0;61.0;8.58;0.154;0.17498;0.04096;0.00;0.000;1.313;0.947;0.000;0.557;87.543;77.92;78.50;28032.3;1608.70;4.36;3.13;1.09;76365.08;47437.44;24859.38;34146.7;2.24;1.39;0.73;18/07/2024 16:08:19;
19/07/2024;16;2.0TD;2;0.000140690789000000;0.143;0.878601713;124.300184;19.184;8.779;96.337184;75.00;-2.21327;0.98221;0.75;0.25;97.78208;88.92900;101.96000;73.51000;74.07000;2321.3;275.0;234.0;61.0;8.32;0.154;0.17498;0.04096;0.00;0.000;1.264;0.947;0.000;0.557;84.284;75.00;75.00;28160.0;1531.50;4.10;3.13;1.09;60372.00;52283.20;24859.38;33480.7;1.80;1.56;0.74;18/07/2024 16:08:19;
19/07/2024;17;2.0TD;2;0.000137671859000000;0.144;0.886273717;117.590252;19.184;8.779;89.627252;68.73;-2.21327;0.98221;0.75;0.25;97.78208;88.92900;101.96000;73.51000;74.07000;2321.3;275.0;234.0;61.0;8.74;0.154;0.17498;0.04096;0.00;0.000;1.175;0.947;0.000;0.557;78.345;68.72;68.88;27854.0;1536.60;4.52;3.13;1.09;66800.04;58394.56;24859.38;33177.9;2.01;1.76;0.75;18/07/2024 16:08:19;
19/07/2024;18;2.0TD;2;0.000137158957000000;0.146;0.897352695;129.463647;19.184;8.779;101.500647;78.05;-2.21327;0.98221;0.75;0.25;97.78208;88.92900;101.96000;73.51000;74.07000;2321.3;275.0;234.0;61.0;9.49;0.154;0.17498;0.04096;0.00;0.000;1.329;0.947;0.000;0.557;88.569;78.05;78.05;26137.6;1436.00;5.27;3.13;1.09;70075.24;79064.40;24859.38;33004.0;2.12;2.40;0.75;18/07/2024 16:08:19;
19/07/2024;19;2.0TD;1;0.000135389644000000;0.146;0.873679692;188.016243;33.081;43.893;111.042243;84.95;-2.21327;0.98221;0.75;0.25;97.78208;88.92900;101.96000;73.51000;74.07000;2321.3;275.0;234.0;61.0;10.02;0.926;0.17498;0.04096;0.00;0.000;1.453;0.947;0.000;0.557;96.895;85.06;83.06;24268.0;1466.40;5.80;3.13;1.09;57423.20;109384.80;24859.38;33012.3;1.74;3.31;0.75;18/07/2024 16:08:19;
19/07/2024;20;2.0TD;1;0.000132013681000000;0.148;0.889143622;201.053858;33.081;43.893;124.079858;98.35;-2.21327;0.98221;0.75;0.25;97.78208;88.92900;101.96000;73.51000;74.07000;2321.3;275.0;234.0;61.0;7.64;0.926;0.17498;0.04096;0.00;0.000;1.621;0.947;0.000;0.557;108.083;98.10;103.10;24111.0;1248.60;3.42;3.13;1.09;38959.48;46961.60;24859.38;32434.7;1.20;1.45;0.77;18/07/2024 16:08:19;
19/07/2024;21;2.0TD;1;0.000130072186000000;0.153;0.913210336;216.507178;33.081;43.893;139.533178;111.96;-2.21327;0.98221;0.75;0.25;97.78208;88.92900;101.96000;73.51000;74.07000;2321.3;275.0;234.0;61.0;6.77;0.926;0.17498;0.04096;0.00;0.000;1.815;0.947;0.000;0.557;121.017;111.90;112.90;22728.1;1352.50;2.55;3.13;1.09;13064.60;43739.52;24859.38;32005.0;0.41;1.37;0.78;18/07/2024 16:08:19;
19/07/2024;22;2.0TD;1;0.000136152628000000;0.155;0.931073107;227.466458;33.081;43.893;150.492458;121.50;-2.21327;0.98221;0.75;0.25;97.78208;88.92900;101.96000;73.51000;74.07000;2321.3;275.0;234.0;61.0;6.37;0.926;0.17498;0.04096;0.00;0.000;1.954;0.947;0.000;0.557;130.296;121.22;126.22;22127.2;1301.30;2.15;3.13;1.09;26710.88;15970.00;24859.38;31454.2;0.85;0.51;0.79;18/07/2024 16:08:19;
19/07/2024;23;2.0TD;2;0.000142478388000000;0.164;1.006415795;170.964474;19.184;8.779;143.001474;114.94;-2.21327;0.98221;0.75;0.25;97.78208;88.92900;101.96000;73.51000;74.07000;2321.3;275.0;234.0;61.0;6.37;0.154;0.17498;0.04096;0.00;0.000;1.843;0.947;0.000;0.557;122.853;114.94;114.94;22104.0;1691.80;2.15;3.13;1.09;29211.24;12456.60;24859.38;30883.5;0.95;0.40;0.80;18/07/2024 16:08:19;
19/07/2024;24;2.0TD;2;0.000130513489000000;0.161;0.988835663;164.254532;19.184;8.779;136.291532;109.11;-2.21327;0.98221;0.75;0.25;97.78208;88.92900;101.96000;73.51000;74.07000;2321.3;275.0;234.0;61.0;6.82;0.154;0.17498;0.04096;0.00;0.000;1.761;0.947;0.000;0.557;117.391;109.11;109.11;22003.9;1546.50;2.60;3.13;1.09;34278.56;15276.88;24859.38;28679.9;1.20;0.53;0.87;18/07/2024 16:08:19;
*
