pvpcdata;
2024;07;09;11;18;13;
22/06/2024;1;2.0TD;3;0.000101373367000000;0.172;0.958193781;127.417875;0.557;2.195;124.665875;84.10;8.72478;1.09617;0.75;0.25;42.90667;77.80580;101.96000;48.69000;52.19000;1791.7;275.0;154.0;62.0;9.39;0.000;0.17498;0.04096;0.00;0.000;1.596;0.947;0.000;0.557;106.370;84.00;85.43;15856.9;1242.90;5.05;3.20;1.14;68809.04;24609.20;24859.38;23441.5;2.94;1.05;1.06;21/06/2024 16:24:58;
22/06/2024;2;2.0TD;3;0.000087708230000000;0.172;0.958115702;120.016695;0.557;2.195;117.264695;77.14;8.72478;1.09617;0.75;0.25;42.90667;77.80580;101.96000;48.69000;52.19000;1791.7;275.0;154.0;62.0;10.13;0.000;0.17498;0.04096;0.00;0.000;1.501;0.947;0.000;0.557;100.055;76.58;85.11;15470.3;1092.70;5.79;3.20;1.14;77112.72;26637.96;24859.38;22200.6;3.47;1.20;1.12;21/06/2024 16:24:58;
22/06/2024;3;2.0TD;3;0.000077293301000000;0.173;0.962284783;121.628748;0.557;2.195;118.876748;76.30;8.72478;1.09617;0.75;0.25;42.90667;77.80580;101.96000;48.69000;52.19000;1791.7;275.0;154.0;62.0;12.24;0.000;0.17498;0.04096;0.00;0.000;1.520;0.947;0.000;0.557;101.344;75.64;85.00;14585.1;1112.60;7.90;3.20;1.14;79747.40;62205.00;24859.38;21122.9;3.78;2.94;1.18;21/06/2024 16:24:58;
22/06/2024;4;2.0TD;3;0.000071410267000000;0.173;0.962651741;120.295047;0.557;2.195;117.543047;76.40;8.72478;1.09617;0.75;0.25;42.90667;77.80580;101.96000;48.69000;52.19000;1791.7;275.0;154.0;62.0;11.02;0.000;0.17498;0.04096;0.00;0.000;1.503;0.947;0.000;0.557;100.207;76.10;80.32;14611.2;1126.70;6.68;3.20;1.14;96485.28;40538.40;0.00;20509.2;4.70;1.98;0.00;21/06/2024 16:24:58;
22/06/2024;5;2.0TD;3;0.000068144668000000;0.173;0.959697035;121.092687;0.557;2.195;118.340687;75.81;8.72478;1.09617;0.75;0.25;42.90667;77.80580;101.96000;48.69000;52.19000;1791.7;275.0;154.0;62.0;12.28;0.000;0.17498;0.04096;0.00;0.000;1.513;0.947;0.000;0.557;100.887;75.74;76.74;14200.4;1146.10;7.94;3.20;1.14;97508.04;61733.28;0.00;20063.9;4.86;3.08;0.00;21/06/2024 16:24:58;
22/06/2024;6;2.0TD;3;0.000067029776000000;0.173;0.963557240;121.092687;0.557;2.195;118.340687;75.69;8.72478;1.09617;0.75;0.25;42.90667;77.80580;101.96000;48.69000;52.19000;1791.7;275.0;154.0;62.0;12.40;0.000;0.17498;0.04096;0.00;0.000;1.513;0.947;0.000;0.557;100.887;75.62;76.62;14122.3;1067.30;8.06;3.20;1.14;97620.72;63481.00;0.00;19981.6;4.89;3.18;0.00;21/06/2024 16:24:58;
22/06/2024;7;2.0TD;3;0.000065391288000000;0.171;0.950638793;121.081785;0.557;2.195;118.329785;75.72;8.72478;1.09617;0.75;0.25;42.90667;77.80580;101.96000;48.69000;52.19000;1791.7;275.0;154.0;62.0;12.53;0.000;0.17498;0.04096;0.00;0.000;1.516;0.947;0.000;0.557;101.050;75.64;76.64;13889.8;1141.20;8.19;3.20;1.14;99337.44;65267.40;0.00;20105.0;4.94;3.25;0.00;21/06/2024 16:24:58;
22/06/2024;8;2.0TD;3;0.000066423632000000;0.162;0.901205194;119.853945;0.557;2.195;117.101945;63.54;8.72478;1.09617;0.75;0.25;42.90667;77.80580;101.96000;48.69000;52.19000;1791.7;275.0;154.0;62.0;24.44;0.000;0.17498;0.04096;0.00;0.000;1.512;0.947;0.000;0.557;100.776;63.45;64.95;16802.8;1127.80;20.10;3.20;1.14;112627.80;303117.44;0.00;20686.0;5.44;14.65;0.00;21/06/2024 16:24:58;
22/06/2024;9;2.0TD;3;0.000079478473000000;0.149;0.828000687;83.992276;0.557;2.195;81.240276;36.96;8.72478;1.09617;0.75;0.25;42.90667;77.80580;101.96000;48.69000;52.19000;1791.7;275.0;154.0;62.0;21.40;0.000;0.17498;0.04096;0.00;0.000;1.061;0.947;0.000;0.557;70.705;36.95;37.10;18579.3;1296.40;17.06;3.20;1.14;121507.48;257541.84;0.00;22215.2;5.47;11.59;0.00;21/06/2024 16:24:58;
22/06/2024;10;2.0TD;3;0.000097203294000000;0.145;0.806128685;77.525310;0.557;2.195;74.773310;33.01;8.72478;1.09617;0.75;0.25;42.90667;77.80580;101.96000;48.69000;52.19000;1791.7;275.0;154.0;62.0;20.03;0.000;0.17498;0.04096;0.00;0.000;0.980;0.947;0.000;0.557;65.304;34.65;20.15;20334.8;2601.90;15.69;3.20;1.14;187486.36;193963.20;0.00;24311.2;7.71;7.98;0.00;21/06/2024 16:24:58;
22/06/2024;11;2.0TD;3;0.000110694337000000;0.145;0.804188933;46.824425;0.557;2.195;44.072425;11.88;8.72478;1.09617;0.75;0.25;42.90667;77.80580;101.96000;48.69000;52.19000;1791.7;275.0;154.0;62.0;14.75;0.000;0.17498;0.04096;0.00;0.000;0.577;0.947;0.000;0.557;38.491;12.54;6.53;23673.3;2924.20;10.41;3.20;1.14;234803.04;24244.00;0.00;24890.0;9.43;0.97;0.00;21/06/2024 16:24:58;
22/06/2024;12;2.0TD;3;0.000116570036000000;0.144;0.800202923;39.527254;0.557;2.195;36.775254;2.75;8.72478;1.09617;0.75;0.25;42.90667;77.80580;101.96000;48.69000;52.19000;1791.7;275.0;154.0;62.0;17.63;0.000;0.17498;0.04096;0.00;0.000;0.482;0.947;0.000;0.557;32.146;3.59;-5.00;25112.0;2709.90;13.29;3.20;1.14;317002.24;14382.00;0.00;24930.6;12.72;0.58;0.00;21/06/2024 16:24:58;
22/06/2024;13;2.0TD;3;0.000121452158000000;0.145;0.807916013;36.305310;0.557;2.195;33.553310;-0.11;8.72478;1.09617;0.75;0.25;42.90667;77.80580;101.96000;48.69000;52.19000;1791.7;275.0;154.0;62.0;17.69;0.000;0.17498;0.04096;0.00;0.000;0.440;0.947;0.000;0.557;29.304;0.44;-5.00;25125.9;2806.20;13.35;3.20;1.14;319219.68;12810.00;0.00;24875.7;12.83;0.51;0.00;21/06/2024 16:24:58;
22/06/2024;14;2.0TD;3;0.000130730604000000;0.142;0.788991041;36.285917;0.557;2.195;33.533917;0.08;8.72478;1.09617;0.75;0.25;42.90667;77.80580;101.96000;48.69000;52.19000;1791.7;275.0;154.0;62.0;17.56;0.000;0.17498;0.04096;0.00;0.000;0.440;0.947;0.000;0.557;29.364;0.03;0.44;24563.2;3348.40;13.22;3.20;1.14;319657.36;12168.00;0.00;25103.2;12.73;0.48;0.00;21/06/2024 16:24:58;
22/06/2024;15;2.0TD;3;0.000131410230000000;0.142;0.789278245;36.483483;0.557;2.195;33.731483;0.00;8.72478;1.09617;0.75;0.25;42.90667;77.80580;101.96000;48.69000;52.19000;1791.7;275.0;154.0;62.0;17.81;0.000;0.17498;0.04096;0.00;0.000;0.443;0.947;0.000;0.557;29.537;0.00;0.00;24174.1;3514.60;13.47;3.20;1.14;319689.92;12136.00;0.00;24640.7;12.97;0.49;0.00;21/06/2024 16:24:58;
22/06/2024;16;2.0TD;3;0.000118653695000000;0.147;0.818296305;36.363918;0.557;2.195;33.611918;-0.76;8.72478;1.09617;0.75;0.25;42.90667;77.80580;101.96000;48.69000;52.19000;1791.7;275.0;154.0;62.0;18.34;0.000;0.17498;0.04096;0.00;0.000;0.440;0.947;0.000;0.557;29.304;0.00;-6.90;24217.3;3000.00;14.00;3.20;1.14;319689.88;12128.00;0.00;23699.5;13.49;0.51;0.00;21/06/2024 16:24:58;
22/06/2024;17;2.0TD;3;0.000109518543000000;0.153;0.852695308;36.925999;0.557;2.195;34.173999;-0.77;8.72478;1.09617;0.75;0.25;42.90667;77.80580;101.96000;48.69000;52.19000;1791.7;275.0;154.0;62.0;18.68;0.000;0.17498;0.04096;0.00;0.000;0.445;0.947;0.000;0.557;29.639;0.00;-6.90;23724.2;2959.70;14.34;3.20;1.14;319689.96;12112.00;0.00;23140.0;13.82;0.52;0.00;21/06/2024 16:24:58;
22/06/2024;18;2.0TD;3;0.000105907278000000;0.161;0.892281754;37.362804;0.557;2.195;34.610804;-0.55;8.72478;1.09617;0.75;0.25;42.90667;77.80580;101.96000;48.69000;52.19000;1791.7;275.0;154.0;62.0;18.63;0.000;0.17498;0.04096;0.00;0.000;0.447;0.947;0.000;0.557;29.811;0.00;-4.99;23599.7;2953.90;14.29;3.20;1.14;319688.21;12401.20;0.00;23244.4;13.75;0.53;0.00;21/06/2024 16:24:58;
22/06/2024;19;2.0TD;3;0.000104979937000000;0.165;0.918025799;41.467514;0.557;2.195;38.715514;-0.10;8.72478;1.09617;0.75;0.25;42.90667;77.80580;101.96000;48.69000;52.19000;1791.7;275.0;154.0;62.0;21.55;0.000;0.17498;0.04096;0.00;0.000;0.498;0.947;0.000;0.557;33.232;0.44;-4.56;24247.1;2934.60;17.21;3.20;1.14;249393.24;162411.20;0.00;23934.8;10.42;6.79;0.00;21/06/2024 16:24:58;
22/06/2024;20;2.0TD;3;0.000104665365000000;0.174;0.964129743;77.809578;0.557;2.195;75.057578;32.78;8.72478;1.09617;0.75;0.25;42.90667;77.80580;101.96000;48.69000;52.19000;1791.7;275.0;154.0;62.0;18.91;0.000;0.17498;0.04096;0.00;0.000;0.959;0.947;0.000;0.557;63.933;35.00;6.23;22034.9;1843.60;14.57;3.20;1.14;120772.56;240077.00;0.00;24772.3;4.88;9.69;0.00;21/06/2024 16:24:58;
22/06/2024;21;2.0TD;3;0.000107624604000000;0.181;1.005257609;94.658838;0.557;2.195;91.906838;50.56;8.72478;1.09617;0.75;0.25;42.90667;77.80580;101.96000;48.69000;52.19000;1791.7;275.0;154.0;62.0;14.81;0.000;0.17498;0.04096;0.00;0.000;1.167;0.947;0.000;0.557;77.821;50.00;59.90;21383.4;1291.40;10.47;3.20;1.14;52164.88;209868.12;0.00;25033.7;2.08;8.38;0.00;21/06/2024 16:24:58;
22/06/2024;22;2.0TD;3;0.000116323158000000;0.184;1.023879914;117.382382;0.557;2.195;114.630382;76.80;8.72478;1.09617;0.75;0.25;42.90667;77.80580;101.96000;48.69000;52.19000;1791.7;275.0;154.0;62.0;7.28;0.000;0.17498;0.04096;0.00;0.000;1.452;0.947;0.000;0.557;96.816;76.79;76.99;17885.8;1151.70;2.94;3.20;1.14;36923.20;12967.64;24859.38;25414.6;1.45;0.51;0.98;21/06/2024 16:24:58;
22/06/2024;23;2.0TD;3;0.000124916054000000;0.183;1.017770033;143.936190;0.557;2.195;141.184190;99.10;8.72478;1.09617;0.75;0.25;42.90667;77.80580;101.96000;48.69000;52.19000;1791.7;275.0;154.0;62.0;7.17;0.000;0.17498;0.04096;0.00;0.000;1.790;0.947;0.000;0.557;119.344;99.10;99.10;17585.9;1291.10;2.83;3.20;1.14;23917.16;21618.48;24859.38;24843.8;0.96;0.87;1.00;21/06/2024 16:24:58;
22/06/2024;24;2.0TD;3;0.000113997069000000;0.182;1.013272177;118.713529;0.557;2.195;115.961529;77.47;8.72478;1.09617;0.75;0.25;42.90667;77.80580;101.96000;48.69000;52.19000;1791.7;275.0;154.0;62.0;7.88;0.000;0.17498;0.04096;0.00;0.000;1.472;0.947;0.000;0.557;98.106;77.46;77.71;17974.6;1107.80;3.54;3.20;1.14;36608.84;20888.76;24859.38;23286.8;1.57;0.90;1.07;21/06/2024 16:24:58;
*
