pvpcdata;
2024;11;12;10;29;05;
05/10/2024;1;2.0TD;3;0.000090925945000000;0.187;1.037391642;138.281699;0.557;2.195;135.529699;93.01;8.17785;1.18918;0.75;0.25;60.39542;93.10680;101.96000;84.74000;75.42000;1749.1;275.0;200.0;45.0;8.01;0.000;0.17498;0.04096;0.00;0.000;1.713;0.947;0.000;0.557;114.178;93.10;92.10;16586.9;1626.30;3.77;3.19;1.05;41912.16;20748.00;24859.38;23218.4;1.81;0.89;1.07;04/10/2024 16:08:52;
05/10/2024;2;2.0TD;3;0.000078030273000000;0.193;1.072522655;132.608080;0.557;2.195;129.856080;85.91;8.17785;1.18918;0.75;0.25;60.39542;93.10680;101.96000;84.74000;75.42000;1749.1;275.0;200.0;45.0;9.86;0.000;0.17498;0.04096;0.00;0.000;1.633;0.947;0.000;0.557;108.848;85.98;84.98;15515.3;1099.00;5.62;3.19;1.05;77158.24;21469.76;24859.38;21951.0;3.52;0.98;1.13;04/10/2024 16:08:52;
05/10/2024;3;2.0TD;3;0.000069368276000000;0.199;1.103501954;133.285150;0.557;2.195;130.533150;85.28;8.17785;1.18918;0.75;0.25;60.39542;93.10680;101.96000;84.74000;75.42000;1749.1;275.0;200.0;45.0;10.51;0.000;0.17498;0.04096;0.00;0.000;1.633;0.947;0.000;0.557;108.868;85.50;82.50;14968.1;1175.40;6.27;3.19;1.05;76235.60;30962.40;24859.38;21040.2;3.62;1.47;1.18;04/10/2024 16:08:52;
05/10/2024;4;2.0TD;3;0.000064593825000000;0.203;1.127941310;134.074305;0.557;2.195;131.322305;85.32;8.17785;1.18918;0.75;0.25;60.39542;93.10680;101.96000;84.74000;75.42000;1749.1;275.0;200.0;45.0;10.76;0.000;0.17498;0.04096;0.00;0.000;1.637;0.947;0.000;0.557;109.162;85.50;82.50;14625.6;919.00;6.52;3.19;1.05;102765.72;31324.80;0.00;20562.4;5.00;1.52;0.00;04/10/2024 16:08:52;
05/10/2024;5;2.0TD;3;0.000062248162000000;0.205;1.137398285;131.333150;0.557;2.195;128.581150;82.26;8.17785;1.18918;0.75;0.25;60.39542;93.10680;101.96000;84.74000;75.42000;1749.1;275.0;200.0;45.0;11.40;0.000;0.17498;0.04096;0.00;0.000;1.601;0.947;0.000;0.557;106.706;82.47;79.47;14614.8;1111.00;7.16;3.19;1.05;107845.00;37584.96;0.00;20321.5;5.31;1.85;0.00;04/10/2024 16:08:52;
05/10/2024;6;2.0TD;3;0.000061926667000000;0.202;1.123604347;128.450367;0.557;2.195;125.698367;79.83;8.17785;1.18918;0.75;0.25;60.39542;93.10680;101.96000;84.74000;75.42000;1749.1;275.0;200.0;45.0;11.73;0.000;0.17498;0.04096;0.00;0.000;1.569;0.947;0.000;0.557;104.574;79.82;80.04;14560.8;806.00;7.49;3.19;1.05;112153.16;38329.20;0.00;20098.3;5.58;1.91;0.00;04/10/2024 16:08:52;
05/10/2024;7;2.0TD;3;0.000063936450000000;0.198;1.101222043;134.660603;0.557;2.195;131.908603;86.20;8.17785;1.18918;0.75;0.25;60.39542;93.10680;101.96000;84.74000;75.42000;1749.1;275.0;200.0;45.0;10.81;0.000;0.17498;0.04096;0.00;0.000;1.652;0.947;0.000;0.557;110.107;86.20;86.19;14167.4;967.20;6.57;3.19;1.05;103328.68;30503.20;0.00;20362.7;5.07;1.50;0.00;04/10/2024 16:08:52;
05/10/2024;8;2.0TD;3;0.000069996935000000;0.187;1.037631419;147.621015;0.557;2.195;144.869015;99.92;8.17785;1.18918;0.75;0.25;60.39542;93.10680;101.96000;84.74000;75.42000;1749.1;275.0;200.0;45.0;8.85;0.000;0.17498;0.04096;0.00;0.000;1.831;0.947;0.000;0.557;122.046;100.40;95.40;14079.0;1478.00;4.61;3.19;1.05;74303.92;24712.96;0.00;21459.5;3.46;1.15;0.00;04/10/2024 16:08:52;
05/10/2024;9;2.0TD;3;0.000077547499000000;0.176;0.977840325;156.676698;0.557;2.195;153.924698;109.13;8.17785;1.18918;0.75;0.25;60.39542;93.10680;101.96000;84.74000;75.42000;1749.1;275.0;200.0;45.0;8.35;0.000;0.17498;0.04096;0.00;0.000;1.963;0.947;0.000;0.557;130.888;109.38;106.56;13647.2;1336.60;4.11;3.19;1.05;65817.76;24712.96;0.00;22000.6;2.99;1.12;0.00;04/10/2024 16:08:52;
05/10/2024;10;2.0TD;3;0.000092412200000000;0.158;0.876850100;135.429095;0.557;2.195;132.677095;88.91;8.17785;1.18918;0.75;0.25;60.39542;93.10680;101.96000;84.74000;75.42000;1749.1;275.0;200.0;45.0;12.50;0.000;0.17498;0.04096;0.00;0.000;1.719;0.947;0.000;0.557;114.574;89.02;87.02;15894.9;943.00;8.26;3.19;1.05;66745.24;126097.76;0.00;23354.7;2.86;5.40;0.00;04/10/2024 16:08:52;
05/10/2024;11;2.0TD;3;0.000101959320000000;0.144;0.798981993;96.356766;0.557;2.195;93.604766;56.91;8.17785;1.18918;0.75;0.25;60.39542;93.10680;101.96000;84.74000;75.42000;1749.1;275.0;200.0;45.0;12.24;0.000;0.17498;0.04096;0.00;0.000;1.227;0.947;0.000;0.557;81.822;57.00;55.01;20465.1;966.00;8.00;3.19;1.05;94630.80;105316.00;0.00;25003.4;3.78;4.21;0.00;04/10/2024 16:08:52;
05/10/2024;12;2.0TD;3;0.000102986188000000;0.140;0.775309425;76.852397;0.557;2.195;74.100397;40.04;8.17785;1.18918;0.75;0.25;60.39542;93.10680;101.96000;84.74000;75.42000;1749.1;275.0;200.0;45.0;12.54;0.000;0.17498;0.04096;0.00;0.000;0.975;0.947;0.000;0.557;65.000;39.99;41.09;24592.8;1162.10;8.30;3.19;1.05;135671.88;68515.20;0.00;24613.6;5.51;2.78;0.00;04/10/2024 16:08:52;
05/10/2024;13;2.0TD;3;0.000103917229000000;0.138;0.767619387;32.045654;0.557;2.195;29.293654;1.88;8.17785;1.18918;0.75;0.25;60.39542;93.10680;101.96000;84.74000;75.42000;1749.1;275.0;200.0;45.0;12.03;0.000;0.17498;0.04096;0.00;0.000;0.386;0.947;0.000;0.557;25.741;2.00;0.00;25282.5;1681.60;7.79;3.19;1.05;179548.00;14018.40;0.00;24850.4;7.23;0.56;0.00;04/10/2024 16:08:52;
05/10/2024;14;2.0TD;3;0.000110728330000000;0.135;0.749864901;29.767665;0.557;2.195;27.015665;0.01;8.17785;1.18918;0.75;0.25;60.39542;93.10680;101.96000;84.74000;75.42000;1749.1;275.0;200.0;45.0;11.99;0.000;0.17498;0.04096;0.00;0.000;0.357;0.947;0.000;0.557;23.802;0.01;0.00;25324.0;1544.00;7.75;3.19;1.05;180682.36;10903.20;0.00;24727.7;7.31;0.44;0.00;04/10/2024 16:08:52;
05/10/2024;15;2.0TD;3;0.000110513883000000;0.136;0.755410717;29.930060;0.557;2.195;27.178060;-0.01;8.17785;1.18918;0.75;0.25;60.39542;93.10680;101.96000;84.74000;75.42000;1749.1;275.0;200.0;45.0;12.13;0.000;0.17498;0.04096;0.00;0.000;0.359;0.947;0.000;0.557;23.924;0.00;-0.20;24746.8;1319.50;7.89;3.19;1.05;180805.68;10869.80;0.00;24290.6;7.44;0.45;0.00;04/10/2024 16:08:52;
05/10/2024;16;2.0TD;3;0.000098241148000000;0.146;0.810755156;30.506227;0.557;2.195;27.754227;-0.04;8.17785;1.18918;0.75;0.25;60.39542;93.10680;101.96000;84.74000;75.42000;1749.1;275.0;200.0;45.0;12.45;0.000;0.17498;0.04096;0.00;0.000;0.363;0.947;0.000;0.557;24.218;0.00;-1.00;23598.3;1186.20;8.21;3.19;1.05;180902.88;10124.40;0.00;23281.0;7.77;0.43;0.00;04/10/2024 16:08:52;
05/10/2024;17;2.0TD;3;0.000091696750000000;0.155;0.858493427;30.924007;0.557;2.195;28.172007;-0.05;8.17785;1.18918;0.75;0.25;60.39542;93.10680;101.96000;84.74000;75.42000;1749.1;275.0;200.0;45.0;12.63;0.000;0.17498;0.04096;0.00;0.000;0.366;0.947;0.000;0.557;24.391;0.00;-1.00;23155.2;1282.50;8.39;3.19;1.05;180853.40;10931.20;0.00;22872.0;7.91;0.48;0.00;04/10/2024 16:08:52;
05/10/2024;18;2.0TD;3;0.000091796269000000;0.161;0.893465425;32.790957;0.557;2.195;30.038957;0.41;8.17785;1.18918;0.75;0.25;60.39542;93.10680;101.96000;84.74000;75.42000;1749.1;275.0;200.0;45.0;13.63;0.000;0.17498;0.04096;0.00;0.000;0.388;0.947;0.000;0.557;25.873;0.44;0.00;23516.6;1623.60;9.39;3.19;1.05;180480.44;39321.00;0.00;23417.3;7.71;1.68;0.00;04/10/2024 16:08:52;
05/10/2024;19;2.0TD;3;0.000095225772000000;0.171;0.951859205;87.081973;0.557;2.195;84.329973;45.00;8.17785;1.18918;0.75;0.25;60.39542;93.10680;101.96000;84.74000;75.42000;1749.1;275.0;200.0;45.0;14.49;0.000;0.17498;0.04096;0.00;0.000;1.080;0.947;0.000;0.557;72.015;45.00;45.00;21546.5;1079.50;10.25;3.19;1.05;130312.04;115526.00;0.00;23978.5;5.43;4.82;0.00;04/10/2024 16:08:52;
05/10/2024;20;2.0TD;3;0.000103713796000000;0.177;0.984965100;132.766184;0.557;2.195;130.014184;85.13;8.17785;1.18918;0.75;0.25;60.39542;93.10680;101.96000;84.74000;75.42000;1749.1;275.0;200.0;45.0;12.23;0.000;0.17498;0.04096;0.00;0.000;1.657;0.947;0.000;0.557;110.462;85.23;83.23;16940.3;932.70;7.99;3.19;1.05;66056.16;126201.92;0.00;24048.9;2.75;5.25;0.00;04/10/2024 16:08:52;
05/10/2024;21;2.0TD;3;0.000123727088000000;0.178;0.986234713;140.805764;0.557;2.195;138.053764;95.12;8.17785;1.18918;0.75;0.25;60.39542;93.10680;101.96000;84.74000;75.42000;1749.1;275.0;200.0;45.0;8.87;0.000;0.17498;0.04096;0.00;0.000;1.758;0.947;0.000;0.557;117.193;95.18;94.18;17441.4;1076.30;4.63;3.19;1.05;48928.40;69391.20;0.00;25556.5;1.91;2.72;0.00;04/10/2024 16:08:52;
05/10/2024;22;2.0TD;3;0.000129357787000000;0.179;0.991755717;128.617735;0.557;2.195;125.865735;82.44;8.17785;1.18918;0.75;0.25;60.39542;93.10680;101.96000;84.74000;75.42000;1749.1;275.0;200.0;45.0;11.27;0.000;0.17498;0.04096;0.00;0.000;1.601;0.947;0.000;0.557;106.756;82.47;82.00;18149.8;1033.70;7.03;3.19;1.05;71955.36;84545.60;24859.38;25775.7;2.79;3.28;0.96;04/10/2024 16:08:52;
05/10/2024;23;2.0TD;3;0.000117513295000000;0.184;1.023034147;126.218748;0.557;2.195;123.466748;77.96;8.17785;1.18918;0.75;0.25;60.39542;93.10680;101.96000;84.74000;75.42000;1749.1;275.0;200.0;45.0;13.31;0.000;0.17498;0.04096;0.00;0.000;1.564;0.947;0.000;0.557;104.279;77.80;80.80;17380.4;957.50;9.07;3.19;1.05;76200.52;117851.20;24859.38;24143.3;3.16;4.88;1.03;04/10/2024 16:08:52;
05/10/2024;24;2.0TD;3;0.000103333691000000;0.190;1.054398978;115.621534;0.557;2.195;112.869534;67.05;8.17785;1.18918;0.75;0.25;60.39542;93.10680;101.96000;84.74000;75.42000;1749.1;275.0;200.0;45.0;14.93;0.000;0.17498;0.04096;0.00;0.000;1.423;0.947;0.000;0.557;94.848;67.00;67.99;15898.6;887.20;10.69;3.19;1.05;86092.56;130153.80;24859.38;22550.5;3.82;5.77;1.10;04/10/2024 16:08:52;
*
