pvpcdata;
2024;06;11;12;30;57;
07/05/2024;1;2.0TD;3;0.000084737839000000;0.183;1.015978754;128.050683;0.557;2.195;125.298683;81.45;8.34439;1.10094;0.75;0.25;42.04125;75.41880;101.96000;48.69000;28.32000;1780.3;275.0;154.0;61.0;11.97;0.000;0.17498;0.04096;0.00;0.000;1.589;0.947;0.000;0.557;105.916;81.73;77.61;17306.7;1284.10;7.56;3.16;1.25;125925.88;23232.00;24859.38;23021.3;5.47;1.01;1.08;06/05/2024 16:10:00;
07/05/2024;2;2.0TD;3;0.000070920938000000;0.188;1.046476345;124.937855;0.557;2.195;122.185855;77.38;8.34439;1.10094;0.75;0.25;42.04125;75.41880;101.96000;48.69000;28.32000;1780.3;275.0;154.0;61.0;13.02;0.000;0.17498;0.04096;0.00;0.000;1.543;0.947;0.000;0.557;102.850;77.64;73.74;16937.3;1189.30;8.61;3.16;1.25;134207.76;28032.00;24859.38;21723.2;6.18;1.29;1.14;06/05/2024 16:10:00;
07/05/2024;3;2.0TD;3;0.000063446247000000;0.191;1.062287909;122.960877;0.557;2.195;120.208877;74.53;8.34439;1.10094;0.75;0.25;42.04125;75.41880;101.96000;48.69000;28.32000;1780.3;275.0;154.0;61.0;13.98;0.000;0.17498;0.04096;0.00;0.000;1.514;0.947;0.000;0.557;100.931;74.77;71.00;16556.5;1143.00;9.57;3.16;1.25;147454.48;27840.00;24859.38;20906.5;7.05;1.33;1.19;06/05/2024 16:10:00;
07/05/2024;4;2.0TD;3;0.000059919641000000;0.191;1.062780569;116.274603;0.557;2.195;113.522603;67.93;8.34439;1.10094;0.75;0.25;42.04125;75.41880;101.96000;48.69000;28.32000;1780.3;275.0;154.0;61.0;15.05;0.000;0.17498;0.04096;0.00;0.000;1.430;0.947;0.000;0.557;95.317;68.24;64.24;15199.6;1268.00;10.64;3.16;1.25;184011.64;34880.00;0.00;20569.5;8.95;1.70;0.00;06/05/2024 16:10:00;
07/05/2024;5;2.0TD;3;0.000058681424000000;0.191;1.059859331;114.895425;0.557;2.195;112.143425;66.53;8.34439;1.10094;0.75;0.25;42.04125;75.41880;101.96000;48.69000;28.32000;1780.3;275.0;154.0;61.0;15.31;0.000;0.17498;0.04096;0.00;0.000;1.412;0.947;0.000;0.557;94.159;66.82;62.81;15238.9;1187.10;10.90;3.16;1.25;187030.04;36434.40;0.00;20497.1;9.12;1.78;0.00;06/05/2024 16:10:00;
07/05/2024;6;2.0TD;3;0.000060098743000000;0.187;1.038804839;116.435793;0.557;2.195;113.683793;68.88;8.34439;1.10094;0.75;0.25;42.04125;75.41880;101.96000;48.69000;28.32000;1780.3;275.0;154.0;61.0;14.55;0.000;0.17498;0.04096;0.00;0.000;1.437;0.947;0.000;0.557;95.774;69.09;66.00;15355.3;1140.30;10.14;3.16;1.25;183000.56;30243.60;0.00;21036.6;8.70;1.44;0.00;06/05/2024 16:10:00;
07/05/2024;7;2.0TD;3;0.000066133561000000;0.173;0.962156899;121.786922;0.557;2.195;119.034922;75.59;8.34439;1.10094;0.75;0.25;42.04125;75.41880;101.96000;48.69000;28.32000;1780.3;275.0;154.0;61.0;13.46;0.000;0.17498;0.04096;0.00;0.000;1.522;0.947;0.000;0.557;101.479;75.98;70.98;16207.6;1379.20;9.05;3.16;1.25;165414.52;23919.84;24859.38;23677.1;6.99;1.01;1.05;06/05/2024 16:10:00;
07/05/2024;8;2.0TD;3;0.000079075719000000;0.161;0.895725863;143.530270;0.557;2.195;140.778270;99.49;8.34439;1.10094;0.75;0.25;42.04125;75.41880;101.96000;48.69000;28.32000;1780.3;275.0;154.0;61.0;9.04;0.000;0.17498;0.04096;0.00;0.000;1.819;0.947;0.000;0.557;121.256;99.87;94.87;17922.9;1469.90;4.63;3.16;1.25;53091.72;43364.88;24859.38;26234.5;2.02;1.65;0.95;06/05/2024 16:10:00;
07/05/2024;9;2.0TD;2;0.000091520058000000;0.176;1.077785782;144.131863;19.184;8.779;116.168863;75.34;8.34439;1.10094;0.75;0.25;42.04125;75.41880;101.96000;48.69000;28.32000;1780.3;275.0;154.0;61.0;10.90;0.154;0.17498;0.04096;0.00;0.000;1.482;0.947;0.000;0.557;98.783;75.62;70.64;20991.2;1227.30;6.49;3.16;1.25;74760.72;79404.40;24859.38;27567.6;2.71;2.88;0.90;06/05/2024 16:10:00;
07/05/2024;10;2.0TD;2;0.000096640101000000;0.146;0.896825375;97.573385;19.184;8.779;69.610385;35.00;8.34439;1.10094;0.75;0.25;42.04125;75.41880;101.96000;48.69000;28.32000;1780.3;275.0;154.0;61.0;13.77;0.154;0.17498;0.04096;0.00;0.000;0.911;0.947;0.000;0.557;60.742;35.00;34.99;25004.1;1596.90;9.36;3.16;1.25;184926.76;51580.80;24859.38;27924.6;6.62;1.85;0.89;06/05/2024 16:10:00;
07/05/2024;11;2.0TD;1;0.000101225068000000;0.146;0.875738501;121.875479;33.081;43.893;44.901479;10.00;8.34439;1.10094;0.75;0.25;42.04125;75.41880;101.96000;48.69000;28.32000;1780.3;275.0;154.0;61.0;16.76;0.926;0.17498;0.04096;0.00;0.000;0.588;0.947;0.000;0.557;39.181;10.00;10.00;27664.9;1975.20;12.35;3.16;1.25;297072.08;22963.20;24859.38;27924.4;10.64;0.82;0.89;06/05/2024 16:10:00;
07/05/2024;12;2.0TD;1;0.000103004435000000;0.146;0.872024239;115.825745;33.081;43.893;38.851745;3.37;8.34439;1.10094;0.75;0.25;42.04125;75.41880;101.96000;48.69000;28.32000;1780.3;275.0;154.0;61.0;18.19;0.926;0.17498;0.04096;0.00;0.000;0.509;0.947;0.000;0.557;33.902;3.60;0.33;28724.7;2139.30;13.78;3.16;1.25;346588.04;13372.80;24859.38;27931.5;12.41;0.48;0.89;06/05/2024 16:10:00;
07/05/2024;13;2.0TD;1;0.000106981134000000;0.146;0.874293176;112.509221;33.081;43.893;35.535221;0.00;8.34439;1.10094;0.75;0.25;42.04125;75.41880;101.96000;48.69000;28.32000;1780.3;275.0;154.0;61.0;18.71;0.926;0.17498;0.04096;0.00;0.000;0.465;0.947;0.000;0.557;31.008;0.00;0.00;28651.7;1996.70;14.30;3.16;1.25;362524.76;9546.00;24859.38;27765.1;13.06;0.34;0.90;06/05/2024 16:10:00;
07/05/2024;14;2.0TD;1;0.000114023195000000;0.141;0.842542782;111.925165;33.081;43.893;34.951165;0.00;8.34439;1.10094;0.75;0.25;42.04125;75.41880;101.96000;48.69000;28.32000;1780.3;275.0;154.0;61.0;18.34;0.926;0.17498;0.04096;0.00;0.000;0.459;0.947;0.000;0.557;30.632;0.00;0.00;28593.8;1962.20;13.93;3.16;1.25;352848.48;9540.00;24859.38;27788.3;12.70;0.34;0.89;06/05/2024 16:10:00;
07/05/2024;15;2.0TD;2;0.000113357969000000;0.163;0.998386148;63.857886;19.184;8.779;35.894886;0.00;8.34439;1.10094;0.75;0.25;42.04125;75.41880;101.96000;48.69000;28.32000;1780.3;275.0;154.0;61.0;19.34;0.154;0.17498;0.04096;0.00;0.000;0.463;0.947;0.000;0.557;30.864;0.00;0.00;27930.3;1880.60;14.93;3.16;1.25;373558.68;9534.00;24859.38;27316.6;13.68;0.35;0.91;06/05/2024 16:10:00;
07/05/2024;16;2.0TD;2;0.000103502287000000;0.169;1.033949739;65.123227;19.184;8.779;37.160227;0.00;8.34439;1.10094;0.75;0.25;42.04125;75.41880;101.96000;48.69000;28.32000;1780.3;275.0;154.0;61.0;20.25;0.154;0.17498;0.04096;0.00;0.000;0.477;0.947;0.000;0.557;31.788;0.00;0.00;27826.3;1870.70;15.84;3.16;1.25;383267.08;9564.00;24859.38;26369.7;14.53;0.36;0.94;06/05/2024 16:10:00;
07/05/2024;17;2.0TD;2;0.000097157608000000;0.174;1.069158340;65.150679;19.184;8.779;37.187679;0.00;8.34439;1.10094;0.75;0.25;42.04125;75.41880;101.96000;48.69000;28.32000;1780.3;275.0;154.0;61.0;20.14;0.154;0.17498;0.04096;0.00;0.000;0.475;0.947;0.000;0.557;31.676;0.00;0.00;27231.5;1832.70;15.73;3.16;1.25;373588.04;9576.00;24859.38;25946.5;14.40;0.37;0.96;06/05/2024 16:10:00;
07/05/2024;18;2.0TD;2;0.000097181471000000;0.177;1.087125528;64.517144;19.184;8.779;36.554144;0.00;8.34439;1.10094;0.75;0.25;42.04125;75.41880;101.96000;48.69000;28.32000;1780.3;275.0;154.0;61.0;19.53;0.154;0.17498;0.04096;0.00;0.000;0.466;0.947;0.000;0.557;31.057;0.00;0.00;27405.6;1869.70;15.12;3.16;1.25;361926.68;9558.00;24859.38;26214.8;13.81;0.36;0.95;06/05/2024 16:10:00;
07/05/2024;19;2.0TD;1;0.000098964242000000;0.154;0.922751955;114.010530;33.081;43.893;37.036530;0.00;8.34439;1.10094;0.75;0.25;42.04125;75.41880;101.96000;48.69000;28.32000;1780.3;275.0;154.0;61.0;19.78;0.926;0.17498;0.04096;0.00;0.000;0.481;0.947;0.000;0.557;32.094;0.00;0.00;27746.1;1683.50;15.37;3.16;1.25;371554.56;10734.00;24859.38;26497.0;14.02;0.41;0.94;06/05/2024 16:10:00;
07/05/2024;20;2.0TD;1;0.000104241988000000;0.158;0.947423796;151.500618;33.081;43.893;74.526618;34.84;8.34439;1.10094;0.75;0.25;42.04125;75.41880;101.96000;48.69000;28.32000;1780.3;275.0;154.0;61.0;16.72;0.926;0.17498;0.04096;0.00;0.000;0.965;0.947;0.000;0.557;64.358;35.00;32.01;26260.8;1490.90;12.31;3.16;1.25;253438.72;51638.40;24859.38;26807.2;9.45;1.93;0.93;06/05/2024 16:10:00;
07/05/2024;21;2.0TD;1;0.000117008597000000;0.156;0.935271981;172.204178;33.081;43.893;95.230178;56.13;8.34439;1.10094;0.75;0.25;42.04125;75.41880;101.96000;48.69000;28.32000;1780.3;275.0;154.0;61.0;13.18;0.926;0.17498;0.04096;0.00;0.000;1.236;0.947;0.000;0.557;82.379;56.18;55.18;23134.3;1125.80;8.77;3.16;1.25;148695.92;70800.00;24859.38;27841.8;5.34;2.54;0.89;06/05/2024 16:10:00;
07/05/2024;22;2.0TD;1;0.000134964516000000;0.160;0.955721660;184.168494;33.081;43.893;107.194494;67.29;8.34439;1.10094;0.75;0.25;42.04125;75.41880;101.96000;48.69000;28.32000;1780.3;275.0;154.0;61.0;11.90;0.926;0.17498;0.04096;0.00;0.000;1.386;0.947;0.000;0.557;92.409;67.44;64.19;21499.6;1029.30;7.49;3.16;1.25;127694.48;63920.00;24859.38;28900.9;4.42;2.21;0.86;06/05/2024 16:10:00;
07/05/2024;23;2.0TD;2;0.000127082048000000;0.187;1.149570670;130.769125;19.184;8.779;102.806125;61.85;8.34439;1.10094;0.75;0.25;42.04125;75.41880;101.96000;48.69000;28.32000;1780.3;275.0;154.0;61.0;12.40;0.154;0.17498;0.04096;0.00;0.000;1.299;0.947;0.000;0.557;86.610;62.00;59.01;18313.9;970.70;7.99;3.16;1.25;128327.68;60238.84;24859.38;26725.6;4.80;2.25;0.93;06/05/2024 16:10:00;
07/05/2024;24;2.0TD;2;0.000104775068000000;0.192;1.178038822;116.414224;19.184;8.779;88.451224;49.95;8.34439;1.10094;0.75;0.25;42.04125;75.41880;101.96000;48.69000;28.32000;1780.3;275.0;154.0;61.0;12.08;0.154;0.17498;0.04096;0.00;0.000;1.113;0.947;0.000;0.557;74.204;50.01;48.76;20672.7;1106.40;7.67;3.16;1.25;104720.32;53312.16;24859.38;23833.1;4.39;2.24;1.04;06/05/2024 16:10:00;
*
