pvpcdata;
2024;06;11;12;31;04;
14/05/2024;1;2.0TD;3;0.000084395587000000;0.183;1.015978754;60.172653;0.557;2.195;57.420653;11.02;16.81949;1.12547;0.75;0.25;8.14083;75.41880;101.96000;48.69000;28.32000;1741.5;275.0;154.0;61.0;16.14;0.000;0.17498;0.04096;0.00;0.000;0.728;0.947;0.000;0.557;48.538;11.10;10.30;17257.5;2021.10;11.73;3.16;1.25;205339.04;44984.16;24859.38;23459.5;8.75;1.92;1.06;13/05/2024 16:11:55;
14/05/2024;2;2.0TD;3;0.000070830028000000;0.188;1.046476345;54.191412;0.557;2.195;51.439412;5.00;16.81949;1.12547;0.75;0.25;8.14083;75.41880;101.96000;48.69000;28.32000;1741.5;275.0;154.0;61.0;17.00;0.000;0.17498;0.04096;0.00;0.000;0.649;0.947;0.000;0.557;43.299;5.00;5.00;17404.4;2003.70;12.59;3.16;1.25;216385.00;39979.24;24859.38;22330.4;9.69;1.79;1.11;13/05/2024 16:11:55;
14/05/2024;3;2.0TD;3;0.000063326449000000;0.191;1.062287909;54.745305;0.557;2.195;51.993305;4.19;16.81949;1.12547;0.75;0.25;8.14083;75.41880;101.96000;48.69000;28.32000;1741.5;275.0;154.0;61.0;18.16;0.000;0.17498;0.04096;0.00;0.000;0.655;0.947;0.000;0.557;43.655;4.16;4.45;16832.3;1825.10;13.75;3.16;1.25;227551.36;43175.04;24859.38;21503.7;10.58;2.01;1.16;13/05/2024 16:11:55;
14/05/2024;4;2.0TD;3;0.000059796831000000;0.191;1.062780569;53.765112;0.557;2.195;51.013112;2.07;16.81949;1.12547;0.75;0.25;8.14083;75.41880;101.96000;48.69000;28.32000;1741.5;275.0;154.0;61.0;19.47;0.000;0.17498;0.04096;0.00;0.000;0.642;0.947;0.000;0.557;42.832;2.00;2.75;16488.4;1788.40;15.06;3.16;1.25;263277.12;54603.12;0.00;21107.8;12.47;2.59;0.00;13/05/2024 16:11:55;
14/05/2024;5;2.0TD;3;0.000058547045000000;0.191;1.059859331;51.383112;0.557;2.195;48.631112;0.01;16.81949;1.12547;0.75;0.25;8.14083;75.41880;101.96000;48.69000;28.32000;1741.5;275.0;154.0;61.0;19.56;0.000;0.17498;0.04096;0.00;0.000;0.612;0.947;0.000;0.557;40.832;0.01;0.01;16636.4;1798.60;15.15;3.16;1.25;268242.24;52312.08;0.00;21164.4;12.67;2.47;0.00;13/05/2024 16:11:55;
14/05/2024;6;2.0TD;3;0.000059915198000000;0.187;1.038804839;51.425135;0.557;2.195;48.673135;0.49;16.81949;1.12547;0.75;0.25;8.14083;75.41880;101.96000;48.69000;28.32000;1741.5;275.0;154.0;61.0;19.25;0.000;0.17498;0.04096;0.00;0.000;0.615;0.947;0.000;0.557;41.005;0.49;0.49;16881.0;1706.30;14.84;3.16;1.25;267333.32;52410.72;0.00;21549.3;12.41;2.43;0.00;13/05/2024 16:11:55;
14/05/2024;7;2.0TD;3;0.000065760299000000;0.173;0.962156899;52.899120;0.557;2.195;50.147120;3.25;16.81949;1.12547;0.75;0.25;8.14083;75.41880;101.96000;48.69000;28.32000;1741.5;275.0;154.0;61.0;18.21;0.000;0.17498;0.04096;0.00;0.000;0.641;0.947;0.000;0.557;42.751;3.25;3.25;17566.3;1797.20;13.80;3.16;1.25;262316.24;41901.44;24859.38;23847.5;11.00;1.76;1.04;13/05/2024 16:11:55;
14/05/2024;8;2.0TD;3;0.000078162719000000;0.161;0.895725863;67.980658;0.557;2.195;65.228658;21.72;16.81949;1.12547;0.75;0.25;8.14083;75.41880;101.96000;48.69000;28.32000;1741.5;275.0;154.0;61.0;12.97;0.000;0.17498;0.04096;0.00;0.000;0.843;0.947;0.000;0.557;56.183;22.00;19.00;18324.8;1889.00;8.56;3.16;1.25;173328.80;28418.32;24859.38;26470.1;6.55;1.07;0.94;13/05/2024 16:11:55;
14/05/2024;9;2.0TD;2;0.000090445714000000;0.176;1.077785782;89.395086;19.184;8.779;61.432086;16.23;16.81949;1.12547;0.75;0.25;8.14083;75.41880;101.96000;48.69000;28.32000;1741.5;275.0;154.0;61.0;14.42;0.154;0.17498;0.04096;0.00;0.000;0.784;0.947;0.000;0.557;52.238;16.50;12.80;21104.4;1670.10;10.01;3.16;1.25;221639.80;32777.28;24859.38;27907.1;7.94;1.17;0.89;13/05/2024 16:11:55;
14/05/2024;10;2.0TD;2;0.000095564535000000;0.146;0.896825375;79.893037;19.184;8.779;51.930037;7.57;16.81949;1.12547;0.75;0.25;8.14083;75.41880;101.96000;48.69000;28.32000;1741.5;275.0;154.0;61.0;16.26;0.154;0.17498;0.04096;0.00;0.000;0.680;0.947;0.000;0.557;45.314;7.67;6.12;25122.0;1740.70;11.85;3.16;1.25;253150.16;52226.56;24859.38;27870.6;9.08;1.87;0.89;13/05/2024 16:11:55;
14/05/2024;11;2.0TD;1;0.000100013372000000;0.146;0.875738501;120.715867;33.081;43.893;43.741867;0.00;16.81949;1.12547;0.75;0.25;8.14083;75.41880;101.96000;48.69000;28.32000;1741.5;275.0;154.0;61.0;16.02;0.926;0.17498;0.04096;0.00;0.000;0.573;0.947;0.000;0.557;38.169;0.00;-0.01;28026.6;1806.50;11.61;3.16;1.25;280748.76;10872.00;24859.38;27254.0;10.30;0.40;0.91;13/05/2024 16:11:55;
14/05/2024;12;2.0TD;1;0.000101847652000000;0.146;0.872024239;120.959965;33.081;43.893;43.985965;-0.09;16.81949;1.12547;0.75;0.25;8.14083;75.41880;101.96000;48.69000;28.32000;1741.5;275.0;154.0;61.0;16.32;0.926;0.17498;0.04096;0.00;0.000;0.576;0.947;0.000;0.557;38.382;0.00;-1.50;27588.6;1699.70;11.91;3.16;1.25;289227.08;6127.20;24859.38;26879.5;10.76;0.23;0.92;13/05/2024 16:11:55;
14/05/2024;13;2.0TD;1;0.000105964490000000;0.146;0.874293176;120.924439;33.081;43.893;43.950439;-0.08;16.81949;1.12547;0.75;0.25;8.14083;75.41880;101.96000;48.69000;28.32000;1741.5;275.0;154.0;61.0;16.28;0.926;0.17498;0.04096;0.00;0.000;0.575;0.947;0.000;0.557;38.351;0.00;-1.50;27743.1;1651.00;11.87;3.16;1.25;288666.28;5902.48;24859.38;26901.3;10.73;0.22;0.92;13/05/2024 16:11:55;
14/05/2024;14;2.0TD;1;0.000113019098000000;0.141;0.842542782;120.374409;33.081;43.893;43.400409;-0.08;16.81949;1.12547;0.75;0.25;8.14083;75.41880;101.96000;48.69000;28.32000;1741.5;275.0;154.0;61.0;15.97;0.926;0.17498;0.04096;0.00;0.000;0.571;0.947;0.000;0.557;38.037;0.00;-1.50;27465.7;1715.70;11.56;3.16;1.25;280124.48;6019.20;24859.38;26902.4;10.41;0.22;0.92;13/05/2024 16:11:55;
14/05/2024;15;2.0TD;2;0.000112256213000000;0.163;0.998386148;72.221161;19.184;8.779;44.258161;-0.11;16.81949;1.12547;0.75;0.25;8.14083;75.41880;101.96000;48.69000;28.32000;1741.5;275.0;154.0;61.0;16.79;0.154;0.17498;0.04096;0.00;0.000;0.571;0.947;0.000;0.557;38.055;-0.01;-1.50;26608.8;1921.00;12.38;3.16;1.25;289987.92;12888.00;24859.38;26483.8;10.95;0.49;0.94;13/05/2024 16:11:55;
14/05/2024;16;2.0TD;2;0.000102558610000000;0.169;1.033949739;72.389873;19.184;8.779;44.426873;-0.14;16.81949;1.12547;0.75;0.25;8.14083;75.41880;101.96000;48.69000;28.32000;1741.5;275.0;154.0;61.0;16.77;0.154;0.17498;0.04096;0.00;0.000;0.570;0.947;0.000;0.557;38.004;-0.06;-1.50;25716.5;1675.80;12.36;3.16;1.25;281834.88;10086.40;24859.38;25632.1;11.00;0.39;0.97;13/05/2024 16:11:55;
14/05/2024;17;2.0TD;2;0.000096391948000000;0.174;1.069158340;72.436666;19.184;8.779;44.473666;-0.08;16.81949;1.12547;0.75;0.25;8.14083;75.41880;101.96000;48.69000;28.32000;1741.5;275.0;154.0;61.0;16.59;0.154;0.17498;0.04096;0.00;0.000;0.568;0.947;0.000;0.557;37.882;-0.01;-1.00;25253.6;1980.60;12.18;3.16;1.25;272072.24;12864.00;24859.38;25430.1;10.70;0.51;0.98;13/05/2024 16:11:55;
14/05/2024;18;2.0TD;2;0.000096495736000000;0.177;1.087125528;72.239584;19.184;8.779;44.276584;-0.06;16.81949;1.12547;0.75;0.25;8.14083;75.41880;101.96000;48.69000;28.32000;1741.5;275.0;154.0;61.0;16.31;0.154;0.17498;0.04096;0.00;0.000;0.564;0.947;0.000;0.557;37.618;0.00;-1.00;26222.8;1870.90;11.90;3.16;1.25;270419.28;9521.28;24859.38;25615.3;10.56;0.37;0.97;13/05/2024 16:11:55;
14/05/2024;19;2.0TD;1;0.000098344731000000;0.154;0.922751955;121.594758;33.081;43.893;44.620758;0.00;16.81949;1.12547;0.75;0.25;8.14083;75.41880;101.96000;48.69000;28.32000;1741.5;275.0;154.0;61.0;16.51;0.926;0.17498;0.04096;0.00;0.000;0.580;0.947;0.000;0.557;38.666;0.00;0.00;26688.6;1945.30;12.10;3.16;1.25;270945.64;21528.00;24859.38;26221.6;10.33;0.82;0.95;13/05/2024 16:11:55;
14/05/2024;20;2.0TD;1;0.000103385731000000;0.158;0.947423796;126.064131;33.081;43.893;49.090131;3.25;16.81949;1.12547;0.75;0.25;8.14083;75.41880;101.96000;48.69000;28.32000;1741.5;275.0;154.0;61.0;16.93;0.926;0.17498;0.04096;0.00;0.000;0.636;0.947;0.000;0.557;42.392;3.25;3.25;26810.5;1923.70;12.52;3.16;1.25;254827.32;55994.64;24859.38;26818.0;9.50;2.09;0.93;13/05/2024 16:11:55;
14/05/2024;21;2.0TD;1;0.000115417555000000;0.156;0.935271981;144.052251;33.081;43.893;67.078251;21.68;16.81949;1.12547;0.75;0.25;8.14083;75.41880;101.96000;48.69000;28.32000;1741.5;275.0;154.0;61.0;13.90;0.926;0.17498;0.04096;0.00;0.000;0.870;0.947;0.000;0.557;58.026;21.96;17.96;20468.6;1547.40;9.49;3.16;1.25;210673.88;28381.36;24859.38;27797.1;7.58;1.02;0.89;13/05/2024 16:11:55;
14/05/2024;22;2.0TD;1;0.000132837295000000;0.160;0.955721660;154.601395;33.081;43.893;77.627395;34.08;16.81949;1.12547;0.75;0.25;8.14083;75.41880;101.96000;48.69000;28.32000;1741.5;275.0;154.0;61.0;10.26;0.926;0.17498;0.04096;0.00;0.000;1.004;0.947;0.000;0.557;66.920;35.00;25.10;20897.5;2143.90;5.85;3.16;1.25;126643.80;19152.00;24859.38;29143.2;4.35;0.66;0.85;13/05/2024 16:11:55;
14/05/2024;23;2.0TD;2;0.000126617149000000;0.187;1.149570670;106.358615;19.184;8.779;78.395615;34.13;16.81949;1.12547;0.75;0.25;8.14083;75.41880;101.96000;48.69000;28.32000;1741.5;275.0;154.0;61.0;10.12;0.154;0.17498;0.04096;0.00;0.000;0.991;0.947;0.000;0.557;66.045;35.00;26.00;19550.3;2094.30;5.71;3.16;1.25;112235.56;19152.00;24859.38;27371.3;4.10;0.70;0.91;13/05/2024 16:11:55;
14/05/2024;24;2.0TD;2;0.000104380717000000;0.192;1.178038822;100.020793;19.184;8.779;72.057793;27.05;16.81949;1.12547;0.75;0.25;8.14083;75.41880;101.96000;48.69000;28.32000;1741.5;275.0;154.0;61.0;11.69;0.154;0.17498;0.04096;0.00;0.000;0.907;0.947;0.000;0.557;60.451;28.07;18.17;17797.7;2037.50;7.28;3.16;1.25;138458.76;19152.00;24859.38;25067.4;5.52;0.76;0.99;13/05/2024 16:11:55;
*
