pvpcdata;
2025;01;13;09;30;27;
12/12/2024;1;2.0TD;3;0.000129154304000000;0.243;1.347895368;173.028490;0.557;2.195;170.276490;136.37;-13.01203;0.76906;0.75;0.25;146.67292;94.62480;101.96000;84.74000;90.60000;2746.2;275.0;200.0;53.0;6.85;0.000;0.17498;0.04096;0.00;0.000;2.055;0.947;0.000;0.557;136.988;136.50;134.50;22485.3;1518.60;2.68;3.25;0.92;10649.12;35440.00;24859.38;26467.2;0.40;1.34;0.94;11/12/2024 16:09:38;
12/12/2024;2;2.0TD;3;0.000106261407000000;0.255;1.417302091;154.808210;0.557;2.195;152.056210;120.73;-13.01203;0.76906;0.75;0.25;146.67292;94.62480;101.96000;84.74000;90.60000;2746.2;275.0;200.0;53.0;6.90;0.000;0.17498;0.04096;0.00;0.000;1.817;0.947;0.000;0.557;121.160;120.77;120.00;20493.2;1254.50;2.73;3.25;0.92;13140.20;29307.76;24859.38;24714.5;0.53;1.19;1.01;11/12/2024 16:09:38;
12/12/2024;3;2.0TD;3;0.000093357052000000;0.264;1.467679374;150.072877;0.557;2.195;147.320877;115.96;-13.01203;0.76906;0.75;0.25;146.67292;94.62480;101.96000;84.74000;90.60000;2746.2;275.0;200.0;53.0;7.13;0.000;0.17498;0.04096;0.00;0.000;1.748;0.947;0.000;0.557;116.551;116.00;115.37;19073.0;1315.80;2.96;3.25;0.92;17073.20;28000.00;24859.38;23606.5;0.72;1.19;1.05;11/12/2024 16:09:38;
12/12/2024;4;2.0TD;3;0.000086897488000000;0.268;1.490221164;146.161946;0.557;2.195;143.409946;113.23;-13.01203;0.76906;0.75;0.25;146.67292;94.62480;101.96000;84.74000;90.60000;2746.2;275.0;200.0;53.0;6.46;0.000;0.17498;0.04096;0.00;0.000;1.696;0.947;0.000;0.557;113.099;113.23;113.23;18379.8;1434.30;2.29;3.25;0.92;22960.04;29760.00;0.00;23062.8;1.00;1.29;0.00;11/12/2024 16:09:38;
12/12/2024;5;2.0TD;3;0.000084583982000000;0.267;1.483410598;145.226564;0.557;2.195;142.474564;112.60;-13.01203;0.76906;0.75;0.25;146.67292;94.62480;101.96000;84.74000;90.60000;2746.2;275.0;200.0;53.0;6.45;0.000;0.17498;0.04096;0.00;0.000;1.687;0.947;0.000;0.557;112.450;112.60;112.60;18079.2;1395.80;2.28;3.25;0.92;23108.68;29480.00;0.00;23043.5;1.00;1.28;0.00;11/12/2024 16:09:38;
12/12/2024;6;2.0TD;3;0.000087019214000000;0.259;1.437727757;154.181154;0.557;2.195;151.429154;120.47;-13.01203;0.76906;0.75;0.25;146.67292;94.62480;101.96000;84.74000;90.60000;2746.2;275.0;200.0;53.0;6.29;0.000;0.17498;0.04096;0.00;0.000;1.804;0.947;0.000;0.557;120.277;120.92;115.92;18068.3;1781.90;2.12;3.25;0.92;20406.16;30160.00;0.00;23889.0;0.85;1.26;0.00;11/12/2024 16:09:38;
12/12/2024;7;2.0TD;3;0.000098821586000000;0.235;1.303079386;173.801138;0.557;2.195;171.049138;137.47;-13.01203;0.76906;0.75;0.25;146.67292;94.62480;101.96000;84.74000;90.60000;2746.2;275.0;200.0;53.0;7.24;0.000;0.17498;0.04096;0.00;0.000;2.078;0.947;0.000;0.557;138.501;137.51;137.01;19260.5;1525.90;3.07;3.25;0.92;10469.76;44928.00;24859.38;26174.4;0.40;1.72;0.95;11/12/2024 16:09:38;
12/12/2024;8;2.0TD;3;0.000125152887000000;0.210;1.168656911;202.130145;0.557;2.195;199.378145;162.12;-13.01203;0.76906;0.75;0.25;146.67292;94.62480;101.96000;84.74000;90.60000;2746.2;275.0;200.0;53.0;8.47;0.000;0.17498;0.04096;0.00;0.000;2.472;0.947;0.000;0.557;164.775;162.12;162.14;25227.4;1248.90;4.30;3.25;0.92;6657.72;101440.00;24859.38;30894.0;0.22;3.28;0.80;11/12/2024 16:09:38;
12/12/2024;9;2.0TD;2;0.000139790039000000;0.198;1.214569374;244.791807;19.184;8.779;216.828807;177.60;-13.01203;0.76906;0.75;0.25;146.67292;94.62480;101.96000;84.74000;90.60000;2746.2;275.0;200.0;53.0;8.81;0.154;0.17498;0.04096;0.00;0.000;2.715;0.947;0.000;0.557;180.992;177.38;182.38;26898.1;1259.80;4.64;3.25;0.92;4303.00;123712.00;24859.38;32926.7;0.13;3.76;0.75;11/12/2024 16:09:38;
12/12/2024;10;2.0TD;2;0.000144635788000000;0.191;1.170591167;231.155135;19.184;8.779;203.192135;167.86;-13.01203;0.76906;0.75;0.25;146.67292;94.62480;101.96000;84.74000;90.60000;2746.2;275.0;200.0;53.0;8.32;0.154;0.17498;0.04096;0.00;0.000;2.559;0.947;0.000;0.557;170.606;167.63;172.63;27451.9;1330.10;4.15;3.25;0.92;5824.72;110208.00;24859.38;33892.6;0.17;3.25;0.73;11/12/2024 16:09:38;
12/12/2024;11;2.0TD;1;0.000148613690000000;0.182;1.088607535;261.856916;33.081;43.893;184.882916;153.98;-13.01203;0.76906;0.75;0.25;146.67292;94.62480;101.96000;84.74000;90.60000;2746.2;275.0;200.0;53.0;7.45;0.926;0.17498;0.04096;0.00;0.000;2.346;0.947;0.000;0.557;156.415;153.85;155.85;27425.5;1944.40;3.28;3.25;0.92;8380.84;75320.00;24859.38;33089.2;0.25;2.28;0.75;11/12/2024 16:09:38;
12/12/2024;12;2.0TD;1;0.000146208758000000;0.179;1.069094583;243.552937;33.081;43.893;166.578937;139.65;-13.01203;0.76906;0.75;0.25;146.67292;94.62480;101.96000;84.74000;90.60000;2746.2;275.0;200.0;53.0;6.88;0.926;0.17498;0.04096;0.00;0.000;2.119;0.947;0.000;0.557;141.288;140.01;135.01;26553.7;2087.60;2.71;3.25;0.92;16867.68;47952.00;24859.38;33126.7;0.51;1.45;0.75;11/12/2024 16:09:38;
12/12/2024;13;2.0TD;1;0.000145256258000000;0.178;1.063111785;241.020309;33.081;43.893;164.046309;137.59;-13.01203;0.76906;0.75;0.25;146.67292;94.62480;101.96000;84.74000;90.60000;2746.2;275.0;200.0;53.0;6.94;0.926;0.17498;0.04096;0.00;0.000;2.089;0.947;0.000;0.557;139.258;137.97;132.97;26322.5;2176.90;2.77;3.25;0.92;20128.36;45504.00;24859.38;32618.9;0.62;1.40;0.76;11/12/2024 16:09:38;
12/12/2024;14;2.0TD;1;0.000152624996000000;0.178;1.063591232;242.287837;33.081;43.893;165.313837;138.62;-13.01203;0.76906;0.75;0.25;146.67292;94.62480;101.96000;84.74000;90.60000;2746.2;275.0;200.0;53.0;6.97;0.926;0.17498;0.04096;0.00;0.000;2.105;0.947;0.000;0.557;140.334;139.00;134.00;26483.6;2172.40;2.80;3.25;0.92;19837.56;46752.00;24859.38;32688.3;0.61;1.43;0.76;11/12/2024 16:09:38;
12/12/2024;15;2.0TD;2;0.000155379015000000;0.176;1.082731714;196.838160;19.184;8.779;168.875160;142.54;-13.01203;0.76906;0.75;0.25;146.67292;94.62480;101.96000;84.74000;90.60000;2746.2;275.0;200.0;53.0;7.04;0.154;0.17498;0.04096;0.00;0.000;2.154;0.947;0.000;0.557;143.601;142.91;138.01;26563.9;2172.90;2.87;3.25;0.92;16668.12;51408.00;24859.38;32436.8;0.51;1.58;0.77;11/12/2024 16:09:38;
12/12/2024;16;2.0TD;2;0.000150209311000000;0.184;1.131745444;205.475771;19.184;8.779;177.512771;148.14;-13.01203;0.76906;0.75;0.25;146.67292;94.62480;101.96000;84.74000;90.60000;2746.2;275.0;200.0;53.0;7.67;0.154;0.17498;0.04096;0.00;0.000;2.249;0.947;0.000;0.557;149.926;148.00;150.38;27802.9;1782.40;3.50;3.25;0.92;9481.24;78464.00;24859.38;32188.7;0.29;2.44;0.77;11/12/2024 16:09:38;
12/12/2024;17;2.0TD;2;0.000148170802000000;0.191;1.170793719;224.577242;19.184;8.779;196.614242;163.03;-13.01203;0.76906;0.75;0.25;146.67292;94.62480;101.96000;84.74000;90.60000;2746.2;275.0;200.0;53.0;7.71;0.154;0.17498;0.04096;0.00;0.000;2.476;0.947;0.000;0.557;165.083;163.03;163.05;27009.7;1973.70;3.54;3.25;0.92;8111.92;81728.00;24859.38;32459.7;0.25;2.52;0.77;11/12/2024 16:09:38;
12/12/2024;18;2.0TD;2;0.000157684937000000;0.198;1.215866872;224.784009;19.184;8.779;196.821009;162.42;-13.01203;0.76906;0.75;0.25;146.67292;94.62480;101.96000;84.74000;90.60000;2746.2;275.0;200.0;53.0;7.54;0.154;0.17498;0.04096;0.00;0.000;2.464;0.947;0.000;0.557;164.291;162.42;162.44;26008.0;1392.60;3.37;3.25;0.92;7296.36;81088.00;24859.38;33625.3;0.22;2.41;0.74;11/12/2024 16:09:38;
12/12/2024;19;2.0TD;1;0.000180881946000000;0.207;1.240424820;281.746772;33.081;43.893;204.772772;167.93;-13.01203;0.76906;0.75;0.25;146.67292;94.62480;101.96000;84.74000;90.60000;2746.2;275.0;200.0;53.0;6.54;0.926;0.17498;0.04096;0.00;0.000;2.545;0.947;0.000;0.557;169.654;167.84;169.84;26985.2;1261.40;2.37;3.25;0.92;6029.64;52992.00;24859.38;35427.5;0.17;1.50;0.70;11/12/2024 16:09:38;
12/12/2024;20;2.0TD;1;0.000194251146000000;0.212;1.266847021;287.184888;33.081;43.893;210.210888;172.20;-13.01203;0.76906;0.75;0.25;146.67292;94.62480;101.96000;84.74000;90.60000;2746.2;275.0;200.0;53.0;6.00;0.926;0.17498;0.04096;0.00;0.000;2.602;0.947;0.000;0.557;173.441;172.06;175.01;27260.3;1388.10;1.83;3.25;0.92;5372.88;35360.00;24859.38;35844.2;0.15;0.99;0.69;11/12/2024 16:09:38;
12/12/2024;21;2.0TD;1;0.000206331655000000;0.214;1.284326485;290.180719;33.081;43.893;213.206719;174.25;-13.01203;0.76906;0.75;0.25;146.67292;94.62480;101.96000;84.74000;90.60000;2746.2;275.0;200.0;53.0;6.10;0.926;0.17498;0.04096;0.00;0.000;2.634;0.947;0.000;0.557;175.623;174.25;174.25;27703.3;1226.50;1.93;3.25;0.92;5447.40;39920.00;24859.38;36342.3;0.15;1.10;0.68;11/12/2024 16:09:38;
12/12/2024;22;2.0TD;1;0.000208519517000000;0.220;1.314547627;285.289399;33.081;43.893;208.315399;169.40;-13.01203;0.76906;0.75;0.25;146.67292;94.62480;101.96000;84.74000;90.60000;2746.2;275.0;200.0;53.0;6.15;0.926;0.17498;0.04096;0.00;0.000;2.561;0.947;0.000;0.557;170.750;169.40;169.40;27307.2;1515.20;1.98;3.25;0.92;6168.80;38920.00;24859.38;35275.6;0.17;1.10;0.70;11/12/2024 16:09:38;
12/12/2024;23;2.0TD;2;0.000190587787000000;0.222;1.363700066;211.743645;19.184;8.779;183.780645;150.18;-13.01203;0.76906;0.75;0.25;146.67292;94.62480;101.96000;84.74000;90.60000;2746.2;275.0;200.0;53.0;6.09;0.154;0.17498;0.04096;0.00;0.000;2.256;0.947;0.000;0.557;150.393;150.00;153.00;26491.7;1641.10;1.92;3.25;0.92;9175.00;28080.00;24859.38;32277.2;0.28;0.87;0.77;11/12/2024 16:09:38;
12/12/2024;24;2.0TD;2;0.000160542439000000;0.229;1.404830480;193.369595;19.184;8.779;165.406595;134.71;-13.01203;0.76906;0.75;0.25;146.67292;94.62480;101.96000;84.74000;90.60000;2746.2;275.0;200.0;53.0;5.99;0.154;0.17498;0.04096;0.00;0.000;2.019;0.947;0.000;0.557;134.586;134.75;134.25;23482.2;1960.30;1.82;3.25;0.92;2196.00;24760.00;24859.38;28518.8;0.08;0.87;0.87;11/12/2024 16:09:38;
*
