pvpcdata;
2024;03;11;12;38;40;
24/02/2024;1;2.0TD;3;0.000119344465000000;0.232;1.286637752;51.622814;0.557;2.195;48.870814;7.38;22.50373;0.78140;0.75;0.25;6.94167;96.95660;101.96000;97.42000;68.27000;2559.5;275.0;177.0;48.0;12.77;0.000;0.17498;0.04096;0.00;0.000;0.000;0.595;0.565;0.000;0.557;39.667;7.41;6.41;25275.8;654.90;7.74;3.48;1.55;110493.92;60496.00;24859.38;25306.7;4.37;2.39;0.98;23/02/2024 16:08:42;
24/02/2024;2;2.0TD;3;0.000099255945000000;0.241;1.340011597;49.649226;0.557;2.195;46.897226;4.98;22.50373;0.78140;0.75;0.25;6.94167;96.95660;101.96000;97.42000;68.27000;2559.5;275.0;177.0;48.0;13.32;0.000;0.17498;0.04096;0.00;0.000;0.000;0.567;0.565;0.000;0.557;37.789;5.00;4.12;25691.7;638.60;8.29;3.48;1.55;112271.20;60420.00;24859.38;23826.6;4.71;2.54;1.04;23/02/2024 16:08:42;
24/02/2024;3;2.0TD;3;0.000086077091000000;0.247;1.373292261;49.913376;0.557;2.195;47.161376;3.12;22.50373;0.78140;0.75;0.25;6.94167;96.95660;101.96000;97.42000;68.27000;2559.5;275.0;177.0;48.0;15.21;0.000;0.17498;0.04096;0.00;0.000;0.000;0.567;0.565;0.000;0.557;37.819;3.20;0.00;25235.5;643.50;10.18;3.48;1.55;143566.28;61971.00;24859.38;22627.3;6.34;2.74;1.10;23/02/2024 16:08:42;
24/02/2024;4;2.0TD;3;0.000078969016000000;0.248;1.376955105;50.179579;0.557;2.195;47.427579;4.10;22.50373;0.78140;0.75;0.25;6.94167;96.95660;101.96000;97.42000;68.27000;2559.5;275.0;177.0;48.0;14.41;0.000;0.17498;0.04096;0.00;0.000;0.000;0.570;0.565;0.000;0.557;38.002;4.20;0.48;24331.5;647.30;9.38;3.48;1.55;142770.08;62049.00;0.00;21831.8;6.54;2.84;0.00;23/02/2024 16:08:42;
24/02/2024;5;2.0TD;3;0.000075808036000000;0.252;1.399346197;51.500959;0.557;2.195;48.748959;4.92;22.50373;0.78140;0.75;0.25;6.94167;96.95660;101.96000;97.42000;68.27000;2559.5;275.0;177.0;48.0;14.51;0.000;0.17498;0.04096;0.00;0.000;0.000;0.584;0.565;0.000;0.557;38.936;5.00;1.70;24145.3;589.20;9.48;3.48;1.55;141621.68;62049.00;0.00;21479.5;6.59;2.89;0.00;23/02/2024 16:08:42;
24/02/2024;6;2.0TD;3;0.000075959621000000;0.252;1.401769466;51.513479;0.557;2.195;48.761479;4.92;22.50373;0.78140;0.75;0.25;6.94167;96.95660;101.96000;97.42000;68.27000;2559.5;275.0;177.0;48.0;14.52;0.000;0.17498;0.04096;0.00;0.000;0.000;0.584;0.565;0.000;0.557;38.946;5.00;2.00;23851.3;638.20;9.49;3.48;1.55;141435.40;62088.00;0.00;21446.2;6.59;2.90;0.00;23/02/2024 16:08:42;
24/02/2024;7;2.0TD;3;0.000079211149000000;0.246;1.367661989;52.317716;0.557;2.195;49.565716;6.05;22.50373;0.78140;0.75;0.25;6.94167;96.95660;101.96000;97.42000;68.27000;2559.5;275.0;177.0;48.0;14.21;0.000;0.17498;0.04096;0.00;0.000;0.000;0.597;0.565;0.000;0.557;39.779;6.20;1.20;23638.5;748.30;9.18;3.48;1.55;140853.44;62049.00;0.00;22102.9;6.37;2.81;0.00;23/02/2024 16:08:42;
24/02/2024;8;2.0TD;3;0.000086744113000000;0.238;1.323793746;52.150513;0.557;2.195;49.398513;8.04;22.50373;0.78140;0.75;0.25;6.94167;96.95660;101.96000;97.42000;68.27000;2559.5;275.0;177.0;48.0;12.34;0.000;0.17498;0.04096;0.00;0.000;0.000;0.599;0.565;0.000;0.557;39.901;8.18;3.20;24519.4;725.70;7.31;3.48;1.55;110404.04;60268.00;0.00;23332.3;4.73;2.58;0.00;23/02/2024 16:08:42;
24/02/2024;9;2.0TD;3;0.000100239908000000;0.225;1.248852524;49.392488;0.557;2.195;46.640488;7.34;22.50373;0.78140;0.75;0.25;6.94167;96.95660;101.96000;97.42000;68.27000;2559.5;275.0;177.0;48.0;11.24;0.000;0.17498;0.04096;0.00;0.000;0.000;0.571;0.565;0.000;0.557;38.073;7.41;4.99;25927.1;769.10;6.21;3.48;1.55;85840.28;67944.00;0.00;24760.7;3.47;2.74;0.00;23/02/2024 16:08:42;
24/02/2024;10;2.0TD;3;0.000123755096000000;0.205;1.140265946;45.475116;0.557;2.195;42.723116;3.63;22.50373;0.78140;0.75;0.25;6.94167;96.95660;101.96000;97.42000;68.27000;2559.5;275.0;177.0;48.0;12.37;0.000;0.17498;0.04096;0.00;0.000;0.000;0.532;0.565;0.000;0.557;35.454;3.70;1.70;29696.7;1134.80;7.34;3.48;1.55;124805.32;69771.00;0.00;26517.9;4.71;2.63;0.00;23/02/2024 16:08:42;
24/02/2024;11;2.0TD;3;0.000136941897000000;0.194;1.075651237;45.315555;0.557;2.195;42.563555;3.14;22.50373;0.78140;0.75;0.25;6.94167;96.95660;101.96000;97.42000;68.27000;2559.5;275.0;177.0;48.0;13.05;0.000;0.17498;0.04096;0.00;0.000;0.000;0.535;0.565;0.000;0.557;35.647;3.20;1.70;31491.7;1297.70;8.02;3.48;1.55;147372.24;70423.24;0.00;27157.7;5.43;2.59;0.00;23/02/2024 16:08:42;
24/02/2024;12;2.0TD;3;0.000137716120000000;0.192;1.067572261;40.318915;0.557;2.195;37.566915;-0.08;22.50373;0.78140;0.75;0.25;6.94167;96.95660;101.96000;97.42000;68.27000;2559.5;275.0;177.0;48.0;12.20;0.000;0.17498;0.04096;0.00;0.000;0.000;0.473;0.565;0.000;0.557;31.515;0.00;-2.00;31624.0;1261.30;7.17;3.48;1.55;148331.80;43920.00;0.00;26810.5;5.53;1.64;0.00;23/02/2024 16:08:42;
24/02/2024;13;2.0TD;3;0.000135119713000000;0.192;1.064511913;40.476259;0.557;2.195;37.724259;-0.23;22.50373;0.78140;0.75;0.25;6.94167;96.95660;101.96000;97.42000;68.27000;2559.5;275.0;177.0;48.0;12.48;0.000;0.17498;0.04096;0.00;0.000;0.000;0.475;0.565;0.000;0.557;31.647;0.00;-5.00;31784.8;1565.10;7.45;3.48;1.55;148332.00;49843.04;0.00;26599.3;5.58;1.87;0.00;23/02/2024 16:08:42;
24/02/2024;14;2.0TD;3;0.000140859921000000;0.188;1.043465349;39.939807;0.557;2.195;37.187807;-0.36;22.50373;0.78140;0.75;0.25;6.94167;96.95660;101.96000;97.42000;68.27000;2559.5;275.0;177.0;48.0;12.27;0.000;0.17498;0.04096;0.00;0.000;0.000;0.470;0.565;0.000;0.557;31.302;0.00;-7.66;31911.9;1637.60;7.24;3.48;1.55;148332.72;45180.00;0.00;26726.2;5.55;1.69;0.00;23/02/2024 16:08:42;
24/02/2024;15;2.0TD;3;0.000140249346000000;0.187;1.040276253;40.149465;0.557;2.195;37.397465;-0.45;22.50373;0.78140;0.75;0.25;6.94167;96.95660;101.96000;97.42000;68.27000;2559.5;275.0;177.0;48.0;12.56;0.000;0.17498;0.04096;0.00;0.000;0.000;0.473;0.565;0.000;0.557;31.505;0.00;-9.00;31371.0;1695.30;7.53;3.48;1.55;148333.12;49649.60;0.00;26309.1;5.64;1.89;0.00;23/02/2024 16:08:42;
24/02/2024;16;2.0TD;3;0.000127662642000000;0.197;1.093457416;41.290454;0.557;2.195;38.538454;-0.51;22.50373;0.78140;0.75;0.25;6.94167;96.95660;101.96000;97.42000;68.27000;2559.5;275.0;177.0;48.0;13.30;0.000;0.17498;0.04096;0.00;0.000;0.000;0.483;0.565;0.000;0.557;32.195;0.00;-10.10;30491.8;1660.70;8.27;3.48;1.55;148332.96;61194.84;0.00;25337.8;5.85;2.42;0.00;23/02/2024 16:08:42;
24/02/2024;17;2.0TD;3;0.000119002436000000;0.204;1.133202814;42.114213;0.557;2.195;39.362213;-0.26;22.50373;0.78140;0.75;0.25;6.94167;96.95660;101.96000;97.42000;68.27000;2559.5;275.0;177.0;48.0;13.54;0.000;0.17498;0.04096;0.00;0.000;0.000;0.490;0.565;0.000;0.557;32.692;0.00;-6.00;29802.9;1326.40;8.51;3.48;1.55;148332.84;62867.20;0.00;24822.1;5.98;2.53;0.00;23/02/2024 16:08:42;
24/02/2024;18;2.0TD;3;0.000117897694000000;0.209;1.162671320;46.488625;0.557;2.195;43.736625;3.06;22.50373;0.78140;0.75;0.25;6.94167;96.95660;101.96000;97.42000;68.27000;2559.5;275.0;177.0;48.0;13.65;0.000;0.17498;0.04096;0.00;0.000;0.000;0.543;0.565;0.000;0.557;36.175;3.20;0.01;27984.7;1285.50;8.62;3.48;1.55;147464.16;67754.00;0.00;24964.4;5.91;2.71;0.00;23/02/2024 16:08:42;
24/02/2024;19;2.0TD;3;0.000126351621000000;0.216;1.200159760;49.593376;0.557;2.195;46.841376;8.22;22.50373;0.78140;0.75;0.25;6.94167;96.95660;101.96000;97.42000;68.27000;2559.5;275.0;177.0;48.0;10.80;0.000;0.17498;0.04096;0.00;0.000;0.000;0.578;0.565;0.000;0.557;38.520;8.22;8.22;25528.5;1032.10;5.77;3.48;1.55;127150.92;23237.76;0.00;26045.4;4.88;0.89;0.00;23/02/2024 16:08:42;
24/02/2024;20;2.0TD;3;0.000147822669000000;0.221;1.228106696;57.930050;0.557;2.195;55.178050;16.31;22.50373;0.78140;0.75;0.25;6.94167;96.95660;101.96000;97.42000;68.27000;2559.5;275.0;177.0;48.0;9.28;0.000;0.17498;0.04096;0.00;0.000;0.000;0.678;0.565;0.000;0.557;45.190;15.83;34.90;26984.1;700.90;4.25;3.48;1.55;97228.92;21980.00;0.00;28039.9;3.47;0.78;0.00;23/02/2024 16:08:42;
24/02/2024;21;2.0TD;3;0.000160569864000000;0.224;1.246824315;75.971519;0.557;2.195;73.219519;32.37;22.50373;0.78140;0.75;0.25;6.94167;96.95660;101.96000;97.42000;68.27000;2559.5;275.0;177.0;48.0;7.63;0.000;0.17498;0.04096;0.00;0.000;0.000;0.897;0.565;0.000;0.557;59.819;32.37;32.37;27082.8;827.30;2.60;3.48;1.55;54527.32;21007.28;0.00;29036.5;1.88;0.72;0.00;23/02/2024 16:08:42;
24/02/2024;22;2.0TD;3;0.000165920214000000;0.227;1.258536725;68.303086;0.557;2.195;65.551086;25.00;22.50373;0.78140;0.75;0.25;6.94167;96.95660;101.96000;97.42000;68.27000;2559.5;275.0;177.0;48.0;8.70;0.000;0.17498;0.04096;0.00;0.000;0.000;0.801;0.565;0.000;0.557;53.423;25.00;25.00;27257.6;915.50;3.67;3.48;1.55;58956.60;22372.00;24859.38;28986.2;2.03;0.77;0.86;23/02/2024 16:08:42;
24/02/2024;23;2.0TD;3;0.000157154629000000;0.231;1.282038158;54.482151;0.557;2.195;51.730151;14.00;22.50373;0.78140;0.75;0.25;6.94167;96.95660;101.96000;97.42000;68.27000;2559.5;275.0;177.0;48.0;8.47;0.000;0.17498;0.04096;0.00;0.000;0.000;0.630;0.565;0.000;0.557;42.022;14.00;14.00;26206.3;917.00;3.44;3.48;1.55;47595.48;21734.40;24859.38;27375.8;1.74;0.79;0.91;23/02/2024 16:08:42;
24/02/2024;24;2.0TD;3;0.000139280307000000;0.237;1.315121655;49.183869;0.557;2.195;46.431869;9.43;22.50373;0.78140;0.75;0.25;6.94167;96.95660;101.96000;97.42000;68.27000;2559.5;275.0;177.0;48.0;8.62;0.000;0.17498;0.04096;0.00;0.000;0.000;0.563;0.565;0.000;0.557;37.535;9.48;8.00;24177.2;759.30;3.59;3.48;1.55;49757.80;16330.16;24859.38;25354.5;1.96;0.64;0.98;23/02/2024 16:08:42;
*
