pvpcdata;
2024;11;12;10;29;07;
08/10/2024;1;2.0TD;3;0.000083356097000000;0.181;1.004291034;81.540081;0.557;2.195;78.788081;33.15;15.43305;1.19170;0.75;0.25;31.37458;93.10680;101.96000;84.74000;75.42000;1745.4;275.0;200.0;45.0;12.45;0.000;0.17498;0.04096;0.00;0.000;1.001;0.947;0.000;0.557;66.713;33.10;34.47;19571.3;788.50;8.21;3.19;1.05;108059.48;65040.08;24859.38;24117.1;4.48;2.70;1.03;07/10/2024 16:15:27;
08/10/2024;2;2.0TD;3;0.000070632273000000;0.187;1.038947700;73.239649;0.557;2.195;70.487649;24.35;15.43305;1.19170;0.75;0.25;31.37458;93.10680;101.96000;84.74000;75.42000;1745.4;275.0;200.0;45.0;14.03;0.000;0.17498;0.04096;0.00;0.000;0.891;0.947;0.000;0.557;59.383;24.35;24.35;19873.8;809.50;9.79;3.19;1.05;124668.08;75491.84;24859.38;22987.1;5.42;3.28;1.08;07/10/2024 16:15:27;
08/10/2024;3;2.0TD;3;0.000063707135000000;0.191;1.061131092;69.087156;0.557;2.195;66.335156;19.57;15.43305;1.19170;0.75;0.25;31.37458;93.10680;101.96000;84.74000;75.42000;1745.4;275.0;200.0;45.0;15.18;0.000;0.17498;0.04096;0.00;0.000;0.835;0.947;0.000;0.557;55.697;19.57;19.57;20133.9;882.20;10.94;3.19;1.05;137552.96;81153.60;24859.38;22262.4;6.18;3.65;1.12;07/10/2024 16:15:27;
08/10/2024;4;2.0TD;3;0.000060494332000000;0.192;1.065920691;55.589813;0.557;2.195;52.837813;7.00;15.43305;1.19170;0.75;0.25;31.37458;93.10680;101.96000;84.74000;75.42000;1745.4;275.0;200.0;45.0;16.55;0.000;0.17498;0.04096;0.00;0.000;0.665;0.947;0.000;0.557;44.327;7.00;7.00;20057.7;831.20;12.31;3.19;1.05;178091.92;93020.40;0.00;22023.7;8.09;4.22;0.00;07/10/2024 16:15:27;
08/10/2024;5;2.0TD;3;0.000059316497000000;0.191;1.059037363;53.308788;0.557;2.195;50.556788;4.90;15.43305;1.19170;0.75;0.25;31.37458;93.10680;101.96000;84.74000;75.42000;1745.4;275.0;200.0;45.0;16.80;0.000;0.17498;0.04096;0.00;0.000;0.637;0.947;0.000;0.557;42.449;4.90;4.90;20209.2;853.60;12.56;3.19;1.05;180536.96;95249.28;0.00;21948.9;8.23;4.34;0.00;07/10/2024 16:15:27;
08/10/2024;6;2.0TD;3;0.000060578426000000;0.186;1.035382991;70.928052;0.557;2.195;68.176052;21.54;15.43305;1.19170;0.75;0.25;31.37458;93.10680;101.96000;84.74000;75.42000;1745.4;275.0;200.0;45.0;14.97;0.000;0.17498;0.04096;0.00;0.000;0.862;0.947;0.000;0.557;57.484;21.54;21.54;20476.0;951.00;10.73;3.19;1.05;159732.48;79863.84;0.00;22336.3;7.15;3.58;0.00;07/10/2024 16:15:27;
08/10/2024;7;2.0TD;3;0.000068613531000000;0.173;0.959626593;89.496551;0.557;2.195;86.744551;39.58;15.43305;1.19170;0.75;0.25;31.37458;93.10680;101.96000;84.74000;75.42000;1745.4;275.0;200.0;45.0;13.15;0.000;0.17498;0.04096;0.00;0.000;1.109;0.947;0.000;0.557;73.951;39.58;39.58;20725.9;941.90;8.91;3.19;1.05;137715.52;55517.28;24859.38;24485.4;5.62;2.27;1.02;07/10/2024 16:15:27;
08/10/2024;8;2.0TD;3;0.000087876374000000;0.163;0.904868760;102.571155;0.557;2.195;99.819155;52.98;15.43305;1.19170;0.75;0.25;31.37458;93.10680;101.96000;84.74000;75.42000;1745.4;275.0;200.0;45.0;11.45;0.000;0.17498;0.04096;0.00;0.000;1.287;0.947;0.000;0.557;85.829;52.98;52.98;22109.1;1180.30;7.21;3.19;1.05;110229.60;65945.60;24859.38;27888.4;3.95;2.36;0.89;07/10/2024 16:15:27;
08/10/2024;9;2.0TD;2;0.000093047823000000;0.188;1.154877450;160.218316;19.184;8.779;132.255316;77.86;15.43305;1.19170;0.75;0.25;31.37458;93.10680;101.96000;84.74000;75.42000;1745.4;275.0;200.0;45.0;11.53;0.154;0.17498;0.04096;0.00;0.000;1.670;0.947;0.000;0.557;111.326;77.71;80.70;21170.0;1132.10;7.29;3.19;1.05;87167.56;97215.48;24859.38;28710.0;3.04;3.39;0.87;07/10/2024 16:15:27;
08/10/2024;10;2.0TD;2;0.000091361344000000;0.150;0.921696139;122.526378;19.184;8.779;94.563378;48.38;15.43305;1.19170;0.75;0.25;31.37458;93.10680;101.96000;84.74000;75.42000;1745.4;275.0;200.0;45.0;12.35;0.154;0.17498;0.04096;0.00;0.000;1.233;0.947;0.000;0.557;82.229;48.38;48.38;23988.6;1041.20;8.11;3.19;1.05;120888.36;93188.40;24859.38;29458.8;4.10;3.16;0.84;07/10/2024 16:15:27;
08/10/2024;11;2.0TD;1;0.000092751306000000;0.150;0.896670667;151.260578;33.081;43.893;74.286578;30.10;15.43305;1.19170;0.75;0.25;31.37458;93.10680;101.96000;84.74000;75.42000;1745.4;275.0;200.0;45.0;12.49;0.926;0.17498;0.04096;0.00;0.000;0.969;0.947;0.000;0.557;64.597;30.10;30.10;25880.1;1166.10;8.25;3.19;1.05;148703.88;69450.00;24859.38;29435.2;5.05;2.36;0.84;07/10/2024 16:15:27;
08/10/2024;12;2.0TD;1;0.000092554856000000;0.151;0.903102674;120.347161;33.081;43.893;43.373161;3.32;15.43305;1.19170;0.75;0.25;31.37458;93.10680;101.96000;84.74000;75.42000;1745.4;275.0;200.0;45.0;12.76;0.926;0.17498;0.04096;0.00;0.000;0.565;0.947;0.000;0.557;37.683;3.32;3.32;29270.7;1608.40;8.52;3.19;1.05;207358.12;19843.08;24859.38;29567.9;7.01;0.67;0.84;07/10/2024 16:15:27;
08/10/2024;13;2.0TD;1;0.000095379100000000;0.147;0.882283705;119.987674;33.081;43.893;43.013674;3.32;15.43305;1.19170;0.75;0.25;31.37458;93.10680;101.96000;84.74000;75.42000;1745.4;275.0;200.0;45.0;12.58;0.926;0.17498;0.04096;0.00;0.000;0.563;0.947;0.000;0.557;37.501;3.32;3.32;29282.9;1359.20;8.34;3.19;1.05;207835.72;13706.88;24859.38;29557.1;7.03;0.46;0.84;07/10/2024 16:15:27;
08/10/2024;14;2.0TD;1;0.000102027808000000;0.148;0.886469350;117.227499;33.081;43.893;40.253499;0.97;15.43305;1.19170;0.75;0.25;31.37458;93.10680;101.96000;84.74000;75.42000;1745.4;275.0;200.0;45.0;12.53;0.926;0.17498;0.04096;0.00;0.000;0.526;0.947;0.000;0.557;35.064;0.97;0.97;28066.8;1044.30;8.29;3.19;1.05;209802.12;10387.68;24859.38;29571.0;7.09;0.35;0.84;07/10/2024 16:15:27;
08/10/2024;15;2.0TD;2;0.000102032385000000;0.172;1.054843829;67.116032;19.184;8.779;39.153032;0.01;15.43305;1.19170;0.75;0.25;31.37458;93.10680;101.96000;84.74000;75.42000;1745.4;275.0;200.0;45.0;12.63;0.154;0.17498;0.04096;0.00;0.000;0.501;0.947;0.000;0.557;33.407;0.01;0.01;27600.0;1067.10;8.39;3.19;1.05;210886.60;8882.88;24859.38;29145.6;7.24;0.30;0.85;07/10/2024 16:15:27;
08/10/2024;16;2.0TD;2;0.000095510682000000;0.181;1.108204218;67.788710;19.184;8.779;39.825710;0.00;15.43305;1.19170;0.75;0.25;31.37458;93.10680;101.96000;84.74000;75.42000;1745.4;275.0;200.0;45.0;12.95;0.154;0.17498;0.04096;0.00;0.000;0.506;0.947;0.000;0.557;33.722;0.00;0.00;27798.0;897.80;8.71;3.19;1.05;210855.04;14974.08;24859.38;28776.5;7.33;0.52;0.86;07/10/2024 16:15:27;
08/10/2024;17;2.0TD;2;0.000092794026000000;0.188;1.153345129;68.796964;19.184;8.779;40.833964;0.51;15.43305;1.19170;0.75;0.25;31.37458;93.10680;101.96000;84.74000;75.42000;1745.4;275.0;200.0;45.0;13.08;0.154;0.17498;0.04096;0.00;0.000;0.516;0.947;0.000;0.557;34.372;0.51;0.51;27112.0;1090.20;8.84;3.19;1.05;210406.84;17892.00;24859.38;28641.7;7.35;0.62;0.87;07/10/2024 16:15:27;
08/10/2024;18;2.0TD;2;0.000096423057000000;0.188;1.154259446;82.498168;19.184;8.779;54.535168;5.00;15.43305;1.19170;0.75;0.25;31.37458;93.10680;101.96000;84.74000;75.42000;1745.4;275.0;200.0;45.0;19.95;0.154;0.17498;0.04096;0.00;0.000;0.689;0.947;0.000;0.557;45.905;5.00;5.00;28662.5;1099.40;15.71;3.19;1.05;244487.24;189461.20;24859.38;29206.3;8.37;6.49;0.85;07/10/2024 16:15:27;
08/10/2024;19;2.0TD;1;0.000102278963000000;0.167;0.998701906;185.082574;33.081;43.893;108.108574;48.38;15.43305;1.19170;0.75;0.25;31.37458;93.10680;101.96000;84.74000;75.42000;1745.4;275.0;200.0;45.0;21.83;0.926;0.17498;0.04096;0.00;0.000;1.390;0.947;0.000;0.557;92.638;48.38;48.38;23296.9;975.80;17.59;3.19;1.05;174732.44;310269.96;24859.38;28997.2;6.03;10.70;0.86;07/10/2024 16:15:27;
08/10/2024;20;2.0TD;1;0.000115863010000000;0.168;1.003520887;217.131692;33.081;43.893;140.157692;79.90;15.43305;1.19170;0.75;0.25;31.37458;93.10680;101.96000;84.74000;75.42000;1745.4;275.0;200.0;45.0;17.26;0.926;0.17498;0.04096;0.00;0.000;1.800;0.947;0.000;0.557;119.998;79.90;79.90;21445.3;1187.60;13.02;3.19;1.05;124886.32;233068.80;24859.38;29409.8;4.25;7.92;0.85;07/10/2024 16:15:27;
08/10/2024;21;2.0TD;1;0.000140720876000000;0.167;0.998337376;222.615628;33.081;43.893;145.641628;90.00;15.43305;1.19170;0.75;0.25;31.37458;93.10680;101.96000;84.74000;75.42000;1745.4;275.0;200.0;45.0;11.89;0.926;0.17498;0.04096;0.00;0.000;1.872;0.947;0.000;0.557;124.800;90.00;90.00;22703.0;1195.40;7.65;3.19;1.05;119275.96;93863.04;24859.38;31113.2;3.83;3.02;0.80;07/10/2024 16:15:27;
08/10/2024;22;2.0TD;1;0.000142659202000000;0.169;1.013340319;216.005536;33.081;43.893;139.031536;83.19;15.43305;1.19170;0.75;0.25;31.37458;93.10680;101.96000;84.74000;75.42000;1745.4;275.0;200.0;45.0;12.92;0.926;0.17498;0.04096;0.00;0.000;1.784;0.947;0.000;0.557;118.932;83.19;83.19;22615.5;1317.00;8.68;3.19;1.05;129359.12;109428.48;24859.38;30390.6;4.26;3.60;0.82;07/10/2024 16:15:27;
08/10/2024;23;2.0TD;2;0.000124008184000000;0.200;1.224511173;126.261029;19.184;8.779;98.298029;46.08;15.43305;1.19170;0.75;0.25;31.37458;93.10680;101.96000;84.74000;75.42000;1745.4;275.0;200.0;45.0;14.34;0.154;0.17498;0.04096;0.00;0.000;1.229;0.947;0.000;0.557;81.915;46.08;46.08;21214.5;1172.70;10.10;3.19;1.05;179180.40;77364.96;24859.38;27861.1;6.43;2.78;0.89;07/10/2024 16:15:27;
08/10/2024;24;2.0TD;2;0.000102984284000000;0.210;1.286986986;112.805809;19.184;8.779;84.842809;33.10;15.43305;1.19170;0.75;0.25;31.37458;93.10680;101.96000;84.74000;75.42000;1745.4;275.0;200.0;45.0;15.70;0.154;0.17498;0.04096;0.00;0.000;1.052;0.947;0.000;0.557;70.118;33.10;33.10;19517.0;993.70;11.46;3.19;1.05;161199.32;104458.20;24859.38;25356.4;6.36;4.12;0.98;07/10/2024 16:15:27;
*
