pvpcdata;
2024;10;09;11;29;28;
06/09/2024;1;2.0TD;3;0.000096495475000000;0.163;0.902956979;145.780395;0.557;2.195;143.028395;111.82;0.99031;1.12782;0.75;0.25;86.72375;90.68500;101.96000;73.51000;91.63000;1975.5;275.0;234.0;48.0;6.48;0.000;0.17498;0.04096;0.00;0.000;1.845;0.947;0.000;0.557;122.982;111.98;110.00;17995.6;1598.40;2.35;3.08;1.05;27312.52;8097.52;24859.38;25698.8;1.06;0.32;0.97;05/09/2024 16:12:22;
06/09/2024;2;2.0TD;3;0.000082946795000000;0.169;0.938944155;143.954672;0.557;2.195;141.202672;108.69;0.99031;1.12782;0.75;0.25;86.72375;90.68500;101.96000;73.51000;91.63000;1975.5;275.0;234.0;48.0;7.45;0.000;0.17498;0.04096;0.00;0.000;1.812;0.947;0.000;0.557;120.789;109.00;104.97;16714.8;1380.90;3.32;3.08;1.05;38839.84;17314.00;24859.38;24426.7;1.59;0.71;1.02;05/09/2024 16:12:22;
06/09/2024;3;2.0TD;3;0.000074769116000000;0.174;0.966238778;140.041066;0.557;2.195;137.289066;103.09;0.99031;1.12782;0.75;0.25;86.72375;90.68500;101.96000;73.51000;91.63000;1975.5;275.0;234.0;48.0;9.26;0.000;0.17498;0.04096;0.00;0.000;1.754;0.947;0.000;0.557;116.941;103.35;100.01;15903.5;1341.10;5.13;3.08;1.05;54909.16;40729.92;24859.38;23481.9;2.34;1.73;1.06;05/09/2024 16:12:22;
06/09/2024;4;2.0TD;3;0.000070280542000000;0.176;0.975797514;134.961781;0.557;2.195;132.209781;97.75;0.99031;1.12782;0.75;0.25;86.72375;90.68500;101.96000;73.51000;91.63000;1975.5;275.0;234.0;48.0;10.15;0.000;0.17498;0.04096;0.00;0.000;1.686;0.947;0.000;0.557;112.423;98.00;94.82;15525.5;1327.80;6.02;3.08;1.05;98688.20;39400.00;0.00;22955.8;4.30;1.72;0.00;05/09/2024 16:12:22;
06/09/2024;5;2.0TD;3;0.000068181148000000;0.176;0.978185549;135.045277;0.557;2.195;132.293277;97.55;0.99031;1.12782;0.75;0.25;86.72375;90.68500;101.96000;73.51000;91.63000;1975.5;275.0;234.0;48.0;10.42;0.000;0.17498;0.04096;0.00;0.000;1.687;0.947;0.000;0.557;112.494;97.55;97.55;15364.4;1430.00;6.29;3.08;1.05;103327.24;39400.00;0.00;22692.3;4.55;1.74;0.00;05/09/2024 16:12:22;
06/09/2024;6;2.0TD;3;0.000068381567000000;0.172;0.953772201;135.654788;0.557;2.195;132.902788;98.08;0.99031;1.12782;0.75;0.25;86.72375;90.68500;101.96000;73.51000;91.63000;1975.5;275.0;234.0;48.0;10.78;0.000;0.17498;0.04096;0.00;0.000;1.701;0.947;0.000;0.557;113.398;98.00;98.87;15480.9;1584.40;6.65;3.08;1.05;102672.76;49090.56;0.00;22814.4;4.50;2.15;0.00;05/09/2024 16:12:22;
06/09/2024;7;2.0TD;3;0.000073691464000000;0.160;0.888174376;145.352288;0.557;2.195;142.600288;110.04;0.99031;1.12782;0.75;0.25;86.72375;90.68500;101.96000;73.51000;91.63000;1975.5;275.0;234.0;48.0;8.21;0.000;0.17498;0.04096;0.00;0.000;1.844;0.947;0.000;0.557;122.931;110.00;110.50;16624.6;1556.30;4.08;3.08;1.05;68799.04;6894.72;24859.38;24694.7;2.79;0.28;1.01;05/09/2024 16:12:22;
06/09/2024;8;2.0TD;3;0.000084744630000000;0.151;0.836621695;149.947961;0.557;2.195;147.195961;115.93;0.99031;1.12782;0.75;0.25;86.72375;90.68500;101.96000;73.51000;91.63000;1975.5;275.0;234.0;48.0;7.20;0.000;0.17498;0.04096;0.00;0.000;1.918;0.947;0.000;0.557;127.885;116.00;115.00;18611.8;1426.90;3.07;3.08;1.05;42603.40;15812.48;24859.38;27139.6;1.57;0.58;0.92;05/09/2024 16:12:22;
06/09/2024;9;2.0TD;2;0.000089140019000000;0.148;0.908099055;177.554613;19.184;8.779;149.591613;114.93;0.99031;1.12782;0.75;0.25;86.72375;90.68500;101.96000;73.51000;91.63000;1975.5;275.0;234.0;48.0;10.43;0.154;0.17498;0.04096;0.00;0.000;1.955;0.947;0.000;0.557;130.306;115.00;114.00;19951.2;1462.80;6.30;3.08;1.05;37737.88;115581.44;24859.38;28308.9;1.33;4.08;0.88;05/09/2024 16:12:22;
06/09/2024;10;2.0TD;2;0.000094569109000000;0.138;0.845681149;159.649268;19.184;8.779;131.686268;102.31;0.99031;1.12782;0.75;0.25;86.72375;90.68500;101.96000;73.51000;91.63000;1975.5;275.0;234.0;48.0;8.68;0.154;0.17498;0.04096;0.00;0.000;1.736;0.947;0.000;0.557;115.717;102.25;103.15;22046.1;1601.70;4.55;3.08;1.05;56293.80;51910.80;24859.38;29274.2;1.92;1.77;0.85;05/09/2024 16:12:22;
06/09/2024;11;2.0TD;1;0.000099341044000000;0.138;0.827314709;194.601416;33.081;43.893;117.627416;85.18;0.99031;1.12782;0.75;0.25;86.72375;90.68500;101.96000;73.51000;91.63000;1975.5;275.0;234.0;48.0;12.87;0.926;0.17498;0.04096;0.00;0.000;1.550;0.947;0.000;0.557;103.363;85.23;84.25;23338.3;1382.20;8.74;3.08;1.05;100307.88;137548.80;24859.38;30080.4;3.33;4.57;0.83;05/09/2024 16:12:22;
06/09/2024;12;2.0TD;1;0.000101275281000000;0.141;0.844428822;180.281604;33.081;43.893;103.307604;74.70;0.99031;1.12782;0.75;0.25;86.72375;90.68500;101.96000;73.51000;91.63000;1975.5;275.0;234.0;48.0;10.72;0.926;0.17498;0.04096;0.00;0.000;1.358;0.947;0.000;0.557;90.541;74.99;69.99;25623.0;1590.00;6.59;3.08;1.05;111079.52;65792.00;24859.38;30578.7;3.63;2.15;0.81;05/09/2024 16:12:22;
06/09/2024;13;2.0TD;1;0.000105314191000000;0.141;0.843668999;167.145271;33.081;43.893;90.171271;63.13;0.99031;1.12782;0.75;0.25;86.72375;90.68500;101.96000;73.51000;91.63000;1975.5;275.0;234.0;48.0;10.95;0.926;0.17498;0.04096;0.00;0.000;1.185;0.947;0.000;0.557;79.028;63.37;58.37;28285.8;1454.90;6.82;3.08;1.05;128040.48;58458.24;24859.38;30957.0;4.14;1.89;0.80;05/09/2024 16:12:22;
06/09/2024;14;2.0TD;1;0.000113118360000000;0.137;0.818986714;147.333019;33.081;43.893;70.359019;45.95;0.99031;1.12782;0.75;0.25;86.72375;90.68500;101.96000;73.51000;91.63000;1975.5;275.0;234.0;48.0;11.24;0.926;0.17498;0.04096;0.00;0.000;0.928;0.947;0.000;0.557;61.881;46.22;40.18;28760.0;1355.90;7.11;3.08;1.05;150578.76;48297.60;24859.38;31491.4;4.78;1.53;0.79;05/09/2024 16:12:22;
06/09/2024;15;2.0TD;2;0.000114840997000000;0.138;0.846165537;80.670930;19.184;8.779;52.707930;30.97;0.99031;1.12782;0.75;0.25;86.72375;90.68500;101.96000;73.51000;91.63000;1975.5;275.0;234.0;48.0;11.66;0.154;0.17498;0.04096;0.00;0.000;0.695;0.947;0.000;0.557;46.316;31.20;26.20;28311.1;1347.40;7.53;3.08;1.05;171719.80;38206.20;24859.38;31189.9;5.51;1.22;0.80;05/09/2024 16:12:22;
06/09/2024;16;2.0TD;2;0.000108920111000000;0.144;0.882376445;75.861460;19.184;8.779;47.898460;26.45;0.99031;1.12782;0.75;0.25;86.72375;90.68500;101.96000;73.51000;91.63000;1975.5;275.0;234.0;48.0;11.80;0.154;0.17498;0.04096;0.00;0.000;0.628;0.947;0.000;0.557;41.869;26.85;16.85;28486.9;1193.70;7.67;3.08;1.05;176622.32;30568.80;24859.38;30226.8;5.84;1.01;0.82;05/09/2024 16:12:22;
06/09/2024;17;2.0TD;2;0.000106891719000000;0.149;0.916047601;67.823284;19.184;8.779;39.860284;19.33;0.99031;1.12782;0.75;0.25;86.72375;90.68500;101.96000;73.51000;91.63000;1975.5;275.0;234.0;48.0;11.85;0.154;0.17498;0.04096;0.00;0.000;0.520;0.947;0.000;0.557;34.691;19.56;13.93;28226.0;1199.40;7.72;3.08;1.05;186574.84;19703.60;24859.38;29955.9;6.23;0.66;0.83;05/09/2024 16:12:22;
06/09/2024;18;2.0TD;2;0.000109533886000000;0.150;0.921720251;95.878875;19.184;8.779;67.915875;43.60;0.99031;1.12782;0.75;0.25;86.72375;90.68500;101.96000;73.51000;91.63000;1975.5;275.0;234.0;48.0;11.58;0.154;0.17498;0.04096;0.00;0.000;0.886;0.947;0.000;0.557;59.057;43.60;43.54;26309.4;1327.60;7.45;3.08;1.05;147123.12;48941.20;24859.38;29671.2;4.96;1.65;0.84;05/09/2024 16:12:22;
06/09/2024;19;2.0TD;1;0.000111829249000000;0.149;0.895006301;177.879505;33.081;43.893;100.905505;70.24;0.99031;1.12782;0.75;0.25;86.72375;90.68500;101.96000;73.51000;91.63000;1975.5;275.0;234.0;48.0;12.50;0.926;0.17498;0.04096;0.00;0.000;1.317;0.947;0.000;0.557;87.820;70.20;71.15;23938.4;1188.50;8.37;3.08;1.05;106259.24;116899.20;24859.38;29622.0;3.59;3.95;0.84;05/09/2024 16:12:22;
06/09/2024;20;2.0TD;1;0.000113605029000000;0.152;0.910831232;214.995446;33.081;43.893;138.021446;104.10;0.99031;1.12782;0.75;0.25;86.72375;90.68500;101.96000;73.51000;91.63000;1975.5;275.0;234.0;48.0;10.15;0.926;0.17498;0.04096;0.00;0.000;1.797;0.947;0.000;0.557;119.810;104.41;100.42;20736.5;1719.30;6.02;3.08;1.05;40829.12;109549.44;24859.38;29113.1;1.40;3.76;0.85;05/09/2024 16:12:22;
06/09/2024;21;2.0TD;1;0.000124407044000000;0.153;0.915056032;228.799060;33.081;43.893;151.825060;114.42;0.99031;1.12782;0.75;0.25;86.72375;90.68500;101.96000;73.51000;91.63000;1975.5;275.0;234.0;48.0;11.52;0.926;0.17498;0.04096;0.00;0.000;1.975;0.947;0.000;0.557;131.678;114.81;109.84;20891.7;1782.40;7.39;3.08;1.05;73711.24;119600.00;24859.38;29505.1;2.50;4.05;0.84;05/09/2024 16:12:22;
06/09/2024;22;2.0TD;1;0.000138716480000000;0.149;0.893449496;229.415602;33.081;43.893;152.441602;117.35;0.99031;1.12782;0.75;0.25;86.72375;90.68500;101.96000;73.51000;91.63000;1975.5;275.0;234.0;48.0;9.57;0.926;0.17498;0.04096;0.00;0.000;1.990;0.947;0.000;0.557;132.673;118.20;109.20;20528.0;2141.40;5.44;3.08;1.05;114683.40;21359.60;24859.38;29566.9;3.88;0.72;0.84;05/09/2024 16:12:22;
06/09/2024;23;2.0TD;2;0.000128080644000000;0.156;0.956265212;174.887459;19.184;8.779;146.924459;111.49;0.99031;1.12782;0.75;0.25;86.72375;90.68500;101.96000;73.51000;91.63000;1975.5;275.0;234.0;48.0;10.71;0.154;0.17498;0.04096;0.00;0.000;1.906;0.947;0.000;0.557;127.097;112.46;102.50;19414.9;2102.80;6.58;3.08;1.05;132904.48;23272.40;24859.38;27507.2;4.83;0.85;0.90;05/09/2024 16:12:22;
06/09/2024;24;2.0TD;2;0.000112925424000000;0.161;0.987409233;172.907213;19.184;8.779;144.944213;108.22;0.99031;1.12782;0.75;0.25;86.72375;90.68500;101.96000;73.51000;91.63000;1975.5;275.0;234.0;48.0;11.76;0.154;0.17498;0.04096;0.00;0.000;1.873;0.947;0.000;0.557;124.844;109.14;101.02;17799.9;2263.90;7.63;3.08;1.05;142539.52;25855.20;24859.38;25340.9;5.62;1.02;0.98;05/09/2024 16:12:22;
*
