pvpcdata;
2025;01;13;09;30;37;
23/12/2024;1;2.0TD;3;0.000117220556000000;0.237;1.319383559;69.165386;0.557;2.195;66.413386;17.42;12.01318;0.77779;0.75;0.25;46.57208;94.62480;101.96000;84.74000;90.60000;2715.4;275.0;200.0;53.0;24.40;0.000;0.17498;0.04096;0.00;0.000;0.805;0.947;0.000;0.557;53.689;17.27;20.27;24721.3;1288.30;20.23;3.25;0.92;320295.80;126674.40;24859.38;23333.4;13.73;5.43;1.07;22/12/2024 16:22:51;
23/12/2024;2;2.0TD;3;0.000095063058000000;0.249;1.385187098;61.276487;0.557;2.195;58.524487;11.61;12.01318;0.77779;0.75;0.25;46.57208;94.62480;101.96000;84.74000;90.60000;2715.4;275.0;200.0;53.0;23.48;0.000;0.17498;0.04096;0.00;0.000;0.703;0.947;0.000;0.557;46.857;11.48;14.00;22711.1;1254.00;19.31;3.25;0.92;338928.88;77072.40;0.00;21539.9;15.73;3.58;0.00;22/12/2024 16:22:51;
23/12/2024;3;2.0TD;3;0.000082494450000000;0.254;1.408920641;62.949110;0.557;2.195;60.197110;10.70;12.01318;0.77779;0.75;0.25;46.57208;94.62480;101.96000;84.74000;90.60000;2715.4;275.0;200.0;53.0;25.52;0.000;0.17498;0.04096;0.00;0.000;0.720;0.947;0.000;0.557;48.004;10.19;18.71;22760.3;1451.50;21.35;3.25;0.92;350710.88;82040.00;0.00;20264.8;17.31;4.05;0.00;22/12/2024 16:22:51;
23/12/2024;4;2.0TD;3;0.000075656538000000;0.256;1.423391047;64.384014;0.557;2.195;61.632014;7.71;12.01318;0.77779;0.75;0.25;46.57208;94.62480;101.96000;84.74000;90.60000;2715.4;275.0;200.0;53.0;29.56;0.000;0.17498;0.04096;0.00;0.000;0.736;0.947;0.000;0.557;49.070;7.33;14.00;22549.2;1345.10;25.39;3.25;0.92;384847.08;116600.00;0.00;19749.2;19.49;5.90;0.00;22/12/2024 16:22:51;
23/12/2024;5;2.0TD;3;0.000073241326000000;0.255;1.414215930;63.086219;0.557;2.195;60.334219;6.42;12.01318;0.77779;0.75;0.25;46.57208;94.62480;101.96000;84.74000;90.60000;2715.4;275.0;200.0;53.0;29.87;0.000;0.17498;0.04096;0.00;0.000;0.721;0.947;0.000;0.557;48.075;6.00;14.00;22442.0;1244.30;25.70;3.25;0.92;387294.92;113840.00;0.00;19499.9;19.86;5.84;0.00;22/12/2024 16:22:51;
23/12/2024;6;2.0TD;3;0.000074418817000000;0.244;1.353100005;62.329741;0.557;2.195;59.577741;7.27;12.01318;0.77779;0.75;0.25;46.57208;94.62480;101.96000;84.74000;90.60000;2715.4;275.0;200.0;53.0;28.84;0.000;0.17498;0.04096;0.00;0.000;0.718;0.947;0.000;0.557;47.892;7.07;10.54;22496.3;1350.80;24.67;3.25;0.92;385345.12;116680.00;0.00;20346.9;18.94;5.73;0.00;22/12/2024 16:22:51;
23/12/2024;7;2.0TD;3;0.000081202671000000;0.218;1.213803098;76.022099;0.557;2.195;73.270099;26.32;12.01318;0.77779;0.75;0.25;46.57208;94.62480;101.96000;84.74000;90.60000;2715.4;275.0;200.0;53.0;21.87;0.000;0.17498;0.04096;0.00;0.000;0.902;0.947;0.000;0.557;60.156;25.95;31.95;23055.1;1493.80;17.70;3.25;0.92;257739.08;120667.00;24859.38;22781.1;11.31;5.30;1.09;22/12/2024 16:22:51;
23/12/2024;8;2.0TD;3;0.000097990111000000;0.201;1.114775960;111.615534;0.557;2.195;108.863534;61.61;12.01318;0.77779;0.75;0.25;46.57208;94.62480;101.96000;84.74000;90.60000;2715.4;275.0;200.0;53.0;16.61;0.000;0.17498;0.04096;0.00;0.000;1.360;0.947;0.000;0.557;90.644;61.20;67.20;21344.6;1577.80;12.44;3.25;0.92;132486.28;173886.00;24859.38;26613.8;4.98;6.53;0.93;22/12/2024 16:22:51;
23/12/2024;9;2.0TD;2;0.000110758059000000;0.192;1.175384978;144.570490;19.184;8.779;116.607490;72.83;12.01318;0.77779;0.75;0.25;46.57208;94.62480;101.96000;84.74000;90.60000;2715.4;275.0;200.0;53.0;12.31;0.154;0.17498;0.04096;0.00;0.000;1.467;0.947;0.000;0.557;97.825;72.47;77.47;20388.9;1583.50;8.14;3.25;0.92;122993.80;87304.00;24859.38;28895.7;4.26;3.02;0.86;22/12/2024 16:22:51;
23/12/2024;10;2.0TD;2;0.000122233189000000;0.185;1.135984591;148.807019;19.184;8.779;120.844019;70.93;12.01318;0.77779;0.75;0.25;46.57208;94.62480;101.96000;84.74000;90.60000;2715.4;275.0;200.0;53.0;18.30;0.154;0.17498;0.04096;0.00;0.000;1.530;0.947;0.000;0.557;101.978;70.93;70.93;23335.4;1446.90;14.13;3.25;0.92;185172.88;212352.00;24859.38;29887.4;6.20;7.11;0.83;22/12/2024 16:22:51;
23/12/2024;11;2.0TD;1;0.000131007890000000;0.176;1.054290236;140.119408;33.081;43.893;63.145408;25.16;12.01318;0.77779;0.75;0.25;46.57208;94.62480;101.96000;84.74000;90.60000;2715.4;275.0;200.0;53.0;15.74;0.926;0.17498;0.04096;0.00;0.000;0.805;0.947;0.000;0.557;53.695;25.00;28.10;28314.0;1519.40;11.57;3.25;0.92;266127.72;59484.28;24859.38;30297.9;8.78;1.96;0.82;22/12/2024 16:22:51;
23/12/2024;12;2.0TD;1;0.000129947568000000;0.173;1.035246348;116.260204;33.081;43.893;39.286204;5.11;12.01318;0.77779;0.75;0.25;46.57208;94.62480;101.96000;84.74000;90.60000;2715.4;275.0;200.0;53.0;15.89;0.926;0.17498;0.04096;0.00;0.000;0.502;0.947;0.000;0.557;33.492;5.11;5.11;31559.1;1306.70;11.72;3.25;0.92;309389.44;17680.00;24859.38;30041.5;10.30;0.59;0.83;22/12/2024 16:22:51;
23/12/2024;13;2.0TD;1;0.000127366984000000;0.172;1.031961772;114.133520;33.081;43.893;37.159520;3.32;12.01318;0.77779;0.75;0.25;46.57208;94.62480;101.96000;84.74000;90.60000;2715.4;275.0;200.0;53.0;15.92;0.926;0.17498;0.04096;0.00;0.000;0.476;0.947;0.000;0.557;31.706;3.32;3.32;31545.5;1509.00;11.75;3.25;0.92;311928.72;12316.00;24859.38;29721.1;10.50;0.41;0.84;22/12/2024 16:22:51;
23/12/2024;14;2.0TD;1;0.000134655265000000;0.173;1.035075669;114.057310;33.081;43.893;37.083310;3.32;12.01318;0.77779;0.75;0.25;46.57208;94.62480;101.96000;84.74000;90.60000;2715.4;275.0;200.0;53.0;15.83;0.926;0.17498;0.04096;0.00;0.000;0.474;0.947;0.000;0.557;31.614;3.32;3.32;31718.5;1514.50;11.66;3.25;0.92;311965.68;12276.84;24859.38;29929.8;10.42;0.41;0.83;22/12/2024 16:22:51;
23/12/2024;15;2.0TD;2;0.000136507945000000;0.172;1.054929312;64.536520;19.184;8.779;36.573520;3.60;12.01318;0.77779;0.75;0.25;46.57208;94.62480;101.96000;84.74000;90.60000;2715.4;275.0;200.0;53.0;15.92;0.154;0.17498;0.04096;0.00;0.000;0.468;0.947;0.000;0.557;31.206;3.60;3.60;32284.0;1412.00;11.75;3.25;0.92;311168.84;13005.32;24859.38;29725.3;10.47;0.44;0.84;22/12/2024 16:22:51;
23/12/2024;16;2.0TD;2;0.000128767655000000;0.182;1.114431643;65.028245;19.184;8.779;37.065245;5.00;12.01318;0.77779;0.75;0.25;46.57208;94.62480;101.96000;84.74000;90.60000;2715.4;275.0;200.0;53.0;14.67;0.154;0.17498;0.04096;0.00;0.000;0.470;0.947;0.000;0.557;31.358;5.00;5.00;31730.4;1594.60;10.50;3.25;0.92;265584.68;17576.00;24859.38;29350.1;9.05;0.60;0.85;22/12/2024 16:22:51;
23/12/2024;17;2.0TD;2;0.000126260662000000;0.183;1.122235757;98.232106;19.184;8.779;70.269106;30.90;12.01318;0.77779;0.75;0.25;46.57208;94.62480;101.96000;84.74000;90.60000;2715.4;275.0;200.0;53.0;16.39;0.154;0.17498;0.04096;0.00;0.000;0.891;0.947;0.000;0.557;59.399;30.90;30.90;27560.8;1538.70;12.22;3.25;0.92;217799.04;113150.00;24859.38;29117.9;7.48;3.89;0.85;22/12/2024 16:22:51;
23/12/2024;18;2.0TD;2;0.000134133378000000;0.193;1.184095670;167.293560;19.184;8.779;139.330560;87.19;12.01318;0.77779;0.75;0.25;46.57208;94.62480;101.96000;84.74000;90.60000;2715.4;275.0;200.0;53.0;16.63;0.154;0.17498;0.04096;0.00;0.000;1.752;0.947;0.000;0.557;116.790;87.11;88.61;23096.6;1276.70;12.46;3.25;0.92;128053.84;209416.48;24859.38;29079.3;4.40;7.20;0.85;22/12/2024 16:22:51;
23/12/2024;19;2.0TD;1;0.000156653018000000;0.202;1.207185392;242.532762;33.081;43.893;165.558762;114.54;12.01318;0.77779;0.75;0.25;46.57208;94.62480;101.96000;84.74000;90.60000;2715.4;275.0;200.0;53.0;9.14;0.926;0.17498;0.04096;0.00;0.000;2.066;0.947;0.000;0.557;137.736;114.72;112.72;22072.7;2239.30;4.97;3.25;0.92;100274.40;25256.00;24859.38;30252.4;3.31;0.83;0.82;22/12/2024 16:22:51;
23/12/2024;20;2.0TD;1;0.000169338404000000;0.204;1.218803153;254.029514;33.081;43.893;177.055514;124.89;12.01318;0.77779;0.75;0.25;46.57208;94.62480;101.96000;84.74000;90.60000;2715.4;275.0;200.0;53.0;7.97;0.926;0.17498;0.04096;0.00;0.000;2.206;0.947;0.000;0.557;147.056;124.89;124.89;22124.3;2099.70;3.80;3.25;0.92;67459.12;25000.00;24859.38;30879.4;2.18;0.81;0.81;22/12/2024 16:22:51;
23/12/2024;21;2.0TD;1;0.000180539994000000;0.205;1.229843293;246.469391;33.081;43.893;169.495391;118.97;12.01318;0.77779;0.75;0.25;46.57208;94.62480;101.96000;84.74000;90.60000;2715.4;275.0;200.0;53.0;7.59;0.926;0.17498;0.04096;0.00;0.000;2.110;0.947;0.000;0.557;140.660;118.97;118.97;21869.4;2186.30;3.42;3.25;0.92;62337.80;20800.00;24859.38;31592.6;1.97;0.66;0.79;22/12/2024 16:22:51;
23/12/2024;22;2.0TD;1;0.000186243645000000;0.210;1.254543882;235.723671;33.081;43.893;158.749671;109.37;12.01318;0.77779;0.75;0.25;46.57208;94.62480;101.96000;84.74000;90.60000;2715.4;275.0;200.0;53.0;7.87;0.926;0.17498;0.04096;0.00;0.000;1.968;0.947;0.000;0.557;131.198;109.28;110.58;21229.8;1561.40;3.70;3.25;0.92;73428.80;16480.00;24859.38;30995.7;2.37;0.53;0.80;22/12/2024 16:22:51;
23/12/2024;23;2.0TD;2;0.000174853215000000;0.214;1.311579030;183.809127;19.184;8.779;155.846127;106.13;12.01318;0.77779;0.75;0.25;46.57208;94.62480;101.96000;84.74000;90.60000;2715.4;275.0;200.0;53.0;9.10;0.154;0.17498;0.04096;0.00;0.000;1.926;0.947;0.000;0.557;128.374;105.82;110.56;20876.2;1481.00;4.93;3.25;0.92;77334.16;36560.00;24859.38;28129.6;2.75;1.30;0.88;22/12/2024 16:22:51;
23/12/2024;24;2.0TD;2;0.000148943845000000;0.219;1.342032008;170.515390;19.184;8.779;142.552390;91.22;12.01318;0.77779;0.75;0.25;46.57208;94.62480;101.96000;84.74000;90.60000;2715.4;275.0;200.0;53.0;12.75;0.154;0.17498;0.04096;0.00;0.000;1.754;0.947;0.000;0.557;116.942;90.80;99.38;20164.3;1029.00;8.58;3.25;0.92;76540.20;114708.00;24859.38;25203.6;3.04;4.55;0.99;22/12/2024 16:22:51;
*
