pvpcdata;
2024;09;10;12;18;55;
07/08/2024;1;2.0TD;3;0.000114399838000000;0.172;0.954608323;138.156032;0.557;2.195;135.404032;107.22;-2.09306;0.86521;0.75;0.25;97.42625;89.05400;101.96000;73.51000;75.32000;2616.7;275.0;234.0;57.0;6.67;0.000;0.17498;0.04096;0.00;0.000;1.733;0.947;0.000;0.557;115.532;107.22;107.22;19080.7;1392.80;2.54;3.08;1.05;33065.00;11392.00;24859.38;27357.4;1.21;0.42;0.91;06/08/2024 16:12:00;
07/08/2024;2;2.0TD;3;0.000098529308000000;0.171;0.947706207;138.456204;0.557;2.195;135.704204;107.07;-2.09306;0.86521;0.75;0.25;97.42625;89.05400;101.96000;73.51000;75.32000;2616.7;275.0;234.0;57.0;7.17;0.000;0.17498;0.04096;0.00;0.000;1.738;0.947;0.000;0.557;115.887;107.22;105.22;17615.6;1426.60;3.04;3.08;1.05;37169.72;15872.00;24859.38;25638.0;1.45;0.62;0.97;06/08/2024 16:12:00;
07/08/2024;3;2.0TD;3;0.000088090343000000;0.170;0.945861695;138.911277;0.557;2.195;136.159277;107.21;-2.09306;0.86521;0.75;0.25;97.42625;89.05400;101.96000;73.51000;75.32000;2616.7;275.0;234.0;57.0;7.51;0.000;0.17498;0.04096;0.00;0.000;1.746;0.947;0.000;0.557;116.375;107.21;107.21;17345.8;1301.00;3.38;3.08;1.05;41029.88;15872.00;24859.38;24235.3;1.69;0.65;1.03;06/08/2024 16:12:00;
07/08/2024;4;2.0TD;3;0.000082085595000000;0.170;0.942724868;138.898407;0.557;2.195;136.146407;107.39;-2.09306;0.86521;0.75;0.25;97.42625;89.05400;101.96000;73.51000;75.32000;2616.7;275.0;234.0;57.0;7.32;0.000;0.17498;0.04096;0.00;0.000;1.745;0.947;0.000;0.557;116.364;107.21;110.00;16464.2;1102.80;3.19;3.08;1.05;58366.56;15980.00;0.00;23338.6;2.50;0.68;0.00;06/08/2024 16:12:00;
07/08/2024;5;2.0TD;3;0.000078547307000000;0.169;0.937388077;125.716130;0.557;2.195;122.964130;95.29;-2.09306;0.86521;0.75;0.25;97.42625;89.05400;101.96000;73.51000;75.32000;2616.7;275.0;234.0;57.0;8.41;0.000;0.17498;0.04096;0.00;0.000;1.578;0.947;0.000;0.557;105.187;95.00;100.00;16671.3;1011.20;4.28;3.08;1.05;71445.20;26752.00;0.00;22950.8;3.11;1.17;0.00;06/08/2024 16:12:00;
07/08/2024;6;2.0TD;3;0.000077117114000000;0.167;0.927898368;133.206788;0.557;2.195;130.454788;103.05;-2.09306;0.86521;0.75;0.25;97.42625;89.05400;101.96000;73.51000;75.32000;2616.7;275.0;234.0;57.0;7.15;0.000;0.17498;0.04096;0.00;0.000;1.677;0.947;0.000;0.557;111.786;102.44;114.32;16559.8;891.40;3.02;3.08;1.05;53224.00;15872.00;0.00;22889.3;2.33;0.69;0.00;06/08/2024 16:12:00;
07/08/2024;7;2.0TD;3;0.000078443841000000;0.164;0.909761100;136.333164;0.557;2.195;133.581164;105.23;-2.09306;0.86521;0.75;0.25;97.42625;89.05400;101.96000;73.51000;75.32000;2616.7;275.0;234.0;57.0;7.90;0.000;0.17498;0.04096;0.00;0.000;1.721;0.947;0.000;0.557;114.760;105.00;110.00;16608.9;809.60;3.77;3.08;1.05;51007.20;15872.00;24859.38;24363.8;2.09;0.65;1.02;06/08/2024 16:12:00;
07/08/2024;8;2.0TD;3;0.000079367767000000;0.162;0.900498465;145.813315;0.557;2.195;143.061315;114.97;-2.09306;0.86521;0.75;0.25;97.42625;89.05400;101.96000;73.51000;75.32000;2616.7;275.0;234.0;57.0;6.39;0.000;0.17498;0.04096;0.00;0.000;1.847;0.947;0.000;0.557;123.116;115.10;113.10;17345.9;1179.70;2.26;3.08;1.05;24137.56;10746.56;24859.38;26388.1;0.91;0.41;0.94;06/08/2024 16:12:00;
07/08/2024;9;2.0TD;2;0.000086749022000000;0.149;0.912428700;161.846147;19.184;8.779;133.883147;102.46;-2.09306;0.86521;0.75;0.25;97.42625;89.05400;101.96000;73.51000;75.32000;2616.7;275.0;234.0;57.0;12.25;0.154;0.17498;0.04096;0.00;0.000;1.748;0.947;0.000;0.557;116.521;102.44;102.93;19029.8;988.90;8.12;3.08;1.05;38467.52;161293.60;24859.38;27682.7;1.39;5.83;0.90;06/08/2024 16:12:00;
07/08/2024;10;2.0TD;2;0.000098160197000000;0.141;0.863685473;143.040210;19.184;8.779;115.077210;88.14;-2.09306;0.86521;0.75;0.25;97.42625;89.05400;101.96000;73.51000;75.32000;2616.7;275.0;234.0;57.0;11.14;0.154;0.17498;0.04096;0.00;0.000;1.513;0.947;0.000;0.557;100.856;87.97;92.97;22683.9;813.20;7.01;3.08;1.05;57109.08;120052.80;24859.38;28806.7;1.98;4.17;0.86;06/08/2024 16:12:00;
07/08/2024;11;2.0TD;1;0.000106161665000000;0.147;0.882671275;183.389736;33.081;43.893;106.415736;78.89;-2.09306;0.86521;0.75;0.25;97.42625;89.05400;101.96000;73.51000;75.32000;2616.7;275.0;234.0;57.0;11.66;0.926;0.17498;0.04096;0.00;0.000;1.392;0.947;0.000;0.557;92.777;78.70;83.70;25474.1;1019.10;7.53;3.08;1.05;76048.92;127520.40;24859.38;30326.9;2.51;4.20;0.82;06/08/2024 16:12:00;
07/08/2024;12;2.0TD;1;0.000110584321000000;0.151;0.903128947;182.124123;33.081;43.893;105.150123;79.70;-2.09306;0.86521;0.75;0.25;97.42625;89.05400;101.96000;73.51000;75.32000;2616.7;275.0;234.0;57.0;9.45;0.926;0.17498;0.04096;0.00;0.000;1.370;0.947;0.000;0.557;91.355;79.60;82.60;25901.4;892.00;5.32;3.08;1.05;75806.96;67307.76;24859.38;31564.6;2.40;2.13;0.79;06/08/2024 16:12:00;
07/08/2024;13;2.0TD;1;0.000116413413000000;0.152;0.912549865;183.794871;33.081;43.893;106.820871;81.15;-2.09306;0.86521;0.75;0.25;97.42625;89.05400;101.96000;73.51000;75.32000;2616.7;275.0;234.0;57.0;9.35;0.926;0.17498;0.04096;0.00;0.000;1.391;0.947;0.000;0.557;92.726;81.10;82.65;26201.8;872.50;5.22;3.08;1.05;74335.68;70951.20;24859.38;32591.4;2.28;2.18;0.76;06/08/2024 16:12:00;
07/08/2024;14;2.0TD;1;0.000126758010000000;0.151;0.905312882;184.532015;33.081;43.893;107.558015;82.09;-2.09306;0.86521;0.75;0.25;97.42625;89.05400;101.96000;73.51000;75.32000;2616.7;275.0;234.0;57.0;9.12;0.926;0.17498;0.04096;0.00;0.000;1.402;0.947;0.000;0.557;93.447;82.00;85.00;26498.6;797.80;4.99;3.08;1.05;73390.20;69225.36;24859.38;33522.7;2.19;2.07;0.74;06/08/2024 16:12:00;
07/08/2024;15;2.0TD;2;0.000132171421000000;0.152;0.933348440;135.167487;19.184;8.779;107.204487;82.55;-2.09306;0.86521;0.75;0.25;97.42625;89.05400;101.96000;73.51000;75.32000;2616.7;275.0;234.0;57.0;9.05;0.154;0.17498;0.04096;0.00;0.000;1.396;0.947;0.000;0.557;93.059;82.49;84.54;26633.9;791.00;4.92;3.08;1.05;72812.76;68436.48;24859.38;33773.5;2.16;2.03;0.74;06/08/2024 16:12:00;
07/08/2024;16;2.0TD;2;0.000128515613000000;0.150;0.922020915;131.770568;19.184;8.779;103.807568;79.66;-2.09306;0.86521;0.75;0.25;97.42625;89.05400;101.96000;73.51000;75.32000;2616.7;275.0;234.0;57.0;9.19;0.154;0.17498;0.04096;0.00;0.000;1.354;0.947;0.000;0.557;90.267;79.60;81.65;26707.7;787.30;5.06;3.08;1.05;75668.60;67307.76;24859.38;33148.1;2.28;2.03;0.75;06/08/2024 16:12:00;
07/08/2024;17;2.0TD;2;0.000126662019000000;0.152;0.930916294;132.103167;19.184;8.779;104.140167;79.69;-2.09306;0.86521;0.75;0.25;97.42625;89.05400;101.96000;73.51000;75.32000;2616.7;275.0;234.0;57.0;9.29;0.154;0.17498;0.04096;0.00;0.000;1.356;0.947;0.000;0.557;90.399;79.60;82.60;26619.5;786.60;5.16;3.08;1.05;75663.12;69677.76;24859.38;32983.2;2.29;2.11;0.75;06/08/2024 16:12:00;
07/08/2024;18;2.0TD;2;0.000127817563000000;0.155;0.952156028;135.048190;19.184;8.779;107.085190;82.05;-2.09306;0.86521;0.75;0.25;97.42625;89.05400;101.96000;73.51000;75.32000;2616.7;275.0;234.0;57.0;9.21;0.154;0.17498;0.04096;0.00;0.000;1.391;0.947;0.000;0.557;92.714;82.00;84.05;26276.6;710.80;5.08;3.08;1.05;73571.84;69312.00;24859.38;33006.0;2.23;2.10;0.75;06/08/2024 16:12:00;
07/08/2024;19;2.0TD;1;0.000128498422000000;0.156;0.931898450;189.904161;33.081;43.893;112.930161;84.38;-2.09306;0.86521;0.75;0.25;97.42625;89.05400;101.96000;73.51000;75.32000;2616.7;275.0;234.0;57.0;11.01;0.926;0.17498;0.04096;0.00;0.000;1.465;0.947;0.000;0.557;97.690;84.23;89.11;25654.7;831.00;6.88;3.08;1.05;72225.80;128318.40;24859.38;32763.7;2.20;3.92;0.76;06/08/2024 16:12:00;
07/08/2024;20;2.0TD;1;0.000128057956000000;0.159;0.951631094;196.022366;33.081;43.893;119.048366;89.25;-2.09306;0.86521;0.75;0.25;97.42625;89.05400;101.96000;73.51000;75.32000;2616.7;275.0;234.0;57.0;11.09;0.926;0.17498;0.04096;0.00;0.000;1.541;0.947;0.000;0.557;102.716;89.00;95.79;23809.5;924.60;6.96;3.08;1.05;62396.36;138124.80;24859.38;32380.6;1.93;4.27;0.77;06/08/2024 16:12:00;
07/08/2024;21;2.0TD;1;0.000130612991000000;0.161;0.964590101;226.236166;33.081;43.893;149.262166;115.87;-2.09306;0.86521;0.75;0.25;97.42625;89.05400;101.96000;73.51000;75.32000;2616.7;275.0;234.0;57.0;9.93;0.926;0.17498;0.04096;0.00;0.000;1.928;0.947;0.000;0.557;128.563;116.20;111.20;22376.2;1566.40;5.80;3.08;1.05;94594.88;65362.88;24859.38;31866.9;2.97;2.05;0.78;06/08/2024 16:12:00;
07/08/2024;22;2.0TD;1;0.000146132986000000;0.161;0.964857125;240.887986;33.081;43.893;163.913986;128.20;-2.09306;0.86521;0.75;0.25;97.42625;89.05400;101.96000;73.51000;75.32000;2616.7;275.0;234.0;57.0;10.03;0.926;0.17498;0.04096;0.00;0.000;2.118;0.947;0.000;0.557;141.183;128.90;119.95;22303.7;1906.20;5.90;3.08;1.05;149015.48;15872.00;24859.38;32166.4;4.63;0.49;0.77;06/08/2024 16:12:00;
07/08/2024;23;2.0TD;2;0.000147140717000000;0.166;1.018322758;184.601633;19.184;8.779;156.638633;121.70;-2.09306;0.86521;0.75;0.25;97.42625;89.05400;101.96000;73.51000;75.32000;2616.7;275.0;234.0;57.0;10.56;0.154;0.17498;0.04096;0.00;0.000;2.015;0.947;0.000;0.557;134.338;122.42;113.42;21684.2;1890.20;6.43;3.08;1.05;161115.40;14400.00;24859.38;31148.4;5.17;0.46;0.80;06/08/2024 16:12:00;
07/08/2024;24;2.0TD;2;0.000131060279000000;0.164;1.004491895;177.502604;19.184;8.779;149.539604;114.50;-2.09306;0.86521;0.75;0.25;97.42625;89.05400;101.96000;73.51000;75.32000;2616.7;275.0;234.0;57.0;11.98;0.154;0.17498;0.04096;0.00;0.000;1.927;0.947;0.000;0.557;128.470;115.58;102.59;20610.7;1874.20;7.85;3.08;1.05;189262.32;12544.00;24859.38;28861.9;6.56;0.43;0.86;06/08/2024 16:12:00;
*
