pvpcdata;
2024;08;09;11;56;51;
24/07/2024;1;2.0TD;3;0.000113774635000000;0.174;0.969001235;134.209223;0.557;2.195;131.457223;104.45;-1.48775;0.95218;0.75;0.25;94.88000;88.92900;101.96000;73.51000;74.07000;2394.5;275.0;234.0;61.0;5.54;0.000;0.17498;0.04096;0.00;0.000;1.680;0.947;0.000;0.557;111.973;104.38;105.55;23592.2;1444.80;1.32;3.13;1.09;4513.64;7990.00;24859.38;28362.0;0.16;0.28;0.88;23/07/2024 16:06:07;
24/07/2024;2;2.0TD;3;0.000096778961000000;0.176;0.978092627;129.776210;0.557;2.195;127.024210;100.07;-1.48775;0.95218;0.75;0.25;94.88000;88.92900;101.96000;73.51000;74.07000;2394.5;275.0;234.0;61.0;6.02;0.000;0.17498;0.04096;0.00;0.000;1.620;0.947;0.000;0.557;108.013;100.00;101.20;22054.6;1293.60;1.80;3.13;1.09;7372.84;15852.16;24859.38;26631.5;0.28;0.60;0.93;23/07/2024 16:06:07;
24/07/2024;3;2.0TD;3;0.000085924568000000;0.175;0.974041296;127.091421;0.557;2.195;124.339421;97.89;-1.48775;0.95218;0.75;0.25;94.88000;88.92900;101.96000;73.51000;74.07000;2394.5;275.0;234.0;61.0;6.04;0.000;0.17498;0.04096;0.00;0.000;1.587;0.947;0.000;0.557;105.820;98.00;96.25;20892.2;1416.80;1.82;3.13;1.09;8293.08;13423.20;24859.38;25510.5;0.33;0.53;0.97;23/07/2024 16:06:07;
24/07/2024;4;2.0TD;3;0.000079855291000000;0.174;0.968787134;126.867027;0.557;2.195;124.115027;98.71;-1.48775;0.95218;0.75;0.25;94.88000;88.92900;101.96000;73.51000;74.07000;2394.5;275.0;234.0;61.0;5.12;0.000;0.17498;0.04096;0.00;0.000;1.586;0.947;0.000;0.557;105.719;99.07;94.07;20237.4;1582.60;0.90;3.13;1.09;7796.16;14509.84;0.00;24786.0;0.31;0.59;0.00;23/07/2024 16:06:07;
24/07/2024;5;2.0TD;3;0.000076488614000000;0.173;0.960251718;128.154831;0.557;2.195;125.402831;99.85;-1.48775;0.95218;0.75;0.25;94.88000;88.92900;101.96000;73.51000;74.07000;2394.5;275.0;234.0;61.0;5.15;0.000;0.17498;0.04096;0.00;0.000;1.604;0.947;0.000;0.557;106.907;100.00;98.00;19915.9;1611.10;0.93;3.13;1.09;7374.84;15276.88;0.00;24388.2;0.30;0.63;0.00;23/07/2024 16:06:07;
24/07/2024;6;2.0TD;3;0.000075398002000000;0.168;0.935067888;130.370932;0.557;2.195;127.618932;102.44;-1.48775;0.95218;0.75;0.25;94.88000;88.92900;101.96000;73.51000;74.07000;2394.5;275.0;234.0;61.0;4.88;0.000;0.17498;0.04096;0.00;0.000;1.639;0.947;0.000;0.557;109.262;102.43;102.53;19870.6;1618.10;0.66;3.13;1.09;6285.16;9794.40;0.00;24427.3;0.26;0.40;0.00;23/07/2024 16:06:07;
24/07/2024;7;2.0TD;3;0.000077223738000000;0.159;0.882918510;137.282675;0.557;2.195;134.530675;107.75;-1.48775;0.95218;0.75;0.25;94.88000;88.92900;101.96000;73.51000;74.07000;2394.5;275.0;234.0;61.0;6.28;0.000;0.17498;0.04096;0.00;0.000;1.741;0.947;0.000;0.557;116.074;107.90;105.55;21692.1;1472.00;2.06;3.13;1.09;19046.96;10418.96;24859.38;26354.0;0.72;0.40;0.94;23/07/2024 16:06:07;
24/07/2024;8;2.0TD;3;0.000081022913000000;0.158;0.876093318;140.447214;0.557;2.195;137.695214;110.76;-1.48775;0.95218;0.75;0.25;94.88000;88.92900;101.96000;73.51000;74.07000;2394.5;275.0;234.0;61.0;6.06;0.000;0.17498;0.04096;0.00;0.000;1.784;0.947;0.000;0.557;118.907;110.62;113.29;23043.4;1243.80;1.84;3.13;1.09;15448.12;11186.00;24859.38;27974.6;0.55;0.40;0.89;23/07/2024 16:06:07;
24/07/2024;9;2.0TD;2;0.000092294434000000;0.142;0.873542744;158.414555;19.184;8.779;130.451555;105.30;-1.48775;0.95218;0.75;0.25;94.88000;88.92900;101.96000;73.51000;74.07000;2394.5;275.0;234.0;61.0;6.76;0.154;0.17498;0.04096;0.00;0.000;1.713;0.947;0.000;0.557;114.230;105.30;105.30;24477.1;1539.10;2.54;3.13;1.09;17635.20;32488.56;24859.38;29560.7;0.60;1.10;0.84;23/07/2024 16:06:07;
24/07/2024;10;2.0TD;2;0.000104594080000000;0.141;0.864633393;146.543461;19.184;8.779;118.580461;92.74;-1.48775;0.95218;0.75;0.25;94.88000;88.92900;101.96000;73.51000;74.07000;2394.5;275.0;234.0;61.0;9.17;0.154;0.17498;0.04096;0.00;0.000;1.559;0.947;0.000;0.557;103.926;92.57;96.89;25974.1;1057.00;4.95;3.13;1.09;25568.76;101026.80;24859.38;30571.1;0.84;3.30;0.81;23/07/2024 16:06:07;
24/07/2024;11;2.0TD;1;0.000114255340000000;0.146;0.873235387;188.920763;33.081;43.893;111.946763;84.81;-1.48775;0.95218;0.75;0.25;94.88000;88.92900;101.96000;73.51000;74.07000;2394.5;275.0;234.0;61.0;10.18;0.926;0.17498;0.04096;0.00;0.000;1.465;0.947;0.000;0.557;97.684;84.77;85.77;26306.1;1076.80;5.96;3.13;1.09;39618.48;123045.44;24859.38;31486.8;1.26;3.91;0.79;23/07/2024 16:06:07;
24/07/2024;12;2.0TD;1;0.000119760113000000;0.146;0.875720882;176.507291;33.081;43.893;99.533291;75.80;-1.48775;0.95218;0.75;0.25;94.88000;88.92900;101.96000;73.51000;74.07000;2394.5;275.0;234.0;61.0;8.52;0.926;0.17498;0.04096;0.00;0.000;1.303;0.947;0.000;0.557;86.852;76.00;70.80;27011.8;1076.00;4.30;3.13;1.09;51475.88;64270.08;24859.38;32699.9;1.57;1.97;0.76;23/07/2024 16:06:07;
24/07/2024;13;2.0TD;1;0.000127130219000000;0.147;0.877253066;181.403514;33.081;43.893;104.429514;79.90;-1.48775;0.95218;0.75;0.25;94.88000;88.92900;101.96000;73.51000;74.07000;2394.5;275.0;234.0;61.0;8.55;0.926;0.17498;0.04096;0.00;0.000;1.366;0.947;0.000;0.557;91.045;80.00;77.40;26983.2;1064.80;4.33;3.13;1.09;52051.32;67458.08;24859.38;33355.8;1.56;2.02;0.75;23/07/2024 16:06:07;
24/07/2024;14;2.0TD;1;0.000138152016000000;0.145;0.866301714;183.475928;33.081;43.893;106.501928;81.96;-1.48775;0.95218;0.75;0.25;94.88000;88.92900;101.96000;73.51000;74.07000;2394.5;275.0;234.0;61.0;8.43;0.926;0.17498;0.04096;0.00;0.000;1.395;0.947;0.000;0.557;93.014;82.00;80.95;27213.7;1109.60;4.21;3.13;1.09;49947.96;68669.52;24859.38;34043.2;1.47;2.02;0.73;23/07/2024 16:06:07;
24/07/2024;15;2.0TD;2;0.000143252246000000;0.144;0.885615453;131.118377;19.184;8.779;103.155377;79.95;-1.48775;0.95218;0.75;0.25;94.88000;88.92900;101.96000;73.51000;74.07000;2394.5;275.0;234.0;61.0;8.41;0.154;0.17498;0.04096;0.00;0.000;1.353;0.947;0.000;0.557;90.170;80.00;78.82;27434.7;1093.50;4.19;3.13;1.09;51721.96;67458.08;24859.38;34387.0;1.50;1.96;0.72;23/07/2024 16:06:07;
24/07/2024;16;2.0TD;2;0.000139038758000000;0.142;0.874008366;126.740043;19.184;8.779;98.777043;75.80;-1.48775;0.95218;0.75;0.25;94.88000;88.92900;101.96000;73.51000;74.07000;2394.5;275.0;234.0;61.0;8.94;0.154;0.17498;0.04096;0.00;0.000;1.297;0.947;0.000;0.557;86.494;75.80;75.80;27541.1;1168.30;4.72;3.13;1.09;71171.36;64078.80;24859.38;33855.8;2.10;1.89;0.73;23/07/2024 16:06:07;
24/07/2024;17;2.0TD;2;0.000136112819000000;0.142;0.872685662;126.068547;19.184;8.779;98.105547;75.17;-1.48775;0.95218;0.75;0.25;94.88000;88.92900;101.96000;73.51000;74.07000;2394.5;275.0;234.0;61.0;8.99;0.154;0.17498;0.04096;0.00;0.000;1.289;0.947;0.000;0.557;85.906;75.31;71.31;27541.2;1024.00;4.77;3.13;1.09;71767.84;63696.24;24859.38;33653.0;2.13;1.89;0.74;23/07/2024 16:06:07;
24/07/2024;18;2.0TD;2;0.000136131154000000;0.144;0.885102016;127.192169;19.184;8.779;99.229169;75.99;-1.48775;0.95218;0.75;0.25;94.88000;88.92900;101.96000;73.51000;74.07000;2394.5;275.0;234.0;61.0;8.99;0.154;0.17498;0.04096;0.00;0.000;1.301;0.947;0.000;0.557;86.738;75.99;75.99;27329.9;1193.60;4.77;3.13;1.09;70964.44;64270.08;24859.38;33558.3;2.11;1.92;0.74;23/07/2024 16:06:07;
24/07/2024;19;2.0TD;1;0.000135231243000000;0.145;0.865305796;178.907378;33.081;43.893;101.933378;76.05;-1.48775;0.95218;0.75;0.25;94.88000;88.92900;101.96000;73.51000;74.07000;2394.5;275.0;234.0;61.0;10.41;0.926;0.17498;0.04096;0.00;0.000;1.335;0.947;0.000;0.557;89.024;76.01;77.01;26929.8;1122.70;6.19;3.13;1.09;70337.88;112166.20;24859.38;33501.6;2.10;3.35;0.74;23/07/2024 16:06:07;
24/07/2024;20;2.0TD;1;0.000132919408000000;0.148;0.888942253;202.787664;33.081;43.893;125.813664;99.04;-1.48775;0.95218;0.75;0.25;94.88000;88.92900;101.96000;73.51000;74.07000;2394.5;275.0;234.0;61.0;7.68;0.926;0.17498;0.04096;0.00;0.000;1.644;0.947;0.000;0.557;109.593;99.07;98.16;26567.2;1037.10;3.46;3.13;1.09;44587.20;44871.84;24859.38;33027.7;1.35;1.36;0.75;23/07/2024 16:06:07;
24/07/2024;21;2.0TD;1;0.000133393607000000;0.149;0.895056151;213.033736;33.081;43.893;136.059736;108.80;-1.48775;0.95218;0.75;0.25;94.88000;88.92900;101.96000;73.51000;74.07000;2394.5;275.0;234.0;61.0;6.61;0.926;0.17498;0.04096;0.00;0.000;1.776;0.947;0.000;0.557;118.415;108.98;105.68;26510.5;1491.30;2.39;3.13;1.09;27146.24;27218.56;24859.38;33088.7;0.82;0.82;0.75;23/07/2024 16:06:07;
24/07/2024;22;2.0TD;1;0.000142814989000000;0.151;0.902948546;230.202929;33.081;43.893;153.228929;123.98;-1.48775;0.95218;0.75;0.25;94.88000;88.92900;101.96000;73.51000;74.07000;2394.5;275.0;234.0;61.0;5.92;0.926;0.17498;0.04096;0.00;0.000;1.997;0.947;0.000;0.557;133.126;124.11;121.63;26273.1;1453.20;1.70;3.13;1.09;16208.20;14509.84;24859.38;32646.4;0.50;0.44;0.76;23/07/2024 16:06:07;
24/07/2024;23;2.0TD;2;0.000149000152000000;0.157;0.965430407;166.930020;19.184;8.779;138.967020;111.70;-1.48775;0.95218;0.75;0.25;94.88000;88.92900;101.96000;73.51000;74.07000;2394.5;275.0;234.0;61.0;6.15;0.154;0.17498;0.04096;0.00;0.000;1.802;0.947;0.000;0.557;120.109;111.70;111.70;25819.6;1325.10;1.93;3.13;1.09;25167.40;11491.20;24859.38;31931.6;0.79;0.36;0.78;23/07/2024 16:06:07;
24/07/2024;24;2.0TD;2;0.000134084421000000;0.156;0.954659349;161.551266;19.184;8.779;133.588266;107.01;-1.48775;0.95218;0.75;0.25;94.88000;88.92900;101.96000;73.51000;74.07000;2394.5;275.0;234.0;61.0;6.36;0.154;0.17498;0.04096;0.00;0.000;1.733;0.947;0.000;0.557;115.560;107.11;105.11;23977.3;1327.40;2.14;3.13;1.09;23573.60;14190.24;24859.38;29369.0;0.80;0.48;0.85;23/07/2024 16:06:07;
*
