pvpcdata;
2024;12;11;12;05;39;
22/11/2024;1;2.0TD;3;0.000103732343000000;0.217;1.205695929;124.017737;0.557;2.195;121.265737;87.62;-6.59976;0.97007;0.75;0.25;119.51583;93.11680;101.96000;84.74000;75.52000;2148.3;275.0;200.0;46.0;15.21;0.000;0.17498;0.04096;0.00;0.000;1.495;0.947;0.000;0.557;99.643;87.63;87.43;18805.8;967.50;10.97;3.21;1.03;111040.56;130731.56;24859.38;24293.6;4.57;5.38;1.02;21/11/2024 16:11:05;
22/11/2024;2;2.0TD;3;0.000086231552000000;0.223;1.241600524;122.218517;0.557;2.195;119.466517;84.53;-6.59976;0.97007;0.75;0.25;119.51583;93.11680;101.96000;84.74000;75.52000;2148.3;275.0;200.0;46.0;16.37;0.000;0.17498;0.04096;0.00;0.000;1.465;0.947;0.000;0.557;97.683;84.53;84.53;18420.9;1020.90;12.13;3.21;1.03;115031.64;136082.48;24859.38;22752.7;5.06;5.98;1.09;21/11/2024 16:11:05;
22/11/2024;3;2.0TD;3;0.000076037638000000;0.230;1.278165039;123.076959;0.557;2.195;120.324959;83.19;-6.59976;0.97007;0.75;0.25;119.51583;93.11680;101.96000;84.74000;75.52000;2148.3;275.0;200.0;46.0;17.85;0.000;0.17498;0.04096;0.00;0.000;1.467;0.947;0.000;0.557;97.825;83.20;83.00;18136.6;1167.10;13.61;3.21;1.03;165606.68;106654.40;24859.38;21841.5;7.58;4.88;1.14;21/11/2024 16:11:05;
22/11/2024;4;2.0TD;3;0.000071015811000000;0.232;1.287880669;119.120769;0.557;2.195;116.368769;80.58;-6.59976;0.97007;0.75;0.25;119.51583;93.11680;101.96000;84.74000;75.52000;2148.3;275.0;200.0;46.0;17.14;0.000;0.17498;0.04096;0.00;0.000;1.417;0.947;0.000;0.557;94.455;80.58;80.58;17789.6;1380.00;12.90;3.21;1.03;168477.84;106954.88;0.00;21356.5;7.89;5.01;0.00;21/11/2024 16:11:05;
22/11/2024;5;2.0TD;3;0.000069426712000000;0.232;1.286259007;115.481441;0.557;2.195;112.729441;77.16;-6.59976;0.97007;0.75;0.25;119.51583;93.11680;101.96000;84.74000;75.52000;2148.3;275.0;200.0;46.0;17.65;0.000;0.17498;0.04096;0.00;0.000;1.373;0.947;0.000;0.557;91.501;77.13;77.50;17524.7;1489.70;13.41;3.21;1.03;173072.24;113026.56;0.00;21326.9;8.12;5.30;0.00;21/11/2024 16:11:05;
22/11/2024;6;2.0TD;3;0.000071894641000000;0.223;1.237857890;125.782339;0.557;2.195;123.030339;87.42;-6.59976;0.97007;0.75;0.25;119.51583;93.11680;101.96000;84.74000;75.52000;2148.3;275.0;200.0;46.0;16.35;0.000;0.17498;0.04096;0.00;0.000;1.509;0.947;0.000;0.557;100.597;87.60;85.20;17283.4;1379.30;12.11;3.21;1.03;157801.40;106157.96;0.00;21796.7;7.24;4.87;0.00;21/11/2024 16:11:05;
22/11/2024;7;2.0TD;3;0.000082886906000000;0.203;1.125646924;143.482753;0.557;2.195;140.730753;99.90;-6.59976;0.97007;0.75;0.25;119.51583;93.11680;101.96000;84.74000;75.52000;2148.3;275.0;200.0;46.0;20.01;0.000;0.17498;0.04096;0.00;0.000;1.755;0.947;0.000;0.557;116.983;100.09;97.09;16688.3;1103.00;15.77;3.21;1.03;123866.16;231984.00;24859.38;24139.8;5.13;9.61;1.03;21/11/2024 16:11:05;
22/11/2024;8;2.0TD;3;0.000106581758000000;0.189;1.048402869;174.521087;0.557;2.195;171.769087;129.24;-6.59976;0.97007;0.75;0.25;119.51583;93.11680;101.96000;84.74000;75.52000;2148.3;275.0;200.0;46.0;17.74;0.000;0.17498;0.04096;0.00;0.000;2.167;0.947;0.000;0.557;144.465;129.57;125.56;17281.5;1538.30;13.50;3.21;1.03;63731.60;281499.80;24859.38;27429.0;2.32;10.26;0.91;21/11/2024 16:11:05;
22/11/2024;9;2.0TD;2;0.000115829044000000;0.184;1.127119052;212.501441;19.184;8.779;184.538441;141.10;-6.59976;0.97007;0.75;0.25;119.51583;93.11680;101.96000;84.74000;75.52000;2148.3;275.0;200.0;46.0;16.95;0.154;0.17498;0.04096;0.00;0.000;2.338;0.947;0.000;0.557;155.860;141.31;138.36;18820.4;1420.70;12.71;3.21;1.03;45215.36;298961.56;24859.38;29045.3;1.56;10.29;0.86;21/11/2024 16:11:05;
22/11/2024;10;2.0TD;2;0.000117366260000000;0.165;1.009602230;202.573398;19.184;8.779;174.610398;136.00;-6.59976;0.97007;0.75;0.25;119.51583;93.11680;101.96000;84.74000;75.52000;2148.3;275.0;200.0;46.0;16.16;0.154;0.17498;0.04096;0.00;0.000;2.248;0.947;0.000;0.557;149.880;136.32;132.46;19973.1;1805.10;11.92;3.21;1.03;50663.92;279168.00;24859.38;29755.0;1.70;9.38;0.84;21/11/2024 16:11:05;
22/11/2024;11;2.0TD;1;0.000119354138000000;0.159;0.950393401;227.107580;33.081;43.893;150.133580;116.47;-6.59976;0.97007;0.75;0.25;119.51583;93.11680;101.96000;84.74000;75.52000;2148.3;275.0;200.0;46.0;14.88;0.926;0.17498;0.04096;0.00;0.000;1.943;0.947;0.000;0.557;129.537;116.71;113.71;21070.6;1819.10;10.64;3.21;1.03;77843.08;213136.00;24859.38;29697.7;2.62;7.18;0.84;21/11/2024 16:11:05;
22/11/2024;12;2.0TD;1;0.000117437115000000;0.159;0.951492927;224.613412;33.081;43.893;147.639412;115.00;-6.59976;0.97007;0.75;0.25;119.51583;93.11680;101.96000;84.74000;75.52000;2148.3;275.0;200.0;46.0;14.23;0.926;0.17498;0.04096;0.00;0.000;1.911;0.947;0.000;0.557;127.385;115.00;115.00;21774.7;1951.00;9.99;3.21;1.03;86079.24;182160.00;24859.38;29333.9;2.93;6.21;0.85;21/11/2024 16:11:05;
22/11/2024;13;2.0TD;1;0.000118012703000000;0.158;0.947642175;214.751878;33.081;43.893;137.777878;107.16;-6.59976;0.97007;0.75;0.25;119.51583;93.11680;101.96000;84.74000;75.52000;2148.3;275.0;200.0;46.0;13.79;0.926;0.17498;0.04096;0.00;0.000;1.785;0.947;0.000;0.557;118.979;107.16;107.16;22296.8;1325.80;9.55;3.21;1.03;95602.68;157536.00;24859.38;29108.1;3.28;5.41;0.85;21/11/2024 16:11:05;
22/11/2024;14;2.0TD;1;0.000124810164000000;0.158;0.947823064;203.242516;33.081;43.893;126.268516;97.02;-6.59976;0.97007;0.75;0.25;119.51583;93.11680;101.96000;84.74000;75.52000;2148.3;275.0;200.0;46.0;14.14;0.926;0.17498;0.04096;0.00;0.000;1.636;0.947;0.000;0.557;109.040;97.02;97.02;22475.5;1477.40;9.90;3.21;1.03;108858.04;157056.00;24859.38;29388.9;3.70;5.34;0.85;21/11/2024 16:11:05;
22/11/2024;15;2.0TD;2;0.000127194726000000;0.163;0.997568200;159.956719;19.184;8.779;131.993719;103.94;-6.59976;0.97007;0.75;0.25;119.51583;93.11680;101.96000;84.74000;75.52000;2148.3;275.0;200.0;46.0;12.38;0.154;0.17498;0.04096;0.00;0.000;1.702;0.947;0.000;0.557;113.494;104.00;102.95;22240.5;1327.90;8.14;3.21;1.03;99904.84;111145.92;24859.38;28976.1;3.45;3.84;0.86;21/11/2024 16:11:05;
22/11/2024;16;2.0TD;2;0.000122592304000000;0.171;1.051089791;186.888977;19.184;8.779;158.925977;120.77;-6.59976;0.97007;0.75;0.25;119.51583;93.11680;101.96000;84.74000;75.52000;2148.3;275.0;200.0;46.0;17.44;0.154;0.17498;0.04096;0.00;0.000;2.036;0.947;0.000;0.557;135.718;121.22;115.41;21655.1;1828.80;13.20;3.21;1.03;64580.52;284928.00;24859.38;28370.0;2.28;10.04;0.88;21/11/2024 16:11:05;
22/11/2024;17;2.0TD;2;0.000119681668000000;0.175;1.073943720;201.507174;19.184;8.779;173.544174;138.93;-6.59976;0.97007;0.75;0.25;119.51583;93.11680;101.96000;84.74000;75.52000;2148.3;275.0;200.0;46.0;11.08;0.154;0.17498;0.04096;0.00;0.000;2.215;0.947;0.000;0.557;147.697;140.01;128.38;20437.7;2091.80;6.84;3.21;1.03;31609.88;135360.00;24859.38;28080.1;1.13;4.82;0.89;21/11/2024 16:11:05;
22/11/2024;18;2.0TD;2;0.000126157136000000;0.185;1.134292839;209.782491;19.184;8.779;181.819491;146.89;-6.59976;0.97007;0.75;0.25;119.51583;93.11680;101.96000;84.74000;75.52000;2148.3;275.0;200.0;46.0;8.77;0.154;0.17498;0.04096;0.00;0.000;2.302;0.947;0.000;0.557;153.434;146.89;146.89;20299.2;1818.90;4.53;3.21;1.03;22688.32;79040.00;24859.38;27964.3;0.81;2.83;0.89;21/11/2024 16:11:05;
22/11/2024;19;2.0TD;1;0.000145423011000000;0.189;1.128883766;263.936129;33.081;43.893;186.962129;151.22;-6.59976;0.97007;0.75;0.25;119.51583;93.11680;101.96000;84.74000;75.52000;2148.3;275.0;200.0;46.0;7.42;0.926;0.17498;0.04096;0.00;0.000;2.359;0.947;0.000;0.557;157.243;151.24;151.04;21145.2;1805.50;3.18;3.21;1.03;37619.56;32448.00;24859.38;29782.7;1.26;1.09;0.83;21/11/2024 16:11:05;
22/11/2024;20;2.0TD;1;0.000154437744000000;0.192;1.149574222;275.238370;33.081;43.893;198.264370;160.61;-6.59976;0.97007;0.75;0.25;119.51583;93.11680;101.96000;84.74000;75.52000;2148.3;275.0;200.0;46.0;6.98;0.926;0.17498;0.04096;0.00;0.000;2.495;0.947;0.000;0.557;166.329;160.87;157.37;21636.8;1772.40;2.74;3.21;1.03;28673.96;29360.00;24859.38;30256.2;0.95;0.97;0.82;21/11/2024 16:11:05;
22/11/2024;21;2.0TD;1;0.000161360197000000;0.195;1.165626007;276.222528;33.081;43.893;199.248528;160.88;-6.59976;0.97007;0.75;0.25;119.51583;93.11680;101.96000;84.74000;75.52000;2148.3;275.0;200.0;46.0;7.11;0.926;0.17498;0.04096;0.00;0.000;2.501;0.947;0.000;0.557;166.735;161.26;156.26;21575.9;1755.80;2.87;3.21;1.03;28880.12;33280.00;24859.38;30283.3;0.95;1.10;0.82;21/11/2024 16:11:05;
22/11/2024;22;2.0TD;1;0.000163625232000000;0.198;1.184372979;263.989191;33.081;43.893;187.015191;150.85;-6.59976;0.97007;0.75;0.25;119.51583;93.11680;101.96000;84.74000;75.52000;2148.3;275.0;200.0;46.0;6.67;0.926;0.17498;0.04096;0.00;0.000;2.342;0.947;0.000;0.557;156.106;151.24;146.24;20946.2;1762.60;2.43;3.21;1.03;34979.72;11240.00;24859.38;29194.2;1.20;0.39;0.85;21/11/2024 16:11:05;
22/11/2024;23;2.0TD;2;0.000151542157000000;0.209;1.279208532;207.106780;19.184;8.779;179.143780;143.53;-6.59976;0.97007;0.75;0.25;119.51583;93.11680;101.96000;84.74000;75.52000;2148.3;275.0;200.0;46.0;6.95;0.154;0.17498;0.04096;0.00;0.000;2.223;0.947;0.000;0.557;148.175;143.90;138.90;19516.5;1555.50;2.71;3.21;1.03;27103.00;20440.00;24859.38;26733.2;1.01;0.76;0.93;21/11/2024 16:11:05;
22/11/2024;24;2.0TD;2;0.000131540900000000;0.218;1.339074558;208.266183;19.184;8.779;180.303183;143.50;-6.59976;0.97007;0.75;0.25;119.51583;93.11680;101.96000;84.74000;75.52000;2148.3;275.0;200.0;46.0;6.84;0.154;0.17498;0.04096;0.00;0.000;2.220;0.947;0.000;0.557;148.032;143.90;138.90;17574.8;1535.80;2.60;3.21;1.03;18385.52;20640.00;24859.38;24604.1;0.75;0.84;1.01;21/11/2024 16:11:05;
*
