pvpcdata;
2024;11;12;10;29;28;
29/10/2024;1;2.0TD;3;0.000084283568000000;0.181;1.004291034;113.266498;0.557;2.195;110.514498;70.32;4.92576;1.08058;0.75;0.25;73.40375;93.10680;101.96000;84.74000;75.42000;1924.9;275.0;200.0;45.0;14.81;0.000;0.17498;0.04096;0.00;0.000;1.404;0.947;0.000;0.557;93.577;70.00;75.99;15493.0;881.30;10.57;3.19;1.05;140551.20;75212.80;24859.38;22752.7;6.18;3.31;1.09;28/10/2024 16:10:09;
29/10/2024;2;2.0TD;3;0.000071053450000000;0.187;1.038947700;108.175467;0.557;2.195;105.423467;65.83;4.92576;1.08058;0.75;0.25;73.40375;93.10680;101.96000;84.74000;75.42000;1924.9;275.0;200.0;45.0;14.61;0.000;0.17498;0.04096;0.00;0.000;1.332;0.947;0.000;0.557;88.815;65.14;81.34;16538.1;738.70;10.37;3.19;1.05;146752.96;52542.24;24859.38;21616.8;6.79;2.43;1.15;28/10/2024 16:10:09;
29/10/2024;3;2.0TD;3;0.000064002954000000;0.191;1.061131092;100.478376;0.557;2.195;97.726376;57.68;4.92576;1.08058;0.75;0.25;73.40375;93.10680;101.96000;84.74000;75.42000;1924.9;275.0;200.0;45.0;16.10;0.000;0.17498;0.04096;0.00;0.000;1.231;0.947;0.000;0.557;82.054;56.21;76.63;16851.9;1304.30;11.86;3.19;1.05;162967.92;61464.64;24859.38;21009.9;7.76;2.93;1.18;28/10/2024 16:10:09;
29/10/2024;4;2.0TD;3;0.000060737604000000;0.192;1.065920691;91.557254;0.557;2.195;88.805254;50.64;4.92576;1.08058;0.75;0.25;73.40375;93.10680;101.96000;84.74000;75.42000;1924.9;275.0;200.0;45.0;15.70;0.000;0.17498;0.04096;0.00;0.000;1.118;0.947;0.000;0.557;74.501;49.28;69.28;17317.4;1265.80;11.46;3.19;1.05;177889.80;60827.04;0.00;20829.6;8.54;2.92;0.00;28/10/2024 16:10:09;
29/10/2024;5;2.0TD;3;0.000059534459000000;0.191;1.059037363;90.260787;0.557;2.195;87.508787;49.53;4.92576;1.08058;0.75;0.25;73.40375;93.10680;101.96000;84.74000;75.42000;1924.9;275.0;200.0;45.0;15.80;0.000;0.17498;0.04096;0.00;0.000;1.102;0.947;0.000;0.557;73.475;49.04;59.04;17157.5;887.10;11.56;3.19;1.05;180409.72;59690.40;0.00;20773.0;8.68;2.87;0.00;28/10/2024 16:10:09;
29/10/2024;6;2.0TD;3;0.000061033644000000;0.186;1.035382991;100.621967;0.557;2.195;97.869967;59.15;4.92576;1.08058;0.75;0.25;73.40375;93.10680;101.96000;84.74000;75.42000;1924.9;275.0;200.0;45.0;15.09;0.000;0.17498;0.04096;0.00;0.000;1.238;0.947;0.000;0.557;82.521;58.40;73.18;16543.1;881.00;10.85;3.19;1.05;167053.48;63571.20;0.00;21259.8;7.86;2.99;0.00;28/10/2024 16:10:09;
29/10/2024;7;2.0TD;3;0.000069565425000000;0.173;0.959626593;112.219940;0.557;2.195;109.467940;71.20;4.92576;1.08058;0.75;0.25;73.40375;93.10680;101.96000;84.74000;75.42000;1924.9;275.0;200.0;45.0;13.68;0.000;0.17498;0.04096;0.00;0.000;1.400;0.947;0.000;0.557;93.323;70.84;78.80;18192.9;873.60;9.44;3.19;1.05;106325.84;91950.72;24859.38;23634.5;4.50;3.89;1.05;28/10/2024 16:10:09;
29/10/2024;8;2.0TD;3;0.000089143719000000;0.163;0.904868760;126.069602;0.557;2.195;123.317602;83.59;4.92576;1.08058;0.75;0.25;73.40375;93.10680;101.96000;84.74000;75.42000;1924.9;275.0;200.0;45.0;13.81;0.000;0.17498;0.04096;0.00;0.000;1.591;0.947;0.000;0.557;106.034;83.09;93.09;19106.5;1003.50;9.57;3.19;1.05;75848.64;156879.60;24859.38;26891.7;2.82;5.83;0.92;28/10/2024 16:10:09;
29/10/2024;9;2.0TD;2;0.000096469085000000;0.188;1.154877450;163.342790;19.184;8.779;135.379790;91.64;4.92576;1.08058;0.75;0.25;73.40375;93.10680;101.96000;84.74000;75.42000;1924.9;275.0;200.0;45.0;13.41;0.154;0.17498;0.04096;0.00;0.000;1.709;0.947;0.000;0.557;113.956;91.36;96.36;20266.6;1192.70;9.17;3.19;1.05;87294.84;150074.48;24859.38;28600.3;3.05;5.25;0.87;28/10/2024 16:10:09;
29/10/2024;10;2.0TD;2;0.000096257049000000;0.150;0.921696139;135.860660;19.184;8.779;107.897660;72.73;4.92576;1.08058;0.75;0.25;73.40375;93.10680;101.96000;84.74000;75.42000;1924.9;275.0;200.0;45.0;12.49;0.154;0.17498;0.04096;0.00;0.000;1.407;0.947;0.000;0.557;93.824;72.40;79.65;20644.2;989.80;8.25;3.19;1.05;114410.84;101144.80;24859.38;29113.6;3.93;3.47;0.85;28/10/2024 16:10:09;
29/10/2024;11;2.0TD;1;0.000098042020000000;0.150;0.896670667;186.812860;33.081;43.893;109.838860;73.85;4.92576;1.08058;0.75;0.25;73.40375;93.10680;101.96000;84.74000;75.42000;1924.9;275.0;200.0;45.0;12.26;0.926;0.17498;0.04096;0.00;0.000;1.433;0.947;0.000;0.557;95.512;73.61;79.60;20271.0;834.80;8.02;3.19;1.05;117443.36;91239.68;24859.38;29100.6;4.04;3.14;0.85;28/10/2024 16:10:09;
29/10/2024;12;2.0TD;1;0.000097895650000000;0.151;0.903102674;184.010154;33.081;43.893;107.036154;71.41;4.92576;1.08058;0.75;0.25;73.40375;93.10680;101.96000;84.74000;75.42000;1924.9;275.0;200.0;45.0;12.22;0.926;0.17498;0.04096;0.00;0.000;1.395;0.947;0.000;0.557;92.994;71.10;78.21;22370.4;1017.20;7.98;3.19;1.05;124834.12;80637.12;24859.38;28874.3;4.32;2.79;0.86;28/10/2024 16:10:09;
29/10/2024;13;2.0TD;1;0.000100352997000000;0.147;0.882283705;183.079588;33.081;43.893;106.105588;71.48;4.92576;1.08058;0.75;0.25;73.40375;93.10680;101.96000;84.74000;75.42000;1924.9;275.0;200.0;45.0;11.67;0.926;0.17498;0.04096;0.00;0.000;1.388;0.947;0.000;0.557;92.507;71.10;79.79;22894.5;1035.50;7.43;3.19;1.05;124683.16;66905.92;24859.38;29112.0;4.28;2.30;0.85;28/10/2024 16:10:09;
29/10/2024;14;2.0TD;1;0.000106511289000000;0.148;0.886469350;182.798996;33.081;43.893;105.824996;71.31;4.92576;1.08058;0.75;0.25;73.40375;93.10680;101.96000;84.74000;75.42000;1924.9;275.0;200.0;45.0;11.52;0.926;0.17498;0.04096;0.00;0.000;1.383;0.947;0.000;0.557;92.182;71.00;78.16;23048.3;1040.00;7.28;3.19;1.05;124943.44;63632.48;24859.38;29332.3;4.26;2.17;0.85;28/10/2024 16:10:09;
29/10/2024;15;2.0TD;2;0.000105945409000000;0.172;1.054843829;135.961689;19.184;8.779;107.998689;71.59;4.92576;1.08058;0.75;0.25;73.40375;93.10680;101.96000;84.74000;75.42000;1924.9;275.0;200.0;45.0;11.98;0.154;0.17498;0.04096;0.00;0.000;1.382;0.947;0.000;0.557;92.149;70.84;87.84;21320.8;981.90;7.74;3.19;1.05;125435.92;73066.56;24859.38;28866.2;4.35;2.53;0.86;28/10/2024 16:10:09;
29/10/2024;16;2.0TD;2;0.000099031023000000;0.181;1.108204218;139.141220;19.184;8.779;111.178220;71.44;4.92576;1.08058;0.75;0.25;73.40375;93.10680;101.96000;84.74000;75.42000;1924.9;275.0;200.0;45.0;14.09;0.154;0.17498;0.04096;0.00;0.000;1.412;0.947;0.000;0.557;94.139;71.10;79.10;20800.6;935.00;9.85;3.19;1.05;124867.20;128380.00;24859.38;28233.8;4.42;4.55;0.88;28/10/2024 16:10:09;
29/10/2024;17;2.0TD;2;0.000095855033000000;0.188;1.153345129;143.105210;19.184;8.779;115.142210;74.12;4.92576;1.08058;0.75;0.25;73.40375;93.10680;101.96000;84.74000;75.42000;1924.9;275.0;200.0;45.0;14.15;0.154;0.17498;0.04096;0.00;0.000;1.454;0.947;0.000;0.557;96.921;73.61;85.61;19481.8;868.30;9.91;3.19;1.05;117644.56;133712.88;24859.38;27862.0;4.22;4.80;0.89;28/10/2024 16:10:09;
29/10/2024;18;2.0TD;2;0.000100054528000000;0.188;1.154259446;143.237078;19.184;8.779;115.274078;75.60;4.92576;1.08058;0.75;0.25;73.40375;93.10680;101.96000;84.74000;75.42000;1924.9;275.0;200.0;45.0;12.78;0.154;0.17498;0.04096;0.00;0.000;1.455;0.947;0.000;0.557;97.032;74.70;94.10;19672.4;957.30;8.54;3.19;1.05;111754.68;103890.56;24859.38;28138.0;3.97;3.69;0.88;28/10/2024 16:10:09;
29/10/2024;19;2.0TD;1;0.000111161591000000;0.167;0.998701906;201.859398;33.081;43.893;124.885398;85.14;4.92576;1.08058;0.75;0.25;73.40375;93.10680;101.96000;84.74000;75.42000;1924.9;275.0;200.0;45.0;12.30;0.926;0.17498;0.04096;0.00;0.000;1.605;0.947;0.000;0.557;107.014;85.00;88.00;20205.4;1018.40;8.06;3.19;1.05;153080.72;57096.00;24859.38;29146.8;5.25;1.96;0.85;28/10/2024 16:10:09;
29/10/2024;20;2.0TD;1;0.000126687640000000;0.168;1.003520887;210.267389;33.081;43.893;133.293389;93.43;4.92576;1.08058;0.75;0.25;73.40375;93.10680;101.96000;84.74000;75.42000;1924.9;275.0;200.0;45.0;11.01;0.926;0.17498;0.04096;0.00;0.000;1.712;0.947;0.000;0.557;114.121;93.34;95.10;20758.3;1092.40;6.77;3.19;1.05;139700.28;38041.92;24859.38;29927.8;4.67;1.27;0.83;28/10/2024 16:10:09;
29/10/2024;21;2.0TD;1;0.000145032329000000;0.167;0.998337376;215.543640;33.081;43.893;138.569640;98.78;4.92576;1.08058;0.75;0.25;73.40375;93.10680;101.96000;84.74000;75.42000;1924.9;275.0;200.0;45.0;10.21;0.926;0.17498;0.04096;0.00;0.000;1.781;0.947;0.000;0.557;118.740;98.61;101.61;21022.2;1244.30;5.97;3.19;1.05;127859.36;28582.72;24859.38;30395.7;4.21;0.94;0.82;28/10/2024 16:10:09;
29/10/2024;22;2.0TD;1;0.000145588632000000;0.169;1.013340319;205.136207;33.081;43.893;128.162207;90.20;4.92576;1.08058;0.75;0.25;73.40375;93.10680;101.96000;84.74000;75.42000;1924.9;275.0;200.0;45.0;9.82;0.926;0.17498;0.04096;0.00;0.000;1.645;0.947;0.000;0.557;109.634;90.00;93.55;19744.0;1183.90;5.58;3.19;1.05;96296.32;42315.20;24859.38;29299.4;3.29;1.44;0.85;28/10/2024 16:10:09;
29/10/2024;23;2.0TD;2;0.000127201531000000;0.200;1.224511173;151.773062;19.184;8.779;123.810062;83.22;4.92576;1.08058;0.75;0.25;73.40375;93.10680;101.96000;84.74000;75.42000;1924.9;275.0;200.0;45.0;11.21;0.154;0.17498;0.04096;0.00;0.000;1.548;0.947;0.000;0.557;103.175;83.22;83.22;17918.9;1491.70;6.97;3.19;1.05;103922.12;59820.00;24859.38;27069.9;3.84;2.21;0.92;28/10/2024 16:10:09;
29/10/2024;24;2.0TD;2;0.000105743752000000;0.210;1.286986986;137.228483;19.184;8.779;109.265483;68.98;4.92576;1.08058;0.75;0.25;73.40375;93.10680;101.96000;84.74000;75.42000;1924.9;275.0;200.0;45.0;12.77;0.154;0.17498;0.04096;0.00;0.000;1.355;0.947;0.000;0.557;90.302;68.70;73.71;20281.7;1205.20;8.53;3.19;1.05;91123.16;93319.20;24859.38;24541.7;3.71;3.80;1.01;28/10/2024 16:10:09;
*
