pvpcdata;
2025;01;13;09;30;31;
16/12/2024;1;2.0TD;3;0.000125805795000000;0.237;1.319383559;153.778618;0.557;2.195;151.026618;109.54;-6.55922;0.77759;0.75;0.25;120.86167;94.62480;101.96000;84.74000;90.60000;2716.1;275.0;200.0;53.0;14.10;0.000;0.17498;0.04096;0.00;0.000;1.831;0.947;0.000;0.557;122.091;110.00;103.69;17190.6;1342.30;9.93;3.25;0.92;131495.28;82960.00;24859.38;24103.1;5.46;3.44;1.03;15/12/2024 16:07:29;
16/12/2024;2;2.0TD;3;0.000103485435000000;0.249;1.385187098;147.825899;0.557;2.195;145.073899;103.46;-6.55922;0.77759;0.75;0.25;120.86167;94.62480;101.96000;84.74000;90.60000;2716.1;275.0;200.0;53.0;14.33;0.000;0.17498;0.04096;0.00;0.000;1.742;0.947;0.000;0.557;116.152;103.51;102.84;15621.7;1146.40;10.16;3.25;0.92;146028.72;80360.00;0.00;22279.0;6.55;3.61;0.00;15/12/2024 16:07:29;
16/12/2024;3;2.0TD;3;0.000090992922000000;0.254;1.408920641;147.427286;0.557;2.195;144.675286;101.27;-6.55922;0.77759;0.75;0.25;120.86167;94.62480;101.96000;84.74000;90.60000;2716.1;275.0;200.0;53.0;15.75;0.000;0.17498;0.04096;0.00;0.000;1.731;0.947;0.000;0.557;115.371;101.20;102.21;14614.9;1033.70;11.58;3.25;0.92;161442.00;84727.04;0.00;21253.9;7.60;3.99;0.00;15/12/2024 16:07:29;
16/12/2024;4;2.0TD;3;0.000084495178000000;0.256;1.423391047;148.549788;0.557;2.195;145.797788;100.70;-6.55922;0.77759;0.75;0.25;120.86167;94.62480;101.96000;84.74000;90.60000;2716.1;275.0;200.0;53.0;17.02;0.000;0.17498;0.04096;0.00;0.000;1.741;0.947;0.000;0.557;116.081;100.63;101.70;14092.8;999.30;12.85;3.25;0.92;176532.32;91166.80;0.00;20829.0;8.48;4.38;0.00;15/12/2024 16:07:29;
16/12/2024;5;2.0TD;3;0.000082400363000000;0.255;1.414215930;148.893037;0.557;2.195;146.141037;100.15;-6.55922;0.77759;0.75;0.25;120.86167;94.62480;101.96000;84.74000;90.60000;2716.1;275.0;200.0;53.0;17.93;0.000;0.17498;0.04096;0.00;0.000;1.747;0.947;0.000;0.557;116.447;100.14;100.24;14092.0;956.70;13.76;3.25;0.92;177364.96;111200.00;0.00;20973.8;8.46;5.30;0.00;15/12/2024 16:07:29;
16/12/2024;6;2.0TD;3;0.000084631004000000;0.244;1.353100005;144.896467;0.557;2.195;142.144467;99.15;-6.55922;0.77759;0.75;0.25;120.86167;94.62480;101.96000;84.74000;90.60000;2716.1;275.0;200.0;53.0;16.78;0.000;0.17498;0.04096;0.00;0.000;1.714;0.947;0.000;0.557;114.264;99.14;99.24;14195.9;1063.50;12.61;3.25;0.92;178780.16;94840.00;0.00;21704.1;8.24;4.37;0.00;15/12/2024 16:07:29;
16/12/2024;7;2.0TD;3;0.000096092981000000;0.218;1.213803098;157.617096;0.557;2.195;154.865096;110.91;-6.55922;0.77759;0.75;0.25;120.86167;94.62480;101.96000;84.74000;90.60000;2716.1;275.0;200.0;53.0;17.71;0.000;0.17498;0.04096;0.00;0.000;1.907;0.947;0.000;0.557;127.147;110.90;111.00;16211.7;1194.90;13.54;3.25;0.92;167702.56;144192.00;24859.38;24866.7;6.74;5.80;1.00;15/12/2024 16:07:29;
16/12/2024;8;2.0TD;3;0.000121043593000000;0.201;1.114775960;176.306157;0.557;2.195;173.554157;131.30;-6.55922;0.77759;0.75;0.25;120.86167;94.62480;101.96000;84.74000;90.60000;2716.1;275.0;200.0;53.0;14.42;0.000;0.17498;0.04096;0.00;0.000;2.168;0.947;0.000;0.557;144.508;131.15;134.15;20111.8;1092.50;10.25;3.25;0.92;49523.08;226176.00;24859.38;29328.5;1.69;7.71;0.85;15/12/2024 16:07:29;
16/12/2024;9;2.0TD;2;0.000137354539000000;0.192;1.175384978;210.906441;19.184;8.779;182.943441;141.29;-6.55922;0.77759;0.75;0.25;120.86167;94.62480;101.96000;84.74000;90.60000;2716.1;275.0;200.0;53.0;13.11;0.154;0.17498;0.04096;0.00;0.000;2.302;0.947;0.000;0.557;153.476;141.04;146.28;23028.2;1133.10;8.94;3.25;0.92;23216.12;236544.00;24859.38;31818.8;0.73;7.43;0.78;15/12/2024 16:07:29;
16/12/2024;10;2.0TD;2;0.000145499904000000;0.185;1.135984591;203.046799;19.184;8.779;175.083799;135.25;-6.55922;0.77759;0.75;0.25;120.86167;94.62480;101.96000;84.74000;90.60000;2716.1;275.0;200.0;53.0;13.51;0.154;0.17498;0.04096;0.00;0.000;2.216;0.947;0.000;0.557;147.750;135.22;135.97;24050.6;1139.60;9.34;3.25;0.92;28825.08;254400.00;24859.38;32990.2;0.87;7.71;0.75;15/12/2024 16:07:29;
16/12/2024;11;2.0TD;1;0.000151891019000000;0.176;1.054290236;221.766696;33.081;43.893;144.792696;111.72;-6.55922;0.77759;0.75;0.25;120.86167;94.62480;101.96000;84.74000;90.60000;2716.1;275.0;200.0;53.0;12.01;0.926;0.17498;0.04096;0.00;0.000;1.847;0.947;0.000;0.557;123.123;111.60;114.10;23808.8;1161.30;7.84;3.25;0.92;52242.60;180368.00;24859.38;32858.3;1.59;5.49;0.76;15/12/2024 16:07:29;
16/12/2024;12;2.0TD;1;0.000149739281000000;0.173;1.035246348;203.521980;33.081;43.893;126.547980;97.14;-6.55922;0.77759;0.75;0.25;120.86167;94.62480;101.96000;84.74000;90.60000;2716.1;275.0;200.0;53.0;11.58;0.926;0.17498;0.04096;0.00;0.000;1.618;0.947;0.000;0.557;107.884;97.14;97.14;23662.4;1253.70;7.41;3.25;0.92;63464.72;153888.00;24859.38;32687.0;1.94;4.71;0.76;15/12/2024 16:07:29;
16/12/2024;13;2.0TD;1;0.000148527257000000;0.172;1.031961772;201.427556;33.081;43.893;124.453556;95.40;-6.55922;0.77759;0.75;0.25;120.86167;94.62480;101.96000;84.74000;90.60000;2716.1;275.0;200.0;53.0;11.65;0.926;0.17498;0.04096;0.00;0.000;1.593;0.947;0.000;0.557;106.189;95.19;100.19;24433.3;1046.60;7.48;3.25;0.92;64358.80;152253.60;24859.38;32283.4;1.99;4.72;0.77;15/12/2024 16:07:29;
16/12/2024;14;2.0TD;1;0.000155605526000000;0.173;1.035075669;203.034012;33.081;43.893;126.060012;96.58;-6.55922;0.77759;0.75;0.25;120.86167;94.62480;101.96000;84.74000;90.60000;2716.1;275.0;200.0;53.0;11.73;0.926;0.17498;0.04096;0.00;0.000;1.612;0.947;0.000;0.557;107.468;96.43;100.01;24316.4;1050.20;7.56;3.25;0.92;67786.00;151579.28;24859.38;32310.1;2.10;4.69;0.77;15/12/2024 16:07:29;
16/12/2024;15;2.0TD;2;0.000157620614000000;0.172;1.054929312;153.365876;19.184;8.779;125.402876;96.98;-6.55922;0.77759;0.75;0.25;120.86167;94.62480;101.96000;84.74000;90.60000;2716.1;275.0;200.0;53.0;11.64;0.154;0.17498;0.04096;0.00;0.000;1.605;0.947;0.000;0.557;106.999;96.89;98.88;24136.8;1173.70;7.47;3.25;0.92;65058.44;151584.00;24859.38;32342.3;2.01;4.69;0.77;15/12/2024 16:07:29;
16/12/2024;16;2.0TD;2;0.000150948134000000;0.182;1.114431643;161.984119;19.184;8.779;134.021119;101.83;-6.55922;0.77759;0.75;0.25;120.86167;94.62480;101.96000;84.74000;90.60000;2716.1;275.0;200.0;53.0;13.08;0.154;0.17498;0.04096;0.00;0.000;1.701;0.947;0.000;0.557;113.385;101.83;101.83;24089.6;1292.60;8.91;3.25;0.92;41882.76;218504.24;24859.38;32029.9;1.31;6.82;0.78;15/12/2024 16:07:29;
16/12/2024;17;2.0TD;2;0.000147570486000000;0.183;1.122235757;184.856058;19.184;8.779;156.893058;121.50;-6.55922;0.77759;0.75;0.25;120.86167;94.62480;101.96000;84.74000;90.60000;2716.1;275.0;200.0;53.0;12.36;0.154;0.17498;0.04096;0.00;0.000;1.989;0.947;0.000;0.557;132.623;121.50;121.50;24306.5;1252.00;8.19;3.25;0.92;28087.92;208192.00;24859.38;31865.6;0.88;6.53;0.78;15/12/2024 16:07:29;
16/12/2024;18;2.0TD;2;0.000156098930000000;0.193;1.184095670;203.066817;19.184;8.779;175.103817;137.90;-6.55922;0.77759;0.75;0.25;120.86167;94.62480;101.96000;84.74000;90.60000;2716.1;275.0;200.0;53.0;9.90;0.154;0.17498;0.04096;0.00;0.000;2.202;0.947;0.000;0.557;146.776;137.80;139.81;24054.4;1324.30;5.73;3.25;0.92;15243.12;147008.00;24859.38;32649.2;0.47;4.50;0.76;15/12/2024 16:07:29;
16/12/2024;19;2.0TD;1;0.000178937115000000;0.202;1.207185392;283.273309;33.081;43.893;206.299309;163.60;-6.55922;0.77759;0.75;0.25;120.86167;94.62480;101.96000;84.74000;90.60000;2716.1;275.0;200.0;53.0;7.91;0.926;0.17498;0.04096;0.00;0.000;2.574;0.947;0.000;0.557;171.630;163.43;167.00;24886.4;1257.70;3.74;3.25;0.92;4326.12;97632.00;24859.38;33881.3;0.13;2.88;0.73;15/12/2024 16:07:29;
16/12/2024;20;2.0TD;1;0.000192216685000000;0.204;1.218803153;284.448534;33.081;43.893;207.474534;165.75;-6.55922;0.77759;0.75;0.25;120.86167;94.62480;101.96000;84.74000;90.60000;2716.1;275.0;200.0;53.0;6.44;0.926;0.17498;0.04096;0.00;0.000;2.585;0.947;0.000;0.557;172.321;165.23;175.29;25214.4;1368.50;2.27;3.25;0.92;5472.00;47960.00;24859.38;34412.4;0.16;1.39;0.72;15/12/2024 16:07:29;
16/12/2024;21;2.0TD;1;0.000205128950000000;0.205;1.229843293;286.382565;33.081;43.893;209.408565;167.22;-6.55922;0.77759;0.75;0.25;120.86167;94.62480;101.96000;84.74000;90.60000;2716.1;275.0;200.0;53.0;6.41;0.926;0.17498;0.04096;0.00;0.000;2.607;0.947;0.000;0.557;173.783;166.89;173.74;25387.6;1279.20;2.24;3.25;0.92;4738.88;48760.00;24859.38;35077.9;0.14;1.39;0.71;15/12/2024 16:07:29;
16/12/2024;22;2.0TD;1;0.000208697419000000;0.210;1.254543882;269.966630;33.081;43.893;192.992630;153.28;-6.55922;0.77759;0.75;0.25;120.86167;94.62480;101.96000;84.74000;90.60000;2716.1;275.0;200.0;53.0;6.28;0.926;0.17498;0.04096;0.00;0.000;2.392;0.947;0.000;0.557;159.498;152.94;160.00;24224.8;1225.80;2.11;3.25;0.92;7868.40;39280.00;24859.38;34079.4;0.23;1.15;0.73;15/12/2024 16:07:29;
16/12/2024;23;2.0TD;2;0.000190860468000000;0.214;1.311579030;199.345858;19.184;8.779;171.382858;135.73;-6.55922;0.77759;0.75;0.25;120.86167;94.62480;101.96000;84.74000;90.60000;2716.1;275.0;200.0;53.0;6.55;0.154;0.17498;0.04096;0.00;0.000;2.118;0.947;0.000;0.557;141.172;135.50;140.39;23012.6;1154.20;2.38;3.25;0.92;9809.88;38920.00;24859.38;30927.0;0.32;1.26;0.80;15/12/2024 16:07:29;
16/12/2024;24;2.0TD;2;0.000159745471000000;0.219;1.342032008;188.616279;19.184;8.779;160.653279;125.66;-6.55922;0.77759;0.75;0.25;120.86167;94.62480;101.96000;84.74000;90.60000;2716.1;275.0;200.0;53.0;7.38;0.154;0.17498;0.04096;0.00;0.000;1.977;0.947;0.000;0.557;131.791;125.38;131.58;20567.7;969.60;3.21;3.25;0.92;12285.80;51160.00;24859.38;27489.2;0.45;1.86;0.90;15/12/2024 16:07:29;
*
