pvpcdata;
2024;04;10;12;05;51;
24/03/2024;1;2.0TD;3;0.000114592392000000;0.224;1.246886208;60.885949;0.557;2.195;58.133949;-0.11;21.78673;0.98972;0.75;0.25;6.69167;93.83860;101.96000;97.42000;37.09000;2012.7;275.0;177.0;46.0;23.61;0.000;0.17498;0.04096;0.00;0.000;0.000;0.712;0.947;0.000;0.557;47.495;0.16;-3.00;18284.7;1752.10;18.80;3.40;1.41;343413.28;31232.16;24859.38;21255.9;16.16;1.47;1.17;23/03/2024 18:24:30;
24/03/2024;2;2.0TD;3;0.000097389041000000;0.255;1.414851429;62.931831;0.557;2.195;60.179831;-0.26;21.78673;0.98972;0.75;0.25;6.69167;93.83860;101.96000;97.42000;37.09000;2012.7;275.0;177.0;46.0;24.21;0.000;0.17498;0.04096;0.00;0.000;0.000;0.719;0.947;0.000;0.557;47.952;0.00;-3.00;17642.7;1706.40;19.40;3.40;1.41;343438.84;45302.40;0.00;20035.7;17.14;2.26;0.00;23/03/2024 18:24:30;
24/03/2024;3;2.0TD;3;0.000085812036000000;0.242;1.344206666;62.384216;0.557;2.195;59.632216;-0.27;21.78673;0.98972;0.75;0.25;6.69167;93.83860;101.96000;97.42000;37.09000;2012.7;275.0;177.0;46.0;24.28;0.000;0.17498;0.04096;0.00;0.000;0.000;0.720;0.947;0.000;0.557;48.013;0.00;-3.00;16829.8;1680.60;19.47;3.40;1.41;353992.60;15870.00;0.00;18992.2;18.64;0.84;0.00;23/03/2024 18:24:30;
24/03/2024;4;2.0TD;3;0.000076439406000000;0.247;1.374170463;66.992522;0.557;2.195;64.240522;-0.27;21.78673;0.98972;0.75;0.25;6.69167;93.83860;101.96000;97.42000;37.09000;2012.7;275.0;177.0;46.0;27.73;0.000;0.17498;0.04096;0.00;0.000;0.000;0.773;0.947;0.000;0.557;51.516;0.00;-3.00;16634.5;1702.30;22.92;3.40;1.41;384146.20;38571.52;0.00;18443.2;20.83;2.09;0.00;23/03/2024 18:24:30;
24/03/2024;5;2.0TD;3;0.000072892511000000;0.250;1.386515723;66.245821;0.557;2.195;63.493821;-0.28;21.78673;0.98972;0.75;0.25;6.69167;93.83860;101.96000;97.42000;37.09000;2012.7;275.0;177.0;46.0;27.03;0.000;0.17498;0.04096;0.00;0.000;0.000;0.762;0.947;0.000;0.557;50.795;0.00;-3.00;15753.9;1670.00;22.22;3.40;1.41;384146.20;21075.36;0.00;18233.2;21.07;1.16;0.00;23/03/2024 18:24:30;
24/03/2024;6;2.0TD;3;0.000072580877000000;0.248;1.377986054;68.133542;0.557;2.195;65.381542;-0.25;21.78673;0.98972;0.75;0.25;6.69167;93.83860;101.96000;97.42000;37.09000;2012.7;275.0;177.0;46.0;28.57;0.000;0.17498;0.04096;0.00;0.000;0.000;0.786;0.947;0.000;0.557;52.389;0.00;-3.00;17341.7;1654.10;23.76;3.40;1.41;384146.20;49958.76;0.00;18269.8;21.03;2.73;0.00;23/03/2024 18:24:30;
24/03/2024;7;2.0TD;3;0.000074285052000000;0.242;1.342969661;66.974648;0.557;2.195;64.222648;-0.25;21.78673;0.98972;0.75;0.25;6.69167;93.83860;101.96000;97.42000;37.09000;2012.7;275.0;177.0;46.0;27.90;0.000;0.17498;0.04096;0.00;0.000;0.000;0.776;0.947;0.000;0.557;51.709;0.01;-3.00;17311.0;1697.20;23.09;3.40;1.41;384145.76;45318.28;0.00;18596.9;20.66;2.44;0.00;23/03/2024 18:24:30;
24/03/2024;8;2.0TD;3;0.000075295750000000;0.230;1.276656033;66.316009;0.557;2.195;63.564009;-0.13;21.78673;0.98972;0.75;0.25;6.69167;93.83860;101.96000;97.42000;37.09000;2012.7;275.0;177.0;46.0;27.75;0.000;0.17498;0.04096;0.00;0.000;0.000;0.775;0.947;0.000;0.557;51.678;0.10;-3.00;17899.9;1556.90;22.94;3.40;1.41;384137.72;45289.76;0.00;18720.4;20.52;2.42;0.00;23/03/2024 18:24:30;
24/03/2024;9;2.0TD;3;0.000086635210000000;0.207;1.148808104;64.330794;0.557;2.195;61.578794;-0.18;21.78673;0.98972;0.75;0.25;6.69167;93.83860;101.96000;97.42000;37.09000;2012.7;275.0;177.0;46.0;27.15;0.000;0.17498;0.04096;0.00;0.000;0.000;0.765;0.947;0.000;0.557;51.018;0.00;-3.00;18872.2;1269.20;22.34;3.40;1.41;364399.00;69049.68;0.00;19406.3;18.78;3.56;0.00;23/03/2024 18:24:30;
24/03/2024;10;2.0TD;3;0.000107679871000000;0.186;1.034586442;56.528865;0.557;2.195;53.776865;-0.19;21.78673;0.98972;0.75;0.25;6.69167;93.83860;101.96000;97.42000;37.09000;2012.7;275.0;177.0;46.0;21.57;0.000;0.17498;0.04096;0.00;0.000;0.000;0.680;0.947;0.000;0.557;45.343;0.00;-3.00;20131.5;1378.30;16.76;3.40;1.41;290890.24;58941.60;0.00;20868.5;13.94;2.82;0.00;23/03/2024 18:24:30;
24/03/2024;11;2.0TD;3;0.000124365810000000;0.174;0.964753647;50.180492;0.557;2.195;47.428492;-0.19;21.78673;0.98972;0.75;0.25;6.69167;93.83860;101.96000;97.42000;37.09000;2012.7;275.0;177.0;46.0;16.70;0.000;0.17498;0.04096;0.00;0.000;0.000;0.606;0.947;0.000;0.557;40.399;0.00;-3.00;20654.6;1437.40;11.89;3.40;1.41;200181.48;58810.40;0.00;21788.9;9.19;2.70;0.00;23/03/2024 18:24:30;
24/03/2024;12;2.0TD;3;0.000129797499000000;0.169;0.938453120;49.313336;0.557;2.195;46.561336;-0.19;21.78673;0.98972;0.75;0.25;6.69167;93.83860;101.96000;97.42000;37.09000;2012.7;275.0;177.0;46.0;16.14;0.000;0.17498;0.04096;0.00;0.000;0.000;0.597;0.947;0.000;0.557;39.830;0.00;-3.00;21979.0;1448.20;11.33;3.40;1.41;200181.04;50116.16;0.00;22095.2;9.06;2.27;0.00;23/03/2024 18:24:30;
24/03/2024;13;2.0TD;3;0.000130303278000000;0.166;0.921108747;49.455030;0.557;2.195;46.703030;-0.18;21.78673;0.98972;0.75;0.25;6.69167;93.83860;101.96000;97.42000;37.09000;2012.7;275.0;177.0;46.0;16.35;0.000;0.17498;0.04096;0.00;0.000;0.000;0.601;0.947;0.000;0.557;40.054;0.00;-3.00;22292.6;1434.20;11.54;3.40;1.41;209729.76;45318.28;0.00;22097.2;9.49;2.05;0.00;23/03/2024 18:24:30;
24/03/2024;14;2.0TD;3;0.000135668684000000;0.164;0.910474057;48.783610;0.557;2.195;46.031610;-0.18;21.78673;0.98972;0.75;0.25;6.69167;93.83860;101.96000;97.42000;37.09000;2012.7;275.0;177.0;46.0;15.85;0.000;0.17498;0.04096;0.00;0.000;0.000;0.593;0.947;0.000;0.557;39.546;0.00;-3.00;22987.0;1472.50;11.04;3.40;1.41;200181.32;47797.12;0.00;22452.9;8.92;2.13;0.00;23/03/2024 18:24:30;
24/03/2024;15;2.0TD;3;0.000133096371000000;0.166;0.923057583;48.827722;0.557;2.195;46.075722;-0.19;21.78673;0.98972;0.75;0.25;6.69167;93.83860;101.96000;97.42000;37.09000;2012.7;275.0;177.0;46.0;15.83;0.000;0.17498;0.04096;0.00;0.000;0.000;0.593;0.947;0.000;0.557;39.516;0.00;-3.00;22568.4;1546.00;11.02;3.40;1.41;200181.24;45346.80;0.00;22287.0;8.98;2.03;0.00;23/03/2024 18:24:30;
24/03/2024;16;2.0TD;3;0.000118291112000000;0.178;0.987015337;50.318529;0.557;2.195;47.566529;-0.21;21.78673;0.98972;0.75;0.25;6.69167;93.83860;101.96000;97.42000;37.09000;2012.7;275.0;177.0;46.0;16.70;0.000;0.17498;0.04096;0.00;0.000;0.000;0.606;0.947;0.000;0.557;40.379;0.00;-3.00;20444.1;1570.30;11.89;3.40;1.41;200181.32;53742.00;0.00;21362.9;9.37;2.52;0.00;23/03/2024 18:24:30;
24/03/2024;17;2.0TD;3;0.000109782923000000;0.187;1.037957916;53.826303;0.557;2.195;51.074303;-0.19;21.78673;0.98972;0.75;0.25;6.69167;93.83860;101.96000;97.42000;37.09000;2012.7;275.0;177.0;46.0;19.29;0.000;0.17498;0.04096;0.00;0.000;0.000;0.645;0.947;0.000;0.557;43.028;0.00;-3.00;21052.8;1541.30;14.48;3.40;1.41;232216.04;70070.44;0.00;20879.7;11.12;3.36;0.00;23/03/2024 18:24:30;
24/03/2024;18;2.0TD;3;0.000109050681000000;0.190;1.057816770;54.668197;0.557;2.195;51.916197;0.34;21.78673;0.98972;0.75;0.25;6.69167;93.83860;101.96000;97.42000;37.09000;2012.7;275.0;177.0;46.0;19.35;0.000;0.17498;0.04096;0.00;0.000;0.000;0.654;0.947;0.000;0.557;43.627;0.43;-1.02;19970.1;1400.90;14.54;3.40;1.41;232205.64;73276.80;0.00;21010.4;11.05;3.49;0.00;23/03/2024 18:24:30;
24/03/2024;19;2.0TD;3;0.000116471922000000;0.197;1.094499290;55.204608;0.557;2.195;52.452608;2.97;21.78673;0.98972;0.75;0.25;6.69167;93.83860;101.96000;97.42000;37.09000;2012.7;275.0;177.0;46.0;16.91;0.000;0.17498;0.04096;0.00;0.000;0.000;0.657;0.947;0.000;0.557;43.820;3.20;0.00;19122.7;1476.40;12.10;3.40;1.41;176983.84;89421.48;0.00;22021.1;8.04;4.06;0.00;23/03/2024 18:24:30;
24/03/2024;20;2.0TD;3;0.000139569188000000;0.200;1.112215952;66.373668;0.557;2.195;63.621668;16.27;21.78673;0.98972;0.75;0.25;6.69167;93.83860;101.96000;97.42000;37.09000;2012.7;275.0;177.0;46.0;12.67;0.000;0.17498;0.04096;0.00;0.000;0.000;0.795;0.947;0.000;0.557;53.018;16.70;10.00;19646.4;1361.50;7.86;3.40;1.41;162413.72;25424.24;0.00;23883.6;6.80;1.06;0.00;23/03/2024 18:24:30;
24/03/2024;21;2.0TD;3;0.000167085681000000;0.200;1.110469841;85.074468;0.557;2.195;82.322468;33.64;21.78673;0.98972;0.75;0.25;6.69167;93.83860;101.96000;97.42000;37.09000;2012.7;275.0;177.0;46.0;10.65;0.000;0.17498;0.04096;0.00;0.000;0.000;1.029;0.947;0.000;0.557;68.602;35.00;16.91;20078.9;1638.40;5.84;3.40;1.41;112664.84;38839.04;0.00;25962.8;4.34;1.50;0.00;23/03/2024 18:24:30;
24/03/2024;22;2.0TD;3;0.000169799713000000;0.201;1.115360371;86.191543;0.557;2.195;83.439543;34.86;21.78673;0.98972;0.75;0.25;6.69167;93.83860;101.96000;97.42000;37.09000;2012.7;275.0;177.0;46.0;10.29;0.000;0.17498;0.04096;0.00;0.000;0.000;1.042;0.947;0.000;0.557;69.475;35.00;32.50;20369.3;1223.40;5.48;3.40;1.41;77056.64;38839.04;24859.38;25721.3;3.00;1.51;0.97;23/03/2024 18:24:30;
24/03/2024;23;2.0TD;3;0.000151428781000000;0.207;1.150278412;87.269829;0.557;2.195;84.517829;34.15;21.78673;0.98972;0.75;0.25;6.69167;93.83860;101.96000;97.42000;37.09000;2012.7;275.0;177.0;46.0;11.54;0.000;0.17498;0.04096;0.00;0.000;0.000;1.050;0.947;0.000;0.557;70.023;35.00;22.75;19127.9;1431.00;6.73;3.40;1.41;99997.04;38790.40;24859.38;24302.5;4.11;1.60;1.02;23/03/2024 18:24:30;
24/03/2024;24;2.0TD;3;0.000127288484000000;0.210;1.168230502;88.230098;0.557;2.195;85.478098;33.72;21.78673;0.98972;0.75;0.25;6.69167;93.83860;101.96000;97.42000;37.09000;2012.7;275.0;177.0;46.0;12.58;0.000;0.17498;0.04096;0.00;0.000;0.000;1.060;0.947;0.000;0.557;70.643;35.00;17.75;19234.9;1538.90;7.77;3.40;1.41;127333.56;21769.44;24859.38;22384.6;5.69;0.97;1.11;23/03/2024 18:24:30;
*
