pvpcdata;
2024;11;12;10;29;08;
09/10/2024;1;2.0TD;3;0.000084386000000000;0.182;1.012496953;74.111801;0.557;2.195;71.359801;19.70;17.14785;1.18532;0.75;0.25;24.51542;93.10680;101.96000;84.74000;75.42000;1754.8;275.0;200.0;45.0;17.72;0.000;0.17498;0.04096;0.00;0.000;0.906;0.947;0.000;0.557;60.372;19.86;16.86;20418.2;1185.50;13.48;3.19;1.05;139461.00;166233.60;24859.38;24523.2;5.69;6.78;1.01;08/10/2024 16:09:31;
09/10/2024;2;2.0TD;3;0.000071445855000000;0.191;1.060902326;64.461381;0.557;2.195;61.709381;3.60;17.14785;1.18532;0.75;0.25;24.51542;93.10680;101.96000;84.74000;75.42000;1754.8;275.0;200.0;45.0;25.39;0.000;0.17498;0.04096;0.00;0.000;0.777;0.947;0.000;0.557;51.813;3.60;3.60;19674.0;1208.10;21.15;3.19;1.05;165000.04;303848.00;24859.38;23342.2;7.07;13.02;1.06;08/10/2024 16:09:31;
09/10/2024;3;2.0TD;3;0.000064378886000000;0.194;1.075509151;64.701594;0.557;2.195;61.949594;2.09;17.14785;1.18532;0.75;0.25;24.51542;93.10680;101.96000;84.74000;75.42000;1754.8;275.0;200.0;45.0;26.97;0.000;0.17498;0.04096;0.00;0.000;0.778;0.947;0.000;0.557;51.884;2.00;3.32;19264.0;1369.60;22.73;3.19;1.05;175307.88;307446.20;24859.38;22332.4;7.85;13.77;1.11;08/10/2024 16:09:31;
09/10/2024;4;2.0TD;3;0.000061174998000000;0.194;1.078117150;64.386378;0.557;2.195;61.634378;1.13;17.14785;1.18532;0.75;0.25;24.51542;93.10680;101.96000;84.74000;75.42000;1754.8;275.0;200.0;45.0;27.67;0.000;0.17498;0.04096;0.00;0.000;0.774;0.947;0.000;0.557;51.620;0.98;3.32;18863.8;1301.60;23.43;3.19;1.05;203292.24;309690.00;0.00;21892.7;9.29;14.15;0.00;08/10/2024 16:09:31;
09/10/2024;5;2.0TD;3;0.000059914619000000;0.194;1.075237087;64.532046;0.557;2.195;61.780046;1.13;17.14785;1.18532;0.75;0.25;24.51542;93.10680;101.96000;84.74000;75.42000;1754.8;275.0;200.0;45.0;27.79;0.000;0.17498;0.04096;0.00;0.000;0.776;0.947;0.000;0.557;51.742;0.98;3.32;18677.0;1323.10;23.55;3.19;1.05;203357.44;309845.00;0.00;21796.4;9.33;14.22;0.00;08/10/2024 16:09:31;
09/10/2024;6;2.0TD;3;0.000061116944000000;0.188;1.043510563;66.236442;0.557;2.195;63.484442;2.09;17.14785;1.18532;0.75;0.25;24.51542;93.10680;101.96000;84.74000;75.42000;1754.8;275.0;200.0;45.0;28.50;0.000;0.17498;0.04096;0.00;0.000;0.802;0.947;0.000;0.557;53.438;2.00;3.32;18852.2;1300.60;24.26;3.19;1.05;202685.40;338221.44;0.00;22295.5;9.09;15.17;0.00;08/10/2024 16:09:31;
09/10/2024;7;2.0TD;3;0.000069091385000000;0.173;0.960973223;70.448272;0.557;2.195;67.696272;17.06;17.14785;1.18532;0.75;0.25;24.51542;93.10680;101.96000;84.74000;75.42000;1754.8;275.0;200.0;45.0;17.74;0.000;0.17498;0.04096;0.00;0.000;0.866;0.947;0.000;0.557;57.712;16.98;18.98;20118.5;854.60;13.50;3.19;1.05;184635.20;119940.00;24859.38;24405.2;7.57;4.91;1.02;08/10/2024 16:09:31;
09/10/2024;8;2.0TD;3;0.000088586717000000;0.157;0.870577269;91.983406;0.557;2.195;89.231406;40.00;17.14785;1.18532;0.75;0.25;24.51542;93.10680;101.96000;84.74000;75.42000;1754.8;275.0;200.0;45.0;13.92;0.000;0.17498;0.04096;0.00;0.000;1.157;0.947;0.000;0.557;77.123;40.00;40.00;21144.6;1015.30;9.68;3.19;1.05;147077.20;93152.80;24859.38;27398.7;5.37;3.40;0.91;08/10/2024 16:09:31;
09/10/2024;9;2.0TD;2;0.000094232286000000;0.185;1.132272423;143.780257;19.184;8.779;115.817257;52.71;17.14785;1.18532;0.75;0.25;24.51542;93.10680;101.96000;84.74000;75.42000;1754.8;275.0;200.0;45.0;21.36;0.154;0.17498;0.04096;0.00;0.000;1.466;0.947;0.000;0.557;97.736;52.80;51.13;22592.0;1212.20;17.12;3.19;1.05;136626.84;332187.12;24859.38;28837.0;4.74;11.52;0.86;08/10/2024 16:09:31;
09/10/2024;10;2.0TD;2;0.000093014753000000;0.149;0.916947274;132.808195;19.184;8.779;104.845195;47.68;17.14785;1.18532;0.75;0.25;24.51542;93.10680;101.96000;84.74000;75.42000;1754.8;275.0;200.0;45.0;20.00;0.154;0.17498;0.04096;0.00;0.000;1.369;0.947;0.000;0.557;91.249;47.59;49.59;22577.1;1038.70;15.76;3.19;1.05;142727.76;285743.60;24859.38;28748.0;4.96;9.94;0.86;08/10/2024 16:09:31;
09/10/2024;11;2.0TD;1;0.000094689637000000;0.148;0.889051454;166.298826;33.081;43.893;89.324826;35.15;17.14785;1.18532;0.75;0.25;24.51542;93.10680;101.96000;84.74000;75.42000;1754.8;275.0;200.0;45.0;18.52;0.926;0.17498;0.04096;0.00;0.000;1.167;0.947;0.000;0.557;77.809;35.06;37.55;26381.4;986.90;14.28;3.19;1.05;197047.28;192918.80;24859.38;29057.9;6.78;6.64;0.86;08/10/2024 16:09:31;
09/10/2024;12;2.0TD;1;0.000094404600000000;0.149;0.892252582;160.252465;33.081;43.893;83.278465;30.30;17.14785;1.18532;0.75;0.25;24.51542;93.10680;101.96000;84.74000;75.42000;1754.8;275.0;200.0;45.0;18.12;0.926;0.17498;0.04096;0.00;0.000;1.087;0.947;0.000;0.557;72.479;30.30;30.30;28083.0;1236.00;13.88;3.19;1.05;240188.28;142266.48;24859.38;29349.4;8.18;4.85;0.85;08/10/2024 16:09:31;
09/10/2024;13;2.0TD;1;0.000097512489000000;0.147;0.880533160;152.189766;33.081;43.893;75.215766;26.50;17.14785;1.18532;0.75;0.25;24.51542;93.10680;101.96000;84.74000;75.42000;1754.8;275.0;200.0;45.0;15.12;0.926;0.17498;0.04096;0.00;0.000;0.984;0.947;0.000;0.557;65.576;26.50;26.50;29223.3;1190.60;10.88;3.19;1.05;246524.24;49888.32;24859.38;29516.0;8.35;1.69;0.84;08/10/2024 16:09:31;
09/10/2024;14;2.0TD;1;0.000103599843000000;0.145;0.866089457;144.805039;33.081;43.893;67.831039;20.33;17.14785;1.18532;0.75;0.25;24.51542;93.10680;101.96000;84.74000;75.42000;1754.8;275.0;200.0;45.0;15.05;0.926;0.17498;0.04096;0.00;0.000;0.889;0.947;0.000;0.557;59.241;20.33;20.33;29936.8;1211.10;10.81;3.19;1.05;257480.08;40371.60;24859.38;29835.1;8.63;1.35;0.83;08/10/2024 16:09:31;
09/10/2024;15;2.0TD;2;0.000103224053000000;0.166;1.017302056;79.232116;19.184;8.779;51.269116;6.00;17.14785;1.18532;0.75;0.25;24.51542;93.10680;101.96000;84.74000;75.42000;1754.8;275.0;200.0;45.0;15.11;0.154;0.17498;0.04096;0.00;0.000;0.660;0.947;0.000;0.557;43.970;6.00;6.00;29879.7;1206.00;10.87;3.19;1.05;279493.12;16827.00;24859.38;29544.3;9.46;0.57;0.84;08/10/2024 16:09:31;
09/10/2024;16;2.0TD;2;0.000096096089000000;0.173;1.062864121;76.776318;19.184;8.779;48.813318;3.32;17.14785;1.18532;0.75;0.25;24.51542;93.10680;101.96000;84.74000;75.42000;1754.8;275.0;200.0;45.0;15.47;0.154;0.17498;0.04096;0.00;0.000;0.624;0.947;0.000;0.557;41.614;3.32;3.32;29277.1;1268.10;11.23;3.19;1.05;283257.76;16656.60;24859.38;28911.2;9.80;0.58;0.86;08/10/2024 16:09:31;
09/10/2024;17;2.0TD;2;0.000092925580000000;0.179;1.097434259;77.265340;19.184;8.779;49.302340;3.32;17.14785;1.18532;0.75;0.25;24.51542;93.10680;101.96000;84.74000;75.42000;1754.8;275.0;200.0;45.0;15.67;0.154;0.17498;0.04096;0.00;0.000;0.627;0.947;0.000;0.557;41.817;3.32;3.32;29181.0;1244.80;11.43;3.19;1.05;283100.08;19414.08;24859.38;28653.5;9.88;0.68;0.87;08/10/2024 16:09:31;
09/10/2024;18;2.0TD;2;0.000096222093000000;0.181;1.111005648;87.360311;19.184;8.779;59.397311;8.75;17.14785;1.18532;0.75;0.25;24.51542;93.10680;101.96000;84.74000;75.42000;1754.8;275.0;200.0;45.0;18.59;0.154;0.17498;0.04096;0.00;0.000;0.754;0.947;0.000;0.557;50.294;8.75;8.75;29461.2;910.20;14.35;3.19;1.05;273295.68;115431.12;24859.38;28813.3;9.49;4.01;0.86;08/10/2024 16:09:31;
09/10/2024;19;2.0TD;1;0.000101687419000000;0.160;0.960619315;159.766775;33.081;43.893;82.792775;30.39;17.14785;1.18532;0.75;0.25;24.51542;93.10680;101.96000;84.74000;75.42000;1754.8;275.0;200.0;45.0;16.94;0.926;0.17498;0.04096;0.00;0.000;1.071;0.947;0.000;0.557;71.373;30.30;33.30;27635.1;880.00;12.70;3.19;1.05;230557.92;108176.64;24859.38;28642.2;8.05;3.78;0.87;08/10/2024 16:09:31;
09/10/2024;20;2.0TD;1;0.000115496696000000;0.164;0.980175870;169.942776;33.081;43.893;92.968776;40.34;17.14785;1.18532;0.75;0.25;24.51542;93.10680;101.96000;84.74000;75.42000;1754.8;275.0;200.0;45.0;15.36;0.926;0.17498;0.04096;0.00;0.000;1.198;0.947;0.000;0.557;79.870;40.00;48.00;22285.6;976.80;11.12;3.19;1.05;207525.48;92863.12;24859.38;29239.6;7.10;3.18;0.85;08/10/2024 16:09:31;
09/10/2024;21;2.0TD;1;0.000141140842000000;0.161;0.963259649;188.857343;33.081;43.893;111.883343;61.22;17.14785;1.18532;0.75;0.25;24.51542;93.10680;101.96000;84.74000;75.42000;1754.8;275.0;200.0;45.0;10.73;0.926;0.17498;0.04096;0.00;0.000;1.446;0.947;0.000;0.557;96.368;60.80;68.79;22091.7;1228.00;6.49;3.19;1.05;115239.12;61255.68;24859.38;31039.8;3.71;1.97;0.80;08/10/2024 16:09:31;
09/10/2024;22;2.0TD;1;0.000143376646000000;0.161;0.963909114;174.830141;33.081;43.893;97.856141;49.26;17.14785;1.18532;0.75;0.25;24.51542;93.10680;101.96000;84.74000;75.42000;1754.8;275.0;200.0;45.0;10.79;0.926;0.17498;0.04096;0.00;0.000;1.264;0.947;0.000;0.557;84.286;49.08;52.27;23445.5;1395.80;6.55;3.19;1.05;90643.32;82886.56;24859.38;30260.9;3.00;2.74;0.82;08/10/2024 16:09:31;
09/10/2024;23;2.0TD;2;0.000124588752000000;0.187;1.147332022;124.935063;19.184;8.779;96.972063;46.88;17.14785;1.18532;0.75;0.25;24.51542;93.10680;101.96000;84.74000;75.42000;1754.8;275.0;200.0;45.0;11.39;0.154;0.17498;0.04096;0.00;0.000;1.225;0.947;0.000;0.557;81.695;46.69;50.70;22286.7;1106.10;7.15;3.19;1.05;93037.80;75604.32;24859.38;27066.3;3.44;2.79;0.92;08/10/2024 16:09:31;
09/10/2024;24;2.0TD;2;0.000103568018000000;0.198;1.216613019;121.310060;19.184;8.779;93.347060;41.52;17.14785;1.18532;0.75;0.25;24.51542;93.10680;101.96000;84.74000;75.42000;1754.8;275.0;200.0;45.0;13.03;0.154;0.17498;0.04096;0.00;0.000;1.169;0.947;0.000;0.557;77.919;41.13;48.98;20555.8;1074.00;8.79;3.19;1.05;97946.04;92688.24;24859.38;24500.5;4.00;3.78;1.01;08/10/2024 16:09:31;
*
