pvpcdata;
2025;01;13;09;30;39;
25/12/2024;1;2.0TD;3;0.000117972256000000;0.245;1.362858951;146.955743;0.557;2.195;144.203743;90.92;-1.57963;0.81734;0.75;0.25;100.94333;94.62480;101.96000;84.74000;90.60000;2584.0;275.0;200.0;53.0;22.74;0.000;0.17498;0.04096;0.00;0.000;1.737;0.947;0.000;0.557;115.826;91.37;86.55;16713.2;1739.80;18.57;3.25;0.92;326678.80;49400.00;24859.38;21593.1;15.13;2.29;1.15;24/12/2024 16:09:07;
25/12/2024;2;2.0TD;3;0.000102064546000000;0.255;1.417242778;144.814611;0.557;2.195;142.062611;85.84;-1.57963;0.81734;0.75;0.25;100.94333;94.62480;101.96000;84.74000;90.60000;2584.0;275.0;200.0;53.0;25.23;0.000;0.17498;0.04096;0.00;0.000;1.698;0.947;0.000;0.557;113.197;86.44;80.30;15934.7;1736.60;21.06;3.25;0.92;345468.40;59800.00;24859.38;20422.0;16.92;2.93;1.22;24/12/2024 16:09:07;
25/12/2024;3;2.0TD;3;0.000087634405000000;0.266;1.475761703;146.972567;0.557;2.195;144.220567;84.54;-1.57963;0.81734;0.75;0.25;100.94333;94.62480;101.96000;84.74000;90.60000;2584.0;275.0;200.0;53.0;27.24;0.000;0.17498;0.04096;0.00;0.000;1.709;0.947;0.000;0.557;113.918;85.07;79.51;16263.6;1723.50;23.07;3.25;0.92;348239.80;67600.00;24859.38;19103.9;18.23;3.54;1.30;24/12/2024 16:09:07;
25/12/2024;4;2.0TD;3;0.000077828830000000;0.276;1.535855266;143.331854;0.557;2.195;140.579854;80.35;-1.57963;0.81734;0.75;0.25;100.94333;94.62480;101.96000;84.74000;90.60000;2584.0;275.0;200.0;53.0;27.74;0.000;0.17498;0.04096;0.00;0.000;1.653;0.947;0.000;0.557;110.172;80.81;75.81;16770.7;1704.50;23.57;3.25;0.92;352914.60;75264.96;0.00;18167.2;19.43;4.14;0.00;24/12/2024 16:09:07;
25/12/2024;5;2.0TD;3;0.000072836029000000;0.281;1.563220515;139.811698;0.557;2.195;137.059698;75.53;-1.57963;0.81734;0.75;0.25;100.94333;94.62480;101.96000;84.74000;90.60000;2584.0;275.0;200.0;53.0;29.43;0.000;0.17498;0.04096;0.00;0.000;1.605;0.947;0.000;0.557;106.994;75.99;70.99;16292.4;1661.30;25.26;3.25;0.92;366108.32;79960.00;0.00;17656.5;20.74;4.53;0.00;24/12/2024 16:09:07;
25/12/2024;6;2.0TD;3;0.000071745695000000;0.280;1.555384554;145.137023;0.557;2.195;142.385023;80.32;-1.57963;0.81734;0.75;0.25;100.94333;94.62480;101.96000;84.74000;90.60000;2584.0;275.0;200.0;53.0;28.82;0.000;0.17498;0.04096;0.00;0.000;1.669;0.947;0.000;0.557;111.238;80.81;75.81;16184.7;1755.00;24.65;3.25;0.92;355262.12;77752.48;0.00;17565.2;20.23;4.43;0.00;24/12/2024 16:09:07;
25/12/2024;7;2.0TD;3;0.000072787559000000;0.275;1.530032756;147.040307;0.557;2.195;144.288307;82.49;-1.57963;0.81734;0.75;0.25;100.94333;94.62480;101.96000;84.74000;90.60000;2584.0;275.0;200.0;53.0;28.55;0.000;0.17498;0.04096;0.00;0.000;1.698;0.947;0.000;0.557;113.167;83.18;76.01;15992.6;1689.60;24.38;3.25;0.92;354585.12;83138.08;0.00;17953.2;19.75;4.63;0.00;24/12/2024 16:09:07;
25/12/2024;8;2.0TD;3;0.000076273893000000;0.263;1.462082632;146.630812;0.557;2.195;143.878812;84.42;-1.57963;0.81734;0.75;0.25;100.94333;94.62480;101.96000;84.74000;90.60000;2584.0;275.0;200.0;53.0;27.36;0.000;0.17498;0.04096;0.00;0.000;1.709;0.947;0.000;0.557;113.918;84.94;79.94;15473.5;1807.90;23.19;3.25;0.92;363528.20;69080.00;0.00;18655.5;19.49;3.70;0.00;24/12/2024 16:09:07;
25/12/2024;9;2.0TD;3;0.000082458254000000;0.252;1.402387529;149.114931;0.557;2.195;146.362931;89.60;-1.57963;0.81734;0.75;0.25;100.94333;94.62480;101.96000;84.74000;90.60000;2584.0;275.0;200.0;53.0;25.12;0.000;0.17498;0.04096;0.00;0.000;1.754;0.947;0.000;0.557;116.903;90.21;85.21;13806.4;1921.10;20.95;3.25;0.92;335351.32;62840.00;0.00;19003.0;17.65;3.31;0.00;24/12/2024 16:09:07;
25/12/2024;10;2.0TD;3;0.000098898258000000;0.229;1.272681941;166.264673;0.557;2.195;163.512673;98.44;-1.57963;0.81734;0.75;0.25;100.94333;94.62480;101.96000;84.74000;90.60000;2584.0;275.0;200.0;53.0;32.18;0.000;0.17498;0.04096;0.00;0.000;1.996;0.947;0.000;0.557;133.045;99.24;92.24;15334.6;1983.90;28.01;3.25;0.92;326104.16;242780.00;0.00;20307.9;16.06;11.95;0.00;24/12/2024 16:09:07;
25/12/2024;11;2.0TD;3;0.000116098401000000;0.205;1.136263234;137.331581;0.557;2.195;134.579581;86.17;-1.57963;0.81734;0.75;0.25;100.94333;94.62480;101.96000;84.74000;90.60000;2584.0;275.0;200.0;53.0;23.41;0.000;0.17498;0.04096;0.00;0.000;1.675;0.947;0.000;0.557;111.684;86.70;80.30;18639.9;1672.10;19.24;3.25;0.92;211904.24;207360.00;0.00;21791.2;9.72;9.52;0.00;24/12/2024 16:09:07;
25/12/2024;12;2.0TD;3;0.000124248114000000;0.193;1.072854263;131.910116;0.557;2.195;129.158116;84.98;-1.57963;0.81734;0.75;0.25;100.94333;94.62480;101.96000;84.74000;90.60000;2584.0;275.0;200.0;53.0;21.23;0.000;0.17498;0.04096;0.00;0.000;1.624;0.947;0.000;0.557;108.263;85.08;83.65;20822.9;1640.30;17.06;3.25;0.92;166927.40;215040.00;0.00;22396.2;7.45;9.60;0.00;24/12/2024 16:09:07;
25/12/2024;13;2.0TD;3;0.000125629101000000;0.191;1.058668781;125.817196;0.557;2.195;123.065196;86.63;-1.57963;0.81734;0.75;0.25;100.94333;94.62480;101.96000;84.74000;90.60000;2584.0;275.0;200.0;53.0;14.72;0.000;0.17498;0.04096;0.00;0.000;1.550;0.947;0.000;0.557;103.329;86.63;86.63;21108.4;1713.00;10.55;3.25;0.92;162140.04;74280.00;0.00;22419.4;7.23;3.31;0.00;24/12/2024 16:09:07;
25/12/2024;14;2.0TD;3;0.000130185466000000;0.188;1.046225090;129.100908;0.557;2.195;126.348908;87.30;-1.57963;0.81734;0.75;0.25;100.94333;94.62480;101.96000;84.74000;90.60000;2584.0;275.0;200.0;53.0;17.03;0.000;0.17498;0.04096;0.00;0.000;1.595;0.947;0.000;0.557;106.354;87.30;87.30;20863.6;1911.50;12.86;3.25;0.92;160836.52;128897.80;0.00;22529.3;7.14;5.72;0.00;24/12/2024 16:09:07;
25/12/2024;15;2.0TD;3;0.000127986368000000;0.192;1.067706791;127.735941;0.557;2.195;124.983941;84.99;-1.57963;0.81734;0.75;0.25;100.94333;94.62480;101.96000;84.74000;90.60000;2584.0;275.0;200.0;53.0;17.86;0.000;0.17498;0.04096;0.00;0.000;1.573;0.947;0.000;0.557;104.852;85.08;84.08;20771.6;1936.10;13.69;3.25;0.92;162917.76;136952.80;0.00;21899.6;7.44;6.25;0.00;24/12/2024 16:09:07;
25/12/2024;16;2.0TD;3;0.000114076012000000;0.206;1.142761977;131.737679;0.557;2.195;128.985679;86.88;-1.57963;0.81734;0.75;0.25;100.94333;94.62480;101.96000;84.74000;90.60000;2584.0;275.0;200.0;53.0;18.04;0.000;0.17498;0.04096;0.00;0.000;1.604;0.947;0.000;0.557;106.953;86.88;86.88;19831.2;1960.70;13.87;3.25;0.92;160118.28;128287.80;0.00;20786.2;7.70;6.17;0.00;24/12/2024 16:09:07;
25/12/2024;17;2.0TD;3;0.000110469108000000;0.217;1.207850738;163.271013;0.557;2.195;160.519013;107.87;-1.57963;0.81734;0.75;0.25;100.94333;94.62480;101.96000;84.74000;90.60000;2584.0;275.0;200.0;53.0;21.62;0.000;0.17498;0.04096;0.00;0.000;1.978;0.947;0.000;0.557;131.897;108.27;102.27;17195.6;1212.30;17.45;3.25;0.92;117475.36;248136.00;0.00;20953.6;5.61;11.84;0.00;24/12/2024 16:09:07;
25/12/2024;18;2.0TD;3;0.000117387916000000;0.226;1.256093223;176.879921;0.557;2.195;174.127921;120.26;-1.57963;0.81734;0.75;0.25;100.94333;94.62480;101.96000;84.74000;90.60000;2584.0;275.0;200.0;53.0;19.21;0.000;0.17498;0.04096;0.00;0.000;2.130;0.947;0.000;0.557;142.029;120.50;117.46;17191.9;1500.00;15.04;3.25;0.92;88550.64;230359.84;0.00;21210.8;4.17;10.86;0.00;24/12/2024 16:09:07;
25/12/2024;19;2.0TD;3;0.000138513329000000;0.228;1.269037798;180.517648;0.557;2.195;177.765648;134.61;-1.57963;0.81734;0.75;0.25;100.94333;94.62480;101.96000;84.74000;90.60000;2584.0;275.0;200.0;53.0;7.55;0.000;0.17498;0.04096;0.00;0.000;2.171;0.947;0.000;0.557;144.760;135.05;130.05;17414.6;1661.10;3.38;3.25;0.92;30109.80;48794.80;0.00;23333.7;1.29;2.09;0.00;24/12/2024 16:09:07;
25/12/2024;20;2.0TD;3;0.000149203909000000;0.232;1.288175531;181.460129;0.557;2.195;178.708129;136.18;-1.57963;0.81734;0.75;0.25;100.94333;94.62480;101.96000;84.74000;90.60000;2584.0;275.0;200.0;53.0;6.27;0.000;0.17498;0.04096;0.00;0.000;2.176;0.947;0.000;0.557;145.055;136.60;131.60;18108.4;1662.20;2.10;3.25;0.92;28768.44;22440.00;0.00;24346.3;1.18;0.92;0.00;24/12/2024 16:09:07;
25/12/2024;21;2.0TD;3;0.000159586794000000;0.234;1.300970081;187.199584;0.557;2.195;184.447584;140.49;-1.57963;0.81734;0.75;0.25;100.94333;94.62480;101.96000;84.74000;90.60000;2584.0;275.0;200.0;53.0;6.31;0.000;0.17498;0.04096;0.00;0.000;2.242;0.947;0.000;0.557;149.471;140.70;138.10;18812.8;1670.10;2.14;3.25;0.92;25137.32;28320.00;0.00;25033.4;1.00;1.13;0.00;24/12/2024 16:09:07;
25/12/2024;22;2.0TD;3;0.000164635983000000;0.234;1.298205184;190.105654;0.557;2.195;187.353654;141.08;-1.57963;0.81734;0.75;0.25;100.94333;94.62480;101.96000;84.74000;90.60000;2584.0;275.0;200.0;53.0;8.04;0.000;0.17498;0.04096;0.00;0.000;2.277;0.947;0.000;0.557;151.826;141.08;141.08;19083.1;1728.00;3.87;3.25;0.92;20666.68;51700.00;24859.38;25152.9;0.82;2.06;0.99;24/12/2024 16:09:07;
25/12/2024;23;2.0TD;3;0.000154987221000000;0.238;1.320922508;184.555147;0.557;2.195;181.803147;136.15;-1.57963;0.81734;0.75;0.25;100.94333;94.62480;101.96000;84.74000;90.60000;2584.0;275.0;200.0;53.0;8.07;0.000;0.17498;0.04096;0.00;0.000;2.203;0.947;0.000;0.557;146.852;136.60;131.60;18123.0;1782.40;3.90;3.25;0.92;22125.48;46370.72;24859.38;23915.0;0.93;1.94;1.04;24/12/2024 16:09:07;
25/12/2024;24;2.0TD;3;0.000134346508000000;0.244;1.354385870;177.857813;0.557;2.195;175.105813;127.92;-1.57963;0.81734;0.75;0.25;100.94333;94.62480;101.96000;84.74000;90.60000;2584.0;275.0;200.0;53.0;10.30;0.000;0.17498;0.04096;0.00;0.000;2.111;0.947;0.000;0.557;140.760;128.11;126.11;16671.2;1767.40;6.13;3.25;0.92;27510.12;81268.00;24859.38;21799.8;1.26;3.73;1.14;24/12/2024 16:09:07;
*
