pvpcdata;
2024;11;12;10;29;25;
26/10/2024;1;2.0TD;3;0.000090378200000000;0.187;1.037391642;119.089592;0.557;2.195;116.337592;68.02;10.87524;1.12360;0.75;0.25;49.60583;93.10680;101.96000;84.74000;75.42000;1851.2;275.0;200.0;45.0;14.58;0.000;0.17498;0.04096;0.00;0.000;1.470;0.947;0.000;0.557;98.009;67.82;71.22;15226.1;966.10;10.34;3.19;1.05;169236.08;38240.16;24859.38;22470.1;7.53;1.70;1.11;25/10/2024 16:13:06;
26/10/2024;2;2.0TD;3;0.000077354597000000;0.193;1.072522655;109.710135;0.557;2.195;106.958135;56.89;10.87524;1.12360;0.75;0.25;49.60583;93.10680;101.96000;84.74000;75.42000;1851.2;275.0;200.0;45.0;17.48;0.000;0.17498;0.04096;0.00;0.000;1.345;0.947;0.000;0.557;89.654;56.29;65.01;15349.1;1130.70;13.24;3.19;1.05;215651.52;43038.00;24859.38;21406.4;10.07;2.01;1.16;25/10/2024 16:13:06;
26/10/2024;3;2.0TD;3;0.000068631348000000;0.199;1.103501954;104.514446;0.557;2.195;101.762446;50.48;10.87524;1.12360;0.75;0.25;49.60583;93.10680;101.96000;84.74000;75.42000;1851.2;275.0;200.0;45.0;19.18;0.000;0.17498;0.04096;0.00;0.000;1.273;0.947;0.000;0.557;84.872;50.00;57.50;16893.7;1152.40;14.94;3.19;1.05;228089.80;51104.00;24859.38;20343.4;11.21;2.51;1.22;25/10/2024 16:13:06;
26/10/2024;4;2.0TD;3;0.000063794395000000;0.203;1.127941310;96.353539;0.557;2.195;93.601539;43.21;10.87524;1.12360;0.75;0.25;49.60583;93.10680;101.96000;84.74000;75.42000;1851.2;275.0;200.0;45.0;19.49;0.000;0.17498;0.04096;0.00;0.000;1.167;0.947;0.000;0.557;77.806;42.76;49.89;17016.3;1158.40;15.25;3.19;1.05;242163.16;60227.20;0.00;19831.1;12.21;3.04;0.00;25/10/2024 16:13:06;
26/10/2024;5;2.0TD;3;0.000061431033000000;0.205;1.137398285;96.423598;0.557;2.195;93.671598;43.07;10.87524;1.12360;0.75;0.25;49.60583;93.10680;101.96000;84.74000;75.42000;1851.2;275.0;200.0;45.0;19.56;0.000;0.17498;0.04096;0.00;0.000;1.166;0.947;0.000;0.557;77.735;42.90;45.90;16859.3;986.90;15.32;3.19;1.05;244457.96;56028.96;0.00;19608.8;12.47;2.86;0.00;25/10/2024 16:13:06;
26/10/2024;6;2.0TD;3;0.000061203042000000;0.202;1.123604347;95.006420;0.557;2.195;92.254420;42.04;10.87524;1.12360;0.75;0.25;49.60583;93.10680;101.96000;84.74000;75.42000;1851.2;275.0;200.0;45.0;19.62;0.000;0.17498;0.04096;0.00;0.000;1.151;0.947;0.000;0.557;76.750;41.94;43.90;17157.0;960.20;15.38;3.19;1.05;246338.60;53726.40;0.00;19505.1;12.63;2.75;0.00;25/10/2024 16:13:06;
26/10/2024;7;2.0TD;3;0.000063352739000000;0.198;1.101222043;103.298661;0.557;2.195;100.546661;50.28;10.87524;1.12360;0.75;0.25;49.60583;93.10680;101.96000;84.74000;75.42000;1851.2;275.0;200.0;45.0;18.45;0.000;0.17498;0.04096;0.00;0.000;1.259;0.947;0.000;0.557;83.928;50.10;54.00;17048.8;826.60;14.21;3.19;1.05;230932.24;53598.48;0.00;20029.7;11.53;2.68;0.00;25/10/2024 16:13:06;
26/10/2024;8;2.0TD;3;0.000070144910000000;0.187;1.037631419;108.014882;0.557;2.195;105.262882;56.80;10.87524;1.12360;0.75;0.25;49.60583;93.10680;101.96000;84.74000;75.42000;1851.2;275.0;200.0;45.0;16.61;0.000;0.17498;0.04096;0.00;0.000;1.330;0.947;0.000;0.557;88.679;56.50;61.50;16835.4;1092.50;12.37;3.19;1.05;197783.88;65050.80;0.00;21248.7;9.31;3.06;0.00;25/10/2024 16:13:06;
26/10/2024;9;2.0TD;3;0.000079580768000000;0.176;0.977840325;104.687404;0.557;2.195;101.935404;58.30;10.87524;1.12360;0.75;0.25;49.60583;93.10680;101.96000;84.74000;75.42000;1851.2;275.0;200.0;45.0;13.14;0.000;0.17498;0.04096;0.00;0.000;1.300;0.947;0.000;0.557;86.679;57.82;64.53;17629.4;1351.10;8.90;3.19;1.05;136051.52;63145.76;0.00;22376.7;6.08;2.82;0.00;25/10/2024 16:13:06;
26/10/2024;10;2.0TD;3;0.000094381258000000;0.158;0.876850100;118.246017;0.557;2.195;115.494017;65.81;10.87524;1.12360;0.75;0.25;49.60583;93.10680;101.96000;84.74000;75.42000;1851.2;275.0;200.0;45.0;18.49;0.000;0.17498;0.04096;0.00;0.000;1.496;0.947;0.000;0.557;99.735;65.56;69.86;19369.6;1177.50;14.25;3.19;1.05;114458.12;222404.00;0.00;23634.3;4.84;9.41;0.00;25/10/2024 16:13:06;
26/10/2024;11;2.0TD;3;0.000104347852000000;0.144;0.798981993;98.743628;0.557;2.195;95.991628;56.36;10.87524;1.12360;0.75;0.25;49.60583;93.10680;101.96000;84.74000;75.42000;1851.2;275.0;200.0;45.0;12.35;0.000;0.17498;0.04096;0.00;0.000;1.259;0.947;0.000;0.557;83.908;56.08;61.41;21473.2;1184.90;8.11;3.19;1.05;111407.16;87952.00;0.00;24581.5;4.53;3.58;0.00;25/10/2024 16:13:06;
26/10/2024;12;2.0TD;3;0.000105262661000000;0.140;0.775309425;86.347933;0.557;2.195;83.595933;45.48;10.87524;1.12360;0.75;0.25;49.60583;93.10680;101.96000;84.74000;75.42000;1851.2;275.0;200.0;45.0;12.81;0.000;0.17498;0.04096;0.00;0.000;1.100;0.947;0.000;0.557;73.329;44.99;55.00;22708.5;1172.00;8.57;3.19;1.05;122955.64;88075.68;0.00;24622.4;4.99;3.58;0.00;25/10/2024 16:13:06;
26/10/2024;13;2.0TD;3;0.000105752569000000;0.138;0.767619387;63.002005;0.557;2.195;60.250005;26.22;10.87524;1.12360;0.75;0.25;49.60583;93.10680;101.96000;84.74000;75.42000;1851.2;275.0;200.0;45.0;11.99;0.000;0.17498;0.04096;0.00;0.000;0.794;0.947;0.000;0.557;52.943;25.10;47.21;24183.6;1289.70;7.75;3.19;1.05;143581.40;47075.84;0.00;24598.2;5.84;1.91;0.00;25/10/2024 16:13:06;
26/10/2024;14;2.0TD;3;0.000111956096000000;0.135;0.749864901;62.474299;0.557;2.195;59.722299;26.25;10.87524;1.12360;0.75;0.25;49.60583;93.10680;101.96000;84.74000;75.42000;1851.2;275.0;200.0;45.0;11.64;0.000;0.17498;0.04096;0.00;0.000;0.789;0.947;0.000;0.557;52.618;25.10;50.02;24108.9;1169.50;7.40;3.19;1.05;144063.24;39249.60;0.00;24773.5;5.82;1.58;0.00;25/10/2024 16:13:06;
26/10/2024;15;2.0TD;3;0.000111931149000000;0.136;0.755410717;52.782310;0.557;2.195;50.030310;17.64;10.87524;1.12360;0.75;0.25;49.60583;93.10680;101.96000;84.74000;75.42000;1851.2;275.0;200.0;45.0;11.80;0.000;0.17498;0.04096;0.00;0.000;0.661;0.947;0.000;0.557;44.040;16.41;40.91;24074.6;1277.90;7.56;3.19;1.05;153023.68;31904.00;0.00;24453.4;6.26;1.30;0.00;25/10/2024 16:13:06;
26/10/2024;16;2.0TD;3;0.000099229824000000;0.146;0.810755156;42.553457;0.557;2.195;39.801457;5.69;10.87524;1.12360;0.75;0.25;49.60583;93.10680;101.96000;84.74000;75.42000;1851.2;275.0;200.0;45.0;14.58;0.000;0.17498;0.04096;0.00;0.000;0.521;0.947;0.000;0.557;34.730;5.01;17.89;23528.2;1313.20;10.34;3.19;1.05;224458.08;19410.00;0.00;23575.2;9.52;0.82;0.00;25/10/2024 16:13:06;
26/10/2024;17;2.0TD;3;0.000092227062000000;0.155;0.858493427;43.323414;0.557;2.195;40.571414;5.78;10.87524;1.12360;0.75;0.25;49.60583;93.10680;101.96000;84.74000;75.42000;1851.2;275.0;200.0;45.0;14.88;0.000;0.17498;0.04096;0.00;0.000;0.527;0.947;0.000;0.557;35.126;5.01;19.00;22770.0;1317.80;10.64;3.19;1.05;224403.04;19605.60;0.00;22933.7;9.78;0.85;0.00;25/10/2024 16:13:06;
26/10/2024;18;2.0TD;3;0.000091812497000000;0.161;0.893465425;87.947069;0.557;2.195;85.195069;41.33;10.87524;1.12360;0.75;0.25;49.60583;93.10680;101.96000;84.74000;75.42000;1851.2;275.0;200.0;45.0;17.01;0.000;0.17498;0.04096;0.00;0.000;1.101;0.947;0.000;0.557;73.380;40.00;62.04;21149.5;1357.30;12.77;3.19;1.05;180457.08;108904.44;0.00;22661.5;7.96;4.81;0.00;25/10/2024 16:13:06;
26/10/2024;19;2.0TD;3;0.000094685517000000;0.171;0.951859205;108.284588;0.557;2.195;105.532588;58.61;10.87524;1.12360;0.75;0.25;49.60583;93.10680;101.96000;84.74000;75.42000;1851.2;275.0;200.0;45.0;16.22;0.000;0.17498;0.04096;0.00;0.000;1.352;0.947;0.000;0.557;90.121;57.40;75.38;19888.3;1431.10;11.98;3.19;1.05;110252.52;165714.00;0.00;23042.3;4.78;7.19;0.00;25/10/2024 16:13:06;
26/10/2024;20;2.0TD;3;0.000106379064000000;0.177;0.984965100;143.776333;0.557;2.195;141.024333;91.26;10.87524;1.12360;0.75;0.25;49.60583;93.10680;101.96000;84.74000;75.42000;1851.2;275.0;200.0;45.0;12.82;0.000;0.17498;0.04096;0.00;0.000;1.797;0.947;0.000;0.557;119.816;90.98;93.98;17722.0;1815.00;8.58;3.19;1.05;77277.76;132148.80;0.00;24405.7;3.17;5.41;0.00;25/10/2024 16:13:06;
26/10/2024;21;2.0TD;3;0.000124367765000000;0.178;0.986234713;131.637882;0.557;2.195;128.885882;83.53;10.87524;1.12360;0.75;0.25;49.60583;93.10680;101.96000;84.74000;75.42000;1851.2;275.0;200.0;45.0;10.30;0.000;0.17498;0.04096;0.00;0.000;1.641;0.947;0.000;0.557;109.410;83.30;85.79;18508.3;1883.40;6.06;3.19;1.05;101970.92;56390.32;0.00;26119.6;3.90;2.16;0.00;25/10/2024 16:13:06;
26/10/2024;22;2.0TD;3;0.000128964829000000;0.179;0.991755717;114.319315;0.557;2.195;111.567315;67.07;10.87524;1.12360;0.75;0.25;49.60583;93.10680;101.96000;84.74000;75.42000;1851.2;275.0;200.0;45.0;12.20;0.000;0.17498;0.04096;0.00;0.000;1.419;0.947;0.000;0.557;94.628;66.25;75.88;19307.0;1785.80;7.96;3.19;1.05;117966.72;62594.56;24859.38;25808.2;4.57;2.43;0.96;25/10/2024 16:13:06;
26/10/2024;23;2.0TD;3;0.000117244833000000;0.184;1.023034147;117.689707;0.557;2.195;114.937707;68.86;10.87524;1.12360;0.75;0.25;49.60583;93.10680;101.96000;84.74000;75.42000;1851.2;275.0;200.0;45.0;12.82;0.000;0.17498;0.04096;0.00;0.000;1.456;0.947;0.000;0.557;97.075;68.22;75.88;17365.6;1593.30;8.58;3.19;1.05;117691.56;60678.40;24859.38;23691.0;4.97;2.56;1.05;25/10/2024 16:13:06;
26/10/2024;24;2.0TD;3;0.000103197323000000;0.190;1.054398978;124.566071;0.557;2.195;121.814071;75.49;10.87524;1.12360;0.75;0.25;49.60583;93.10680;101.96000;84.74000;75.42000;1851.2;275.0;200.0;45.0;11.40;0.000;0.17498;0.04096;0.00;0.000;1.535;0.947;0.000;0.557;102.364;75.00;80.00;17044.3;1860.20;7.16;3.19;1.05;49098.48;81982.08;24859.38;21768.2;2.26;3.77;1.14;25/10/2024 16:13:06;
*
