pvpcdata;
2024;09;10;12;18;51;
03/08/2024;1;2.0TD;3;0.000120156217000000;0.181;1.007958879;159.854559;0.557;2.195;157.102559;118.79;2.85225;0.90092;0.75;0.25;77.64500;89.05400;101.96000;73.51000;75.32000;2513.0;275.0;234.0;57.0;7.95;0.000;0.17498;0.04096;0.00;0.000;1.995;0.947;0.000;0.557;133.025;119.34;111.12;20154.4;1446.70;3.82;3.08;1.05;63188.72;17490.00;24859.38;27630.5;2.29;0.63;0.90;02/08/2024 16:12:31;
03/08/2024;2;2.0TD;3;0.000105992705000000;0.179;0.995641325;156.284951;0.557;2.195;153.532951;115.48;2.85225;0.90092;0.75;0.25;77.64500;89.05400;101.96000;73.51000;75.32000;2513.0;275.0;234.0;57.0;8.50;0.000;0.17498;0.04096;0.00;0.000;1.953;0.947;0.000;0.557;130.223;116.10;106.81;18959.5;1356.50;4.37;3.08;1.05;68048.84;20556.48;24859.38;26000.5;2.62;0.79;0.96;02/08/2024 16:12:31;
03/08/2024;3;2.0TD;3;0.000094719786000000;0.179;0.995239306;155.124815;0.557;2.195;152.372815;113.18;2.85225;0.90092;0.75;0.25;77.64500;89.05400;101.96000;73.51000;75.32000;2513.0;275.0;234.0;57.0;9.83;0.000;0.17498;0.04096;0.00;0.000;1.939;0.947;0.000;0.557;129.239;113.85;104.74;17710.6;1401.00;5.70;3.08;1.05;95096.00;20428.80;24859.38;24621.4;3.86;0.83;1.01;02/08/2024 16:12:31;
03/08/2024;4;2.0TD;3;0.000087678312000000;0.179;0.993812609;154.023629;0.557;2.195;151.271629;113.25;2.85225;0.90092;0.75;0.25;77.64500;89.05400;101.96000;73.51000;75.32000;2513.0;275.0;234.0;57.0;8.84;0.000;0.17498;0.04096;0.00;0.000;1.925;0.947;0.000;0.557;128.305;113.85;106.01;17043.8;1407.50;4.71;3.08;1.05;79311.32;31920.00;0.00;23608.4;3.36;1.35;0.00;02/08/2024 16:12:31;
03/08/2024;5;2.0TD;3;0.000083266100000000;0.178;0.987967879;152.184868;0.557;2.195;149.432868;112.05;2.85225;0.90092;0.75;0.25;77.64500;89.05400;101.96000;73.51000;75.32000;2513.0;275.0;234.0;57.0;8.61;0.000;0.17498;0.04096;0.00;0.000;1.903;0.947;0.000;0.557;126.853;112.37;108.38;16518.9;1426.90;4.48;3.08;1.05;75943.40;26685.12;0.00;22931.8;3.31;1.16;0.00;02/08/2024 16:12:31;
03/08/2024;6;2.0TD;3;0.000080727077000000;0.176;0.978344146;151.859426;0.557;2.195;149.107426;112.46;2.85225;0.90092;0.75;0.25;77.64500;89.05400;101.96000;73.51000;75.32000;2513.0;275.0;234.0;57.0;8.14;0.000;0.17498;0.04096;0.00;0.000;1.902;0.947;0.000;0.557;126.792;112.67;109.92;16245.7;1355.40;4.01;3.08;1.05;68677.84;21258.72;0.00;22448.8;3.06;0.95;0.00;02/08/2024 16:12:31;
03/08/2024;7;2.0TD;3;0.000079646821000000;0.174;0.969044249;152.975899;0.557;2.195;150.223899;113.99;2.85225;0.90092;0.75;0.25;77.64500;89.05400;101.96000;73.51000;75.32000;2513.0;275.0;234.0;57.0;7.76;0.000;0.17498;0.04096;0.00;0.000;1.919;0.947;0.000;0.557;127.959;114.30;110.00;16404.5;1291.90;3.63;3.08;1.05;66212.68;15852.16;0.00;22619.3;2.93;0.70;0.00;02/08/2024 16:12:31;
03/08/2024;8;2.0TD;3;0.000076325246000000;0.171;0.952202576;153.258321;0.557;2.195;150.506321;115.24;2.85225;0.90092;0.75;0.25;77.64500;89.05400;101.96000;73.51000;75.32000;2513.0;275.0;234.0;57.0;7.07;0.000;0.17498;0.04096;0.00;0.000;1.928;0.947;0.000;0.557;128.528;115.65;110.10;16483.6;1325.80;2.94;3.08;1.05;51154.56;15852.16;0.00;22764.9;2.25;0.70;0.00;02/08/2024 16:12:31;
03/08/2024;9;2.0TD;3;0.000082480324000000;0.167;0.926645055;144.178429;0.557;2.195;141.426429;102.34;2.85225;0.90092;0.75;0.25;77.64500;89.05400;101.96000;73.51000;75.32000;2513.0;275.0;234.0;57.0;12.74;0.000;0.17498;0.04096;0.00;0.000;1.818;0.947;0.000;0.557;121.188;103.02;92.56;17490.5;1221.40;8.61;3.08;1.05;60686.32;146129.76;0.00;24018.6;2.53;6.08;0.00;02/08/2024 16:12:31;
03/08/2024;10;2.0TD;3;0.000094886104000000;0.161;0.892190561;102.339130;0.557;2.195;99.587130;68.22;2.85225;0.90092;0.75;0.25;77.64500;89.05400;101.96000;73.51000;75.32000;2513.0;275.0;234.0;57.0;11.98;0.000;0.17498;0.04096;0.00;0.000;1.287;0.947;0.000;0.557;85.777;68.30;66.30;22972.1;927.80;7.85;3.08;1.05;84300.32;116751.60;0.00;25609.9;3.29;4.56;0.00;02/08/2024 16:12:31;
03/08/2024;11;2.0TD;3;0.000105832349000000;0.160;0.891508785;59.197633;0.557;2.195;56.445633;32.30;2.85225;0.90092;0.75;0.25;77.64500;89.05400;101.96000;73.51000;75.32000;2513.0;275.0;234.0;57.0;11.34;0.000;0.17498;0.04096;0.00;0.000;0.730;0.947;0.000;0.557;48.660;32.44;28.62;25770.0;998.30;7.21;3.08;1.05;148040.24;49712.00;0.00;27425.3;5.40;1.81;0.00;02/08/2024 16:12:31;
03/08/2024;12;2.0TD;3;0.000111492711000000;0.159;0.881394897;44.217576;0.557;2.195;41.465576;20.36;2.85225;0.90092;0.75;0.25;77.64500;89.05400;101.96000;73.51000;75.32000;2513.0;275.0;234.0;57.0;10.59;0.000;0.17498;0.04096;0.00;0.000;0.537;0.947;0.000;0.557;35.777;20.36;20.36;26209.5;1128.10;6.46;3.08;1.05;162083.60;19468.80;0.00;28084.2;5.77;0.69;0.00;02/08/2024 16:12:31;
03/08/2024;13;2.0TD;3;0.000116456732000000;0.160;0.886535655;37.398913;0.557;2.195;34.646913;14.74;2.85225;0.90092;0.75;0.25;77.64500;89.05400;101.96000;73.51000;75.32000;2513.0;275.0;234.0;57.0;10.39;0.000;0.17498;0.04096;0.00;0.000;0.448;0.947;0.000;0.557;29.868;14.66;16.66;27020.1;1143.50;6.26;3.08;1.05;169027.40;10793.52;0.00;28711.7;5.89;0.38;0.00;02/08/2024 16:12:31;
03/08/2024;14;2.0TD;3;0.000125779664000000;0.158;0.879900996;27.721987;0.557;2.195;24.969987;6.63;2.85225;0.90092;0.75;0.25;77.64500;89.05400;101.96000;73.51000;75.32000;2513.0;275.0;234.0;57.0;10.32;0.000;0.17498;0.04096;0.00;0.000;0.323;0.947;0.000;0.557;21.563;6.41;11.39;27851.7;1275.90;6.19;3.08;1.05;178370.40;5062.32;0.00;29623.1;6.02;0.17;0.00;02/08/2024 16:12:31;
03/08/2024;15;2.0TD;3;0.000131107477000000;0.156;0.867971207;25.625805;0.557;2.195;22.873805;5.21;2.85225;0.90092;0.75;0.25;77.64500;89.05400;101.96000;73.51000;75.32000;2513.0;275.0;234.0;57.0;9.99;0.000;0.17498;0.04096;0.00;0.000;0.297;0.947;0.000;0.557;19.787;5.00;10.00;27718.5;1213.30;5.86;3.08;1.05;170289.96;4692.44;0.00;29848.7;5.71;0.16;0.00;02/08/2024 16:12:31;
03/08/2024;16;2.0TD;3;0.000126865082000000;0.158;0.876115586;31.484329;0.557;2.195;28.732329;10.14;2.85225;0.90092;0.75;0.25;77.64500;89.05400;101.96000;73.51000;75.32000;2513.0;275.0;234.0;57.0;10.01;0.000;0.17498;0.04096;0.00;0.000;0.372;0.947;0.000;0.557;24.812;10.07;11.87;27030.5;1094.40;5.88;3.08;1.05;165133.28;8235.36;0.00;29477.2;5.60;0.28;0.00;02/08/2024 16:12:31;
03/08/2024;17;2.0TD;3;0.000123478520000000;0.159;0.885435223;31.721238;0.557;2.195;28.969238;10.31;2.85225;0.90092;0.75;0.25;77.64500;89.05400;101.96000;73.51000;75.32000;2513.0;275.0;234.0;57.0;10.02;0.000;0.17498;0.04096;0.00;0.000;0.375;0.947;0.000;0.557;24.995;10.20;12.83;26509.1;1120.50;5.89;3.08;1.05;165041.32;6147.84;0.00;29071.8;5.68;0.21;0.00;02/08/2024 16:12:31;
03/08/2024;18;2.0TD;3;0.000123326406000000;0.163;0.905210399;42.931357;0.557;2.195;40.179357;20.05;2.85225;0.90092;0.75;0.25;77.64500;89.05400;101.96000;73.51000;75.32000;2513.0;275.0;234.0;57.0;9.69;0.000;0.17498;0.04096;0.00;0.000;0.518;0.947;0.000;0.557;34.548;20.00;21.50;26512.4;978.20;5.56;3.08;1.05;143764.92;18536.80;0.00;29191.3;4.92;0.64;0.00;02/08/2024 16:12:31;
03/08/2024;19;2.0TD;3;0.000124087004000000;0.170;0.944303314;90.472783;0.557;2.195;87.720783;58.79;2.85225;0.90092;0.75;0.25;77.64500;89.05400;101.96000;73.51000;75.32000;2513.0;275.0;234.0;57.0;10.77;0.000;0.17498;0.04096;0.00;0.000;1.125;0.947;0.000;0.557;74.975;58.75;60.07;25890.5;757.00;6.64;3.08;1.05;102760.20;92160.00;0.00;29364.9;3.50;3.14;0.00;02/08/2024 16:12:31;
03/08/2024;20;2.0TD;3;0.000124646963000000;0.178;0.989356026;116.808350;0.557;2.195;114.056350;80.32;2.85225;0.90092;0.75;0.25;77.64500;89.05400;101.96000;73.51000;75.32000;2513.0;275.0;234.0;57.0;10.76;0.000;0.17498;0.04096;0.00;0.000;1.452;0.947;0.000;0.557;96.822;80.00;89.99;22408.3;739.20;6.63;3.08;1.05;64547.80;129363.20;0.00;29246.1;2.21;4.42;0.00;02/08/2024 16:12:31;
03/08/2024;21;2.0TD;3;0.000126741794000000;0.188;1.047091436;169.554362;0.557;2.195;166.802362;121.37;2.85225;0.90092;0.75;0.25;77.64500;89.05400;101.96000;73.51000;75.32000;2513.0;275.0;234.0;57.0;12.64;0.000;0.17498;0.04096;0.00;0.000;2.106;0.947;0.000;0.557;140.406;121.49;119.49;21644.7;1437.60;8.51;3.08;1.05;58345.24;188421.44;0.00;28980.3;2.01;6.50;0.00;02/08/2024 16:12:31;
03/08/2024;22;2.0TD;3;0.000139718312000000;0.192;1.068227218;184.831226;0.557;2.195;182.079226;135.83;2.85225;0.90092;0.75;0.25;77.64500;89.05400;101.96000;73.51000;75.32000;2513.0;275.0;234.0;57.0;10.34;0.000;0.17498;0.04096;0.00;0.000;2.291;0.947;0.000;0.557;152.751;136.53;126.52;21309.0;1611.50;6.21;3.08;1.05;140464.80;17578.00;24859.38;29423.6;4.77;0.60;0.84;02/08/2024 16:12:31;
03/08/2024;23;2.0TD;3;0.000142045895000000;0.192;1.069237499;178.647130;0.557;2.195;175.895130;130.27;2.85225;0.90092;0.75;0.25;77.64500;89.05400;101.96000;73.51000;75.32000;2513.0;275.0;234.0;57.0;10.79;0.000;0.17498;0.04096;0.00;0.000;2.213;0.947;0.000;0.557;147.563;131.49;114.49;21213.6;1643.70;6.66;3.08;1.05;151033.36;16810.96;24859.38;28938.4;5.22;0.58;0.86;02/08/2024 16:12:31;
03/08/2024;24;2.0TD;3;0.000129615926000000;0.191;1.063284545;174.026171;0.557;2.195;171.274171;125.88;2.85225;0.90092;0.75;0.25;77.64500;89.05400;101.96000;73.51000;75.32000;2513.0;275.0;234.0;57.0;11.48;0.000;0.17498;0.04096;0.00;0.000;2.157;0.947;0.000;0.557;143.807;126.63;116.62;19988.6;1617.90;7.35;3.08;1.05;155973.08;18089.36;24859.38;27051.5;5.77;0.67;0.92;02/08/2024 16:12:31;
*
