pvpcdata;
2024;05;13;12;31;36;
30/04/2024;1;2.0TD;3;0.000093212771000000;0.199;1.104798461;112.914837;0.557;2.195;110.162837;73.91;5.48624;1.01354;0.75;0.25;53.43583;75.38080;101.96000;48.69000;27.94000;1890.4;275.0;154.0;50.0;9.31;0.000;0.17498;0.04096;0.00;0.000;1.378;0.947;0.000;0.557;91.878;73.73;76.39;16043.0;1174.70;4.54;3.35;1.42;70369.88;10355.04;24859.38;23230.5;3.03;0.45;1.07;29/04/2024 16:06:05;
30/04/2024;2;2.0TD;3;0.000077055657000000;0.205;1.139725148;97.220301;0.557;2.195;94.468301;58.13;5.48624;1.01354;0.75;0.25;53.43583;75.38080;101.96000;48.69000;27.94000;1890.4;275.0;154.0;50.0;11.81;0.000;0.17498;0.04096;0.00;0.000;1.176;0.947;0.000;0.557;78.396;57.83;62.83;15210.4;973.30;7.04;3.35;1.42;102961.76;27200.00;24859.38;22028.6;4.67;1.23;1.13;29/04/2024 16:06:05;
30/04/2024;3;2.0TD;3;0.000068048365000000;0.209;1.159279857;99.522693;0.557;2.195;96.770693;59.19;5.48624;1.01354;0.75;0.25;53.43583;75.38080;101.96000;48.69000;27.94000;1890.4;275.0;154.0;50.0;12.37;0.000;0.17498;0.04096;0.00;0.000;1.201;0.947;0.000;0.557;80.041;58.99;62.00;14775.7;1063.80;7.60;3.35;1.42;108130.24;28032.00;24859.38;21181.3;5.10;1.32;1.17;29/04/2024 16:06:05;
30/04/2024;4;2.0TD;3;0.000063811237000000;0.210;1.168396297;109.982115;0.557;2.195;107.230115;68.87;5.48624;1.01354;0.75;0.25;53.43583;75.38080;101.96000;48.69000;27.94000;1890.4;275.0;154.0;50.0;11.14;0.000;0.17498;0.04096;0.00;0.000;1.329;0.947;0.000;0.557;88.619;68.81;69.71;15295.6;1151.10;6.37;3.35;1.42;113638.72;19200.00;0.00;20865.1;5.45;0.92;0.00;29/04/2024 16:06:05;
30/04/2024;5;2.0TD;3;0.000062348361000000;0.210;1.165779537;105.559565;0.557;2.195;102.807565;64.83;5.48624;1.01354;0.75;0.25;53.43583;75.38080;101.96000;48.69000;27.94000;1890.4;275.0;154.0;50.0;11.58;0.000;0.17498;0.04096;0.00;0.000;1.274;0.947;0.000;0.557;84.964;64.77;65.60;15210.9;1132.90;6.81;3.35;1.42;119937.04;21888.00;0.00;20821.1;5.76;1.05;0.00;29/04/2024 16:06:05;
30/04/2024;6;2.0TD;3;0.000064178723000000;0.202;1.124647230;118.181178;0.557;2.195;115.429178;77.02;5.48624;1.01354;0.75;0.25;53.43583;75.38080;101.96000;48.69000;27.94000;1890.4;275.0;154.0;50.0;10.29;0.000;0.17498;0.04096;0.00;0.000;1.440;0.947;0.000;0.557;96.030;77.13;75.60;15515.9;1152.50;5.52;3.35;1.42;103954.04;14400.00;0.00;21430.3;4.85;0.67;0.00;29/04/2024 16:06:05;
30/04/2024;7;2.0TD;3;0.000071942631000000;0.189;1.048192458;126.179629;0.557;2.195;123.427629;85.22;5.48624;1.01354;0.75;0.25;53.43583;75.38080;101.96000;48.69000;27.94000;1890.4;275.0;154.0;50.0;9.75;0.000;0.17498;0.04096;0.00;0.000;1.557;0.947;0.000;0.557;103.807;85.36;83.36;17241.9;1290.90;4.98;3.35;1.42;86984.64;8000.00;24859.38;24057.9;3.62;0.33;1.03;29/04/2024 16:06:05;
30/04/2024;8;2.0TD;3;0.000086636322000000;0.175;0.974881191;138.742893;0.557;2.195;135.990893;99.26;5.48624;1.01354;0.75;0.25;53.43583;75.38080;101.96000;48.69000;27.94000;1890.4;275.0;154.0;50.0;7.46;0.000;0.17498;0.04096;0.00;0.000;1.736;0.947;0.000;0.557;115.736;99.32;98.32;18667.3;1216.60;2.69;3.35;1.42;31683.68;16010.00;24859.38;26905.9;1.18;0.60;0.92;29/04/2024 16:06:05;
30/04/2024;9;2.0TD;2;0.000099078035000000;0.190;1.163126561;148.225507;19.184;8.779;120.262507;84.36;5.48624;1.01354;0.75;0.25;53.43583;75.38080;101.96000;48.69000;27.94000;1890.4;275.0;154.0;50.0;7.75;0.154;0.17498;0.04096;0.00;0.000;1.516;0.947;0.000;0.557;101.060;84.41;83.41;21994.0;1108.00;2.98;3.35;1.42;42872.84;16182.00;24859.38;28149.8;1.52;0.57;0.88;29/04/2024 16:06:05;
30/04/2024;10;2.0TD;2;0.000107539239000000;0.153;0.937206526;120.935074;19.184;8.779;92.972074;58.15;5.48624;1.01354;0.75;0.25;53.43583;75.38080;101.96000;48.69000;27.94000;1890.4;275.0;154.0;50.0;13.84;0.154;0.17498;0.04096;0.00;0.000;1.210;0.947;0.000;0.557;80.634;58.00;60.99;24318.1;1308.70;9.07;3.35;1.42;95274.68;136212.60;24859.38;28274.2;3.37;4.82;0.88;29/04/2024 16:06:05;
30/04/2024;11;2.0TD;1;0.000113834755000000;0.159;0.953036527;149.205117;33.081;43.893;72.231117;40.93;5.48624;1.01354;0.75;0.25;53.43583;75.38080;101.96000;48.69000;27.94000;1890.4;275.0;154.0;50.0;12.25;0.926;0.17498;0.04096;0.00;0.000;0.935;0.947;0.000;0.557;62.321;41.00;39.60;25908.8;1329.30;7.48;3.35;1.42;121721.36;66169.44;24859.38;28422.9;4.28;2.33;0.87;29/04/2024 16:06:05;
30/04/2024;12;2.0TD;1;0.000115865841000000;0.162;0.970880391;142.855833;33.081;43.893;65.881833;35.01;5.48624;1.01354;0.75;0.25;53.43583;75.38080;101.96000;48.69000;27.94000;1890.4;275.0;154.0;50.0;12.63;0.926;0.17498;0.04096;0.00;0.000;0.850;0.947;0.000;0.557;56.696;35.01;35.03;29367.5;1377.00;7.86;3.35;1.42;144096.00;51519.52;24859.38;28070.2;5.13;1.84;0.89;29/04/2024 16:06:05;
30/04/2024;13;2.0TD;1;0.000119698069000000;0.159;0.954460208;137.085454;33.081;43.893;60.111454;28.26;5.48624;1.01354;0.75;0.25;53.43583;75.38080;101.96000;48.69000;27.94000;1890.4;275.0;154.0;50.0;14.62;0.926;0.17498;0.04096;0.00;0.000;0.778;0.947;0.000;0.557;51.864;28.26;28.24;28091.3;1777.90;9.85;3.35;1.42;195071.52;55581.76;24859.38;27963.3;6.98;1.99;0.89;29/04/2024 16:06:05;
30/04/2024;14;2.0TD;1;0.000126995353000000;0.154;0.922036361;121.713345;33.081;43.893;44.739345;14.98;5.48624;1.01354;0.75;0.25;53.43583;75.38080;101.96000;48.69000;27.94000;1890.4;275.0;154.0;50.0;15.00;0.926;0.17498;0.04096;0.00;0.000;0.582;0.947;0.000;0.557;38.768;15.10;13.10;28579.7;1812.00;10.23;3.35;1.42;210709.92;51616.24;24859.38;28079.2;7.50;1.84;0.89;29/04/2024 16:06:05;
30/04/2024;15;2.0TD;2;0.000126319521000000;0.173;1.063528737;75.496397;19.184;8.779;47.533397;17.50;5.48624;1.01354;0.75;0.25;53.43583;75.38080;101.96000;48.69000;27.94000;1890.4;275.0;154.0;50.0;14.98;0.154;0.17498;0.04096;0.00;0.000;0.608;0.947;0.000;0.557;40.522;17.50;17.50;28113.4;2036.20;10.21;3.35;1.42;203436.16;51551.76;24859.38;27411.9;7.42;1.88;0.91;29/04/2024 16:06:05;
30/04/2024;16;2.0TD;2;0.000115635473000000;0.180;1.102606596;77.396657;19.184;8.779;49.433657;19.14;5.48624;1.01354;0.75;0.25;53.43583;75.38080;101.96000;48.69000;27.94000;1890.4;275.0;154.0;50.0;14.69;0.154;0.17498;0.04096;0.00;0.000;0.628;0.947;0.000;0.557;41.892;19.14;19.14;27804.5;1977.80;9.92;3.35;1.42;188996.00;48923.56;24859.38;26481.5;7.14;1.85;0.94;29/04/2024 16:06:05;
30/04/2024;17;2.0TD;2;0.000108159842000000;0.186;1.142085386;76.131121;19.184;8.779;48.168121;17.50;5.48624;1.01354;0.75;0.25;53.43583;75.38080;101.96000;48.69000;27.94000;1890.4;275.0;154.0;50.0;15.07;0.154;0.17498;0.04096;0.00;0.000;0.609;0.947;0.000;0.557;40.613;17.50;17.50;27620.4;1991.10;10.30;3.35;1.42;196084.88;46108.80;24859.38;25934.4;7.56;1.78;0.96;29/04/2024 16:06:05;
30/04/2024;18;2.0TD;2;0.000105853137000000;0.192;1.177544452;79.037732;19.184;8.779;51.074732;20.40;5.48624;1.01354;0.75;0.25;53.43583;75.38080;101.96000;48.69000;27.94000;1890.4;275.0;154.0;50.0;14.37;0.154;0.17498;0.04096;0.00;0.000;0.643;0.947;0.000;0.557;42.847;20.40;20.41;26429.4;1587.20;9.60;3.35;1.42;175073.12;49637.88;24859.38;25998.2;6.73;1.91;0.96;29/04/2024 16:06:05;
30/04/2024;19;2.0TD;1;0.000106575441000000;0.167;1.000441794;140.651273;33.081;43.893;63.677273;31.96;5.48624;1.01354;0.75;0.25;53.43583;75.38080;101.96000;48.69000;27.94000;1890.4;275.0;154.0;50.0;13.58;0.926;0.17498;0.04096;0.00;0.000;0.818;0.947;0.000;0.557;54.564;31.96;31.97;24391.1;1563.30;8.81;3.35;1.42;136849.00;67858.28;24859.38;26043.2;5.25;2.61;0.95;29/04/2024 16:06:05;
30/04/2024;20;2.0TD;1;0.000111918949000000;0.167;1.001551733;158.009231;33.081;43.893;81.035231;48.25;5.48624;1.01354;0.75;0.25;53.43583;75.38080;101.96000;48.69000;27.94000;1890.4;275.0;154.0;50.0;11.94;0.926;0.17498;0.04096;0.00;0.000;1.042;0.947;0.000;0.557;69.438;48.25;48.25;21789.2;1078.50;7.17;3.35;1.42;86329.44;79714.92;24859.38;26627.0;3.24;2.99;0.93;29/04/2024 16:06:05;
30/04/2024;21;2.0TD;1;0.000127320604000000;0.170;1.016552420;168.207008;33.081;43.893;91.233008;60.06;5.48624;1.01354;0.75;0.25;53.43583;75.38080;101.96000;48.69000;27.94000;1890.4;275.0;154.0;50.0;8.54;0.926;0.17498;0.04096;0.00;0.000;1.170;0.947;0.000;0.557;77.976;60.10;59.53;20358.6;1394.80;3.77;3.35;1.42;44385.60;34770.56;24859.38;27555.0;1.61;1.26;0.90;29/04/2024 16:06:05;
30/04/2024;22;2.0TD;1;0.000148797945000000;0.171;1.021433227;194.795254;33.081;43.893;117.821254;83.79;5.48624;1.01354;0.75;0.25;53.43583;75.38080;101.96000;48.69000;27.94000;1890.4;275.0;154.0;50.0;7.11;0.926;0.17498;0.04096;0.00;0.000;1.509;0.947;0.000;0.557;100.615;83.91;81.91;18688.9;1224.60;2.34;3.35;1.42;30885.16;10994.24;24859.38;28432.8;1.09;0.39;0.87;29/04/2024 16:06:05;
30/04/2024;23;2.0TD;2;0.000136826078000000;0.198;1.213292687;132.297934;19.184;8.779;104.334934;70.86;5.48624;1.01354;0.75;0.25;53.43583;75.38080;101.96000;48.69000;27.94000;1890.4;275.0;154.0;50.0;7.49;0.154;0.17498;0.04096;0.00;0.000;1.306;0.947;0.000;0.557;87.090;70.98;68.98;19647.3;1272.30;2.72;3.35;1.42;38468.28;8437.44;24859.38;26331.8;1.46;0.32;0.94;29/04/2024 16:06:05;
30/04/2024;24;2.0TD;2;0.000114308562000000;0.206;1.261438233;126.456936;19.184;8.779;98.493936;64.88;5.48624;1.01354;0.75;0.25;53.43583;75.38080;101.96000;48.69000;27.94000;1890.4;275.0;154.0;50.0;8.13;0.154;0.17498;0.04096;0.00;0.000;1.225;0.947;0.000;0.557;81.669;65.00;63.00;19616.7;1264.80;3.36;3.35;1.42;42028.20;12784.00;24859.38;23747.7;1.77;0.54;1.05;29/04/2024 16:06:05;
*
