pvpcdata;
2024;10;09;11;29;25;
03/09/2024;1;2.0TD;3;0.000096123052000000;0.164;0.911438526;154.202590;0.557;2.195;151.450590;124.90;-4.43958;1.04068;0.75;0.25;108.44333;90.68500;101.96000;73.51000;91.63000;2140.9;275.0;234.0;48.0;6.16;0.000;0.17498;0.04096;0.00;0.000;1.952;0.947;0.000;0.557;130.112;124.90;124.90;17695.8;1158.80;2.03;3.08;1.05;20462.72;7405.44;24859.38;25985.8;0.79;0.28;0.96;02/09/2024 16:09:50;
03/09/2024;2;2.0TD;3;0.000082210542000000;0.172;0.955328444;152.447095;0.557;2.195;149.695095;122.29;-4.43958;1.04068;0.75;0.25;108.44333;90.68500;101.96000;73.51000;91.63000;2140.9;275.0;234.0;48.0;6.42;0.000;0.17498;0.04096;0.00;0.000;1.916;0.947;0.000;0.557;127.726;122.29;122.29;16515.7;1049.70;2.29;3.08;1.05;28175.76;3383.52;24859.38;24705.3;1.14;0.14;1.01;02/09/2024 16:09:50;
03/09/2024;3;2.0TD;3;0.000074137043000000;0.178;0.987650047;144.555152;0.557;2.195;141.803152;114.51;-4.43958;1.04068;0.75;0.25;108.44333;90.68500;101.96000;73.51000;91.63000;2140.9;275.0;234.0;48.0;6.96;0.000;0.17498;0.04096;0.00;0.000;1.806;0.947;0.000;0.557;120.376;114.51;114.51;15934.2;982.30;2.83;3.08;1.05;38896.64;3383.52;24859.38;23723.3;1.64;0.14;1.05;02/09/2024 16:09:50;
03/09/2024;4;2.0TD;3;0.000069897496000000;0.180;0.998011221;136.984305;0.557;2.195;134.232305;108.00;-4.43958;1.04068;0.75;0.25;108.44333;90.68500;101.96000;73.51000;91.63000;2140.9;275.0;234.0;48.0;6.95;0.000;0.17498;0.04096;0.00;0.000;1.706;0.947;0.000;0.557;113.756;108.00;107.99;15745.2;925.90;2.82;3.08;1.05;61272.04;3766.56;0.00;23098.9;2.65;0.16;0.00;02/09/2024 16:09:50;
03/09/2024;5;2.0TD;3;0.000067607312000000;0.180;1.000048694;133.533985;0.557;2.195;130.781985;104.94;-4.43958;1.04068;0.75;0.25;108.44333;90.68500;101.96000;73.51000;91.63000;2140.9;275.0;234.0;48.0;7.13;0.000;0.17498;0.04096;0.00;0.000;1.662;0.947;0.000;0.557;110.832;105.00;104.01;15641.3;929.30;3.00;3.08;1.05;65351.36;3383.52;0.00;22935.5;2.85;0.15;0.00;02/09/2024 16:09:50;
03/09/2024;6;2.0TD;3;0.000067876198000000;0.175;0.969570198;134.030274;0.557;2.195;131.278274;105.93;-4.43958;1.04068;0.75;0.25;108.44333;90.68500;101.96000;73.51000;91.63000;2140.9;275.0;234.0;48.0;7.02;0.000;0.17498;0.04096;0.00;0.000;1.676;0.947;0.000;0.557;111.726;106.21;101.21;15746.2;933.00;2.89;3.08;1.05;63631.92;3383.52;0.00;23196.1;2.74;0.15;0.00;02/09/2024 16:09:50;
03/09/2024;7;2.0TD;3;0.000073397741000000;0.160;0.891392906;143.883621;0.557;2.195;141.131621;115.58;-4.43958;1.04068;0.75;0.25;108.44333;90.68500;101.96000;73.51000;91.63000;2140.9;275.0;234.0;48.0;7.16;0.000;0.17498;0.04096;0.00;0.000;1.825;0.947;0.000;0.557;121.665;115.74;113.24;16081.6;1134.90;3.03;3.08;1.05;47132.40;3387.76;24859.38;24869.6;1.90;0.14;1.00;02/09/2024 16:09:50;
03/09/2024;8;2.0TD;3;0.000084738701000000;0.147;0.819159066;152.002152;0.557;2.195;149.250152;124.88;-4.43958;1.04068;0.75;0.25;108.44333;90.68500;101.96000;73.51000;91.63000;2140.9;275.0;234.0;48.0;6.19;0.000;0.17498;0.04096;0.00;0.000;1.952;0.947;0.000;0.557;130.122;125.00;123.00;17771.8;1159.90;2.06;3.08;1.05;26852.76;3766.56;24859.38;26947.9;1.00;0.14;0.92;02/09/2024 16:09:50;
03/09/2024;9;2.0TD;2;0.000088674246000000;0.147;0.904435330;189.840475;19.184;8.779;161.877475;133.89;-4.43958;1.04068;0.75;0.25;108.44333;90.68500;101.96000;73.51000;91.63000;2140.9;275.0;234.0;48.0;7.87;0.154;0.17498;0.04096;0.00;0.000;2.117;0.947;0.000;0.557;141.131;133.95;132.95;18831.0;1224.10;3.74;3.08;1.05;18670.00;61286.40;24859.38;28079.2;0.66;2.18;0.89;02/09/2024 16:09:50;
03/09/2024;10;2.0TD;2;0.000093608203000000;0.138;0.844420799;172.326483;19.184;8.779;144.363483;116.11;-4.43958;1.04068;0.75;0.25;108.44333;90.68500;101.96000;73.51000;91.63000;2140.9;275.0;234.0;48.0;11.59;0.154;0.17498;0.04096;0.00;0.000;1.903;0.947;0.000;0.557;126.857;115.98;118.00;21119.2;1511.90;7.46;3.08;1.05;45385.04;147521.92;24859.38;29203.2;1.55;5.05;0.85;02/09/2024 16:09:50;
03/09/2024;11;2.0TD;1;0.000098308915000000;0.141;0.846374296;205.109658;33.081;43.893;128.135658;98.85;-4.43958;1.04068;0.75;0.25;108.44333;90.68500;101.96000;73.51000;91.63000;2140.9;275.0;234.0;48.0;13.74;0.926;0.17498;0.04096;0.00;0.000;1.685;0.947;0.000;0.557;112.301;98.88;98.53;22897.0;2017.70;9.61;3.08;1.05;122182.56;143256.96;24859.38;30197.0;4.05;4.74;0.82;02/09/2024 16:09:50;
03/09/2024;12;2.0TD;1;0.000100387947000000;0.143;0.854360295;191.362229;33.081;43.893;114.388229;90.16;-4.43958;1.04068;0.75;0.25;108.44333;90.68500;101.96000;73.51000;91.63000;2140.9;275.0;234.0;48.0;10.39;0.926;0.17498;0.04096;0.00;0.000;1.501;0.947;0.000;0.557;100.077;90.02;92.73;23061.1;1279.70;6.26;3.08;1.05;135214.32;30809.44;24859.38;30500.6;4.43;1.01;0.82;02/09/2024 16:09:50;
03/09/2024;13;2.0TD;1;0.000104743435000000;0.140;0.841084765;185.263957;33.081;43.893;108.289957;85.01;-4.43958;1.04068;0.75;0.25;108.44333;90.68500;101.96000;73.51000;91.63000;2140.9;275.0;234.0;48.0;10.53;0.926;0.17498;0.04096;0.00;0.000;1.425;0.947;0.000;0.557;94.991;85.00;85.27;24317.7;1186.70;6.40;3.08;1.05;140655.24;33941.52;24859.38;31166.3;4.51;1.09;0.80;02/09/2024 16:09:50;
03/09/2024;14;2.0TD;1;0.000112946214000000;0.135;0.809957939;182.657471;33.081;43.893;105.683471;83.08;-4.43958;1.04068;0.75;0.25;108.44333;90.68500;101.96000;73.51000;91.63000;2140.9;275.0;234.0;48.0;10.61;0.926;0.17498;0.04096;0.00;0.000;1.397;0.947;0.000;0.557;93.113;83.08;83.08;25608.3;1361.80;6.48;3.08;1.05;147237.84;34452.88;24859.38;31847.7;4.62;1.08;0.78;02/09/2024 16:09:50;
03/09/2024;15;2.0TD;2;0.000114261186000000;0.134;0.823884698;134.471898;19.184;8.779;106.508898;84.70;-4.43958;1.04068;0.75;0.25;108.44333;90.68500;101.96000;73.51000;91.63000;2140.9;275.0;234.0;48.0;10.56;0.154;0.17498;0.04096;0.00;0.000;1.409;0.947;0.000;0.557;93.923;84.68;85.13;25531.1;1431.90;6.43;3.08;1.05;144567.60;34900.32;24859.38;31768.0;4.55;1.10;0.78;02/09/2024 16:09:50;
03/09/2024;16;2.0TD;2;0.000107981849000000;0.141;0.862982472;139.275754;19.184;8.779;111.312754;87.20;-4.43958;1.04068;0.75;0.25;108.44333;90.68500;101.96000;73.51000;91.63000;2140.9;275.0;234.0;48.0;11.64;0.154;0.17498;0.04096;0.00;0.000;1.463;0.947;0.000;0.557;97.557;87.20;87.20;25013.5;1203.10;7.51;3.08;1.05;164896.16;43337.76;24859.38;31053.3;5.31;1.40;0.80;02/09/2024 16:09:50;
03/09/2024;17;2.0TD;2;0.000106197006000000;0.146;0.893312994;138.367712;19.184;8.779;110.404712;86.08;-4.43958;1.04068;0.75;0.25;108.44333;90.68500;101.96000;73.51000;91.63000;2140.9;275.0;234.0;48.0;11.56;0.154;0.17498;0.04096;0.00;0.000;1.445;0.947;0.000;0.557;96.339;86.08;86.08;24939.9;1148.20;7.43;3.08;1.05;165799.52;38352.00;24859.38;30854.8;5.37;1.24;0.81;02/09/2024 16:09:50;
03/09/2024;18;2.0TD;2;0.000109631545000000;0.149;0.913922673;144.128268;19.184;8.779;116.165268;90.49;-4.43958;1.04068;0.75;0.25;108.44333;90.68500;101.96000;73.51000;91.63000;2140.9;275.0;234.0;48.0;11.84;0.154;0.17498;0.04096;0.00;0.000;1.517;0.947;0.000;0.557;101.101;90.49;90.49;24560.9;1123.10;7.71;3.08;1.05;161555.12;52797.92;24859.38;31009.2;5.21;1.70;0.80;02/09/2024 16:09:50;
03/09/2024;19;2.0TD;1;0.000112784754000000;0.149;0.894512862;207.944133;33.081;43.893;130.970133;101.38;-4.43958;1.04068;0.75;0.25;108.44333;90.68500;101.96000;73.51000;91.63000;2140.9;275.0;234.0;48.0;12.87;0.926;0.17498;0.04096;0.00;0.000;1.710;0.947;0.000;0.557;113.986;101.92;92.48;23812.7;1433.50;8.74;3.08;1.05;150895.76;96111.84;24859.38;31095.8;4.85;3.09;0.80;02/09/2024 16:09:50;
03/09/2024;20;2.0TD;1;0.000116789206000000;0.150;0.896221589;226.936519;33.081;43.893;149.962519;120.33;-4.43958;1.04068;0.75;0.25;108.44333;90.68500;101.96000;73.51000;91.63000;2140.9;275.0;234.0;48.0;10.09;0.926;0.17498;0.04096;0.00;0.000;1.956;0.947;0.000;0.557;130.402;120.94;112.34;21852.0;1663.10;5.96;3.08;1.05;129466.32;28752.00;24859.38;30707.1;4.22;0.94;0.81;02/09/2024 16:09:50;
03/09/2024;21;2.0TD;1;0.000132988733000000;0.144;0.862295961;238.313682;33.081;43.893;161.339682;130.61;-4.43958;1.04068;0.75;0.25;108.44333;90.68500;101.96000;73.51000;91.63000;2140.9;275.0;234.0;48.0;10.28;0.926;0.17498;0.04096;0.00;0.000;2.115;0.947;0.000;0.557;141.031;131.00;126.00;20821.2;1773.50;6.15;3.08;1.05;113454.76;50795.20;24859.38;30758.6;3.69;1.65;0.81;02/09/2024 16:09:50;
03/09/2024;22;2.0TD;1;0.000148742944000000;0.142;0.852406109;234.392065;33.081;43.893;157.418065;129.74;-4.43958;1.04068;0.75;0.25;108.44333;90.68500;101.96000;73.51000;91.63000;2140.9;275.0;234.0;48.0;8.01;0.926;0.17498;0.04096;0.00;0.000;2.068;0.947;0.000;0.557;137.844;130.01;126.31;20926.7;1628.70;3.88;3.08;1.05;76144.16;19598.88;24859.38;31040.4;2.45;0.63;0.80;02/09/2024 16:09:50;
03/09/2024;23;2.0TD;2;0.000133969766000000;0.151;0.925854975;182.061401;19.184;8.779;154.098401;126.33;-4.43958;1.04068;0.75;0.25;108.44333;90.68500;101.96000;73.51000;91.63000;2140.9;275.0;234.0;48.0;8.29;0.154;0.17498;0.04096;0.00;0.000;2.008;0.947;0.000;0.557;133.882;126.57;123.57;19069.9;1653.30;4.16;3.08;1.05;81233.20;14364.00;24859.38;28930.7;2.81;0.50;0.86;02/09/2024 16:09:50;
03/09/2024;24;2.0TD;2;0.000113765459000000;0.154;0.944057708;169.692884;19.184;8.779;141.729884;114.82;-4.43958;1.04068;0.75;0.25;108.44333;90.68500;101.96000;73.51000;91.63000;2140.9;275.0;234.0;48.0;8.90;0.154;0.17498;0.04096;0.00;0.000;1.842;0.947;0.000;0.557;122.816;115.19;110.80;18337.4;1672.10;4.77;3.08;1.05;100703.72;3387.76;24859.38;27026.9;3.73;0.13;0.92;02/09/2024 16:09:50;
*
