pvpcdata;
2024;02;09;12;01;54;
29/01/2024;1;2.0TD;3;0.000124832797000000;0.252;1.402298156;90.224089;0.557;2.195;87.472089;50.30;5.08128;0.82527;0.75;0.25;77.96750;98.29260;101.96000;97.42000;81.63000;2491.3;275.0;177.0;62.0;12.99;0.000;0.17498;0.03702;0.00;0.000;0.000;1.048;0.565;0.000;0.557;69.865;49.97;54.97;13865.7;979.80;7.85;3.56;1.58;96152.12;58806.40;24859.38;22909.2;4.20;2.57;1.09;28/01/2024 16:05:49;
29/01/2024;2;2.0TD;3;0.000102447340000000;0.266;1.477470562;88.889229;0.557;2.195;86.137229;47.62;5.08128;0.82527;0.75;0.25;77.96750;98.29260;101.96000;97.42000;81.63000;2491.3;275.0;177.0;62.0;13.87;0.000;0.17498;0.03702;0.00;0.000;0.000;1.021;0.565;0.000;0.557;68.038;47.26;51.99;13319.4;1106.60;8.73;3.56;1.58;156428.12;31576.48;0.00;21542.4;7.26;1.47;0.00;28/01/2024 16:05:49;
29/01/2024;3;2.0TD;3;0.000090319262000000;0.271;1.507124760;96.287287;0.557;2.195;93.535287;48.25;5.08128;0.82527;0.75;0.25;77.96750;98.29260;101.96000;97.42000;81.63000;2491.3;275.0;177.0;62.0;18.71;0.000;0.17498;0.03702;0.00;0.000;0.000;1.104;0.565;0.000;0.557;73.591;48.12;50.00;13479.9;981.80;13.57;3.56;1.58;248145.76;34261.12;0.00;20806.1;11.93;1.65;0.00;28/01/2024 16:05:49;
29/01/2024;4;2.0TD;3;0.000084107173000000;0.274;1.519937624;98.034314;0.557;2.195;95.282314;48.11;5.08128;0.82527;0.75;0.25;77.96750;98.29260;101.96000;97.42000;81.63000;2491.3;275.0;177.0;62.0;20.03;0.000;0.17498;0.03702;0.00;0.000;0.000;1.122;0.565;0.000;0.557;74.789;47.97;50.00;13306.8;984.30;14.89;3.56;1.58;271307.88;34388.96;0.00;20533.4;13.21;1.67;0.00;28/01/2024 16:05:49;
29/01/2024;5;2.0TD;3;0.000081669075000000;0.273;1.514208685;101.888003;0.557;2.195;99.136003;51.58;5.08128;0.82527;0.75;0.25;77.96750;98.29260;101.96000;97.42000;81.63000;2491.3;275.0;177.0;62.0;19.60;0.000;0.17498;0.03702;0.00;0.000;0.000;1.168;0.565;0.000;0.557;77.875;51.58;51.58;13108.7;929.50;14.46;3.56;1.58;266111.08;30898.56;0.00;20535.0;12.96;1.50;0.00;28/01/2024 16:05:49;
29/01/2024;6;2.0TD;3;0.000083894934000000;0.266;1.476257412;110.931555;0.557;2.195;108.179555;60.06;5.08128;0.82527;0.75;0.25;77.96750;98.29260;101.96000;97.42000;81.63000;2491.3;275.0;177.0;62.0;18.58;0.000;0.17498;0.03702;0.00;0.000;0.000;1.282;0.565;0.000;0.557;85.449;60.06;60.06;12413.2;970.50;13.44;3.56;1.58;248823.28;40333.52;0.00;21518.0;11.56;1.87;0.00;28/01/2024 16:05:49;
29/01/2024;7;2.0TD;3;0.000095584657000000;0.241;1.338082823;125.325428;0.557;2.195;122.573428;80.58;5.08128;0.82527;0.75;0.25;77.96750;98.29260;101.96000;97.42000;81.63000;2491.3;275.0;177.0;62.0;11.18;0.000;0.17498;0.03702;0.00;0.000;0.000;1.482;0.565;0.000;0.557;98.769;80.66;79.66;13352.0;1084.60;6.04;3.56;1.58;95950.20;27805.20;24859.38;24602.6;3.90;1.13;1.01;28/01/2024 16:05:49;
29/01/2024;8;2.0TD;3;0.000122350950000000;0.220;1.219905487;129.629421;0.557;2.195;126.877421;88.70;5.08128;0.82527;0.75;0.25;77.96750;98.29260;101.96000;97.42000;81.63000;2491.3;275.0;177.0;62.0;8.21;0.000;0.17498;0.03702;0.00;0.000;0.000;1.560;0.565;0.000;0.557;103.997;88.70;88.70;15381.2;1156.50;3.07;3.56;1.58;46182.16;17811.36;24859.38;28991.9;1.59;0.61;0.86;28/01/2024 16:05:49;
29/01/2024;9;2.0TD;2;0.000136163659000000;0.203;1.248179244;165.515086;19.184;8.779;137.552086;99.24;5.08128;0.82527;0.75;0.25;77.96750;98.29260;101.96000;97.42000;81.63000;2491.3;275.0;177.0;62.0;7.68;0.178;0.17498;0.03702;0.00;0.000;0.000;1.715;0.565;0.000;0.557;114.340;99.26;99.01;18289.2;1311.70;2.54;3.56;1.58;32189.84;23046.24;24859.38;31610.4;1.02;0.73;0.79;28/01/2024 16:05:49;
29/01/2024;10;2.0TD;2;0.000141733523000000;0.193;1.185552027;151.569594;19.184;8.779;123.606594;88.27;5.08128;0.82527;0.75;0.25;77.96750;98.29260;101.96000;97.42000;81.63000;2491.3;275.0;177.0;62.0;8.08;0.178;0.17498;0.03702;0.00;0.000;0.000;1.554;0.565;0.000;0.557;103.609;88.39;86.52;17536.5;1233.10;2.94;3.56;1.58;42358.64;26437.12;24859.38;31885.2;1.33;0.83;0.78;28/01/2024 16:05:49;
29/01/2024;11;2.0TD;1;0.000148097998000000;0.187;1.121459775;190.848709;33.081;43.893;113.874709;78.88;5.08128;0.82527;0.75;0.25;77.96750;98.29260;101.96000;97.42000;81.63000;2491.3;275.0;177.0;62.0;9.02;1.068;0.17498;0.03702;0.00;0.000;0.000;1.439;0.565;0.000;0.557;95.934;78.90;78.58;17507.6;1196.60;3.88;3.56;1.58;52165.80;45998.16;24859.38;31697.8;1.65;1.45;0.78;28/01/2024 16:05:49;
29/01/2024;12;2.0TD;1;0.000147301852000000;0.183;1.093632235;182.418204;33.081;43.893;105.444204;71.27;5.08128;0.82527;0.75;0.25;77.96750;98.29260;101.96000;97.42000;81.63000;2491.3;275.0;177.0;62.0;9.93;1.068;0.17498;0.03702;0.00;0.000;0.000;1.337;0.565;0.000;0.557;89.132;71.27;71.27;17732.5;1337.70;4.79;3.56;1.58;51752.92;71640.00;24859.38;30931.5;1.67;2.32;0.80;28/01/2024 16:05:49;
29/01/2024;13;2.0TD;1;0.000146639111000000;0.181;1.084570411;180.633778;33.081;43.893;103.659778;70.24;5.08128;0.82527;0.75;0.25;77.96750;98.29260;101.96000;97.42000;81.63000;2491.3;275.0;177.0;62.0;9.62;1.068;0.17498;0.03702;0.00;0.000;0.000;1.317;0.565;0.000;0.557;87.772;70.24;70.24;17808.7;1416.70;4.48;3.56;1.58;57211.20;54995.60;24859.38;30581.5;1.87;1.80;0.81;28/01/2024 16:05:49;
29/01/2024;14;2.0TD;1;0.000153111445000000;0.182;1.088377036;184.776993;33.081;43.893;107.802993;73.81;5.08128;0.82527;0.75;0.25;77.96750;98.29260;101.96000;97.42000;81.63000;2491.3;275.0;177.0;62.0;9.43;1.068;0.17498;0.03702;0.00;0.000;0.000;1.368;0.565;0.000;0.557;91.203;73.81;73.76;17821.6;1535.00;4.29;3.56;1.58;55241.72;51040.00;24859.38;30506.5;1.81;1.67;0.81;28/01/2024 16:05:49;
29/01/2024;15;2.0TD;2;0.000155461353000000;0.184;1.128032620;139.627089;19.184;8.779;111.664089;78.03;5.08128;0.82527;0.75;0.25;77.96750;98.29260;101.96000;97.42000;81.63000;2491.3;275.0;177.0;62.0;9.16;0.178;0.17498;0.03702;0.00;0.000;0.000;1.415;0.565;0.000;0.557;94.310;78.03;78.03;17873.3;1631.70;4.02;3.56;1.58;48046.12;47531.00;24859.38;29956.6;1.60;1.59;0.83;28/01/2024 16:05:49;
29/01/2024;16;2.0TD;2;0.000149482819000000;0.191;1.168795140;141.943946;19.184;8.779;113.980946;78.53;5.08128;0.82527;0.75;0.25;77.96750;98.29260;101.96000;97.42000;81.63000;2491.3;275.0;177.0;62.0;10.03;0.178;0.17498;0.03702;0.00;0.000;0.000;1.436;0.565;0.000;0.557;95.701;78.78;76.00;17329.6;1748.30;4.89;3.56;1.58;47660.20;71800.00;24859.38;29466.9;1.62;2.44;0.84;28/01/2024 16:05:49;
29/01/2024;17;2.0TD;2;0.000144497574000000;0.196;1.199424065;147.108383;19.184;8.779;119.145383;82.59;5.08128;0.82527;0.75;0.25;77.96750;98.29260;101.96000;97.42000;81.63000;2491.3;275.0;177.0;62.0;9.83;0.178;0.17498;0.03702;0.00;0.000;0.000;1.494;0.565;0.000;0.557;99.619;82.87;79.87;15877.8;1622.30;4.69;3.56;1.58;40962.40;71800.00;24859.38;29388.7;1.39;2.44;0.85;28/01/2024 16:05:49;
29/01/2024;18;2.0TD;2;0.000148391135000000;0.198;1.213144164;153.619885;19.184;8.779;125.656885;89.77;5.08128;0.82527;0.75;0.25;77.96750;98.29260;101.96000;97.42000;81.63000;2491.3;275.0;177.0;62.0;7.84;0.178;0.17498;0.03702;0.00;0.000;0.000;1.573;0.565;0.000;0.557;104.888;89.86;88.86;15946.2;1558.00;2.70;3.56;1.58;37419.84;17591.00;24859.38;29650.3;1.26;0.59;0.84;28/01/2024 16:05:49;
29/01/2024;19;2.0TD;1;0.000167480907000000;0.200;1.195352800;227.669863;33.081;43.893;150.695863;110.00;5.08128;0.82527;0.75;0.25;77.96750;98.29260;101.96000;97.42000;81.63000;2491.3;275.0;177.0;62.0;7.10;1.068;0.17498;0.03702;0.00;0.000;0.000;1.884;0.565;0.000;0.557;125.579;110.00;110.00;17029.7;1524.20;1.96;3.56;1.58;23996.84;11249.92;24859.38;30718.2;0.78;0.37;0.81;28/01/2024 16:05:49;
29/01/2024;20;2.0TD;1;0.000192387283000000;0.204;1.219918524;226.301166;33.081;43.893;149.327166;107.36;5.08128;0.82527;0.75;0.25;77.96750;98.29260;101.96000;97.42000;81.63000;2491.3;275.0;177.0;62.0;8.21;1.068;0.17498;0.03702;0.00;0.000;0.000;1.860;0.565;0.000;0.557;124.025;107.52;105.53;18624.5;1594.00;3.07;3.56;1.58;58701.72;16544.92;24859.38;32542.3;1.80;0.51;0.76;28/01/2024 16:05:49;
29/01/2024;21;2.0TD;1;0.000207532064000000;0.205;1.225456789;227.465107;33.081;43.893;150.491107;108.34;5.08128;0.82527;0.75;0.25;77.96750;98.29260;101.96000;97.42000;81.63000;2491.3;275.0;177.0;62.0;8.08;1.068;0.17498;0.03702;0.00;0.000;0.000;1.873;0.565;0.000;0.557;124.888;108.50;106.50;19035.9;1604.10;2.94;3.56;1.58;54738.12;17811.36;24859.38;33107.4;1.65;0.54;0.75;28/01/2024 16:05:49;
29/01/2024;22;2.0TD;1;0.000210028924000000;0.206;1.236352544;207.816420;33.081;43.893;130.842420;92.01;5.08128;0.82527;0.75;0.25;77.96750;98.29260;101.96000;97.42000;81.63000;2491.3;275.0;177.0;62.0;8.26;1.068;0.17498;0.03702;0.00;0.000;0.000;1.627;0.565;0.000;0.557;108.492;92.18;90.00;18312.9;1591.50;3.12;3.56;1.58;62380.96;13047.84;24859.38;32157.9;1.94;0.41;0.77;28/01/2024 16:05:49;
29/01/2024;23;2.0TD;2;0.000189751888000000;0.214;1.313457771;152.352943;19.184;8.779;124.389943;87.00;5.08128;0.82527;0.75;0.25;77.96750;98.29260;101.96000;97.42000;81.63000;2491.3;275.0;177.0;62.0;8.22;0.178;0.17498;0.03702;0.00;0.000;0.000;1.537;0.565;0.000;0.557;102.462;87.00;87.00;16062.5;1580.30;3.08;3.56;1.58;46866.80;18002.88;24859.38;29080.8;1.61;0.62;0.85;28/01/2024 16:05:49;
29/01/2024;24;2.0TD;2;0.000156736409000000;0.221;1.357657023;145.049434;19.184;8.779;117.086434;80.19;5.08128;0.82527;0.75;0.25;77.96750;98.29260;101.96000;97.42000;81.63000;2491.3;275.0;177.0;62.0;8.56;0.178;0.17498;0.03702;0.00;0.000;0.000;1.438;0.565;0.000;0.557;95.893;80.29;79.29;13948.0;1521.60;3.42;3.56;1.58;50765.56;13047.84;24859.38;25928.3;1.96;0.50;0.96;28/01/2024 16:05:49;
*
