pvpcdata;
2024;02;09;12;01;52;
27/01/2024;1;2.0TD;3;0.000140866436000000;0.255;1.416276533;112.198305;0.557;2.195;109.446305;64.97;8.05690;0.80996;0.75;0.25;66.06500;98.29260;101.96000;97.42000;81.63000;2538.4;275.0;177.0;62.0;13.07;0.000;0.17498;0.03702;0.00;0.000;0.000;1.308;0.565;0.000;0.557;87.208;64.97;64.97;13360.3;853.20;7.93;3.56;1.58;135625.08;35112.00;24859.38;24687.1;5.49;1.42;1.01;26/01/2024 16:08:28;
27/01/2024;2;2.0TD;3;0.000116257967000000;0.267;1.483686473;109.232214;0.557;2.195;106.480214;61.07;8.05690;0.80996;0.75;0.25;66.06500;98.29260;101.96000;97.42000;81.63000;2538.4;275.0;177.0;62.0;13.85;0.000;0.17498;0.03702;0.00;0.000;0.000;1.261;0.565;0.000;0.557;84.041;61.06;61.17;12889.5;776.10;8.71;3.56;1.58;152532.36;24353.52;24859.38;23143.4;6.59;1.05;1.07;26/01/2024 16:08:28;
27/01/2024;3;2.0TD;3;0.000100000170000000;0.275;1.528401010;108.726444;0.557;2.195;105.974444;59.10;8.05690;0.80996;0.75;0.25;66.06500;98.29260;101.96000;97.42000;81.63000;2538.4;275.0;177.0;62.0;14.91;0.000;0.17498;0.03702;0.00;0.000;0.000;1.247;0.565;0.000;0.557;83.117;59.05;59.80;12167.4;801.00;9.77;3.56;1.58;161879.20;26526.80;24859.38;21836.6;7.41;1.21;1.14;26/01/2024 16:08:28;
27/01/2024;4;2.0TD;3;0.000091219535000000;0.280;1.556703967;105.542670;0.557;2.195;102.790670;56.02;8.05690;0.80996;0.75;0.25;66.06500;98.29260;101.96000;97.42000;81.63000;2538.4;275.0;177.0;62.0;15.22;0.000;0.17498;0.03702;0.00;0.000;0.000;1.205;0.565;0.000;0.557;80.305;55.90;57.90;12539.5;791.40;10.08;3.56;1.58;186771.36;26782.48;0.00;21177.7;8.82;1.26;0.00;26/01/2024 16:08:28;
27/01/2024;5;2.0TD;3;0.000087267274000000;0.280;1.557797024;103.800590;0.557;2.195;101.048590;55.90;8.05690;0.80996;0.75;0.25;66.06500;98.29260;101.96000;97.42000;81.63000;2538.4;275.0;177.0;62.0;14.00;0.000;0.17498;0.03702;0.00;0.000;0.000;1.184;0.565;0.000;0.557;78.944;55.90;55.90;12221.2;994.40;8.86;3.56;1.58;157255.64;26782.48;0.00;20761.3;7.57;1.29;0.00;26/01/2024 16:08:28;
27/01/2024;6;2.0TD;3;0.000086963404000000;0.280;1.553989495;105.581070;0.557;2.195;102.829070;57.22;8.05690;0.80996;0.75;0.25;66.06500;98.29260;101.96000;97.42000;81.63000;2538.4;275.0;177.0;62.0;14.05;0.000;0.17498;0.03702;0.00;0.000;0.000;1.205;0.565;0.000;0.557;80.335;57.22;57.22;11778.3;980.30;8.91;3.56;1.58;156297.44;27805.20;0.00;20658.0;7.57;1.35;0.00;26/01/2024 16:08:28;
27/01/2024;7;2.0TD;3;0.000090023405000000;0.272;1.509357557;107.068988;0.557;2.195;104.316988;59.35;8.05690;0.80996;0.75;0.25;66.06500;98.29260;101.96000;97.42000;81.63000;2538.4;275.0;177.0;62.0;13.57;0.000;0.17498;0.03702;0.00;0.000;0.000;1.230;0.565;0.000;0.557;82.010;59.36;59.21;11510.4;938.30;8.43;3.56;1.58;153604.56;27166.00;0.00;21436.4;7.17;1.27;0.00;26/01/2024 16:08:28;
27/01/2024;8;2.0TD;3;0.000098370347000000;0.259;1.441486180;110.413133;0.557;2.195;107.661133;65.68;8.05690;0.80996;0.75;0.25;66.06500;98.29260;101.96000;97.42000;81.63000;2538.4;275.0;177.0;62.0;10.69;0.000;0.17498;0.03702;0.00;0.000;0.000;1.283;0.565;0.000;0.557;85.513;66.19;60.19;12141.5;1135.60;5.55;3.56;1.58;106018.40;20428.80;0.00;22786.4;4.65;0.90;0.00;26/01/2024 16:08:28;
27/01/2024;9;2.0TD;3;0.000113644048000000;0.247;1.370917268;122.641337;0.557;2.195;119.889337;78.04;8.05690;0.80996;0.75;0.25;66.06500;98.29260;101.96000;97.42000;81.63000;2538.4;275.0;177.0;62.0;8.80;0.000;0.17498;0.03702;0.00;0.000;0.000;1.442;0.565;0.000;0.557;96.142;78.09;77.09;13197.6;663.30;3.66;3.56;1.58;47854.16;39900.00;0.00;23956.1;2.00;1.67;0.00;26/01/2024 16:08:28;
27/01/2024;10;2.0TD;3;0.000140362218000000;0.226;1.254599966;116.066535;0.557;2.195;113.314535;73.36;8.05690;0.80996;0.75;0.25;66.06500;98.29260;101.96000;97.42000;81.63000;2538.4;275.0;177.0;62.0;9.82;0.000;0.17498;0.03702;0.00;0.000;0.000;1.386;0.565;0.000;0.557;92.426;73.40;72.40;15612.3;676.60;4.68;3.56;1.58;42174.84;78134.72;0.00;25694.4;1.64;3.04;0.00;26/01/2024 16:08:28;
27/01/2024;11;2.0TD;3;0.000160046326000000;0.207;1.152683101;101.616418;0.557;2.195;98.864418;61.86;8.05690;0.80996;0.75;0.25;66.06500;98.29260;101.96000;97.42000;81.63000;2538.4;275.0;177.0;62.0;10.96;0.000;0.17498;0.03702;0.00;0.000;0.000;1.229;0.565;0.000;0.557;81.909;62.01;59.01;15740.8;817.60;5.82;3.56;1.58;53129.68;102065.28;0.00;26676.7;1.99;3.83;0.00;26/01/2024 16:08:28;
27/01/2024;12;2.0TD;3;0.000162333725000000;0.203;1.125231391;94.998294;0.557;2.195;92.246294;54.48;8.05690;0.80996;0.75;0.25;66.06500;98.29260;101.96000;97.42000;81.63000;2538.4;275.0;177.0;62.0;13.19;0.000;0.17498;0.03702;0.00;0.000;0.000;1.150;0.565;0.000;0.557;76.680;54.40;56.01;16919.2;832.40;8.05;3.56;1.58;61472.40;152216.00;0.00;26552.4;2.32;5.73;0.00;26/01/2024 16:08:28;
27/01/2024;13;2.0TD;3;0.000159073971000000;0.202;1.120527147;85.158970;0.557;2.195;82.406970;47.19;8.05690;0.80996;0.75;0.25;66.06500;98.29260;101.96000;97.42000;81.63000;2538.4;275.0;177.0;62.0;12.48;0.000;0.17498;0.03702;0.00;0.000;0.000;1.028;0.565;0.000;0.557;68.558;47.00;52.00;17873.1;704.90;7.34;3.56;1.58;65608.80;126546.28;0.00;26183.8;2.51;4.83;0.00;26/01/2024 16:08:28;
27/01/2024;14;2.0TD;3;0.000165248060000000;0.198;1.101357987;86.016847;0.557;2.195;83.264847;47.90;8.05690;0.80996;0.75;0.25;66.06500;98.29260;101.96000;97.42000;81.63000;2538.4;275.0;177.0;62.0;12.70;0.000;0.17498;0.03702;0.00;0.000;0.000;1.043;0.565;0.000;0.557;69.503;47.70;52.70;18016.9;733.60;7.56;3.56;1.58;71415.84;126576.84;0.00;26182.1;2.73;4.83;0.00;26/01/2024 16:08:28;
27/01/2024;15;2.0TD;3;0.000166722853000000;0.200;1.110389156;84.936653;0.557;2.195;82.184653;47.70;8.05690;0.80996;0.75;0.25;66.06500;98.29260;101.96000;97.42000;81.63000;2538.4;275.0;177.0;62.0;11.90;0.000;0.17498;0.03702;0.00;0.000;0.000;1.027;0.565;0.000;0.557;68.487;47.50;52.49;18051.9;741.60;6.76;3.56;1.58;65313.76;109056.00;0.00;25802.1;2.53;4.23;0.00;26/01/2024 16:08:28;
27/01/2024;16;2.0TD;3;0.000154437596000000;0.210;1.169392658;87.402645;0.557;2.195;84.650645;47.21;8.05690;0.80996;0.75;0.25;66.06500;98.29260;101.96000;97.42000;81.63000;2538.4;275.0;177.0;62.0;13.84;0.000;0.17498;0.03702;0.00;0.000;0.000;1.049;0.565;0.000;0.557;69.959;47.00;52.00;17959.4;771.60;8.70;3.56;1.58;59353.76;158766.40;0.00;25079.8;2.37;6.33;0.00;26/01/2024 16:08:28;
27/01/2024;17;2.0TD;3;0.000145783126000000;0.224;1.245315452;98.260978;0.557;2.195;95.508978;55.34;8.05690;0.80996;0.75;0.25;66.06500;98.29260;101.96000;97.42000;81.63000;2538.4;275.0;177.0;62.0;13.66;0.000;0.17498;0.03702;0.00;0.000;0.000;1.170;0.565;0.000;0.557;78.030;55.20;58.01;15723.7;824.00;8.52;3.56;1.58;49322.36;160380.00;0.00;24621.5;2.00;6.51;0.00;26/01/2024 16:08:28;
27/01/2024;18;2.0TD;3;0.000145515084000000;0.236;1.311061555;121.031281;0.557;2.195;118.279281;74.34;8.05690;0.80996;0.75;0.25;66.06500;98.29260;101.96000;97.42000;81.63000;2538.4;275.0;177.0;62.0;12.06;0.000;0.17498;0.03702;0.00;0.000;0.000;1.435;0.565;0.000;0.557;95.695;74.43;72.43;14745.0;725.80;6.92;3.56;1.58;35760.40;135921.28;0.00;24800.0;1.44;5.48;0.00;26/01/2024 16:08:28;
27/01/2024;19;2.0TD;3;0.000162639819000000;0.238;1.323447877;142.513795;0.557;2.195;139.761795;95.96;8.05690;0.80996;0.75;0.25;66.06500;98.29260;101.96000;97.42000;81.63000;2538.4;275.0;177.0;62.0;7.38;0.000;0.17498;0.03702;0.00;0.000;0.000;1.693;0.565;0.000;0.557;112.893;95.97;95.82;14325.2;738.30;2.24;3.56;1.58;27020.80;31920.00;0.00;26334.9;1.03;1.21;0.00;26/01/2024 16:08:28;
27/01/2024;20;2.0TD;3;0.000178429931000000;0.243;1.349194888;139.785554;0.557;2.195;137.033554;92.37;8.05690;0.80996;0.75;0.25;66.06500;98.29260;101.96000;97.42000;81.63000;2538.4;275.0;177.0;62.0;8.36;0.000;0.17498;0.03702;0.00;0.000;0.000;1.654;0.565;0.000;0.557;110.244;92.51;89.51;15541.9;773.70;3.22;3.56;1.58;74535.40;15085.12;0.00;27791.1;2.68;0.54;0.00;26/01/2024 16:08:28;
27/01/2024;21;2.0TD;3;0.000188009870000000;0.242;1.343409296;139.548626;0.557;2.195;136.796626;92.33;8.05690;0.80996;0.75;0.25;66.06500;98.29260;101.96000;97.42000;81.63000;2538.4;275.0;177.0;62.0;8.30;0.000;0.17498;0.03702;0.00;0.000;0.000;1.652;0.565;0.000;0.557;110.142;92.53;88.54;15923.6;846.20;3.16;3.56;1.58;74516.16;15011.80;0.00;28353.3;2.63;0.53;0.00;26/01/2024 16:08:28;
27/01/2024;22;2.0TD;3;0.000194427354000000;0.240;1.335242505;136.005142;0.557;2.195;133.253142;89.27;8.05690;0.80996;0.75;0.25;66.06500;98.29260;101.96000;97.42000;81.63000;2538.4;275.0;177.0;62.0;8.72;0.000;0.17498;0.03702;0.00;0.000;0.000;1.612;0.565;0.000;0.557;107.462;89.50;85.50;15667.0;936.00;3.58;3.56;1.58;55170.92;20837.92;24859.38;28114.8;1.96;0.74;0.88;26/01/2024 16:08:28;
27/01/2024;23;2.0TD;3;0.000184981907000000;0.244;1.353832945;118.754018;0.557;2.195;116.002018;75.95;8.05690;0.80996;0.75;0.25;66.06500;98.29260;101.96000;97.42000;81.63000;2538.4;275.0;177.0;62.0;8.04;0.000;0.17498;0.03702;0.00;0.000;0.000;1.399;0.565;0.000;0.557;93.249;75.97;75.61;14086.1;893.60;2.90;3.56;1.58;11161.68;39900.00;24859.38;26125.3;0.43;1.53;0.95;26/01/2024 16:08:28;
27/01/2024;24;2.0TD;3;0.000164466868000000;0.250;1.390216917;117.968514;0.557;2.195;115.216514;72.69;8.05690;0.80996;0.75;0.25;66.06500;98.29260;101.96000;97.42000;81.63000;2538.4;275.0;177.0;62.0;10.24;0.000;0.17498;0.03702;0.00;0.000;0.000;1.383;0.565;0.000;0.557;92.173;72.70;72.55;12720.9;643.10;5.10;3.56;1.58;36717.56;61031.04;24859.38;24029.8;1.53;2.54;1.03;26/01/2024 16:08:28;
*
