pvpcdata;
2024;10;09;11;29;24;
02/09/2024;1;2.0TD;3;0.000096797881000000;0.171;0.952015892;162.332062;0.557;2.195;159.580062;132.17;-6.49396;1.00365;0.75;0.25;116.66083;90.68500;101.96000;73.51000;91.63000;2219.9;275.0;234.0;48.0;6.86;0.000;0.17498;0.04096;0.00;0.000;2.044;0.947;0.000;0.557;136.276;132.16;132.32;17555.4;1260.90;2.73;3.08;1.05;17078.36;25280.64;24859.38;24686.7;0.69;1.02;1.01;01/09/2024 16:04:47;
02/09/2024;2;2.0TD;3;0.000081609363000000;0.178;0.991469477;158.047433;0.557;2.195;155.295433;127.93;-6.49396;1.00365;0.75;0.25;116.66083;90.68500;101.96000;73.51000;91.63000;2219.9;275.0;234.0;48.0;6.72;0.000;0.17498;0.04096;0.00;0.000;1.977;0.947;0.000;0.557;131.829;128.00;126.86;16208.6;1088.20;2.59;3.08;1.05;31976.32;28444.40;0.00;23341.5;1.37;1.22;0.00;01/09/2024 16:04:47;
02/09/2024;3;2.0TD;3;0.000073510226000000;0.182;1.012258069;155.658758;0.557;2.195;152.906758;125.14;-6.49396;1.00365;0.75;0.25;116.66083;90.68500;101.96000;73.51000;91.63000;2219.9;275.0;234.0;48.0;7.08;0.000;0.17498;0.04096;0.00;0.000;1.940;0.947;0.000;0.557;129.362;125.14;125.14;15562.7;1206.40;2.95;3.08;1.05;34322.60;31920.00;0.00;22462.6;1.53;1.42;0.00;01/09/2024 16:04:47;
02/09/2024;4;2.0TD;3;0.000069353700000000;0.182;1.013061846;150.678992;0.557;2.195;147.926992;119.78;-6.49396;1.00365;0.75;0.25;116.66083;90.68500;101.96000;73.51000;91.63000;2219.9;275.0;234.0;48.0;8.29;0.000;0.17498;0.04096;0.00;0.000;1.877;0.947;0.000;0.557;125.149;120.00;117.01;15137.7;1210.90;4.16;3.08;1.05;57170.60;33642.00;0.00;21803.8;2.62;1.54;0.00;01/09/2024 16:04:47;
02/09/2024;5;2.0TD;3;0.000067125931000000;0.184;1.024040333;149.510859;0.557;2.195;146.758859;118.35;-6.49396;1.00365;0.75;0.25;116.66083;90.68500;101.96000;73.51000;91.63000;2219.9;275.0;234.0;48.0;8.54;0.000;0.17498;0.04096;0.00;0.000;1.859;0.947;0.000;0.557;123.951;118.50;116.50;15000.7;1255.90;4.41;3.08;1.05;59262.20;36392.32;0.00;21708.8;2.73;1.68;0.00;01/09/2024 16:04:47;
02/09/2024;6;2.0TD;3;0.000067228327000000;0.177;0.985174231;153.028699;0.557;2.195;150.276699;122.12;-6.49396;1.00365;0.75;0.25;116.66083;90.68500;101.96000;73.51000;91.63000;2219.9;275.0;234.0;48.0;8.44;0.000;0.17498;0.04096;0.00;0.000;1.915;0.947;0.000;0.557;127.677;122.50;117.50;15015.9;1238.80;4.31;3.08;1.05;54205.72;40589.20;0.00;22008.7;2.46;1.84;0.00;01/09/2024 16:04:47;
02/09/2024;7;2.0TD;3;0.000072755175000000;0.160;0.887770758;156.923818;0.557;2.195;154.171818;126.69;-6.49396;1.00365;0.75;0.25;116.66083;90.68500;101.96000;73.51000;91.63000;2219.9;275.0;234.0;48.0;9.02;0.000;0.17498;0.04096;0.00;0.000;1.994;0.947;0.000;0.557;132.906;127.14;120.36;16198.1;1164.60;4.89;3.08;1.05;78404.00;14382.00;24859.38;24057.2;3.26;0.60;1.03;01/09/2024 16:04:47;
02/09/2024;8;2.0TD;3;0.000083374724000000;0.150;0.834461857;159.341450;0.557;2.195;156.589450;132.20;-6.49396;1.00365;0.75;0.25;116.66083;90.68500;101.96000;73.51000;91.63000;2219.9;275.0;234.0;48.0;6.72;0.000;0.17498;0.04096;0.00;0.000;2.042;0.947;0.000;0.557;136.164;131.95;136.95;17939.4;958.00;2.59;3.08;1.05;31471.84;10916.64;24859.38;25990.8;1.21;0.42;0.96;01/09/2024 16:04:47;
02/09/2024;9;2.0TD;2;0.000087600666000000;0.147;0.899077091;186.373724;19.184;8.779;158.410724;131.89;-6.49396;1.00365;0.75;0.25;116.66083;90.68500;101.96000;73.51000;91.63000;2219.9;275.0;234.0;48.0;8.79;0.154;0.17498;0.04096;0.00;0.000;2.072;0.947;0.000;0.557;138.108;131.52;138.46;19095.9;1063.90;4.66;3.08;1.05;29018.36;73926.72;24859.38;27423.8;1.06;2.70;0.91;01/09/2024 16:04:47;
02/09/2024;10;2.0TD;2;0.000092799600000000;0.138;0.843746248;175.078791;19.184;8.779;147.115791;123.41;-6.49396;1.00365;0.75;0.25;116.66083;90.68500;101.96000;73.51000;91.63000;2219.9;275.0;234.0;48.0;8.57;0.154;0.17498;0.04096;0.00;0.000;1.939;0.947;0.000;0.557;129.275;122.98;132.98;21641.4;974.90;4.44;3.08;1.05;37717.36;65253.76;24859.38;28770.3;1.31;2.27;0.86;01/09/2024 16:04:47;
02/09/2024;11;2.0TD;1;0.000097682856000000;0.136;0.814308581;213.245992;33.081;43.893;136.271992;109.90;-6.49396;1.00365;0.75;0.25;116.66083;90.68500;101.96000;73.51000;91.63000;2219.9;275.0;234.0;48.0;12.13;0.926;0.17498;0.04096;0.00;0.000;1.799;0.947;0.000;0.557;119.957;109.90;109.90;23832.9;1238.40;8.00;3.08;1.05;61379.52;152544.00;24859.38;29832.4;2.06;5.11;0.83;01/09/2024 16:04:47;
02/09/2024;12;2.0TD;1;0.000099708175000000;0.139;0.833659054;188.455606;33.081;43.893;111.481606;91.00;-6.49396;1.00365;0.75;0.25;116.66083;90.68500;101.96000;73.51000;91.63000;2219.9;275.0;234.0;48.0;9.28;0.926;0.17498;0.04096;0.00;0.000;1.468;0.947;0.000;0.557;97.876;90.98;91.40;24117.5;908.70;5.15;3.08;1.05;96861.56;34708.56;24859.38;30364.7;3.19;1.14;0.82;01/09/2024 16:04:47;
02/09/2024;13;2.0TD;1;0.000103702180000000;0.137;0.817742595;187.255882;33.081;43.893;110.281882;89.91;-6.49396;1.00365;0.75;0.25;116.66083;90.68500;101.96000;73.51000;91.63000;2219.9;275.0;234.0;48.0;9.50;0.926;0.17498;0.04096;0.00;0.000;1.455;0.947;0.000;0.557;96.993;89.87;90.87;25060.9;945.80;5.37;3.08;1.05;97773.20;43849.12;24859.38;31000.0;3.15;1.41;0.80;01/09/2024 16:04:47;
02/09/2024;14;2.0TD;1;0.000111789251000000;0.130;0.780923016;186.817616;33.081;43.893;109.843616;90.33;-6.49396;1.00365;0.75;0.25;116.66083;90.68500;101.96000;73.51000;91.63000;2219.9;275.0;234.0;48.0;9.29;0.926;0.17498;0.04096;0.00;0.000;1.458;0.947;0.000;0.557;97.206;90.29;91.29;25463.9;934.50;5.16;3.08;1.05;97009.56;42006.72;24859.38;31705.2;3.06;1.32;0.78;01/09/2024 16:04:47;
02/09/2024;15;2.0TD;2;0.000113772846000000;0.131;0.806235983;137.155100;19.184;8.779;109.192100;90.14;-6.49396;1.00365;0.75;0.25;116.66083;90.68500;101.96000;73.51000;91.63000;2219.9;275.0;234.0;48.0;9.60;0.154;0.17498;0.04096;0.00;0.000;1.448;0.947;0.000;0.557;96.544;90.08;91.81;25534.8;939.30;5.47;3.08;1.05;97286.64;52412.64;24859.38;31891.1;3.05;1.64;0.78;01/09/2024 16:04:47;
02/09/2024;16;2.0TD;2;0.000107527676000000;0.135;0.830017815;139.303934;19.184;8.779;111.340934;91.89;-6.49396;1.00365;0.75;0.25;116.66083;90.68500;101.96000;73.51000;91.63000;2219.9;275.0;234.0;48.0;9.38;0.154;0.17498;0.04096;0.00;0.000;1.471;0.947;0.000;0.557;98.097;91.90;91.46;24401.0;840.50;5.25;3.08;1.05;96603.28;43337.76;24859.38;31362.9;3.08;1.38;0.79;01/09/2024 16:04:47;
02/09/2024;17;2.0TD;2;0.000105165914000000;0.140;0.857272362;144.412563;19.184;8.779;116.449563;95.97;-6.49396;1.00365;0.75;0.25;116.66083;90.68500;101.96000;73.51000;91.63000;2219.9;275.0;234.0;48.0;9.29;0.154;0.17498;0.04096;0.00;0.000;1.532;0.947;0.000;0.557;102.148;95.97;95.97;23480.9;985.90;5.16;3.08;1.05;94312.60;40844.88;24859.38;31007.0;3.04;1.32;0.80;01/09/2024 16:04:47;
02/09/2024;18;2.0TD;2;0.000108402115000000;0.141;0.865556029;154.963990;19.184;8.779;127.000990;104.63;-6.49396;1.00365;0.75;0.25;116.66083;90.68500;101.96000;73.51000;91.63000;2219.9;275.0;234.0;48.0;9.65;0.154;0.17498;0.04096;0.00;0.000;1.670;0.947;0.000;0.557;111.306;104.90;99.90;23313.8;1344.00;5.52;3.08;1.05;83892.56;64431.36;24859.38;31344.7;2.68;2.06;0.79;01/09/2024 16:04:47;
02/09/2024;19;2.0TD;1;0.000111635902000000;0.145;0.868330129;225.601572;33.081;43.893;148.627572;121.88;-6.49396;1.00365;0.75;0.25;116.66083;90.68500;101.96000;73.51000;91.63000;2219.9;275.0;234.0;48.0;9.85;0.926;0.17498;0.04096;0.00;0.000;1.947;0.947;0.000;0.557;129.805;122.09;117.75;22540.3;1124.30;5.72;3.08;1.05;107184.12;45748.56;24859.38;31102.5;3.45;1.47;0.80;01/09/2024 16:04:47;
02/09/2024;20;2.0TD;1;0.000116149881000000;0.147;0.882894577;234.245753;33.081;43.893;157.271753;129.75;-6.49396;1.00365;0.75;0.25;116.66083;90.68500;101.96000;73.51000;91.63000;2219.9;275.0;234.0;48.0;9.18;0.926;0.17498;0.04096;0.00;0.000;2.057;0.947;0.000;0.557;137.115;130.00;125.38;21594.8;1239.80;5.05;3.08;1.05;93632.56;36787.20;24859.38;30781.8;3.04;1.20;0.81;01/09/2024 16:04:47;
02/09/2024;21;2.0TD;1;0.000133349134000000;0.142;0.849687868;244.863690;33.081;43.893;167.889690;137.77;-6.49396;1.00365;0.75;0.25;116.66083;90.68500;101.96000;73.51000;91.63000;2219.9;275.0;234.0;48.0;10.91;0.926;0.17498;0.04096;0.00;0.000;2.205;0.947;0.000;0.557;147.013;138.00;134.32;21046.0;1428.60;6.78;3.08;1.05;136060.80;49720.20;24859.38;31042.8;4.38;1.60;0.80;01/09/2024 16:04:47;
02/09/2024;22;2.0TD;1;0.000149432938000000;0.141;0.843135476;237.650464;33.081;43.893;160.676464;134.36;-6.49396;1.00365;0.75;0.25;116.66083;90.68500;101.96000;73.51000;91.63000;2219.9;275.0;234.0;48.0;8.22;0.926;0.17498;0.04096;0.00;0.000;2.112;0.947;0.000;0.557;140.820;134.53;131.53;21364.4;1322.20;4.09;3.08;1.05;87347.92;15449.28;24859.38;31208.2;2.80;0.50;0.80;01/09/2024 16:04:47;
02/09/2024;23;2.0TD;2;0.000134105433000000;0.148;0.910162884;182.829049;19.184;8.779;154.866049;128.46;-6.49396;1.00365;0.75;0.25;116.66083;90.68500;101.96000;73.51000;91.63000;2219.9;275.0;234.0;48.0;9.06;0.154;0.17498;0.04096;0.00;0.000;2.024;0.947;0.000;0.557;134.900;128.72;124.72;19737.1;1347.30;4.93;3.08;1.05;104334.20;14990.08;24859.38;29217.4;3.57;0.51;0.85;01/09/2024 16:04:47;
02/09/2024;24;2.0TD;2;0.000113339371000000;0.155;0.951564401;177.722309;19.184;8.779;149.759309;122.46;-6.49396;1.00365;0.75;0.25;116.66083;90.68500;101.96000;73.51000;91.63000;2219.9;275.0;234.0;48.0;9.90;0.154;0.17498;0.04096;0.00;0.000;1.945;0.947;0.000;0.557;129.661;122.74;118.74;18648.3;1394.10;5.77;3.08;1.05;114749.88;16874.88;24859.38;27136.3;4.23;0.62;0.92;01/09/2024 16:04:47;
*
