pvpcdata;
2024;04;10;12;05;49;
22/03/2024;1;2.0TD;3;0.000105775314000000;0.215;1.193007206;75.597503;0.557;2.195;72.845503;24.60;17.85861;1.04699;0.75;0.25;22.40417;93.83860;101.96000;97.42000;37.09000;1902.6;275.0;177.0;46.0;14.42;0.000;0.17498;0.04096;0.00;0.000;0.000;0.899;0.565;0.000;0.557;59.955;25.00;19.75;18941.8;1563.60;9.61;3.40;1.41;153211.44;47752.32;24859.38;23508.8;6.52;2.03;1.06;21/03/2024 16:06:48;
22/03/2024;2;2.0TD;3;0.000087377113000000;0.225;1.248549942;71.508980;0.557;2.195;68.756980;19.63;17.85861;1.04699;0.75;0.25;22.40417;93.83860;101.96000;97.42000;37.09000;1902.6;275.0;177.0;46.0;15.62;0.000;0.17498;0.04096;0.00;0.000;0.000;0.842;0.565;0.000;0.557;56.128;20.10;14.10;18547.1;1583.20;10.81;3.40;1.41;166578.84;50275.08;24859.38;22367.0;7.45;2.25;1.11;21/03/2024 16:06:48;
22/03/2024;3;2.0TD;3;0.000077212854000000;0.226;1.257494303;71.029346;0.557;2.195;68.277346;16.67;17.85861;1.04699;0.75;0.25;22.40417;93.83860;101.96000;97.42000;37.09000;1902.6;275.0;177.0;46.0;18.15;0.000;0.17498;0.04096;0.00;0.000;0.000;0.835;0.565;0.000;0.557;55.691;17.20;10.54;17838.3;1548.90;13.34;3.40;1.41;216176.00;46754.76;24859.38;21566.7;10.02;2.17;1.15;21/03/2024 16:06:48;
22/03/2024;4;2.0TD;3;0.000072269361000000;0.228;1.266291748;71.065820;0.557;2.195;68.313820;16.07;17.85861;1.04699;0.75;0.25;22.40417;93.83860;101.96000;97.42000;37.09000;1902.6;275.0;177.0;46.0;18.69;0.000;0.17498;0.04096;0.00;0.000;0.000;0.834;0.565;0.000;0.557;55.630;16.70;8.70;17460.8;1503.80;13.88;3.40;1.41;241449.20;52604.16;0.00;21192.8;11.39;2.48;0.00;21/03/2024 16:06:48;
22/03/2024;5;2.0TD;3;0.000070729057000000;0.228;1.268888144;73.634796;0.557;2.195;70.882796;18.25;17.85861;1.04699;0.75;0.25;22.40417;93.83860;101.96000;97.42000;37.09000;1902.6;275.0;177.0;46.0;18.57;0.000;0.17498;0.04096;0.00;0.000;0.000;0.866;0.565;0.000;0.557;57.722;18.90;10.90;17262.4;1525.50;13.76;3.40;1.41;236276.12;54136.32;0.00;21108.6;11.19;2.56;0.00;21/03/2024 16:06:48;
22/03/2024;6;2.0TD;3;0.000073258003000000;0.224;1.246116937;78.088155;0.557;2.195;75.336155;24.40;17.85861;1.04699;0.75;0.25;22.40417;93.83860;101.96000;97.42000;37.09000;1902.6;275.0;177.0;46.0;16.19;0.000;0.17498;0.04096;0.00;0.000;0.000;0.923;0.565;0.000;0.557;61.549;25.00;18.00;17675.2;1642.60;11.38;3.40;1.41;220184.88;27921.44;0.00;21793.6;10.10;1.28;0.00;21/03/2024 16:06:48;
22/03/2024;7;2.0TD;3;0.000083261594000000;0.207;1.151888894;86.538496;0.557;2.195;83.786496;34.28;17.85861;1.04699;0.75;0.25;22.40417;93.83860;101.96000;97.42000;37.09000;1902.6;275.0;177.0;46.0;14.06;0.000;0.17498;0.04096;0.00;0.000;0.000;1.041;0.565;0.000;0.557;69.417;35.00;25.01;18691.7;1445.50;9.25;3.40;1.41;154899.84;45027.84;24859.38;24284.5;6.38;1.85;1.02;21/03/2024 16:06:48;
22/03/2024;8;2.0TD;3;0.000100700634000000;0.192;1.066893399;100.709543;0.557;2.195;97.957543;49.71;17.85861;1.04699;0.75;0.25;22.40417;93.83860;101.96000;97.42000;37.09000;1902.6;275.0;177.0;46.0;11.20;0.000;0.17498;0.04096;0.00;0.000;0.000;1.233;0.565;0.000;0.557;82.179;49.19;64.30;21126.2;755.70;6.39;3.40;1.41;62825.44;79831.20;24859.38;26244.9;2.39;3.04;0.95;21/03/2024 16:06:48;
22/03/2024;9;2.0TD;2;0.000112152079000000;0.183;1.124422558;107.374414;19.184;8.779;79.411414;34.74;17.85861;1.04699;0.75;0.25;22.40417;93.83860;101.96000;97.42000;37.09000;1902.6;275.0;177.0;46.0;11.19;0.154;0.17498;0.04096;0.00;0.000;0.000;1.007;0.565;0.000;0.557;67.127;35.00;30.00;22273.0;1235.80;6.38;3.40;1.41;88337.48;66667.52;24859.38;28196.4;3.13;2.36;0.88;21/03/2024 16:06:48;
22/03/2024;10;2.0TD;2;0.000117894984000000;0.163;1.000090545;91.083832;19.184;8.779;63.120832;19.63;17.85861;1.04699;0.75;0.25;22.40417;93.83860;101.96000;97.42000;37.09000;1902.6;275.0;177.0;46.0;13.64;0.154;0.17498;0.04096;0.00;0.000;0.000;0.814;0.565;0.000;0.557;54.274;20.00;15.00;23035.3;1834.90;8.83;3.40;1.41;173201.16;53831.36;24859.38;28535.1;6.07;1.89;0.87;21/03/2024 16:06:48;
22/03/2024;11;2.0TD;1;0.000122133576000000;0.160;0.955443205;135.588970;33.081;43.893;58.614970;14.12;17.85861;1.04699;0.75;0.25;22.40417;93.83860;101.96000;97.42000;37.09000;1902.6;275.0;177.0;46.0;14.69;0.926;0.17498;0.04096;0.00;0.000;0.000;0.758;0.565;0.000;0.557;50.530;14.50;9.50;24442.9;2026.30;9.88;3.40;1.41;205889.04;48030.00;24859.38;28217.3;7.30;1.70;0.88;21/03/2024 16:06:48;
22/03/2024;12;2.0TD;1;0.000121617198000000;0.158;0.947731211;128.175140;33.081;43.893;51.201140;6.59;17.85861;1.04699;0.75;0.25;22.40417;93.83860;101.96000;97.42000;37.09000;1902.6;275.0;177.0;46.0;16.00;0.926;0.17498;0.04096;0.00;0.000;0.000;0.663;0.565;0.000;0.557;44.215;7.00;2.00;25209.6;2278.70;11.19;3.40;1.41;226093.76;64007.40;24859.38;28145.6;8.03;2.27;0.88;21/03/2024 16:06:48;
22/03/2024;13;2.0TD;1;0.000122227983000000;0.157;0.942066798;124.537283;33.081;43.893;47.563283;2.97;17.85861;1.04699;0.75;0.25;22.40417;93.83860;101.96000;97.42000;37.09000;1902.6;275.0;177.0;46.0;16.56;0.926;0.17498;0.04096;0.00;0.000;0.000;0.617;0.565;0.000;0.557;41.109;3.35;-1.14;25933.8;2407.30;11.75;3.40;1.41;237702.64;65413.44;24859.38;27916.4;8.51;2.34;0.89;21/03/2024 16:06:48;
22/03/2024;14;2.0TD;1;0.000129139135000000;0.154;0.921910568;122.422151;33.081;43.893;45.448151;2.16;17.85861;1.04699;0.75;0.25;22.40417;93.83860;101.96000;97.42000;37.09000;1902.6;275.0;177.0;46.0;15.67;0.926;0.17498;0.04096;0.00;0.000;0.000;0.591;0.565;0.000;0.557;39.383;2.44;-1.00;26004.1;2333.10;10.86;3.40;1.41;213471.44;62080.00;24859.38;27658.8;7.72;2.24;0.90;21/03/2024 16:06:48;
22/03/2024;15;2.0TD;2;0.000130700893000000;0.161;0.984882209;71.491382;19.184;8.779;43.528382;1.01;17.85861;1.04699;0.75;0.25;22.40417;93.83860;101.96000;97.42000;37.09000;1902.6;275.0;177.0;46.0;15.73;0.154;0.17498;0.04096;0.00;0.000;0.000;0.562;0.565;0.000;0.557;37.492;1.10;0.00;25763.9;2273.70;10.92;3.40;1.41;207333.72;65128.68;24859.38;27216.1;7.62;2.39;0.91;21/03/2024 16:06:48;
22/03/2024;16;2.0TD;2;0.000123537202000000;0.164;1.007369417;74.334603;19.184;8.779;46.371603;2.98;17.85861;1.04699;0.75;0.25;22.40417;93.83860;101.96000;97.42000;37.09000;1902.6;275.0;177.0;46.0;16.07;0.154;0.17498;0.04096;0.00;0.000;0.000;0.598;0.565;0.000;0.557;39.838;3.19;0.50;25083.4;2125.20;11.26;3.40;1.41;205837.72;67233.60;24859.38;26468.7;7.78;2.54;0.94;21/03/2024 16:06:48;
22/03/2024;17;2.0TD;2;0.000117909259000000;0.170;1.043052427;75.178521;19.184;8.779;47.215521;3.35;17.85861;1.04699;0.75;0.25;22.40417;93.83860;101.96000;97.42000;37.09000;1902.6;275.0;177.0;46.0;16.21;0.154;0.17498;0.04096;0.00;0.000;0.000;0.605;0.565;0.000;0.557;40.355;3.35;3.35;24764.6;1855.40;11.40;3.40;1.41;198926.04;75190.72;24859.38;26235.1;7.58;2.87;0.95;21/03/2024 16:06:48;
22/03/2024;18;2.0TD;2;0.000118244009000000;0.174;1.069521061;86.841620;19.184;8.779;58.878620;15.25;17.85861;1.04699;0.75;0.25;22.40417;93.83860;101.96000;97.42000;37.09000;1902.6;275.0;177.0;46.0;13.96;0.154;0.17498;0.04096;0.00;0.000;0.000;0.752;0.565;0.000;0.557;50.152;14.70;26.12;22858.6;1149.00;9.15;3.40;1.41;146848.32;64728.00;24859.38;25840.2;5.68;2.50;0.96;21/03/2024 16:06:48;
22/03/2024;19;2.0TD;1;0.000123345935000000;0.172;1.027966235;160.027952;33.081;43.893;83.053952;34.70;17.85861;1.04699;0.75;0.25;22.40417;93.83860;101.96000;97.42000;37.09000;1902.6;275.0;177.0;46.0;14.14;0.926;0.17498;0.04096;0.00;0.000;0.000;1.063;0.565;0.000;0.557;70.865;35.00;30.00;20505.3;1287.60;9.33;3.40;1.41;101511.20;116805.00;24859.38;26062.6;3.89;4.48;0.95;21/03/2024 16:06:48;
22/03/2024;20;2.0TD;1;0.000141927001000000;0.181;1.086492543;182.619347;33.081;43.893;105.645347;57.00;17.85861;1.04699;0.75;0.25;22.40417;93.83860;101.96000;97.42000;37.09000;1902.6;275.0;177.0;46.0;10.15;0.926;0.17498;0.04096;0.00;0.000;0.000;1.342;0.565;0.000;0.557;89.454;57.30;53.18;19571.7;1561.20;5.34;3.40;1.41;41969.12;78941.20;24859.38;27278.8;1.54;2.89;0.91;21/03/2024 16:06:48;
22/03/2024;21;2.0TD;1;0.000163393204000000;0.188;1.125196365;179.446302;33.081;43.893;102.472302;53.60;17.85861;1.04699;0.75;0.25;22.40417;93.83860;101.96000;97.42000;37.09000;1902.6;275.0;177.0;46.0;10.40;0.926;0.17498;0.04096;0.00;0.000;0.000;1.294;0.565;0.000;0.557;86.256;53.92;49.80;19168.3;1619.70;5.59;3.40;1.41;59243.96;75297.76;24859.38;28517.2;2.08;2.64;0.87;21/03/2024 16:06:48;
22/03/2024;22;2.0TD;1;0.000169117836000000;0.190;1.136264720;156.785094;33.081;43.893;79.811094;34.88;17.85861;1.04699;0.75;0.25;22.40417;93.83860;101.96000;97.42000;37.09000;1902.6;275.0;177.0;46.0;10.22;0.926;0.17498;0.04096;0.00;0.000;0.000;1.006;0.565;0.000;0.557;67.068;35.00;33.00;20643.1;1338.80;5.41;3.40;1.41;72114.32;53628.88;24859.38;27836.4;2.59;1.93;0.89;21/03/2024 16:06:48;
22/03/2024;23;2.0TD;2;0.000156379899000000;0.205;1.258078385;102.770782;19.184;8.779;74.807782;28.77;17.85861;1.04699;0.75;0.25;22.40417;93.83860;101.96000;97.42000;37.09000;1902.6;275.0;177.0;46.0;12.19;0.154;0.17498;0.04096;0.00;0.000;0.000;0.931;0.565;0.000;0.557;62.081;29.16;24.00;19864.5;1632.90;7.38;3.40;1.41;122245.48;46022.40;24859.38;26152.3;4.67;1.76;0.95;21/03/2024 16:06:48;
22/03/2024;24;2.0TD;2;0.000134451033000000;0.211;1.296905854;86.201378;19.184;8.779;58.238378;15.35;17.85861;1.04699;0.75;0.25;22.40417;93.83860;101.96000;97.42000;37.09000;1902.6;275.0;177.0;46.0;11.83;0.154;0.17498;0.04096;0.00;0.000;0.000;0.721;0.565;0.000;0.557;48.091;15.60;11.70;20230.5;1408.40;7.02;3.40;1.41;110360.64;34940.48;24859.38;24246.0;4.55;1.44;1.03;21/03/2024 16:06:48;
*
