pvpcdata;
2024;07;09;11;18;08;
16/06/2024;1;2.0TD;3;0.000096934011000000;0.181;1.004890804;86.718320;0.557;2.195;83.966320;33.88;15.42041;1.11224;0.75;0.25;16.12417;77.80580;101.96000;48.69000;52.19000;1765.8;275.0;154.0;62.0;17.28;0.000;0.17498;0.04096;0.00;0.000;1.066;0.947;0.000;0.557;71.097;35.01;20.51;16160.9;1363.60;12.94;3.20;1.14;221503.12;37329.28;24859.38;21908.2;10.11;1.70;1.13;15/06/2024 16:11:00;
16/06/2024;2;2.0TD;3;0.000084082676000000;0.182;1.009467750;89.262161;0.557;2.195;86.510161;33.92;15.42041;1.11224;0.75;0.25;16.12417;77.80580;101.96000;48.69000;52.19000;1765.8;275.0;154.0;62.0;19.30;0.000;0.17498;0.04096;0.00;0.000;1.098;0.947;0.000;0.557;73.189;35.00;15.80;15311.3;912.20;14.96;3.20;1.14;270657.96;37329.28;0.00;20581.8;13.15;1.81;0.00;15/06/2024 16:11:00;
16/06/2024;3;2.0TD;3;0.000074248060000000;0.184;1.020300011;90.477692;0.557;2.195;87.725692;33.88;15.42041;1.11224;0.75;0.25;16.12417;77.80580;101.96000;48.69000;52.19000;1765.8;275.0;154.0;62.0;20.23;0.000;0.17498;0.04096;0.00;0.000;1.111;0.947;0.000;0.557;74.092;35.00;15.80;14355.3;890.20;15.89;3.20;1.14;274464.48;37904.56;0.00;19662.7;13.96;1.93;0.00;15/06/2024 16:11:00;
16/06/2024;4;2.0TD;3;0.000068352259000000;0.184;1.023692416;90.790268;0.557;2.195;88.038268;33.40;15.42041;1.11224;0.75;0.25;16.12417;77.80580;101.96000;48.69000;52.19000;1765.8;275.0;154.0;62.0;20.97;0.000;0.17498;0.04096;0.00;0.000;1.115;0.947;0.000;0.557;74.356;35.00;10.00;13775.0;943.60;16.63;3.20;1.14;265514.92;52608.00;0.00;19130.6;13.88;2.75;0.00;15/06/2024 16:11:00;
16/06/2024;5;2.0TD;3;0.000065168844000000;0.184;1.020374591;91.175068;0.557;2.195;88.423068;33.39;15.42041;1.11224;0.75;0.25;16.12417;77.80580;101.96000;48.69000;52.19000;1765.8;275.0;154.0;62.0;21.30;0.000;0.17498;0.04096;0.00;0.000;1.120;0.947;0.000;0.557;74.681;35.00;10.00;13443.5;924.30;16.96;3.20;1.14;266321.72;52189.96;0.00;18777.0;14.18;2.78;0.00;15/06/2024 16:11:00;
16/06/2024;6;2.0TD;3;0.000063713582000000;0.184;1.020722916;91.692476;0.557;2.195;88.940476;33.74;15.42041;1.11224;0.75;0.25;16.12417;77.80580;101.96000;48.69000;52.19000;1765.8;275.0;154.0;62.0;21.38;0.000;0.17498;0.04096;0.00;0.000;1.127;0.947;0.000;0.557;75.118;35.00;15.00;13290.9;891.00;17.04;3.20;1.14;265072.12;53020.40;0.00;18670.7;14.20;2.84;0.00;15/06/2024 16:11:00;
16/06/2024;7;2.0TD;3;0.000061485868000000;0.183;1.014143264;91.172550;0.557;2.195;88.420550;34.00;15.42041;1.11224;0.75;0.25;16.12417;77.80580;101.96000;48.69000;52.19000;1765.8;275.0;154.0;62.0;20.75;0.000;0.17498;0.04096;0.00;0.000;1.121;0.947;0.000;0.557;74.742;35.01;19.01;13303.1;898.10;16.41;3.20;1.14;250074.92;57144.48;0.00;18721.8;13.36;3.05;0.00;15/06/2024 16:11:00;
16/06/2024;8;2.0TD;3;0.000060091457000000;0.173;0.958713034;80.851097;0.557;2.195;78.099097;17.59;15.42041;1.11224;0.75;0.25;16.12417;77.80580;101.96000;48.69000;52.19000;1765.8;275.0;154.0;62.0;29.12;0.000;0.17498;0.04096;0.00;0.000;0.999;0.947;0.000;0.557;66.580;18.50;3.50;14040.3;907.30;24.78;3.20;1.14;306226.56;156532.48;0.00;18673.3;16.40;8.38;0.00;15/06/2024 16:11:00;
16/06/2024;9;2.0TD;3;0.000069666620000000;0.158;0.875611845;68.918552;0.557;2.195;66.166552;0.00;15.42041;1.11224;0.75;0.25;16.12417;77.80580;101.96000;48.69000;52.19000;1765.8;275.0;154.0;62.0;37.41;0.000;0.17498;0.04096;0.00;0.000;0.857;0.947;0.000;0.557;57.138;0.00;0.00;17418.6;2036.40;33.07;3.20;1.14;311773.40;329235.28;0.00;19384.3;16.08;16.98;0.00;15/06/2024 16:11:00;
16/06/2024;10;2.0TD;3;0.000085512499000000;0.146;0.813825303;50.210892;0.557;2.195;47.458892;-0.87;15.42041;1.11224;0.75;0.25;16.12417;77.80580;101.96000;48.69000;52.19000;1765.8;275.0;154.0;62.0;22.79;0.000;0.17498;0.04096;0.00;0.000;0.621;0.947;0.000;0.557;41.412;-0.62;-4.00;19122.9;2216.80;18.45;3.20;1.14;281279.16;95360.00;0.00;20414.4;13.78;4.67;0.00;15/06/2024 16:11:00;
16/06/2024;11;2.0TD;3;0.000099670520000000;0.142;0.787753149;44.005203;0.557;2.195;41.253203;-1.34;15.42041;1.11224;0.75;0.25;16.12417;77.80580;101.96000;48.69000;52.19000;1765.8;275.0;154.0;62.0;18.05;0.000;0.17498;0.04096;0.00;0.000;0.542;0.947;0.000;0.557;36.123;-1.01;-5.00;19853.3;1890.60;13.71;3.20;1.14;280231.84;12902.40;0.00;21376.9;13.11;0.60;0.00;15/06/2024 16:11:00;
16/06/2024;12;2.0TD;3;0.000107864777000000;0.141;0.781092911;41.999714;0.557;2.195;39.247714;-2.75;15.42041;1.11224;0.75;0.25;16.12417;77.80580;101.96000;48.69000;52.19000;1765.8;275.0;154.0;62.0;17.76;0.000;0.17498;0.04096;0.00;0.000;0.516;0.947;0.000;0.557;34.397;-2.00;-10.00;19626.3;2017.10;13.42;3.20;1.14;282180.16;13761.00;0.00;22046.6;12.80;0.62;0.00;15/06/2024 16:11:00;
16/06/2024;13;2.0TD;3;0.000112810004000000;0.143;0.792760251;41.766757;0.557;2.195;39.014757;-2.78;15.42041;1.11224;0.75;0.25;16.12417;77.80580;101.96000;48.69000;52.19000;1765.8;275.0;154.0;62.0;17.53;0.000;0.17498;0.04096;0.00;0.000;0.512;0.947;0.000;0.557;34.133;-2.00;-10.00;19896.8;2150.80;13.19;3.20;1.14;282026.40;12768.00;0.00;22354.2;12.62;0.57;0.00;15/06/2024 16:11:00;
16/06/2024;14;2.0TD;3;0.000120670950000000;0.140;0.777492571;41.410136;0.557;2.195;38.658136;-2.76;15.42041;1.11224;0.75;0.25;16.12417;77.80580;101.96000;48.69000;52.19000;1765.8;275.0;154.0;62.0;17.29;0.000;0.17498;0.04096;0.00;0.000;0.509;0.947;0.000;0.557;33.910;-2.00;-10.00;20443.0;2141.50;12.95;3.20;1.14;282019.08;13938.00;0.00;22861.8;12.34;0.61;0.00;15/06/2024 16:11:00;
16/06/2024;15;2.0TD;3;0.000121173172000000;0.138;0.769252446;41.284277;0.557;2.195;38.532277;-2.87;15.42041;1.11224;0.75;0.25;16.12417;77.80580;101.96000;48.69000;52.19000;1765.8;275.0;154.0;62.0;17.35;0.000;0.17498;0.04096;0.00;0.000;0.508;0.947;0.000;0.557;33.859;-2.00;-10.90;20143.8;2196.00;13.01;3.20;1.14;282211.92;13938.00;0.00;22769.0;12.39;0.61;0.00;15/06/2024 16:11:00;
16/06/2024;16;2.0TD;3;0.000107867857000000;0.146;0.811382790;42.160242;0.557;2.195;39.408242;-3.02;15.42041;1.11224;0.75;0.25;16.12417;77.80580;101.96000;48.69000;52.19000;1765.8;275.0;154.0;62.0;18.02;0.000;0.17498;0.04096;0.00;0.000;0.516;0.947;0.000;0.557;34.387;-2.00;-12.00;19724.7;2257.60;13.68;3.20;1.14;282352.28;13901.20;0.00;21653.1;13.04;0.64;0.00;15/06/2024 16:11:00;
16/06/2024;17;2.0TD;3;0.000099697312000000;0.150;0.834718397;42.764693;0.557;2.195;40.012693;-3.02;15.42041;1.11224;0.75;0.25;16.12417;77.80580;101.96000;48.69000;52.19000;1765.8;275.0;154.0;62.0;18.42;0.000;0.17498;0.04096;0.00;0.000;0.522;0.947;0.000;0.557;34.793;-2.00;-12.00;19107.0;2303.10;14.08;3.20;1.14;282528.60;13965.60;0.00;21057.7;13.42;0.66;0.00;15/06/2024 16:11:00;
16/06/2024;18;2.0TD;3;0.000096545470000000;0.158;0.876870976;47.145836;0.557;2.195;44.393836;-0.97;15.42041;1.11224;0.75;0.25;16.12417;77.80580;101.96000;48.69000;52.19000;1765.8;275.0;154.0;62.0;19.86;0.000;0.17498;0.04096;0.00;0.000;0.575;0.947;0.000;0.557;38.336;-0.85;-2.35;20235.4;1941.80;15.52;3.20;1.14;309366.60;12801.60;0.00;20753.5;14.91;0.62;0.00;15/06/2024 16:11:00;
16/06/2024;19;2.0TD;3;0.000097394462000000;0.165;0.918486759;51.258692;0.557;2.195;48.506692;-0.12;15.42041;1.11224;0.75;0.25;16.12417;77.80580;101.96000;48.69000;52.19000;1765.8;275.0;154.0;62.0;22.26;0.000;0.17498;0.04096;0.00;0.000;0.625;0.947;0.000;0.557;41.636;-0.01;-1.51;21207.5;1859.10;17.92;3.20;1.14;307085.28;78320.16;0.00;21510.4;14.28;3.64;0.00;15/06/2024 16:11:00;
16/06/2024;20;2.0TD;3;0.000099576007000000;0.168;0.933773236;54.300098;0.557;2.195;51.548098;3.01;15.42041;1.11224;0.75;0.25;16.12417;77.80580;101.96000;48.69000;52.19000;1765.8;275.0;154.0;62.0;21.59;0.000;0.17498;0.04096;0.00;0.000;0.662;0.947;0.000;0.557;44.133;3.25;-0.85;22365.1;1404.60;17.25;3.20;1.14;273581.80;115860.48;0.00;22574.6;12.12;5.13;0.00;15/06/2024 16:11:00;
16/06/2024;21;2.0TD;3;0.000106472664000000;0.170;0.945460087;67.109775;0.557;2.195;64.357775;15.57;15.42041;1.11224;0.75;0.25;16.12417;77.80580;101.96000;48.69000;52.19000;1765.8;275.0;154.0;62.0;19.74;0.000;0.17498;0.04096;0.00;0.000;0.825;0.947;0.000;0.557;55.006;16.80;2.50;17571.6;1660.60;15.40;3.20;1.14;252352.00;119671.68;0.00;24159.3;10.45;4.95;0.00;15/06/2024 16:11:00;
16/06/2024;22;2.0TD;3;0.000118205779000000;0.170;0.942071747;76.944795;0.557;2.195;74.192795;34.67;15.42041;1.11224;0.75;0.25;16.12417;77.80580;101.96000;48.69000;52.19000;1765.8;275.0;154.0;62.0;8.92;0.000;0.17498;0.04096;0.00;0.000;0.951;0.947;0.000;0.557;63.412;35.02;30.02;18689.6;1398.40;4.58;3.20;1.14;56594.92;33046.64;24859.38;24994.5;2.26;1.32;0.99;15/06/2024 16:11:00;
16/06/2024;23;2.0TD;3;0.000124763168000000;0.171;0.947325392;83.761365;0.557;2.195;81.009365;41.26;15.42041;1.11224;0.75;0.25;16.12417;77.80580;101.96000;48.69000;52.19000;1765.8;275.0;154.0;62.0;8.01;0.000;0.17498;0.04096;0.00;0.000;1.038;0.947;0.000;0.557;69.179;41.26;41.26;18282.4;1229.40;3.67;3.20;1.14;44305.52;21897.12;24859.38;24777.9;1.79;0.88;1.00;15/06/2024 16:11:00;
16/06/2024;24;2.0TD;3;0.000109653713000000;0.175;0.974778357;86.029709;0.557;2.195;83.277709;41.60;15.42041;1.11224;0.75;0.25;16.12417;77.80580;101.96000;48.69000;52.19000;1765.8;275.0;154.0;62.0;9.34;0.000;0.17498;0.04096;0.00;0.000;1.063;0.947;0.000;0.557;70.874;41.62;41.36;16936.5;1195.20;5.00;3.20;1.14;44149.52;46284.00;24859.38;23086.8;1.91;2.00;1.08;15/06/2024 16:11:00;
*
