pvpcdata;
2024;04;10;12;05;47;
19/03/2024;1;2.0TD;3;0.000102796542000000;0.205;1.139819536;111.190107;0.557;2.195;108.438107;69.23;7.20850;1.00322;0.75;0.25;65.00458;93.83860;101.96000;97.42000;37.09000;1985.6;275.0;177.0;46.0;10.84;0.000;0.17498;0.04096;0.00;0.000;0.000;1.350;0.565;0.000;0.557;89.990;69.14;71.13;16141.1;788.80;6.03;3.40;1.41;92876.24;20774.00;24859.38;22937.5;4.05;0.91;1.08;18/03/2024 16:08:36;
19/03/2024;2;2.0TD;3;0.000084819457000000;0.210;1.168942715;109.036138;0.557;2.195;106.284138;65.11;7.20850;1.00322;0.75;0.25;65.00458;93.83860;101.96000;97.42000;37.09000;1985.6;275.0;177.0;46.0;12.84;0.000;0.17498;0.04096;0.00;0.000;0.000;1.318;0.565;0.000;0.557;87.838;65.06;66.06;16191.9;863.50;8.03;3.40;1.41;123721.52;25568.00;24859.38;21704.2;5.70;1.18;1.15;18/03/2024 16:08:36;
19/03/2024;3;2.0TD;3;0.000075083968000000;0.215;1.194156867;102.851149;0.557;2.195;100.099149;58.15;7.20850;1.00322;0.75;0.25;65.00458;93.83860;101.96000;97.42000;37.09000;1985.6;275.0;177.0;46.0;14.43;0.000;0.17498;0.04096;0.00;0.000;0.000;1.236;0.565;0.000;0.557;82.386;58.13;58.50;15954.2;860.30;9.62;3.40;1.41;136376.20;39917.44;24859.38;20922.9;6.52;1.91;1.19;18/03/2024 16:08:36;
19/03/2024;4;2.0TD;3;0.000070464834000000;0.218;1.208451643;100.007023;0.557;2.195;97.255023;56.18;7.20850;1.00322;0.75;0.25;65.00458;93.83860;101.96000;97.42000;37.09000;1985.6;275.0;177.0;46.0;13.90;0.000;0.17498;0.04096;0.00;0.000;0.000;1.198;0.565;0.000;0.557;79.848;56.18;56.18;15079.7;904.10;9.09;3.40;1.41;141862.80;45843.44;0.00;20638.4;6.87;2.22;0.00;18/03/2024 16:08:36;
19/03/2024;5;2.0TD;3;0.000069003296000000;0.217;1.208166265;96.405177;0.557;2.195;93.653177;53.00;7.20850;1.00322;0.75;0.25;65.00458;93.83860;101.96000;97.42000;37.09000;1985.6;275.0;177.0;46.0;14.23;0.000;0.17498;0.04096;0.00;0.000;0.000;1.154;0.565;0.000;0.557;76.954;53.00;53.00;14333.4;839.80;9.42;3.40;1.41;147435.60;46730.88;0.00;20617.1;7.15;2.27;0.00;18/03/2024 16:08:36;
19/03/2024;6;2.0TD;3;0.000071578293000000;0.217;1.204686744;101.927923;0.557;2.195;99.175923;58.77;7.20850;1.00322;0.75;0.25;65.00458;93.83860;101.96000;97.42000;37.09000;1985.6;275.0;177.0;46.0;12.93;0.000;0.17498;0.04096;0.00;0.000;0.000;1.222;0.565;0.000;0.557;81.492;58.76;59.00;15694.0;810.90;8.12;3.40;1.41;134376.20;38922.72;0.00;21335.2;6.30;1.82;0.00;18/03/2024 16:08:36;
19/03/2024;7;2.0TD;3;0.000082030075000000;0.203;1.127932224;120.389918;0.557;2.195;117.637918;75.95;7.20850;1.00322;0.75;0.25;65.00458;93.83860;101.96000;97.42000;37.09000;1985.6;275.0;177.0;46.0;11.80;0.000;0.17498;0.04096;0.00;0.000;0.000;1.467;0.565;0.000;0.557;97.787;76.18;73.17;14193.7;1167.70;6.99;3.40;1.41;120726.56;20774.00;24859.38;23797.2;5.07;0.87;1.04;18/03/2024 16:08:36;
19/03/2024;8;2.0TD;3;0.000100445033000000;0.189;1.048759998;145.975528;0.557;2.195;143.223528;101.53;7.20850;1.00322;0.75;0.25;65.00458;93.83860;101.96000;97.42000;37.09000;1985.6;275.0;177.0;46.0;8.55;0.000;0.17498;0.04096;0.00;0.000;0.000;1.807;0.565;0.000;0.557;120.457;101.64;99.60;16353.3;937.90;3.74;3.40;1.41;28521.64;46848.00;24859.38;26784.1;1.06;1.75;0.93;18/03/2024 16:08:36;
19/03/2024;9;2.0TD;2;0.000111210987000000;0.180;1.106466660;164.764094;19.184;8.779;136.801094;95.87;7.20850;1.00322;0.75;0.25;65.00458;93.83860;101.96000;97.42000;37.09000;1985.6;275.0;177.0;46.0;9.60;0.154;0.17498;0.04096;0.00;0.000;0.000;1.739;0.565;0.000;0.557;115.933;95.87;95.87;18341.9;1077.20;4.79;3.40;1.41;24209.72;86016.00;24859.38;28163.7;0.86;3.05;0.88;18/03/2024 16:08:36;
19/03/2024;10;2.0TD;2;0.000115270561000000;0.162;0.996129829;121.317070;19.184;8.779;93.354070;58.20;7.20850;1.00322;0.75;0.25;65.00458;93.83860;101.96000;97.42000;37.09000;1985.6;275.0;177.0;46.0;12.21;0.154;0.17498;0.04096;0.00;0.000;0.000;1.205;0.565;0.000;0.557;80.339;58.13;59.63;22268.6;1081.60;7.40;3.40;1.41;74695.96;107640.00;24859.38;28017.3;2.67;3.84;0.89;18/03/2024 16:08:36;
19/03/2024;11;2.0TD;1;0.000118690552000000;0.165;0.985398675;146.987157;33.081;43.893;70.013157;37.40;7.20850;1.00322;0.75;0.25;65.00458;93.83860;101.96000;97.42000;37.09000;1985.6;275.0;177.0;46.0;12.30;0.926;0.17498;0.04096;0.00;0.000;0.000;0.901;0.565;0.000;0.557;60.097;37.28;39.98;23770.8;1076.10;7.49;3.40;1.41;94598.96;90087.36;24859.38;27967.8;3.38;3.22;0.89;18/03/2024 16:08:36;
19/03/2024;12;2.0TD;1;0.000118257569000000;0.168;1.003092942;144.073417;33.081;43.893;67.099417;35.34;7.20850;1.00322;0.75;0.25;65.00458;93.83860;101.96000;97.42000;37.09000;1985.6;275.0;177.0;46.0;11.75;0.926;0.17498;0.04096;0.00;0.000;0.000;0.862;0.565;0.000;0.557;57.448;35.26;36.92;25154.8;1197.60;6.94;3.40;1.41;102983.72;63920.00;24859.38;27633.4;3.73;2.31;0.90;18/03/2024 16:08:36;
19/03/2024;13;2.0TD;1;0.000118712986000000;0.166;0.995815096;144.431916;33.081;43.893;67.457916;35.10;7.20850;1.00322;0.75;0.25;65.00458;93.83860;101.96000;97.42000;37.09000;1985.6;275.0;177.0;46.0;12.39;0.926;0.17498;0.04096;0.00;0.000;0.000;0.868;0.565;0.000;0.557;57.854;35.00;36.50;26124.5;1804.60;7.58;3.40;1.41;125084.44;57456.00;24859.38;27367.9;4.57;2.10;0.91;18/03/2024 16:08:36;
19/03/2024;14;2.0TD;1;0.000126303631000000;0.164;0.981543241;144.894716;33.081;43.893;67.920716;35.10;7.20850;1.00322;0.75;0.25;65.00458;93.83860;101.96000;97.42000;37.09000;1985.6;275.0;177.0;46.0;12.88;0.926;0.17498;0.04096;0.00;0.000;0.000;0.875;0.565;0.000;0.557;58.351;35.00;36.50;25700.0;1839.50;8.07;3.40;1.41;137766.28;57456.00;24859.38;27267.5;5.05;2.11;0.91;18/03/2024 16:08:36;
19/03/2024;15;2.0TD;2;0.000127214552000000;0.170;1.041926165;96.125013;19.184;8.779;68.162013;35.09;7.20850;1.00322;0.75;0.25;65.00458;93.83860;101.96000;97.42000;37.09000;1985.6;275.0;177.0;46.0;13.57;0.154;0.17498;0.04096;0.00;0.000;0.000;0.874;0.565;0.000;0.557;58.258;35.00;36.29;25059.8;1788.40;8.76;3.40;1.41;153407.68;57456.00;24859.38;26880.1;5.71;2.14;0.92;18/03/2024 16:08:36;
19/03/2024;16;2.0TD;2;0.000119959161000000;0.177;1.088671271;95.612406;19.184;8.779;67.649406;35.10;7.20850;1.00322;0.75;0.25;65.00458;93.83860;101.96000;97.42000;37.09000;1985.6;275.0;177.0;46.0;12.79;0.154;0.17498;0.04096;0.00;0.000;0.000;0.862;0.565;0.000;0.557;57.476;35.00;36.50;24851.5;1722.50;7.98;3.40;1.41;127833.04;57711.36;24859.38;26346.7;4.85;2.19;0.94;18/03/2024 16:08:36;
19/03/2024;17;2.0TD;2;0.000114483469000000;0.184;1.126144706;98.923827;19.184;8.779;70.960827;35.69;7.20850;1.00322;0.75;0.25;65.00458;93.83860;101.96000;97.42000;37.09000;1985.6;275.0;177.0;46.0;14.62;0.154;0.17498;0.04096;0.00;0.000;0.000;0.899;0.565;0.000;0.557;59.933;35.54;39.00;23432.1;1037.90;9.81;3.40;1.41;95623.32;134625.00;24859.38;26020.1;3.67;5.17;0.96;18/03/2024 16:08:36;
19/03/2024;18;2.0TD;2;0.000115358017000000;0.185;1.134566020;119.158385;19.184;8.779;91.195385;54.50;7.20850;1.00322;0.75;0.25;65.00458;93.83860;101.96000;97.42000;37.09000;1985.6;275.0;177.0;46.0;12.58;0.154;0.17498;0.04096;0.00;0.000;0.000;1.154;0.565;0.000;0.557;76.958;54.50;54.50;20897.2;952.30;7.77;3.40;1.41;61758.56;116610.00;24859.38;26137.2;2.36;4.46;0.95;18/03/2024 16:08:36;
19/03/2024;19;2.0TD;1;0.000122312209000000;0.171;1.023130107;189.825765;33.081;43.893;112.851765;76.42;7.20850;1.00322;0.75;0.25;65.00458;93.83860;101.96000;97.42000;37.09000;1985.6;275.0;177.0;46.0;9.01;0.926;0.17498;0.04096;0.00;0.000;0.000;1.446;0.565;0.000;0.557;96.372;76.62;73.63;17857.9;1277.60;4.20;3.40;1.41;33687.28;52586.88;24859.38;26444.1;1.27;1.99;0.94;18/03/2024 16:08:36;
19/03/2024;20;2.0TD;1;0.000145384538000000;0.171;1.023794944;250.443751;33.081;43.893;173.469751;128.83;7.20850;1.00322;0.75;0.25;65.00458;93.83860;101.96000;97.42000;37.09000;1985.6;275.0;177.0;46.0;7.59;0.926;0.17498;0.04096;0.00;0.000;0.000;2.222;0.565;0.000;0.557;148.138;128.96;127.35;18281.6;1547.50;2.78;3.40;1.41;6296.12;46730.88;24859.38;28048.4;0.22;1.67;0.89;18/03/2024 16:08:36;
19/03/2024;21;2.0TD;1;0.000172335451000000;0.174;1.039346750;228.289839;33.081;43.893;151.315839;109.77;7.20850;1.00322;0.75;0.25;65.00458;93.83860;101.96000;97.42000;37.09000;1985.6;275.0;177.0;46.0;7.69;0.926;0.17498;0.04096;0.00;0.000;0.000;1.933;0.565;0.000;0.557;128.889;110.00;106.99;18205.5;1496.00;2.88;3.40;1.41;14550.64;46848.00;24859.38;29880.8;0.49;1.57;0.83;18/03/2024 16:08:36;
19/03/2024;22;2.0TD;1;0.000176596185000000;0.175;1.050318787;207.687029;33.081;43.893;130.713029;91.68;7.20850;1.00322;0.75;0.25;65.00458;93.83860;101.96000;97.42000;37.09000;1985.6;275.0;177.0;46.0;8.40;0.926;0.17498;0.04096;0.00;0.000;0.000;1.669;0.565;0.000;0.557;111.245;92.01;87.41;17436.9;1329.50;3.59;3.40;1.41;32123.32;46848.00;24859.38;28944.9;1.11;1.62;0.86;18/03/2024 16:08:36;
19/03/2024;23;2.0TD;2;0.000157297928000000;0.189;1.157481582;147.785819;19.184;8.779;119.822819;81.55;7.20850;1.00322;0.75;0.25;65.00458;93.83860;101.96000;97.42000;37.09000;1985.6;275.0;177.0;46.0;8.99;0.154;0.17498;0.04096;0.00;0.000;0.000;1.512;0.565;0.000;0.557;100.776;81.75;78.80;15984.5;1171.20;4.18;3.40;1.41;40880.84;46848.00;24859.38;26909.3;1.52;1.74;0.92;18/03/2024 16:08:36;
19/03/2024;24;2.0TD;2;0.000129118621000000;0.196;1.204601409;141.946740;19.184;8.779;113.983740;75.99;7.20850;1.00322;0.75;0.25;65.00458;93.83860;101.96000;97.42000;37.09000;1985.6;275.0;177.0;46.0;9.16;0.154;0.17498;0.04096;0.00;0.000;0.000;1.430;0.565;0.000;0.557;95.304;76.10;74.04;18070.3;980.50;4.35;3.40;1.41;34432.80;46730.88;24859.38;24389.0;1.41;1.92;1.02;18/03/2024 16:08:36;
*
