pvpcdata;
2024;12;11;12;05;26;
07/11/2024;1;2.0TD;3;0.000098331704000000;0.226;1.254196894;143.214277;0.557;2.195;140.462277;106.54;-4.67788;1.07951;0.75;0.25;111.82833;93.11680;101.96000;84.74000;75.52000;1930.5;275.0;200.0;46.0;9.64;0.000;0.17498;0.04096;0.00;0.000;1.719;0.947;0.000;0.557;114.569;106.54;0.00;16005.6;0.00;5.40;3.21;1.03;76860.04;19418.40;24859.38;22459.0;3.42;0.86;1.11;06/11/2024 16:10:15;
07/11/2024;2;2.0TD;3;0.000081703591000000;0.233;1.297116496;132.661566;0.557;2.195;129.909566;95.72;-4.67788;1.07951;0.75;0.25;111.82833;93.11680;101.96000;84.74000;75.52000;1930.5;275.0;200.0;46.0;11.39;0.000;0.17498;0.04096;0.00;0.000;1.580;0.947;0.000;0.557;105.360;95.72;0.00;15053.1;0.00;7.15;3.21;1.03;105544.04;22102.92;24859.38;21329.9;4.95;1.04;1.17;06/11/2024 16:10:15;
07/11/2024;3;2.0TD;3;0.000072608156000000;0.239;1.327052938;138.263359;0.557;2.195;135.511359;94.01;-4.67788;1.07951;0.75;0.25;111.82833;93.11680;101.96000;84.74000;75.52000;1930.5;275.0;200.0;46.0;17.05;0.000;0.17498;0.04096;0.00;0.000;1.641;0.947;0.000;0.557;109.371;94.01;0.00;14663.1;0.00;12.81;3.21;1.03;218357.56;22372.00;24859.38;20727.0;10.53;1.08;1.20;06/11/2024 16:10:15;
07/11/2024;4;2.0TD;3;0.000068307340000000;0.240;1.332517232;144.049450;0.557;2.195;141.297450;99.32;-4.67788;1.07951;0.75;0.25;111.82833;93.11680;101.96000;84.74000;75.52000;1930.5;275.0;200.0;46.0;16.25;0.000;0.17498;0.04096;0.00;0.000;1.709;0.947;0.000;0.557;113.949;99.32;0.00;14083.2;0.00;12.01;3.21;1.03;222545.76;21093.60;0.00;20284.3;10.97;1.04;0.00;06/11/2024 16:10:15;
07/11/2024;5;2.0TD;3;0.000066925751000000;0.238;1.324593533;144.877565;0.557;2.195;142.125565;100.20;-4.67788;1.07951;0.75;0.25;111.82833;93.11680;101.96000;84.74000;75.52000;1930.5;275.0;200.0;46.0;16.21;0.000;0.17498;0.04096;0.00;0.000;1.722;0.947;0.000;0.557;114.802;100.20;0.00;13940.9;0.00;11.97;3.21;1.03;221221.52;20326.56;0.00;20182.5;10.96;1.01;0.00;06/11/2024 16:10:15;
07/11/2024;6;2.0TD;3;0.000069296558000000;0.230;1.278418007;151.526105;0.557;2.195;148.774105;107.61;-4.67788;1.07951;0.75;0.25;111.82833;93.11680;101.96000;84.74000;75.52000;1930.5;275.0;200.0;46.0;14.86;0.000;0.17498;0.04096;0.00;0.000;1.814;0.947;0.000;0.557;120.954;107.61;0.00;14120.9;0.00;10.62;3.21;1.03;204119.08;15660.40;0.00;20694.1;9.86;0.76;0.00;06/11/2024 16:10:15;
07/11/2024;7;2.0TD;3;0.000079756765000000;0.208;1.154529286;147.431209;0.557;2.195;144.679209;109.90;-4.67788;1.07951;0.75;0.25;111.82833;93.11680;101.96000;84.74000;75.52000;1930.5;275.0;200.0;46.0;11.40;0.000;0.17498;0.04096;0.00;0.000;1.797;0.947;0.000;0.557;119.767;109.90;0.00;14814.5;0.00;7.16;3.21;1.03;94347.12;45622.72;24859.38;23018.5;4.10;1.98;1.08;06/11/2024 16:10:15;
07/11/2024;8;2.0TD;3;0.000101780940000000;0.189;1.049096632;161.003806;0.557;2.195;158.251806;122.76;-4.67788;1.07951;0.75;0.25;111.82833;93.11680;101.96000;84.74000;75.52000;1930.5;275.0;200.0;46.0;11.67;0.000;0.17498;0.04096;0.00;0.000;1.996;0.947;0.000;0.557;133.096;122.76;0.00;17082.2;0.00;7.43;3.21;1.03;21833.52;146129.76;24859.38;25962.1;0.84;5.63;0.96;06/11/2024 16:10:15;
07/11/2024;9;2.0TD;2;0.000108698251000000;0.186;1.142503348;191.624544;19.184;8.779;163.661544;127.51;-4.67788;1.07951;0.75;0.25;111.82833;93.11680;101.96000;84.74000;75.52000;1930.5;275.0;200.0;46.0;11.59;0.154;0.17498;0.04096;0.00;0.000;2.070;0.947;0.000;0.557;137.994;127.51;0.00;18292.1;0.00;7.35;3.21;1.03;23500.40;154173.60;24859.38;27535.0;0.85;5.60;0.90;06/11/2024 16:10:15;
07/11/2024;10;2.0TD;2;0.000109201448000000;0.171;1.047081963;176.834053;19.184;8.779;148.871053;120.04;-4.67788;1.07951;0.75;0.25;111.82833;93.11680;101.96000;84.74000;75.52000;1930.5;275.0;200.0;46.0;8.36;0.154;0.17498;0.04096;0.00;0.000;1.907;0.947;0.000;0.557;127.131;120.04;0.00;17862.6;0.00;4.12;3.21;1.03;48648.44;40410.72;24859.38;27685.0;1.76;1.46;0.90;06/11/2024 16:10:15;
07/11/2024;11;2.0TD;1;0.000110760182000000;0.168;1.004717637;211.817914;33.081;43.893;134.843914;105.60;-4.67788;1.07951;0.75;0.25;111.82833;93.11680;101.96000;84.74000;75.52000;1930.5;275.0;200.0;46.0;10.52;0.926;0.17498;0.04096;0.00;0.000;1.732;0.947;0.000;0.557;115.448;105.60;0.00;20365.5;0.00;6.28;3.21;1.03;73618.28;75587.20;24859.38;27745.6;2.65;2.72;0.90;06/11/2024 16:10:15;
07/11/2024;12;2.0TD;1;0.000109689288000000;0.166;0.993998752;199.832571;33.081;43.893;122.858571;95.00;-4.67788;1.07951;0.75;0.25;111.82833;93.11680;101.96000;84.74000;75.52000;1930.5;275.0;200.0;46.0;11.19;0.926;0.17498;0.04096;0.00;0.000;1.581;0.947;0.000;0.557;105.367;95.00;0.00;20181.6;0.00;6.95;3.21;1.03;90819.40;76508.64;24859.38;27646.5;3.29;2.77;0.90;06/11/2024 16:10:15;
07/11/2024;13;2.0TD;1;0.000111152934000000;0.164;0.980294456;192.613392;33.081;43.893;115.639392;90.00;-4.67788;1.07951;0.75;0.25;111.82833;93.11680;101.96000;84.74000;75.52000;1930.5;275.0;200.0;46.0;10.26;0.926;0.17498;0.04096;0.00;0.000;1.490;0.947;0.000;0.557;99.346;90.00;0.00;20468.2;0.00;6.02;3.21;1.03;98205.88;43512.80;24859.38;27654.8;3.55;1.57;0.90;06/11/2024 16:10:15;
07/11/2024;14;2.0TD;1;0.000118059012000000;0.164;0.980145988;192.601752;33.081;43.893;115.627752;90.00;-4.67788;1.07951;0.75;0.25;111.82833;93.11680;101.96000;84.74000;75.52000;1930.5;275.0;200.0;46.0;10.25;0.926;0.17498;0.04096;0.00;0.000;1.490;0.947;0.000;0.557;99.336;90.00;0.00;20469.5;0.00;6.01;3.21;1.03;98236.84;44790.24;24859.38;27936.3;3.52;1.60;0.89;06/11/2024 16:10:15;
07/11/2024;15;2.0TD;2;0.000119769898000000;0.169;1.035623608;146.066552;19.184;8.779;118.103552;92.00;-4.67788;1.07951;0.75;0.25;111.82833;93.11680;101.96000;84.74000;75.52000;1930.5;275.0;200.0;46.0;10.69;0.154;0.17498;0.04096;0.00;0.000;1.515;0.947;0.000;0.557;101.029;92.00;0.00;20388.9;0.00;6.45;3.21;1.03;95625.08;58842.08;24859.38;27778.8;3.44;2.12;0.89;06/11/2024 16:10:15;
07/11/2024;16;2.0TD;2;0.000114202394000000;0.175;1.072958879;166.558429;19.184;8.779;138.595429;106.87;-4.67788;1.07951;0.75;0.25;111.82833;93.11680;101.96000;84.74000;75.52000;1930.5;275.0;200.0;46.0;12.49;0.154;0.17498;0.04096;0.00;0.000;1.769;0.947;0.000;0.557;117.953;106.87;0.00;20459.4;0.00;8.25;3.21;1.03;80336.92;119608.32;24859.38;27230.1;2.95;4.39;0.91;06/11/2024 16:10:15;
07/11/2024;17;2.0TD;2;0.000111712037000000;0.179;1.097395878;179.814140;19.184;8.779;151.851140;119.16;-4.67788;1.07951;0.75;0.25;111.82833;93.11680;101.96000;84.74000;75.52000;1930.5;275.0;200.0;46.0;10.88;0.154;0.17498;0.04096;0.00;0.000;1.932;0.947;0.000;0.557;128.796;119.16;0.00;18673.8;0.00;6.64;3.21;1.03;54020.76;98837.44;24859.38;26785.9;2.02;3.69;0.93;06/11/2024 16:10:15;
07/11/2024;18;2.0TD;2;0.000118729683000000;0.183;1.121615395;180.593136;19.184;8.779;152.630136;122.98;-4.67788;1.07951;0.75;0.25;111.82833;93.11680;101.96000;84.74000;75.52000;1930.5;275.0;200.0;46.0;7.28;0.154;0.17498;0.04096;0.00;0.000;1.935;0.947;0.000;0.557;129.019;122.98;0.00;18357.8;0.00;3.04;3.21;1.03;24216.40;33572.00;24859.38;27187.6;0.89;1.23;0.91;06/11/2024 16:10:15;
07/11/2024;19;2.0TD;1;0.000140069527000000;0.184;1.102841385;265.063715;33.081;43.893;188.089715;151.49;-4.67788;1.07951;0.75;0.25;111.82833;93.11680;101.96000;84.74000;75.52000;1930.5;275.0;200.0;46.0;7.39;0.926;0.17498;0.04096;0.00;0.000;2.383;0.947;0.000;0.557;158.859;151.49;0.00;19724.0;0.00;3.15;3.21;1.03;14757.68;49366.08;24859.38;28305.9;0.52;1.74;0.88;06/11/2024 16:10:15;
07/11/2024;20;2.0TD;1;0.000155105637000000;0.188;1.125644746;257.099221;33.081;43.893;180.125221;144.66;-4.67788;1.07951;0.75;0.25;111.82833;93.11680;101.96000;84.74000;75.52000;1930.5;275.0;200.0;46.0;7.09;0.926;0.17498;0.04096;0.00;0.000;2.274;0.947;0.000;0.557;151.620;144.66;0.00;20080.0;0.00;2.85;3.21;1.03;18470.92;38802.24;24859.38;28796.2;0.64;1.35;0.86;06/11/2024 16:10:15;
07/11/2024;21;2.0TD;1;0.000166183858000000;0.190;1.135698211;240.887643;33.081;43.893;163.913643;130.99;-4.67788;1.07951;0.75;0.25;111.82833;93.11680;101.96000;84.74000;75.52000;1930.5;275.0;200.0;46.0;7.09;0.926;0.17498;0.04096;0.00;0.000;2.066;0.947;0.000;0.557;137.742;130.99;0.00;20450.5;0.00;2.85;3.21;1.03;27622.52;30548.08;24859.38;29151.7;0.95;1.05;0.85;06/11/2024 16:10:15;
07/11/2024;22;2.0TD;1;0.000166066725000000;0.192;1.147554027;233.200568;33.081;43.893;156.226568;124.48;-4.67788;1.07951;0.75;0.25;111.82833;93.11680;101.96000;84.74000;75.52000;1930.5;275.0;200.0;46.0;7.02;0.926;0.17498;0.04096;0.00;0.000;1.966;0.947;0.000;0.557;131.062;124.48;0.00;19569.8;0.00;2.78;3.21;1.03;33321.52;19820.16;24859.38;28053.6;1.19;0.71;0.89;06/11/2024 16:10:15;
07/11/2024;23;2.0TD;2;0.000147954082000000;0.201;1.233764333;173.124936;19.184;8.779;145.161936;115.31;-4.67788;1.07951;0.75;0.25;111.82833;93.11680;101.96000;84.74000;75.52000;1930.5;275.0;200.0;46.0;6.92;0.154;0.17498;0.04096;0.00;0.000;1.813;0.947;0.000;0.557;120.867;115.31;0.00;17871.7;0.00;2.68;3.21;1.03;24444.80;19820.16;24859.38;25784.5;0.95;0.77;0.96;06/11/2024 16:10:15;
07/11/2024;24;2.0TD;2;0.000122066529000000;0.210;1.289333117;170.772714;19.184;8.779;142.809714;111.73;-4.67788;1.07951;0.75;0.25;111.82833;93.11680;101.96000;84.74000;75.52000;1930.5;275.0;200.0;46.0;7.70;0.154;0.17498;0.04096;0.00;0.000;1.770;0.947;0.000;0.557;118.024;111.73;0.00;16887.9;0.00;3.46;3.21;1.03;37985.44;19800.32;24859.38;23910.7;1.59;0.83;1.04;06/11/2024 16:10:15;
*
