pvpcdata;
2024;02;09;12;01;44;
19/01/2024;1;2.0TD;3;0.000130126597000000;0.241;1.341441660;117.011593;0.557;2.195;114.259593;71.81;6.85680;0.75474;0.75;0.25;70.86542;98.29260;101.96000;97.42000;81.63000;2724.1;275.0;177.0;62.0;12.37;0.000;0.17498;0.03702;0.00;0.000;0.000;1.381;0.565;0.000;0.557;92.070;71.82;71.67;14557.8;1073.70;7.23;3.56;1.58;76650.36;86228.08;24859.38;25961.8;2.95;3.32;0.96;18/01/2024 16:06:46;
19/01/2024;2;2.0TD;3;0.000106169779000000;0.250;1.390707750;114.020228;0.557;2.195;111.268228;67.44;6.85680;0.75474;0.75;0.25;70.86542;98.29260;101.96000;97.42000;81.63000;2724.1;275.0;177.0;62.0;13.73;0.000;0.17498;0.03702;0.00;0.000;0.000;1.335;0.565;0.000;0.557;89.014;67.44;67.44;14357.6;947.80;8.59;3.56;1.58;87592.80;96007.84;24859.38;24256.5;3.61;3.96;1.02;18/01/2024 16:06:46;
19/01/2024;3;2.0TD;3;0.000093026554000000;0.258;1.432988761;114.937398;0.557;2.195;112.185398;67.10;6.85680;0.75474;0.75;0.25;70.86542;98.29260;101.96000;97.42000;81.63000;2724.1;275.0;177.0;62.0;14.23;0.000;0.17498;0.03702;0.00;0.000;0.000;1.338;0.565;0.000;0.557;89.177;67.17;66.00;15129.4;968.40;9.09;3.56;1.58;93495.28;94537.68;24859.38;23421.8;3.99;4.04;1.06;18/01/2024 16:06:46;
19/01/2024;4;2.0TD;3;0.000086298907000000;0.260;1.446474429;105.930354;0.557;2.195;103.178354;60.26;6.85680;0.75474;0.75;0.25;70.86542;98.29260;101.96000;97.42000;81.63000;2724.1;275.0;177.0;62.0;13.89;0.000;0.17498;0.03702;0.00;0.000;0.000;1.228;0.565;0.000;0.557;81.887;60.00;65.00;16003.7;894.90;8.75;3.56;1.58;115708.92;83543.44;0.00;22766.5;5.08;3.67;0.00;18/01/2024 16:06:46;
19/01/2024;5;2.0TD;3;0.000083846657000000;0.259;1.438789249;99.266414;0.557;2.195;96.514414;54.95;6.85680;0.75474;0.75;0.25;70.86542;98.29260;101.96000;97.42000;81.63000;2724.1;275.0;177.0;62.0;14.05;0.000;0.17498;0.03702;0.00;0.000;0.000;1.150;0.565;0.000;0.557;76.659;54.79;57.94;15864.2;852.50;8.91;3.56;1.58;123548.36;79800.00;0.00;22819.9;5.41;3.50;0.00;18/01/2024 16:06:46;
19/01/2024;6;2.0TD;3;0.000086201358000000;0.252;1.401087149;92.577469;0.557;2.195;89.825469;50.26;6.85680;0.75474;0.75;0.25;70.86542;98.29260;101.96000;97.42000;81.63000;2724.1;275.0;177.0;62.0;13.90;0.000;0.17498;0.03702;0.00;0.000;0.000;1.076;0.565;0.000;0.557;71.745;50.00;55.00;16623.4;903.30;8.76;3.56;1.58;130403.68;75106.00;0.00;23456.5;5.56;3.20;0.00;18/01/2024 16:06:46;
19/01/2024;7;2.0TD;3;0.000097507939000000;0.230;1.278322149;103.000176;0.557;2.195;100.248176;60.25;6.85680;0.75474;0.75;0.25;70.86542;98.29260;101.96000;97.42000;81.63000;2724.1;275.0;177.0;62.0;13.52;0.000;0.17498;0.03702;0.00;0.000;0.000;1.223;0.565;0.000;0.557;81.502;60.00;65.00;18216.8;940.90;8.38;3.56;1.58;115958.44;79900.00;24859.38;26312.4;4.41;3.04;0.94;18/01/2024 16:06:46;
19/01/2024;8;2.0TD;3;0.000124706150000000;0.213;1.181195231;114.790238;0.557;2.195;112.038238;74.56;6.85680;0.75474;0.75;0.25;70.86542;98.29260;101.96000;97.42000;81.63000;2724.1;275.0;177.0;62.0;9.91;0.000;0.17498;0.03702;0.00;0.000;0.000;1.385;0.565;0.000;0.557;92.364;74.40;78.07;20482.6;913.60;4.77;3.56;1.58;39292.96;79927.68;24859.38;30170.3;1.30;2.65;0.82;18/01/2024 16:06:46;
19/01/2024;9;2.0TD;2;0.000140101693000000;0.197;1.211180646;149.240146;19.184;8.779;121.277146;82.39;6.85680;0.75474;0.75;0.25;70.86542;98.29260;101.96000;97.42000;81.63000;2724.1;275.0;177.0;62.0;10.72;0.178;0.17498;0.03702;0.00;0.000;0.000;1.520;0.565;0.000;0.557;101.317;82.32;83.70;22523.3;1113.60;5.58;3.56;1.58;44692.96;112645.12;24859.38;32639.5;1.37;3.45;0.76;18/01/2024 16:06:46;
19/01/2024;10;2.0TD;2;0.000145513861000000;0.189;1.158744302;154.488749;19.184;8.779;126.525749;87.40;6.85680;0.75474;0.75;0.25;70.86542;98.29260;101.96000;97.42000;81.63000;2724.1;275.0;177.0;62.0;10.73;0.178;0.17498;0.03702;0.00;0.000;0.000;1.596;0.565;0.000;0.557;106.413;87.33;88.79;22946.2;1105.00;5.59;3.56;1.58;44535.08;116380.80;24859.38;33261.5;1.34;3.50;0.75;18/01/2024 16:06:46;
19/01/2024;11;2.0TD;1;0.000151516785000000;0.183;1.098358768;195.811771;33.081;43.893;118.837771;81.00;6.85680;0.75474;0.75;0.25;70.86542;98.29260;101.96000;97.42000;81.63000;2724.1;275.0;177.0;62.0;10.37;1.068;0.17498;0.03702;0.00;0.000;0.000;1.507;0.565;0.000;0.557;100.454;81.00;81.00;22645.4;1292.10;5.23;3.56;1.58;53003.40;96193.76;24859.38;33292.8;1.59;2.89;0.75;18/01/2024 16:06:46;
19/01/2024;12;2.0TD;1;0.000149449715000000;0.184;1.100665517;191.860577;33.081;43.893;114.886577;78.00;6.85680;0.75474;0.75;0.25;70.86542;98.29260;101.96000;97.42000;81.63000;2724.1;275.0;177.0;62.0;10.00;1.068;0.17498;0.03702;0.00;0.000;0.000;1.455;0.565;0.000;0.557;97.032;78.00;78.00;22565.3;1325.20;4.86;3.56;1.58;60108.84;74820.00;24859.38;32918.4;1.83;2.27;0.76;18/01/2024 16:06:46;
19/01/2024;13;2.0TD;1;0.000147551264000000;0.180;1.076495108;192.910867;33.081;43.893;115.936867;78.74;6.85680;0.75474;0.75;0.25;70.86542;98.29260;101.96000;97.42000;81.63000;2724.1;275.0;177.0;62.0;10.46;1.068;0.17498;0.03702;0.00;0.000;0.000;1.474;0.565;0.000;0.557;98.251;78.74;78.74;23296.1;1405.30;5.32;3.56;1.58;55598.60;92955.20;24859.38;32563.8;1.71;2.85;0.76;18/01/2024 16:06:46;
19/01/2024;14;2.0TD;1;0.000153265632000000;0.178;1.066134955;183.840490;33.081;43.893;106.866490;70.83;6.85680;0.75474;0.75;0.25;70.86542;98.29260;101.96000;97.42000;81.63000;2724.1;275.0;177.0;62.0;10.95;1.068;0.17498;0.03702;0.00;0.000;0.000;1.361;0.565;0.000;0.557;90.718;70.83;70.83;23078.9;1264.20;5.81;3.56;1.58;74127.72;88593.12;24859.38;32295.9;2.30;2.74;0.77;18/01/2024 16:06:46;
19/01/2024;15;2.0TD;2;0.000155757100000000;0.177;1.088276586;122.765150;19.184;8.779;94.802150;61.18;6.85680;0.75474;0.75;0.25;70.86542;98.29260;101.96000;97.42000;81.63000;2724.1;275.0;177.0;62.0;11.47;0.178;0.17498;0.03702;0.00;0.000;0.000;1.208;0.565;0.000;0.557;80.545;61.13;62.23;22755.9;1183.90;6.33;3.56;1.58;87711.60;89088.32;24859.38;31843.8;2.75;2.80;0.78;18/01/2024 16:06:46;
19/01/2024;16;2.0TD;2;0.000150896973000000;0.184;1.129348333;123.846377;19.184;8.779;95.883377;60.25;6.85680;0.75474;0.75;0.25;70.86542;98.29260;101.96000;97.42000;81.63000;2724.1;275.0;177.0;62.0;12.83;0.178;0.17498;0.03702;0.00;0.000;0.000;1.215;0.565;0.000;0.557;80.982;60.14;62.23;22316.8;1190.70;7.69;3.56;1.58;88563.20;127374.72;24859.38;31317.6;2.83;4.07;0.79;18/01/2024 16:06:46;
19/01/2024;17;2.0TD;2;0.000146918589000000;0.189;1.161671371;127.353391;19.184;8.779;99.390391;63.26;6.85680;0.75474;0.75;0.25;70.86542;98.29260;101.96000;97.42000;81.63000;2724.1;275.0;177.0;62.0;12.39;0.178;0.17498;0.03702;0.00;0.000;0.000;1.254;0.565;0.000;0.557;83.591;63.00;67.83;21911.1;1235.60;7.25;3.56;1.58;80835.96;119767.44;24859.38;31079.9;2.60;3.85;0.80;18/01/2024 16:06:46;
19/01/2024;18;2.0TD;2;0.000150539943000000;0.195;1.197141099;133.993656;19.184;8.779;106.030656;69.18;6.85680;0.75474;0.75;0.25;70.86542;98.29260;101.96000;97.42000;81.63000;2724.1;275.0;177.0;62.0;11.53;0.178;0.17498;0.03702;0.00;0.000;0.000;1.331;0.565;0.000;0.557;88.728;69.18;69.18;21235.2;1172.80;6.39;3.56;1.58;74670.76;101294.40;24859.38;31445.9;2.37;3.22;0.79;18/01/2024 16:06:46;
19/01/2024;19;2.0TD;1;0.000169569880000000;0.200;1.199681822;195.325899;33.081;43.893;118.351899;80.63;6.85680;0.75474;0.75;0.25;70.86542;98.29260;101.96000;97.42000;81.63000;2724.1;275.0;177.0;62.0;8.94;1.068;0.17498;0.03702;0.00;0.000;0.000;1.479;0.565;0.000;0.557;98.626;80.50;82.74;21513.1;1359.00;3.80;3.56;1.58;31779.68;66033.00;24859.38;32253.9;0.99;2.05;0.77;18/01/2024 16:06:46;
19/01/2024;20;2.0TD;1;0.000186173215000000;0.207;1.236894412;202.180434;33.081;43.893;125.206434;84.20;6.85680;0.75474;0.75;0.25;70.86542;98.29260;101.96000;97.42000;81.63000;2724.1;275.0;177.0;62.0;10.40;1.068;0.17498;0.03702;0.00;0.000;0.000;1.556;0.565;0.000;0.557;103.733;84.20;84.20;22591.1;1432.20;5.26;3.56;1.58;46837.56;101952.48;24859.38;32982.1;1.42;3.09;0.75;18/01/2024 16:06:46;
19/01/2024;21;2.0TD;1;0.000195141962000000;0.210;1.257851979;200.673004;33.081;43.893;123.699004;82.91;6.85680;0.75474;0.75;0.25;70.86542;98.29260;101.96000;97.42000;81.63000;2724.1;275.0;177.0;62.0;10.21;1.068;0.17498;0.03702;0.00;0.000;0.000;1.533;0.565;0.000;0.557;102.230;82.88;83.34;21781.5;1387.50;5.07;3.56;1.58;44344.72;99482.40;24859.38;33279.6;1.33;2.99;0.75;18/01/2024 16:06:46;
19/01/2024;22;2.0TD;1;0.000199553601000000;0.212;1.269150631;196.706974;33.081;43.893;119.732974;80.50;6.85680;0.75474;0.75;0.25;70.86542;98.29260;101.96000;97.42000;81.63000;2724.1;275.0;177.0;62.0;9.23;1.068;0.17498;0.03702;0.00;0.000;0.000;1.482;0.565;0.000;0.557;98.789;80.50;80.50;20634.1;1352.10;4.09;3.56;1.58;41548.52;66033.00;24859.38;32370.2;1.28;2.04;0.77;18/01/2024 16:06:46;
19/01/2024;23;2.0TD;2;0.000187967269000000;0.222;1.359265240;140.644331;19.184;8.779;112.681331;74.40;6.85680;0.75474;0.75;0.25;70.86542;98.29260;101.96000;97.42000;81.63000;2724.1;275.0;177.0;62.0;9.74;0.178;0.17498;0.03702;0.00;0.000;0.000;1.383;0.565;0.000;0.557;92.210;74.40;74.40;19209.0;1314.00;4.60;3.56;1.58;27045.64;85545.60;24859.38;29832.6;0.91;2.87;0.83;18/01/2024 16:06:46;
19/01/2024;24;2.0TD;2;0.000164275795000000;0.228;1.395727159;125.364991;19.184;8.779;97.401991;61.17;6.85680;0.75474;0.75;0.25;70.86542;98.29260;101.96000;97.42000;81.63000;2724.1;275.0;177.0;62.0;10.27;0.178;0.17498;0.03702;0.00;0.000;0.000;1.190;0.565;0.000;0.557;79.317;61.00;63.99;18742.5;1138.40;5.13;3.56;1.58;32295.24;83502.72;24859.38;27411.6;1.18;3.05;0.91;18/01/2024 16:06:46;
*
