pvpcdata;
2024;06;11;12;31;14;
25/05/2024;1;2.0TD;3;0.000088440534000000;0.192;1.068751721;146.120601;0.557;2.195;143.368601;94.59;7.92605;1.12683;0.75;0.25;43.71458;75.41880;101.96000;48.69000;28.32000;1739.4;275.0;154.0;61.0;13.23;0.000;0.17498;0.04096;0.00;0.000;1.804;0.947;0.000;0.557;120.275;94.88;91.06;14374.9;1185.60;8.82;3.16;1.25;169594.56;8000.00;24859.38;22944.1;7.39;0.35;1.08;24/05/2024 16:10:34;
25/05/2024;2;2.0TD;3;0.000074927803000000;0.195;1.081808163;137.345653;0.557;2.195;134.593653;85.61;7.92605;1.12683;0.75;0.25;43.71458;75.41880;101.96000;48.69000;28.32000;1739.4;275.0;154.0;61.0;14.68;0.000;0.17498;0.04096;0.00;0.000;1.689;0.947;0.000;0.557;112.630;85.74;83.99;13539.7;1113.50;10.27;3.16;1.25;187822.72;8117.84;24859.38;21508.4;8.73;0.38;1.16;24/05/2024 16:10:34;
25/05/2024;3;2.0TD;3;0.000065933344000000;0.198;1.099905606;127.528099;0.557;2.195;124.776099;74.50;7.92605;1.12683;0.75;0.25;43.71458;75.41880;101.96000;48.69000;28.32000;1739.4;275.0;154.0;61.0;17.44;0.000;0.17498;0.04096;0.00;0.000;1.562;0.947;0.000;0.557;104.153;74.88;70.05;13195.2;1142.10;13.03;3.16;1.25;239847.00;4608.00;24859.38;20659.9;11.61;0.22;1.20;24/05/2024 16:10:34;
25/05/2024;4;2.0TD;3;0.000060961487000000;0.197;1.096142342;125.272936;0.557;2.195;122.520936;71.81;7.92605;1.12683;0.75;0.25;43.71458;75.41880;101.96000;48.69000;28.32000;1739.4;275.0;154.0;61.0;18.36;0.000;0.17498;0.04096;0.00;0.000;1.535;0.947;0.000;0.557;102.356;72.00;69.51;13089.9;1105.20;13.95;3.16;1.25;270305.32;8309.60;0.00;19972.2;13.53;0.42;0.00;24/05/2024 16:10:34;
25/05/2024;5;2.0TD;3;0.000058810887000000;0.197;1.095726507;124.836031;0.557;2.195;122.084031;70.63;7.92605;1.12683;0.75;0.25;43.71458;75.41880;101.96000;48.69000;28.32000;1739.4;275.0;154.0;61.0;19.18;0.000;0.17498;0.04096;0.00;0.000;1.530;0.947;0.000;0.557;101.991;70.99;66.60;12960.7;1170.20;14.77;3.16;1.25;274969.40;14382.00;0.00;19596.4;14.03;0.73;0.00;24/05/2024 16:10:34;
25/05/2024;6;2.0TD;3;0.000058166211000000;0.198;1.099780341;123.928109;0.557;2.195;121.176109;69.68;7.92605;1.12683;0.75;0.25;43.71458;75.41880;101.96000;48.69000;28.32000;1739.4;275.0;154.0;61.0;19.30;0.000;0.17498;0.04096;0.00;0.000;1.517;0.947;0.000;0.557;101.148;70.00;66.50;13020.8;1307.80;14.89;3.16;1.25;277165.12;14364.00;0.00;19580.5;14.16;0.73;0.00;24/05/2024 16:10:34;
25/05/2024;7;2.0TD;3;0.000057305184000000;0.195;1.083583981;124.947528;0.557;2.195;122.195528;71.01;7.92605;1.12683;0.75;0.25;43.71458;75.41880;101.96000;48.69000;28.32000;1739.4;275.0;154.0;61.0;19.06;0.000;0.17498;0.04096;0.00;0.000;1.534;0.947;0.000;0.557;102.255;71.30;67.74;13142.7;1172.70;14.65;3.16;1.25;273774.68;15980.00;0.00;19778.2;13.84;0.81;0.00;24/05/2024 16:10:34;
25/05/2024;8;2.0TD;3;0.000058604082000000;0.191;1.061158451;128.988081;0.557;2.195;126.236081;71.44;7.92605;1.12683;0.75;0.25;43.71458;75.41880;101.96000;48.69000;28.32000;1739.4;275.0;154.0;61.0;22.31;0.000;0.17498;0.04096;0.00;0.000;1.590;0.947;0.000;0.557;105.991;71.74;66.92;14924.5;979.10;17.90;3.16;1.25;246992.20;119850.00;0.00;20488.4;12.06;5.85;0.00;24/05/2024 16:10:34;
25/05/2024;9;2.0TD;3;0.000073434886000000;0.172;0.956674471;81.426803;0.557;2.195;78.674803;29.86;7.92605;1.12683;0.75;0.25;43.71458;75.41880;101.96000;48.69000;28.32000;1739.4;275.0;154.0;61.0;25.61;0.000;0.17498;0.04096;0.00;0.000;1.007;0.947;0.000;0.557;67.128;30.52;21.49;18751.0;1471.20;21.20;3.16;1.25;267241.92;213930.00;0.00;22697.7;11.77;9.43;0.00;24/05/2024 16:10:34;
25/05/2024;10;2.0TD;3;0.000092576229000000;0.159;0.881054593;69.270106;0.557;2.195;66.518106;24.17;7.92605;1.12683;0.75;0.25;43.71458;75.41880;101.96000;48.69000;28.32000;1739.4;275.0;154.0;61.0;21.71;0.000;0.17498;0.04096;0.00;0.000;0.861;0.947;0.000;0.557;57.392;24.44;20.44;21195.0;1525.70;17.30;3.16;1.25;250272.52;157785.44;0.00;23588.9;10.61;6.69;0.00;24/05/2024 16:10:34;
25/05/2024;11;2.0TD;3;0.000104822999000000;0.152;0.846162767;54.272518;0.557;2.195;51.520518;16.40;7.92605;1.12683;0.75;0.25;43.71458;75.41880;101.96000;48.69000;28.32000;1739.4;275.0;154.0;61.0;17.00;0.000;0.17498;0.04096;0.00;0.000;0.671;0.947;0.000;0.557;44.722;16.50;14.50;24160.2;1215.80;12.59;3.16;1.25;266927.52;37050.40;0.00;24137.5;11.06;1.53;0.00;24/05/2024 16:10:34;
25/05/2024;12;2.0TD;3;0.000107627782000000;0.151;0.837081881;45.779455;0.557;2.195;43.027455;9.06;7.92605;1.12683;0.75;0.25;43.71458;75.41880;101.96000;48.69000;28.32000;1739.4;275.0;154.0;61.0;17.11;0.000;0.17498;0.04096;0.00;0.000;0.561;0.947;0.000;0.557;37.382;9.32;4.00;27584.3;1434.90;12.70;3.16;1.25;286479.00;23970.00;0.00;24450.5;11.72;0.98;0.00;24/05/2024 16:10:34;
25/05/2024;13;2.0TD;3;0.000109315585000000;0.149;0.828734443;39.078407;0.557;2.195;36.326407;3.09;7.92605;1.12683;0.75;0.25;43.71458;75.41880;101.96000;48.69000;28.32000;1739.4;275.0;154.0;61.0;17.40;0.000;0.17498;0.04096;0.00;0.000;0.474;0.947;0.000;0.557;31.615;3.24;-0.01;27947.7;1383.30;12.99;3.16;1.25;295964.56;18560.00;0.00;24221.5;12.22;0.77;0.00;24/05/2024 16:10:34;
25/05/2024;14;2.0TD;3;0.000116239902000000;0.146;0.812041559;35.702562;0.557;2.195;32.950562;0.04;7.92605;1.12683;0.75;0.25;43.71458;75.41880;101.96000;48.69000;28.32000;1739.4;275.0;154.0;61.0;17.63;0.000;0.17498;0.04096;0.00;0.000;0.431;0.947;0.000;0.557;28.752;0.04;-0.01;26880.1;1683.90;13.22;3.16;1.25;297379.48;19140.00;0.00;23933.5;12.43;0.80;0.00;24/05/2024 16:10:34;
25/05/2024;15;2.0TD;3;0.000114411751000000;0.147;0.813990888;34.777010;0.557;2.195;32.025010;0.00;7.92605;1.12683;0.75;0.25;43.71458;75.41880;101.96000;48.69000;28.32000;1739.4;275.0;154.0;61.0;16.85;0.000;0.17498;0.04096;0.00;0.000;0.419;0.947;0.000;0.557;27.920;0.00;-0.02;26045.9;1438.50;12.44;3.16;1.25;275397.72;19164.00;0.00;23681.4;11.63;0.81;0.00;24/05/2024 16:10:34;
25/05/2024;16;2.0TD;3;0.000099365119000000;0.157;0.870383489;35.760830;0.557;2.195;33.008830;0.00;7.92605;1.12683;0.75;0.25;43.71458;75.41880;101.96000;48.69000;28.32000;1739.4;275.0;154.0;61.0;17.45;0.000;0.17498;0.04096;0.00;0.000;0.428;0.947;0.000;0.557;28.529;0.00;-0.02;26704.0;1482.20;13.04;3.16;1.25;275397.20;19140.00;0.00;22591.4;12.19;0.85;0.00;24/05/2024 16:10:34;
25/05/2024;17;2.0TD;3;0.000089972147000000;0.162;0.901695818;36.917905;0.557;2.195;34.165905;0.00;7.92605;1.12683;0.75;0.25;43.71458;75.41880;101.96000;48.69000;28.32000;1739.4;275.0;154.0;61.0;18.31;0.000;0.17498;0.04096;0.00;0.000;0.441;0.947;0.000;0.557;29.402;0.00;-0.02;25849.9;1461.30;13.90;3.16;1.25;286332.16;19116.00;0.00;21977.0;13.03;0.87;0.00;24/05/2024 16:10:34;
25/05/2024;18;2.0TD;3;0.000087062636000000;0.168;0.932068614;36.430897;0.557;2.195;33.678897;0.00;7.92605;1.12683;0.75;0.25;43.71458;75.41880;101.96000;48.69000;28.32000;1739.4;275.0;154.0;61.0;17.75;0.000;0.17498;0.04096;0.00;0.000;0.433;0.947;0.000;0.557;28.834;0.00;-0.01;25495.4;1533.20;13.34;3.16;1.25;275395.96;19116.00;0.00;22073.0;12.48;0.87;0.00;24/05/2024 16:10:34;
25/05/2024;19;2.0TD;3;0.000087271204000000;0.172;0.954112010;43.922803;0.557;2.195;41.170803;1.89;7.92605;1.12683;0.75;0.25;43.71458;75.41880;101.96000;48.69000;28.32000;1739.4;275.0;154.0;61.0;22.06;0.000;0.17498;0.04096;0.00;0.000;0.527;0.947;0.000;0.557;35.128;2.00;-0.01;23961.0;1428.00;17.65;3.16;1.25;274803.72;124184.40;0.00;22601.1;12.16;5.49;0.00;24/05/2024 16:10:34;
25/05/2024;20;2.0TD;3;0.000088779138000000;0.183;1.015232179;76.267964;0.557;2.195;73.515964;28.16;7.92605;1.12683;0.75;0.25;43.71458;75.41880;101.96000;48.69000;28.32000;1739.4;275.0;154.0;61.0;22.40;0.000;0.17498;0.04096;0.00;0.000;0.932;0.947;0.000;0.557;62.143;28.50;22.60;20042.6;1219.70;17.99;3.16;1.25;220926.60;198944.64;0.00;23336.7;9.47;8.52;0.00;24/05/2024 16:10:34;
25/05/2024;21;2.0TD;3;0.000095591272000000;0.186;1.033490516;149.299701;0.557;2.195;146.547701;70.94;7.92605;1.12683;0.75;0.25;43.71458;75.41880;101.96000;48.69000;28.32000;1739.4;275.0;154.0;61.0;40.12;0.000;0.17498;0.04096;0.00;0.000;1.853;0.947;0.000;0.557;123.564;70.99;70.05;17145.7;935.70;35.71;3.16;1.25;87247.32;747885.60;0.00;23387.1;3.73;31.98;0.00;24/05/2024 16:10:34;
25/05/2024;22;2.0TD;3;0.000112306518000000;0.188;1.047212486;125.208274;0.557;2.195;122.456274;80.54;7.92605;1.12683;0.75;0.25;43.71458;75.41880;101.96000;48.69000;28.32000;1739.4;275.0;154.0;61.0;10.34;0.000;0.17498;0.04096;0.00;0.000;1.546;0.947;0.000;0.557;103.077;80.54;80.54;16052.0;677.20;5.93;3.16;1.25;78583.16;40985.28;24859.38;24329.7;3.23;1.68;1.02;24/05/2024 16:10:34;
25/05/2024;23;2.0TD;3;0.000114566175000000;0.193;1.072635868;132.639483;0.557;2.195;129.887483;86.89;7.92605;1.12683;0.75;0.25;43.71458;75.41880;101.96000;48.69000;28.32000;1739.4;275.0;154.0;61.0;9.70;0.000;0.17498;0.04096;0.00;0.000;1.633;0.947;0.000;0.557;108.874;86.85;87.72;15910.0;686.30;5.29;3.16;1.25;72322.16;27642.72;24859.38;23589.9;3.07;1.17;1.05;24/05/2024 16:10:34;
25/05/2024;24;2.0TD;3;0.000101437854000000;0.198;1.100864828;129.803101;0.557;2.195;127.051101;84.68;7.92605;1.12683;0.75;0.25;43.71458;75.41880;101.96000;48.69000;28.32000;1739.4;275.0;154.0;61.0;9.13;0.000;0.17498;0.04096;0.00;0.000;1.591;0.947;0.000;0.557;106.052;84.68;84.68;14543.5;931.20;4.72;3.16;1.25;47396.72;32239.20;24859.38;22106.7;2.14;1.46;1.12;24/05/2024 16:10:34;
*
