pvpcdata;
2024;08;09;11;56;30;
02/07/2024;1;2.0TD;3;0.000111312958000000;0.166;0.923437699;113.193375;0.557;2.195;110.441375;66.41;10.48996;1.23230;0.75;0.25;46.96917;88.92900;101.96000;73.51000;74.07000;1850.2;275.0;234.0;61.0;12.24;0.000;0.17498;0.04096;0.00;0.000;1.421;0.947;0.000;0.557;94.718;65.53;80.53;19834.9;1232.20;8.02;3.13;1.09;123329.28;47943.84;24859.38;24479.1;5.04;1.96;1.02;01/07/2024 16:17:15;
02/07/2024;2;2.0TD;3;0.000094734376000000;0.166;0.923816814;98.135651;0.557;2.195;95.383651;51.00;10.48996;1.23230;0.75;0.25;46.96917;88.92900;101.96000;73.51000;74.07000;1850.2;275.0;234.0;61.0;14.93;0.000;0.17498;0.04096;0.00;0.000;1.227;0.947;0.000;0.557;81.804;49.90;75.01;20061.8;923.30;10.71;3.13;1.09;147572.36;77391.60;24859.38;23333.9;6.32;3.32;1.07;01/07/2024 16:17:15;
02/07/2024;3;2.0TD;3;0.000084409117000000;0.167;0.927945525;88.159082;0.557;2.195;85.407082;40.67;10.48996;1.23230;0.75;0.25;46.96917;88.92900;101.96000;73.51000;74.07000;1850.2;275.0;234.0;61.0;16.77;0.000;0.17498;0.04096;0.00;0.000;1.098;0.947;0.000;0.557;73.185;39.69;61.29;19769.8;941.70;12.55;3.13;1.09;163395.56;95760.00;24859.38;22629.5;7.22;4.23;1.10;01/07/2024 16:17:15;
02/07/2024;4;2.0TD;3;0.000078737311000000;0.167;0.926500972;86.168180;0.557;2.195;83.416180;39.03;10.48996;1.23230;0.75;0.25;46.96917;88.92900;101.96000;73.51000;74.07000;1850.2;275.0;234.0;61.0;16.73;0.000;0.17498;0.04096;0.00;0.000;1.072;0.947;0.000;0.557;71.479;38.01;62.01;19396.8;860.90;12.51;3.13;1.09;165992.96;110193.00;0.00;22077.5;7.52;4.99;0.00;01/07/2024 16:17:15;
02/07/2024;5;2.0TD;3;0.000075516015000000;0.167;0.930518094;87.993368;0.557;2.195;85.241368;38.80;10.48996;1.23230;0.75;0.25;46.96917;88.92900;101.96000;73.51000;74.07000;1850.2;275.0;234.0;61.0;18.50;0.000;0.17498;0.04096;0.00;0.000;1.096;0.947;0.000;0.557;73.043;37.75;62.75;19341.5;847.80;14.28;3.13;1.09;202781.36;109986.00;0.00;21908.1;9.26;5.02;0.00;01/07/2024 16:17:15;
02/07/2024;6;2.0TD;3;0.000074495548000000;0.166;0.921442026;90.298965;0.557;2.195;87.546965;42.55;10.48996;1.23230;0.75;0.25;46.96917;88.92900;101.96000;73.51000;74.07000;1850.2;275.0;234.0;61.0;16.76;0.000;0.17498;0.04096;0.00;0.000;1.126;0.947;0.000;0.557;75.083;41.07;74.40;19414.4;902.50;12.54;3.13;1.09;169170.56;110193.00;0.00;22279.9;7.59;4.95;0.00;01/07/2024 16:17:15;
02/07/2024;7;2.0TD;3;0.000075990393000000;0.161;0.896669583;103.478224;0.557;2.195;100.726224;56.17;10.48996;1.23230;0.75;0.25;46.96917;88.92900;101.96000;73.51000;74.07000;1850.2;275.0;234.0;61.0;14.64;0.000;0.17498;0.04096;0.00;0.000;1.301;0.947;0.000;0.557;86.758;55.00;80.00;19808.1;969.10;10.42;3.13;1.09;149369.48;76608.00;24859.38;24072.1;6.21;3.18;1.03;01/07/2024 16:17:15;
02/07/2024;8;2.0TD;3;0.000080472494000000;0.159;0.883521082;133.945191;0.557;2.195;131.193191;82.53;10.48996;1.23230;0.75;0.25;46.96917;88.92900;101.96000;73.51000;74.07000;1850.2;275.0;234.0;61.0;14.32;0.000;0.17498;0.04096;0.00;0.000;1.698;0.947;0.000;0.557;113.195;81.82;91.40;17687.6;1419.00;10.10;3.13;1.09;73481.48;166588.08;24859.38;26225.9;2.80;6.35;0.95;01/07/2024 16:17:15;
02/07/2024;9;2.0TD;2;0.000092183412000000;0.140;0.860711772;132.878523;19.184;8.779;104.915523;62.55;10.48996;1.23230;0.75;0.25;46.96917;88.92900;101.96000;73.51000;74.07000;1850.2;275.0;234.0;61.0;13.30;0.154;0.17498;0.04096;0.00;0.000;1.380;0.947;0.000;0.557;92.031;61.66;76.66;22775.5;1436.00;9.08;3.13;1.09;100933.72;127092.00;24859.38;27848.5;3.62;4.56;0.89;01/07/2024 16:17:15;
02/07/2024;10;2.0TD;2;0.000104223915000000;0.139;0.854324317;114.389364;19.184;8.779;86.426364;45.74;10.48996;1.23230;0.75;0.25;46.96917;88.92900;101.96000;73.51000;74.07000;1850.2;275.0;234.0;61.0;14.20;0.154;0.17498;0.04096;0.00;0.000;1.138;0.947;0.000;0.557;75.879;45.00;60.00;26975.9;1390.50;9.98;3.13;1.09;147499.00;116046.40;24859.38;28900.7;5.10;4.02;0.86;01/07/2024 16:17:15;
02/07/2024;11;2.0TD;1;0.000113381646000000;0.147;0.879197749;150.105757;33.081;43.893;73.131757;35.75;10.48996;1.23230;0.75;0.25;46.96917;88.92900;101.96000;73.51000;74.07000;1850.2;275.0;234.0;61.0;11.48;0.926;0.17498;0.04096;0.00;0.000;0.956;0.947;0.000;0.557;63.759;35.00;49.90;27884.9;1468.30;7.26;3.13;1.09;154094.76;32875.44;24859.38;29161.0;5.28;1.13;0.85;01/07/2024 16:17:15;
02/07/2024;12;2.0TD;1;0.000118685341000000;0.149;0.889594554;146.407105;33.081;43.893;69.433105;31.37;10.48996;1.23230;0.75;0.25;46.96917;88.92900;101.96000;73.51000;74.07000;1850.2;275.0;234.0;61.0;12.58;0.926;0.17498;0.04096;0.00;0.000;0.906;0.947;0.000;0.557;60.429;30.90;40.90;27552.7;1357.40;8.36;3.13;1.09;189475.88;32754.36;24859.38;29565.2;6.41;1.11;0.84;01/07/2024 16:17:15;
02/07/2024;13;2.0TD;1;0.000125693601000000;0.150;0.901134564;141.739884;33.081;43.893;64.765884;26.96;10.48996;1.23230;0.75;0.25;46.96917;88.92900;101.96000;73.51000;74.07000;1850.2;275.0;234.0;61.0;12.94;0.926;0.17498;0.04096;0.00;0.000;0.845;0.947;0.000;0.557;56.318;26.79;30.10;27954.4;1519.80;8.72;3.13;1.09;205733.12;30739.20;24859.38;29977.5;6.86;1.03;0.83;01/07/2024 16:17:15;
02/07/2024;14;2.0TD;1;0.000136414141000000;0.147;0.882780537;139.532711;33.081;43.893;62.558711;25.31;10.48996;1.23230;0.75;0.25;46.96917;88.92900;101.96000;73.51000;74.07000;1850.2;275.0;234.0;61.0;12.84;0.926;0.17498;0.04096;0.00;0.000;0.818;0.947;0.000;0.557;54.541;24.99;30.89;28165.2;1623.40;8.62;3.13;1.09;213341.24;24195.80;24859.38;30458.4;7.00;0.79;0.82;01/07/2024 16:17:15;
02/07/2024;15;2.0TD;2;0.000141316831000000;0.147;0.903614954;83.370166;19.184;8.779;55.407166;18.15;10.48996;1.23230;0.75;0.25;46.96917;88.92900;101.96000;73.51000;74.07000;1850.2;275.0;234.0;61.0;14.63;0.154;0.17498;0.04096;0.00;0.000;0.725;0.947;0.000;0.557;48.306;17.95;21.85;28244.7;1519.90;10.41;3.13;1.09;270212.08;19276.04;24859.38;30176.0;8.95;0.64;0.82;01/07/2024 16:17:15;
02/07/2024;16;2.0TD;2;0.000137000927000000;0.145;0.890453227;68.917544;19.184;8.779;40.954544;4.00;10.48996;1.23230;0.75;0.25;46.96917;88.92900;101.96000;73.51000;74.07000;1850.2;275.0;234.0;61.0;16.43;0.154;0.17498;0.04096;0.00;0.000;0.537;0.947;0.000;0.557;35.768;4.00;3.92;27275.8;1429.60;12.21;3.13;1.09;328367.40;6839.44;24859.38;29475.0;11.14;0.23;0.84;01/07/2024 16:17:15;
02/07/2024;17;2.0TD;2;0.000134164006000000;0.147;0.900378240;68.989080;19.184;8.779;41.026080;3.85;10.48996;1.23230;0.75;0.25;46.96917;88.92900;101.96000;73.51000;74.07000;1850.2;275.0;234.0;61.0;16.58;0.154;0.17498;0.04096;0.00;0.000;0.537;0.947;0.000;0.557;35.768;4.00;1.00;26997.1;1464.50;12.36;3.13;1.09;328637.92;6860.84;24859.38;29147.7;11.27;0.24;0.85;01/07/2024 16:17:15;
02/07/2024;18;2.0TD;2;0.000134436458000000;0.149;0.911539470;76.326892;19.184;8.779;48.363892;10.79;10.48996;1.23230;0.75;0.25;46.96917;88.92900;101.96000;73.51000;74.07000;1850.2;275.0;234.0;61.0;15.87;0.154;0.17498;0.04096;0.00;0.000;0.631;0.947;0.000;0.557;42.092;10.96;7.96;27204.6;1608.30;11.65;3.13;1.09;304015.84;13670.32;24859.38;29401.8;10.34;0.46;0.85;01/07/2024 16:17:15;
02/07/2024;19;2.0TD;1;0.000133543833000000;0.149;0.894464786;152.181979;33.081;43.893;75.207979;35.16;10.48996;1.23230;0.75;0.25;46.96917;88.92900;101.96000;73.51000;74.07000;1850.2;275.0;234.0;61.0;13.74;0.926;0.17498;0.04096;0.00;0.000;0.982;0.947;0.000;0.557;65.455;35.00;38.01;27202.0;1568.60;9.52;3.13;1.09;183149.56;66892.00;24859.38;28886.4;6.34;2.32;0.86;01/07/2024 16:17:15;
02/07/2024;20;2.0TD;1;0.000131480170000000;0.152;0.910970192;156.775529;33.081;43.893;79.801529;38.64;10.48996;1.23230;0.75;0.25;46.96917;88.92900;101.96000;73.51000;74.07000;1850.2;275.0;234.0;61.0;14.02;0.926;0.17498;0.04096;0.00;0.000;1.039;0.947;0.000;0.557;69.272;37.75;57.75;24891.4;1153.40;9.80;3.13;1.09;147284.28;114336.00;24859.38;29220.4;5.04;3.91;0.85;01/07/2024 16:17:15;
02/07/2024;21;2.0TD;1;0.000132352442000000;0.152;0.909686737;195.990761;33.081;43.893;119.016761;74.64;10.48996;1.23230;0.75;0.25;46.96917;88.92900;101.96000;73.51000;74.07000;1850.2;275.0;234.0;61.0;11.55;0.926;0.17498;0.04096;0.00;0.000;1.550;0.947;0.000;0.557;103.313;74.64;74.64;22142.3;1073.80;7.33;3.13;1.09;84125.36;107775.00;24859.38;29587.1;2.84;3.64;0.84;01/07/2024 16:17:15;
02/07/2024;22;2.0TD;1;0.000140890576000000;0.151;0.901649135;233.175244;33.081;43.893;156.201244;110.25;10.48996;1.23230;0.75;0.25;46.96917;88.92900;101.96000;73.51000;74.07000;1850.2;275.0;234.0;61.0;7.85;0.926;0.17498;0.04096;0.00;0.000;2.036;0.947;0.000;0.557;135.709;110.41;108.25;19526.2;1515.10;3.63;3.13;1.09;74932.12;6252.40;24859.38;29193.6;2.57;0.21;0.85;01/07/2024 16:17:15;
02/07/2024;23;2.0TD;2;0.000147336595000000;0.157;0.963203226;183.319361;19.184;8.779;155.356361;109.42;10.48996;1.23230;0.75;0.25;46.96917;88.92900;101.96000;73.51000;74.07000;1850.2;275.0;234.0;61.0;8.04;0.154;0.17498;0.04096;0.00;0.000;2.014;0.947;0.000;0.557;134.275;109.45;109.00;19164.7;1561.00;3.82;3.13;1.09;76096.76;6236.72;24859.38;28080.7;2.71;0.22;0.89;01/07/2024 16:17:15;
02/07/2024;24;2.0TD;2;0.000132723995000000;0.156;0.955264718;161.860353;19.184;8.779;133.897353;89.75;10.48996;1.23230;0.75;0.25;46.96917;88.92900;101.96000;73.51000;74.07000;1850.2;275.0;234.0;61.0;9.54;0.154;0.17498;0.04096;0.00;0.000;1.737;0.947;0.000;0.557;115.828;89.99;86.77;17675.0;1440.10;5.32;3.13;1.09;98945.88;14373.00;24859.38;25998.0;3.81;0.55;0.96;01/07/2024 16:17:15;
*
