pvpcdata;
2024;04;10;12;05;32;
03/03/2024;1;2.0TD;3;0.000120631398000000;0.224;1.246886208;48.397600;0.557;2.195;45.645600;1.68;22.51236;0.78200;0.75;0.25;3.78917;93.83860;101.96000;97.42000;37.09000;2547.3;275.0;177.0;46.0;16.11;0.000;0.17498;0.04096;0.00;0.000;0.000;0.559;0.565;0.000;0.557;37.292;1.80;0.00;21600.2;1558.70;11.30;3.40;1.41;202578.48;37366.16;24859.38;23422.5;8.65;1.60;1.06;02/03/2024 16:10:26;
03/03/2024;2;2.0TD;3;0.000102272087000000;0.255;1.414851429;47.477887;0.557;2.195;44.725887;0.09;22.51236;0.78200;0.75;0.25;3.78917;93.83860;101.96000;97.42000;37.09000;2547.3;275.0;177.0;46.0;16.07;0.000;0.17498;0.04096;0.00;0.000;0.000;0.535;0.565;0.000;0.557;35.638;0.10;0.00;21009.7;1379.30;11.26;3.40;1.41;205723.40;41008.08;0.00;21921.6;9.38;1.87;0.00;02/03/2024 16:10:26;
03/03/2024;3;2.0TD;3;0.000089667418000000;0.242;1.344206666;50.115865;0.557;2.195;47.363865;0.00;22.51236;0.78200;0.75;0.25;3.78917;93.83860;101.96000;97.42000;37.09000;2547.3;275.0;177.0;46.0;18.62;0.000;0.17498;0.04096;0.00;0.000;0.000;0.572;0.565;0.000;0.557;38.135;0.00;0.00;20584.5;1430.20;13.81;3.40;1.41;230737.20;54436.64;0.00;20654.8;11.17;2.64;0.00;02/03/2024 16:10:26;
03/03/2024;4;2.0TD;3;0.000079551942000000;0.247;1.374170463;50.508555;0.557;2.195;47.756555;0.00;22.51236;0.78200;0.75;0.25;3.78917;93.83860;101.96000;97.42000;37.09000;2547.3;275.0;177.0;46.0;18.78;0.000;0.17498;0.04096;0.00;0.000;0.000;0.574;0.565;0.000;0.557;38.297;0.00;0.00;20742.4;1243.10;13.97;3.40;1.41;230737.12;47640.00;0.00;19932.4;11.58;2.39;0.00;02/03/2024 16:10:26;
03/03/2024;5;2.0TD;3;0.000075875197000000;0.250;1.386515723;51.817196;0.557;2.195;49.065196;0.00;22.51236;0.78200;0.75;0.25;3.78917;93.83860;101.96000;97.42000;37.09000;2547.3;275.0;177.0;46.0;19.72;0.000;0.17498;0.04096;0.00;0.000;0.000;0.589;0.565;0.000;0.557;39.252;0.00;0.00;20438.5;1198.90;14.91;3.40;1.41;230737.16;61310.40;0.00;19590.5;11.78;3.13;0.00;02/03/2024 16:10:26;
03/03/2024;6;2.0TD;3;0.000075621562000000;0.248;1.377986054;51.967076;0.557;2.195;49.215076;0.00;22.51236;0.78200;0.75;0.25;3.78917;93.83860;101.96000;97.42000;37.09000;2547.3;275.0;177.0;46.0;19.90;0.000;0.17498;0.04096;0.00;0.000;0.000;0.592;0.565;0.000;0.557;39.435;0.00;0.00;20300.0;1198.90;15.09;3.40;1.41;230737.12;65044.48;0.00;19602.2;11.77;3.32;0.00;02/03/2024 16:10:26;
03/03/2024;7;2.0TD;3;0.000077398110000000;0.242;1.342969661;50.683459;0.557;2.195;47.931459;0.01;22.51236;0.78200;0.75;0.25;3.78917;93.83860;101.96000;97.42000;37.09000;2547.3;275.0;177.0;46.0;19.06;0.000;0.17498;0.04096;0.00;0.000;0.000;0.579;0.565;0.000;0.557;38.592;0.01;0.00;20630.0;1414.70;14.25;3.40;1.41;230713.04;54333.80;0.00;20008.9;11.53;2.72;0.00;02/03/2024 16:10:26;
03/03/2024;8;2.0TD;3;0.000079825224000000;0.230;1.276656033;49.046933;0.557;2.195;46.294933;0.18;22.51236;0.78200;0.75;0.25;3.78917;93.83860;101.96000;97.42000;37.09000;2547.3;275.0;177.0;46.0;17.95;0.000;0.17498;0.04096;0.00;0.000;0.000;0.565;0.565;0.000;0.557;37.638;0.19;0.00;20422.2;1532.90;13.14;3.40;1.41;230531.52;40766.20;0.00;20645.3;11.17;1.97;0.00;02/03/2024 16:10:26;
03/03/2024;9;2.0TD;3;0.000091087362000000;0.207;1.148808104;46.379204;0.557;2.195;43.627204;0.00;22.51236;0.78200;0.75;0.25;3.78917;93.83860;101.96000;97.42000;37.09000;2547.3;275.0;177.0;46.0;16.66;0.000;0.17498;0.04096;0.00;0.000;0.000;0.542;0.565;0.000;0.557;36.145;0.00;0.00;21728.1;1324.40;11.85;3.40;1.41;163716.76;87866.24;0.00;21227.2;7.71;4.14;0.00;02/03/2024 16:10:26;
03/03/2024;10;2.0TD;3;0.000114151115000000;0.186;1.034586442;43.236296;0.557;2.195;40.484296;-0.16;22.51236;0.78200;0.75;0.25;3.78917;93.83860;101.96000;97.42000;37.09000;2547.3;275.0;177.0;46.0;14.84;0.000;0.17498;0.04096;0.00;0.000;0.000;0.512;0.565;0.000;0.557;34.135;0.00;-3.00;24402.4;1465.70;10.03;3.40;1.41;161698.32;68868.16;0.00;22991.6;7.03;3.00;0.00;02/03/2024 16:10:26;
03/03/2024;11;2.0TD;3;0.000131487734000000;0.174;0.964753647;41.205380;0.557;2.195;38.453380;-0.60;22.51236;0.78200;0.75;0.25;3.78917;93.83860;101.96000;97.42000;37.09000;2547.3;275.0;177.0;46.0;13.92;0.000;0.17498;0.04096;0.00;0.000;0.000;0.491;0.565;0.000;0.557;32.754;0.00;-7.53;26580.4;2421.20;9.11;3.40;1.41;171287.68;50640.00;0.00;24372.8;7.03;2.08;0.00;02/03/2024 16:10:26;
03/03/2024;12;2.0TD;3;0.000137117942000000;0.169;0.938453120;45.171686;0.557;2.195;42.419686;-0.94;22.51236;0.78200;0.75;0.25;3.78917;93.83860;101.96000;97.42000;37.09000;2547.3;275.0;177.0;46.0;17.74;0.000;0.17498;0.04096;0.00;0.000;0.000;0.544;0.565;0.000;0.557;36.287;0.00;-10.00;27327.4;2944.20;12.93;3.40;1.41;281354.68;41120.64;0.00;24932.4;11.28;1.65;0.00;02/03/2024 16:10:26;
03/03/2024;13;2.0TD;3;0.000137324766000000;0.166;0.921108747;45.027845;0.557;2.195;42.275845;-0.93;22.51236;0.78200;0.75;0.25;3.78917;93.83860;101.96000;97.42000;37.09000;2547.3;275.0;177.0;46.0;17.70;0.000;0.17498;0.04096;0.00;0.000;0.000;0.544;0.565;0.000;0.557;36.257;0.00;-10.00;27740.2;2956.60;12.89;3.40;1.41;281354.72;41354.28;0.00;25043.6;11.23;1.65;0.00;02/03/2024 16:10:26;
03/03/2024;14;2.0TD;3;0.000142642565000000;0.164;0.910474057;44.707399;0.557;2.195;41.955399;-0.90;22.51236;0.78200;0.75;0.25;3.78917;93.83860;101.96000;97.42000;37.09000;2547.3;275.0;177.0;46.0;17.46;0.000;0.17498;0.04096;0.00;0.000;0.000;0.541;0.565;0.000;0.557;36.044;0.00;-10.00;28144.2;2894.40;12.65;3.40;1.41;281354.76;41250.44;0.00;25503.6;11.03;1.62;0.00;02/03/2024 16:10:26;
03/03/2024;15;2.0TD;3;0.000139796699000000;0.166;0.923057583;44.791147;0.557;2.195;42.039147;-0.91;22.51236;0.78200;0.75;0.25;3.78917;93.83860;101.96000;97.42000;37.09000;2547.3;275.0;177.0;46.0;17.48;0.000;0.17498;0.04096;0.00;0.000;0.000;0.541;0.565;0.000;0.557;36.054;0.00;-10.00;27517.4;2878.70;12.67;3.40;1.41;281354.88;41146.60;0.00;25462.1;11.05;1.62;0.00;02/03/2024 16:10:26;
03/03/2024;16;2.0TD;3;0.000124419641000000;0.178;0.987015337;45.881121;0.557;2.195;43.129121;-0.94;22.51236;0.78200;0.75;0.25;3.78917;93.83860;101.96000;97.42000;37.09000;2547.3;275.0;177.0;46.0;18.06;0.000;0.17498;0.04096;0.00;0.000;0.000;0.549;0.565;0.000;0.557;36.612;0.00;-10.00;26602.9;2873.60;13.25;3.40;1.41;281354.96;41250.44;0.00;24355.4;11.55;1.69;0.00;02/03/2024 16:10:26;
03/03/2024;17;2.0TD;3;0.000115879836000000;0.187;1.037957916;48.439816;0.557;2.195;45.687816;-0.68;22.51236;0.78200;0.75;0.25;3.78917;93.83860;101.96000;97.42000;37.09000;2547.3;275.0;177.0;46.0;19.65;0.000;0.17498;0.04096;0.00;0.000;0.000;0.577;0.565;0.000;0.557;38.490;0.00;-7.70;26052.7;2637.20;14.84;3.40;1.41;281354.60;71400.00;0.00;23776.9;11.83;3.00;0.00;02/03/2024 16:10:26;
03/03/2024;18;2.0TD;3;0.000115180405000000;0.190;1.057816770;43.710797;0.557;2.195;40.958797;-0.05;22.51236;0.78200;0.75;0.25;3.78917;93.83860;101.96000;97.42000;37.09000;2547.3;275.0;177.0;46.0;15.01;0.000;0.17498;0.04096;0.00;0.000;0.000;0.516;0.565;0.000;0.557;34.419;0.00;-1.00;25836.7;1344.30;10.20;3.40;1.41;171276.56;71440.00;0.00;23784.4;7.20;3.00;0.00;02/03/2024 16:10:26;
03/03/2024;19;2.0TD;3;0.000124356626000000;0.197;1.094499290;38.483835;0.557;2.195;35.731835;2.06;22.51236;0.78200;0.75;0.25;3.78917;93.83860;101.96000;97.42000;37.09000;2547.3;275.0;177.0;46.0;8.40;0.000;0.17498;0.04096;0.00;0.000;0.000;0.448;0.565;0.000;0.557;29.851;2.06;2.06;23437.9;1330.10;3.59;3.40;1.41;65609.36;24024.00;0.00;24944.0;2.63;0.96;0.00;02/03/2024 16:10:26;
03/03/2024;20;2.0TD;3;0.000151639556000000;0.200;1.112215952;45.102588;0.557;2.195;42.350588;8.22;22.51236;0.78200;0.75;0.25;3.78917;93.83860;101.96000;97.42000;37.09000;2547.3;275.0;177.0;46.0;7.60;0.000;0.17498;0.04096;0.00;0.000;0.000;0.529;0.565;0.000;0.557;35.292;7.98;14.00;26130.6;1075.60;2.79;3.40;1.41;60665.24;15920.00;0.00;27412.7;2.21;0.58;0.00;02/03/2024 16:10:26;
03/03/2024;21;2.0TD;3;0.000175812542000000;0.200;1.110469841;71.308188;0.557;2.195;68.556188;29.70;22.51236;0.78200;0.75;0.25;3.78917;93.83860;101.96000;97.42000;37.09000;2547.3;275.0;177.0;46.0;7.63;0.000;0.17498;0.04096;0.00;0.000;0.000;0.857;0.565;0.000;0.557;57.130;29.60;31.55;26963.5;1416.40;2.82;3.40;1.41;42616.92;39070.08;0.00;28975.1;1.47;1.35;0.00;02/03/2024 16:10:26;
03/03/2024;22;2.0TD;3;0.000177794201000000;0.201;1.115360371;73.547536;0.557;2.195;70.795536;30.61;22.51236;0.78200;0.75;0.25;3.78917;93.83860;101.96000;97.42000;37.09000;2547.3;275.0;177.0;46.0;8.51;0.000;0.17498;0.04096;0.00;0.000;0.000;0.884;0.565;0.000;0.557;58.947;30.60;30.80;26671.9;1526.40;3.70;3.40;1.41;42084.24;40091.52;24859.38;28921.9;1.46;1.39;0.86;02/03/2024 16:10:26;
03/03/2024;23;2.0TD;3;0.000158842722000000;0.207;1.150278412;54.234360;0.557;2.195;51.482360;14.14;22.51236;0.78200;0.75;0.25;3.78917;93.83860;101.96000;97.42000;37.09000;2547.3;275.0;177.0;46.0;8.93;0.000;0.17498;0.04096;0.00;0.000;0.000;0.640;0.565;0.000;0.557;42.653;14.00;17.54;25912.2;1099.80;4.12;3.40;1.41;56024.76;31806.72;24859.38;27334.3;2.05;1.16;0.91;02/03/2024 16:10:26;
03/03/2024;24;2.0TD;3;0.000133477421000000;0.210;1.168230502;42.729380;0.557;2.195;39.977380;4.80;22.51236;0.78200;0.75;0.25;3.78917;93.83860;101.96000;97.42000;37.09000;2547.3;275.0;177.0;46.0;8.80;0.000;0.17498;0.04096;0.00;0.000;0.000;0.496;0.565;0.000;0.557;33.039;4.60;9.81;23566.5;918.10;3.99;3.40;1.41;63725.96;11278.44;24859.38;24999.3;2.55;0.45;0.99;02/03/2024 16:10:26;
*
