pvpcdata;
2024;05;13;12;31;34;
28/04/2024;1;2.0TD;3;0.000103084240000000;0.212;1.175230029;108.591775;0.557;2.195;105.839775;56.41;11.66458;1.00099;0.75;0.25;28.72250;75.38080;101.96000;48.69000;27.94000;1914.1;275.0;154.0;50.0;16.21;0.000;0.17498;0.04096;0.00;0.000;1.310;0.947;0.000;0.557;87.326;56.39;56.77;16127.3;1052.50;11.44;3.35;1.42;197426.84;20864.00;24859.38;21260.7;9.29;0.98;1.17;27/04/2024 16:10:49;
28/04/2024;2;2.0TD;3;0.000086467206000000;0.217;1.204242873;90.705255;0.557;2.195;87.953255;39.17;11.66458;1.00099;0.75;0.25;28.72250;75.38080;101.96000;48.69000;27.94000;1914.1;275.0;154.0;50.0;18.62;0.000;0.17498;0.04096;0.00;0.000;1.084;0.947;0.000;0.557;72.270;38.96;42.48;14969.5;958.70;13.85;3.35;1.42;235506.64;40422.72;0.00;19915.6;11.83;2.03;0.00;27/04/2024 16:10:49;
28/04/2024;3;2.0TD;3;0.000075405367000000;0.222;1.235172434;94.205926;0.557;2.195;91.453926;39.78;11.66458;1.00099;0.75;0.25;28.72250;75.38080;101.96000;48.69000;27.94000;1914.1;275.0;154.0;50.0;20.54;0.000;0.17498;0.04096;0.00;0.000;1.123;0.947;0.000;0.557;74.839;39.60;42.48;14014.6;957.80;15.77;3.35;1.42;244816.16;52894.92;0.00;18874.9;12.97;2.80;0.00;27/04/2024 16:10:49;
28/04/2024;4;2.0TD;3;0.000069236120000000;0.224;1.246436527;92.304181;0.557;2.195;89.552181;35.24;11.66458;1.00099;0.75;0.25;28.72250;75.38080;101.96000;48.69000;27.94000;1914.1;275.0;154.0;50.0;23.43;0.000;0.17498;0.04096;0.00;0.000;1.097;0.947;0.000;0.557;73.163;35.01;38.77;13966.5;916.60;18.66;3.35;1.42;282171.92;58870.32;0.00;18281.4;15.43;3.22;0.00;27/04/2024 16:10:49;
28/04/2024;5;2.0TD;3;0.000066251463000000;0.224;1.244475470;92.653021;0.557;2.195;89.901021;35.30;11.66458;1.00099;0.75;0.25;28.72250;75.38080;101.96000;48.69000;27.94000;1914.1;275.0;154.0;50.0;23.65;0.000;0.17498;0.04096;0.00;0.000;1.102;0.947;0.000;0.557;73.448;35.01;40.00;13889.5;861.30;18.88;3.35;1.42;280843.72;59136.00;0.00;18010.4;15.59;3.28;0.00;27/04/2024 16:10:49;
28/04/2024;6;2.0TD;3;0.000065820311000000;0.223;1.241396426;93.025968;0.557;2.195;90.273968;35.73;11.66458;1.00099;0.75;0.25;28.72250;75.38080;101.96000;48.69000;27.94000;1914.1;275.0;154.0;50.0;23.58;0.000;0.17498;0.04096;0.00;0.000;1.107;0.947;0.000;0.557;73.813;35.50;39.25;13827.8;900.60;18.81;3.35;1.42;279717.12;58715.28;0.00;17994.1;15.54;3.26;0.00;27/04/2024 16:10:49;
28/04/2024;7;2.0TD;3;0.000066983433000000;0.218;1.212105713;92.483944;0.557;2.195;89.731944;35.92;11.66458;1.00099;0.75;0.25;28.72250;75.38080;101.96000;48.69000;27.94000;1914.1;275.0;154.0;50.0;23.25;0.000;0.17498;0.04096;0.00;0.000;1.105;0.947;0.000;0.557;73.671;35.76;38.77;14066.1;806.30;18.48;3.35;1.42;279247.52;61721.40;0.00;18454.5;15.13;3.34;0.00;27/04/2024 16:10:49;
28/04/2024;8;2.0TD;3;0.000067903277000000;0.212;1.176056465;93.099991;0.557;2.195;90.347991;36.98;11.66458;1.00099;0.75;0.25;28.72250;75.38080;101.96000;48.69000;27.94000;1914.1;275.0;154.0;50.0;23.05;0.000;0.17498;0.04096;0.00;0.000;1.118;0.947;0.000;0.557;74.544;36.73;41.74;14751.2;784.70;18.28;3.35;1.42;275957.64;65604.76;0.00;18681.8;14.77;3.51;0.00;27/04/2024 16:10:49;
28/04/2024;9;2.0TD;3;0.000078248567000000;0.192;1.065863870;89.406284;0.557;2.195;86.654284;35.01;11.66458;1.00099;0.75;0.25;28.72250;75.38080;101.96000;48.69000;27.94000;1914.1;275.0;154.0;50.0;23.20;0.000;0.17498;0.04096;0.00;0.000;1.090;0.947;0.000;0.557;72.696;35.00;35.11;16308.8;1124.60;18.43;3.35;1.42;278667.76;79619.20;0.00;19436.9;14.34;4.10;0.00;27/04/2024 16:10:49;
28/04/2024;10;2.0TD;3;0.000100922668000000;0.172;0.954151624;70.973589;0.557;2.195;68.221589;14.99;11.66458;1.00099;0.75;0.25;28.72250;75.38080;101.96000;48.69000;27.94000;1914.1;275.0;154.0;50.0;28.95;0.000;0.17498;0.04096;0.00;0.000;0.873;0.947;0.000;0.557;58.209;14.98;15.11;21189.6;1702.70;24.18;3.35;1.42;306373.48;200511.12;0.00;20958.7;14.62;9.57;0.00;27/04/2024 16:10:49;
28/04/2024;11;2.0TD;3;0.000120010968000000;0.159;0.883766672;47.260552;0.557;2.195;44.508552;0.43;11.66458;1.00099;0.75;0.25;28.72250;75.38080;101.96000;48.69000;27.94000;1914.1;275.0;154.0;50.0;24.00;0.000;0.17498;0.04096;0.00;0.000;0.576;0.947;0.000;0.557;38.402;0.44;0.33;23668.9;2732.40;19.23;3.35;1.42;340033.64;86208.08;0.00;22168.4;15.34;3.89;0.00;27/04/2024 16:10:49;
28/04/2024;12;2.0TD;3;0.000128276982000000;0.152;0.846953921;45.892726;0.557;2.195;43.140726;0.00;11.66458;1.00099;0.75;0.25;28.72250;75.38080;101.96000;48.69000;27.94000;1914.1;275.0;154.0;50.0;23.49;0.000;0.17498;0.04096;0.00;0.000;0.562;0.947;0.000;0.557;37.448;0.00;0.00;24033.1;2337.20;18.72;3.35;1.42;352058.80;62063.28;0.00;22127.2;15.91;2.80;0.00;27/04/2024 16:10:49;
28/04/2024;13;2.0TD;3;0.000130334811000000;0.150;0.833413828;46.377879;0.557;2.195;43.625879;0.00;11.66458;1.00099;0.75;0.25;28.72250;75.38080;101.96000;48.69000;27.94000;1914.1;275.0;154.0;50.0;23.97;0.000;0.17498;0.04096;0.00;0.000;0.569;0.947;0.000;0.557;37.935;0.00;0.00;24294.4;2391.40;19.20;3.35;1.42;361472.48;62258.08;0.00;22064.5;16.38;2.82;0.00;27/04/2024 16:10:49;
28/04/2024;14;2.0TD;3;0.000135706177000000;0.145;0.805165857;45.630586;0.557;2.195;42.878586;0.00;11.66458;1.00099;0.75;0.25;28.72250;75.38080;101.96000;48.69000;27.94000;1914.1;275.0;154.0;50.0;23.49;0.000;0.17498;0.04096;0.00;0.000;0.562;0.947;0.000;0.557;37.448;0.00;0.00;24612.4;2480.60;18.72;3.35;1.42;352396.12;65600.00;0.00;22334.4;15.78;2.94;0.00;27/04/2024 16:10:49;
28/04/2024;15;2.0TD;3;0.000133625685000000;0.146;0.813332974;45.272664;0.557;2.195;42.520664;0.00;11.66458;1.00099;0.75;0.25;28.72250;75.38080;101.96000;48.69000;27.94000;1914.1;275.0;154.0;50.0;23.15;0.000;0.17498;0.04096;0.00;0.000;0.557;0.947;0.000;0.557;37.103;0.00;0.00;24132.5;2478.50;18.38;3.35;1.42;342257.16;65303.16;0.00;22176.8;15.43;2.94;0.00;27/04/2024 16:10:49;
28/04/2024;16;2.0TD;3;0.000116820288000000;0.153;0.848391619;46.585078;0.557;2.195;43.833078;-0.12;11.66458;1.00099;0.75;0.25;28.72250;75.38080;101.96000;48.69000;27.94000;1914.1;275.0;154.0;50.0;24.17;0.000;0.17498;0.04096;0.00;0.000;0.570;0.947;0.000;0.557;38.016;0.00;-1.29;22760.7;2411.30;19.40;3.35;1.42;342981.88;64582.68;0.00;21007.1;16.33;3.07;0.00;27/04/2024 16:10:49;
28/04/2024;17;2.0TD;3;0.000105912012000000;0.161;0.896603888;47.915535;0.557;2.195;45.163535;-0.06;11.66458;1.00099;0.75;0.25;28.72250;75.38080;101.96000;48.69000;27.94000;1914.1;275.0;154.0;50.0;24.98;0.000;0.17498;0.04096;0.00;0.000;0.584;0.947;0.000;0.557;38.900;-0.01;-0.55;21385.3;2414.50;20.21;3.35;1.42;343328.32;66521.28;0.00;20281.5;16.93;3.28;0.00;27/04/2024 16:10:49;
28/04/2024;18;2.0TD;3;0.000100831257000000;0.169;0.937950505;48.285189;0.557;2.195;45.533189;-0.05;11.66458;1.00099;0.75;0.25;28.72250;75.38080;101.96000;48.69000;27.94000;1914.1;275.0;154.0;50.0;25.02;0.000;0.17498;0.04096;0.00;0.000;0.584;0.947;0.000;0.557;38.950;0.00;-0.50;21255.9;2390.50;20.25;3.35;1.42;342714.72;71360.00;0.00;20446.0;16.76;3.49;0.00;27/04/2024 16:10:49;
28/04/2024;19;2.0TD;3;0.000101044512000000;0.178;0.990921879;70.210814;0.557;2.195;67.458814;20.12;11.66458;1.00099;0.75;0.25;28.72250;75.38080;101.96000;48.69000;27.94000;1914.1;275.0;154.0;50.0;22.89;0.000;0.17498;0.04096;0.00;0.000;0.859;0.947;0.000;0.557;57.265;20.66;13.78;21486.4;1816.20;18.12;3.35;1.42;290051.64;101597.00;0.00;21611.0;13.42;4.70;0.00;27/04/2024 16:10:49;
28/04/2024;20;2.0TD;3;0.000105992301000000;0.186;1.032076786;76.894252;0.557;2.195;74.142252;35.20;11.66458;1.00099;0.75;0.25;28.72250;75.38080;101.96000;48.69000;27.94000;1914.1;275.0;154.0;50.0;12.98;0.000;0.17498;0.04096;0.00;0.000;0.938;0.947;0.000;0.557;62.514;35.01;38.51;19041.3;1078.20;8.21;3.35;1.42;122401.00;60446.40;0.00;22262.2;5.50;2.72;0.00;27/04/2024 16:10:49;
28/04/2024;21;2.0TD;3;0.000122624129000000;0.188;1.044528340;101.599001;0.557;2.195;98.847001;58.90;11.66458;1.00099;0.75;0.25;28.72250;75.38080;101.96000;48.69000;27.94000;1914.1;275.0;154.0;50.0;9.66;0.000;0.17498;0.04096;0.00;0.000;1.248;0.947;0.000;0.557;83.204;58.88;59.18;20254.5;1116.00;4.89;3.35;1.42;95159.36;21612.00;0.00;23892.7;3.98;0.90;0.00;27/04/2024 16:10:49;
28/04/2024;22;2.0TD;3;0.000148067747000000;0.184;1.019876298;124.117383;0.557;2.195;121.365383;78.56;11.66458;1.00099;0.75;0.25;28.72250;75.38080;101.96000;48.69000;27.94000;1914.1;275.0;154.0;50.0;9.01;0.000;0.17498;0.04096;0.00;0.000;1.538;0.947;0.000;0.557;102.504;78.56;78.56;20764.7;1119.60;4.24;3.35;1.42;72488.80;11960.52;24859.38;25761.1;2.81;0.46;0.96;27/04/2024 16:10:49;
28/04/2024;23;2.0TD;3;0.000138130342000000;0.187;1.040150708;117.471451;0.557;2.195;114.719451;72.21;11.66458;1.00099;0.75;0.25;28.72250;75.38080;101.96000;48.69000;27.94000;1914.1;275.0;154.0;50.0;9.59;0.000;0.17498;0.04096;0.00;0.000;1.450;0.947;0.000;0.557;96.646;72.21;72.21;20858.9;1093.40;4.82;3.35;1.42;79716.92;14117.48;24859.38;24619.5;3.24;0.57;1.01;27/04/2024 16:10:49;
28/04/2024;24;2.0TD;3;0.000116957916000000;0.194;1.075181445;105.262329;0.557;2.195;102.510329;60.61;11.66458;1.00099;0.75;0.25;28.72250;75.38080;101.96000;48.69000;27.94000;1914.1;275.0;154.0;50.0;10.56;0.000;0.17498;0.04096;0.00;0.000;1.288;0.947;0.000;0.557;85.854;60.65;59.99;19044.2;1229.70;5.79;3.35;1.42;92543.96;14400.00;24859.38;22761.3;4.07;0.63;1.09;27/04/2024 16:10:49;
*
