pvpcdata;
2024;07;09;11;18;04;
12/06/2024;1;2.0TD;3;0.000093754028000000;0.171;0.948455363;123.329154;0.557;2.195;120.577154;83.43;5.66499;1.13928;0.75;0.25;55.14583;77.80580;101.96000;48.69000;52.19000;1723.9;275.0;154.0;62.0;9.82;0.000;0.17498;0.04096;0.00;0.000;1.545;0.947;0.000;0.557;102.969;83.13;88.12;16930.9;1094.30;5.48;3.20;1.14;87684.60;17024.00;24859.38;23641.2;3.71;0.72;1.05;11/06/2024 16:06:32;
12/06/2024;2;2.0TD;3;0.000079308937000000;0.170;0.945785000;101.571825;0.557;2.195;98.819825;62.08;5.66499;1.13928;0.75;0.25;55.14583;77.80580;101.96000;48.69000;52.19000;1723.9;275.0;154.0;62.0;12.94;0.000;0.17498;0.04096;0.00;0.000;1.267;0.947;0.000;0.557;84.461;61.40;72.53;16545.7;1084.40;8.60;3.20;1.14;121895.64;47940.00;24859.38;22635.9;5.39;2.12;1.10;11/06/2024 16:06:32;
12/06/2024;3;2.0TD;3;0.000070637277000000;0.171;0.950185652;102.713699;0.557;2.195;99.961699;62.31;5.66499;1.13928;0.75;0.25;55.14583;77.80580;101.96000;48.69000;52.19000;1723.9;275.0;154.0;62.0;13.60;0.000;0.17498;0.04096;0.00;0.000;1.280;0.947;0.000;0.557;85.364;61.58;72.53;16156.2;1145.90;9.26;3.20;1.14;129061.76;48707.04;24859.38;21900.5;5.89;2.22;1.14;11/06/2024 16:06:32;
12/06/2024;4;2.0TD;3;0.000066184564000000;0.172;0.953147463;100.800804;0.557;2.195;98.048804;60.48;5.66499;1.13928;0.75;0.25;55.14583;77.80580;101.96000;48.69000;52.19000;1723.9;275.0;154.0;62.0;13.75;0.000;0.17498;0.04096;0.00;0.000;1.255;0.947;0.000;0.557;83.659;60.10;66.11;15952.4;1073.60;9.41;3.20;1.14;152434.64;50368.96;0.00;21541.0;7.08;2.34;0.00;11/06/2024 16:06:32;
12/06/2024;5;2.0TD;3;0.000064227292000000;0.171;0.951105454;95.212273;0.557;2.195;92.460273;55.31;5.66499;1.13928;0.75;0.25;55.14583;77.80580;101.96000;48.69000;52.19000;1723.9;275.0;154.0;62.0;14.29;0.000;0.17498;0.04096;0.00;0.000;1.184;0.947;0.000;0.557;78.958;55.20;57.10;15872.6;995.10;9.95;3.20;1.14;161342.96;52734.00;0.00;21507.4;7.50;2.45;0.00;11/06/2024 16:06:32;
12/06/2024;6;2.0TD;3;0.000064485219000000;0.168;0.930588035;94.667046;0.557;2.195;91.915046;55.20;5.66499;1.13928;0.75;0.25;55.14583;77.80580;101.96000;48.69000;52.19000;1723.9;275.0;154.0;62.0;14.14;0.000;0.17498;0.04096;0.00;0.000;1.180;0.947;0.000;0.557;78.694;55.20;55.20;15713.8;968.50;9.80;3.20;1.14;167754.48;47940.00;0.00;22018.3;7.62;2.18;0.00;11/06/2024 16:06:32;
12/06/2024;7;2.0TD;3;0.000067093821000000;0.161;0.892618995;100.800063;0.557;2.195;98.048063;60.97;5.66499;1.13928;0.75;0.25;55.14583;77.80580;101.96000;48.69000;52.19000;1723.9;275.0;154.0;62.0;14.04;0.000;0.17498;0.04096;0.00;0.000;1.267;0.947;0.000;0.557;84.451;60.00;75.00;16096.6;1113.70;9.70;3.20;1.14;159988.60;43273.84;24859.38;23534.1;6.80;1.84;1.06;11/06/2024 16:06:32;
12/06/2024;8;2.0TD;3;0.000075833138000000;0.158;0.879172571;137.402374;0.557;2.195;134.650374;90.14;5.66499;1.13928;0.75;0.25;55.14583;77.80580;101.96000;48.69000;52.19000;1723.9;275.0;154.0;62.0;16.22;0.000;0.17498;0.04096;0.00;0.000;1.744;0.947;0.000;0.557;116.278;90.34;87.00;16631.4;1044.80;11.88;3.20;1.14;98251.28;182327.04;24859.38;25707.1;3.82;7.09;0.97;11/06/2024 16:06:32;
12/06/2024;9;2.0TD;2;0.000087499488000000;0.147;0.904598367;143.092424;19.184;8.779;115.129424;74.18;5.66499;1.13928;0.75;0.25;55.14583;77.80580;101.96000;48.69000;52.19000;1723.9;275.0;154.0;62.0;16.36;0.154;0.17498;0.04096;0.00;0.000;1.506;0.947;0.000;0.557;100.374;75.00;60.55;19371.4;1158.40;12.02;3.20;1.14;109511.08;193551.32;24859.38;27287.8;4.01;7.09;0.91;11/06/2024 16:06:32;
12/06/2024;10;2.0TD;2;0.000094412629000000;0.143;0.879669576;107.414518;19.184;8.779;79.451518;42.29;5.66499;1.13928;0.75;0.25;55.14583;77.80580;101.96000;48.69000;52.19000;1723.9;275.0;154.0;62.0;17.85;0.154;0.17498;0.04096;0.00;0.000;1.043;0.947;0.000;0.557;69.511;42.50;37.52;24737.3;1106.60;13.51;3.20;1.14;139633.92;214020.00;24859.38;28022.1;4.98;7.64;0.89;11/06/2024 16:06:32;
12/06/2024;11;2.0TD;1;0.000099898201000000;0.144;0.863381052;142.014277;33.081;43.893;65.040277;34.45;5.66499;1.13928;0.75;0.25;55.14583;77.80580;101.96000;48.69000;52.19000;1723.9;275.0;154.0;62.0;12.45;0.926;0.17498;0.04096;0.00;0.000;0.853;0.947;0.000;0.557;56.853;35.02;21.19;26001.6;1119.80;8.11;3.20;1.14;155253.40;49982.40;24859.38;28374.5;5.47;1.76;0.88;11/06/2024 16:06:32;
12/06/2024;12;2.0TD;1;0.000103387051000000;0.144;0.860249629;141.758021;33.081;43.893;64.784021;33.49;5.66499;1.13928;0.75;0.25;55.14583;77.80580;101.96000;48.69000;52.19000;1723.9;275.0;154.0;62.0;13.19;0.926;0.17498;0.04096;0.00;0.000;0.849;0.947;0.000;0.557;56.629;35.01;7.89;25949.2;1537.20;8.85;3.20;1.14;180570.80;50013.60;24859.38;28847.4;6.26;1.73;0.86;11/06/2024 16:06:32;
12/06/2024;13;2.0TD;1;0.000109134966000000;0.146;0.873210965;141.953792;33.081;43.893;64.979792;33.59;5.66499;1.13928;0.75;0.25;55.14583;77.80580;101.96000;48.69000;52.19000;1723.9;275.0;154.0;62.0;13.16;0.926;0.17498;0.04096;0.00;0.000;0.851;0.947;0.000;0.557;56.701;35.01;11.00;26283.6;1655.40;8.82;3.20;1.14;183932.24;49951.20;24859.38;29330.2;6.27;1.70;0.85;11/06/2024 16:06:32;
12/06/2024;14;2.0TD;1;0.000118539115000000;0.144;0.859488245;142.420397;33.081;43.893;65.446397;33.91;5.66499;1.13928;0.75;0.25;55.14583;77.80580;101.96000;48.69000;52.19000;1723.9;275.0;154.0;62.0;13.34;0.926;0.17498;0.04096;0.00;0.000;0.858;0.947;0.000;0.557;57.208;35.01;17.00;26467.3;1719.20;9.00;3.20;1.14;191522.92;50013.60;24859.38;29616.2;6.47;1.69;0.84;11/06/2024 16:06:32;
12/06/2024;15;2.0TD;2;0.000119946258000000;0.144;0.885278220;90.666085;19.184;8.779;62.703085;31.70;5.66499;1.13928;0.75;0.25;55.14583;77.80580;101.96000;48.69000;52.19000;1723.9;275.0;154.0;62.0;13.96;0.154;0.17498;0.04096;0.00;0.000;0.822;0.947;0.000;0.557;54.810;33.00;12.67;26224.2;1797.60;9.62;3.20;1.14;209115.04;48060.00;24859.38;29317.9;7.13;1.64;0.85;11/06/2024 16:06:32;
12/06/2024;16;2.0TD;2;0.000111791534000000;0.146;0.892874754;69.147248;19.184;8.779;41.184248;11.48;5.66499;1.13928;0.75;0.25;55.14583;77.80580;101.96000;48.69000;52.19000;1723.9;275.0;154.0;62.0;15.59;0.154;0.17498;0.04096;0.00;0.000;0.539;0.947;0.000;0.557;35.937;12.25;-0.66;26017.7;1656.30;11.25;3.20;1.14;272859.00;25504.00;24859.38;28734.2;9.50;0.89;0.87;11/06/2024 16:06:32;
12/06/2024;17;2.0TD;2;0.000107475000000000;0.147;0.900539430;67.587708;19.184;8.779;39.624708;9.86;5.66499;1.13928;0.75;0.25;55.14583;77.80580;101.96000;48.69000;52.19000;1723.9;275.0;154.0;62.0;15.84;0.154;0.17498;0.04096;0.00;0.000;0.518;0.947;0.000;0.557;34.546;10.43;0.43;25347.0;1539.70;11.50;3.20;1.14;276378.92;23546.80;24859.38;28250.5;9.78;0.83;0.88;11/06/2024 16:06:32;
12/06/2024;18;2.0TD;2;0.000107520510000000;0.150;0.918321291;82.612597;19.184;8.779;54.649597;24.01;5.66499;1.13928;0.75;0.25;55.14583;77.80580;101.96000;48.69000;52.19000;1723.9;275.0;154.0;62.0;14.47;0.154;0.17498;0.04096;0.00;0.000;0.713;0.947;0.000;0.557;47.521;25.73;0.00;25547.4;1825.20;10.13;3.20;1.14;225148.20;41758.92;24859.38;28803.3;7.82;1.45;0.86;11/06/2024 16:06:32;
12/06/2024;19;2.0TD;1;0.000107329068000000;0.152;0.910394902;150.375280;33.081;43.893;73.401280;39.87;5.66499;1.13928;0.75;0.25;55.14583;77.80580;101.96000;48.69000;52.19000;1723.9;275.0;154.0;62.0;13.79;0.926;0.17498;0.04096;0.00;0.000;0.956;0.947;0.000;0.557;63.716;40.00;37.00;25394.5;1177.60;9.45;3.20;1.14;128742.32;110819.84;24859.38;27971.8;4.60;3.96;0.89;11/06/2024 16:06:32;
12/06/2024;20;2.0TD;1;0.000108146109000000;0.153;0.917433712;170.770998;33.081;43.893;93.796998;55.10;5.66499;1.13928;0.75;0.25;55.14583;77.80580;101.96000;48.69000;52.19000;1723.9;275.0;154.0;62.0;15.93;0.926;0.17498;0.04096;0.00;0.000;1.220;0.947;0.000;0.557;81.350;55.10;55.10;23860.3;1143.20;11.59;3.20;1.14;103309.48;195826.40;24859.38;27951.0;3.70;7.01;0.89;11/06/2024 16:06:32;
12/06/2024;21;2.0TD;1;0.000113869054000000;0.153;0.913621264;194.346389;33.081;43.893;117.372389;74.72;5.66499;1.13928;0.75;0.25;55.14583;77.80580;101.96000;48.69000;52.19000;1723.9;275.0;154.0;62.0;16.45;0.926;0.17498;0.04096;0.00;0.000;1.527;0.947;0.000;0.557;101.797;75.00;70.00;19956.1;1201.40;12.11;3.20;1.14;119245.32;197809.20;24859.38;28225.0;4.22;7.01;0.88;11/06/2024 16:06:32;
12/06/2024;22;2.0TD;1;0.000123843835000000;0.154;0.919742934;217.797069;33.081;43.893;140.823069;100.97;5.66499;1.13928;0.75;0.25;55.14583;77.80580;101.96000;48.69000;52.19000;1723.9;275.0;154.0;62.0;10.13;0.926;0.17498;0.04096;0.00;0.000;1.830;0.947;0.000;0.557;122.030;101.34;96.27;19188.0;1508.60;5.79;3.20;1.14;128332.40;8896.00;24859.38;27994.8;4.58;0.32;0.89;11/06/2024 16:06:32;
12/06/2024;23;2.0TD;2;0.000127795234000000;0.158;0.968502367;168.132402;19.184;8.779;140.169402;100.48;5.66499;1.13928;0.75;0.25;55.14583;77.80580;101.96000;48.69000;52.19000;1723.9;275.0;154.0;62.0;10.42;0.154;0.17498;0.04096;0.00;0.000;1.816;0.947;0.000;0.557;121.044;100.98;94.44;18317.7;1516.00;6.08;3.20;1.14;129242.12;8512.00;24859.38;26737.1;4.83;0.32;0.93;11/06/2024 16:06:32;
12/06/2024;24;2.0TD;2;0.000111247274000000;0.157;0.960280643;151.202462;19.184;8.779;123.239462;84.41;5.66499;1.13928;0.75;0.25;55.14583;77.80580;101.96000;48.69000;52.19000;1723.9;275.0;154.0;62.0;12.18;0.154;0.17498;0.04096;0.00;0.000;1.598;0.947;0.000;0.557;106.516;85.17;75.17;17144.8;1418.90;7.84;3.20;1.14;155576.96;11200.00;24859.38;24461.3;6.36;0.46;1.02;11/06/2024 16:06:32;
*
