pvpcdata;
2024;09;10;12;19;03;
16/08/2024;1;2.0TD;3;0.000104577775000000;0.173;0.962591094;142.827751;0.557;2.195;140.075751;105.96;0.20663;0.94507;0.75;0.25;88.22750;89.05400;101.96000;73.51000;75.32000;2395.6;275.0;234.0;57.0;9.75;0.000;0.17498;0.04096;0.00;0.000;1.791;0.947;0.000;0.557;119.416;106.09;103.85;18134.6;1108.40;5.62;3.08;1.05;90765.20;21632.00;24859.38;24423.2;3.72;0.89;1.02;15/08/2024 16:12:23;
16/08/2024;2;2.0TD;3;0.000090412437000000;0.173;0.960454548;142.018381;0.557;2.195;139.266381;104.15;0.20663;0.94507;0.75;0.25;88.22750;89.05400;101.96000;73.51000;75.32000;2395.6;275.0;234.0;57.0;10.88;0.000;0.17498;0.04096;0.00;0.000;1.781;0.947;0.000;0.557;118.726;104.44;99.77;17051.2;1127.90;6.75;3.08;1.05;114706.32;39977.52;0.00;22927.3;5.00;1.74;0.00;15/08/2024 16:12:23;
16/08/2024;3;2.0TD;3;0.000080851206000000;0.173;0.963129247;128.108947;0.557;2.195;125.356947;89.71;0.20663;0.94507;0.75;0.25;88.22750;89.05400;101.96000;73.51000;75.32000;2395.6;275.0;234.0;57.0;13.64;0.000;0.17498;0.04096;0.00;0.000;1.603;0.947;0.000;0.557;106.868;90.00;85.44;16569.4;1125.90;9.51;3.08;1.05;152953.96;55860.00;0.00;21967.1;6.96;2.54;0.00;15/08/2024 16:12:23;
16/08/2024;4;2.0TD;3;0.000074967728000000;0.173;0.961569999;126.537127;0.557;2.195;123.785127;87.95;0.20663;0.94507;0.75;0.25;88.22750;89.05400;101.96000;73.51000;75.32000;2395.6;275.0;234.0;57.0;14.08;0.000;0.17498;0.04096;0.00;0.000;1.583;0.947;0.000;0.557;105.528;88.33;83.33;15984.3;1323.10;9.95;3.08;1.05;157881.12;54587.68;0.00;21347.0;7.40;2.56;0.00;15/08/2024 16:12:23;
16/08/2024;5;2.0TD;3;0.000071714637000000;0.171;0.950911892;141.234070;0.557;2.195;138.482070;102.88;0.20663;0.94507;0.75;0.25;88.22750;89.05400;101.96000;73.51000;75.32000;2395.6;275.0;234.0;57.0;11.69;0.000;0.17498;0.04096;0.00;0.000;1.774;0.947;0.000;0.557;118.259;103.27;98.27;14856.9;1263.00;7.56;3.08;1.05;126675.12;29531.04;0.00;20672.0;6.13;1.43;0.00;15/08/2024 16:12:23;
16/08/2024;6;2.0TD;3;0.000070376394000000;0.169;0.936427182;142.492702;0.557;2.195;139.740702;104.31;0.20663;0.94507;0.75;0.25;88.22750;89.05400;101.96000;73.51000;75.32000;2395.6;275.0;234.0;57.0;11.52;0.000;0.17498;0.04096;0.00;0.000;1.793;0.947;0.000;0.557;119.538;104.71;99.71;14456.1;1262.40;7.39;3.08;1.05;123697.68;29914.56;0.00;20783.9;5.95;1.44;0.00;15/08/2024 16:12:23;
16/08/2024;7;2.0TD;3;0.000071513697000000;0.164;0.913026707;142.225585;0.557;2.195;139.473585;105.26;0.20663;0.94507;0.75;0.25;88.22750;89.05400;101.96000;73.51000;75.32000;2395.6;275.0;234.0;57.0;10.85;0.000;0.17498;0.04096;0.00;0.000;1.797;0.947;0.000;0.557;119.822;105.61;100.94;15390.9;1247.00;6.72;3.08;1.05;100593.44;22912.00;24859.38;22087.8;4.55;1.04;1.13;15/08/2024 16:12:23;
16/08/2024;8;2.0TD;3;0.000071904074000000;0.163;0.906795616;151.563278;0.557;2.195;148.811278;113.69;0.20663;0.94507;0.75;0.25;88.22750;89.05400;101.96000;73.51000;75.32000;2395.6;275.0;234.0;57.0;10.43;0.000;0.17498;0.04096;0.00;0.000;1.919;0.947;0.000;0.557;127.954;114.02;109.38;16051.7;1242.80;6.30;3.08;1.05;106622.92;15852.16;24859.38;23386.5;4.56;0.68;1.06;15/08/2024 16:12:23;
16/08/2024;9;2.0TD;2;0.000078013476000000;0.151;0.926102823;164.715229;19.184;8.779;136.752229;100.63;0.20663;0.94507;0.75;0.25;88.22750;89.05400;101.96000;73.51000;75.32000;2395.6;275.0;234.0;57.0;14.33;0.154;0.17498;0.04096;0.00;0.000;1.782;0.947;0.000;0.557;118.811;100.57;101.56;18212.7;1111.30;10.20;3.08;1.05;64487.16;158387.04;24859.38;24276.9;2.66;6.52;1.02;15/08/2024 16:12:23;
16/08/2024;10;2.0TD;2;0.000088373935000000;0.145;0.890383186;127.211219;19.184;8.779;99.248219;70.20;0.20663;0.94507;0.75;0.25;88.22750;89.05400;101.96000;73.51000;75.32000;2395.6;275.0;234.0;57.0;13.11;0.154;0.17498;0.04096;0.00;0.000;1.300;0.947;0.000;0.557;86.679;70.00;74.00;19973.4;1078.60;8.98;3.08;1.05;91113.20;117849.60;24859.38;26034.2;3.50;4.53;0.95;15/08/2024 16:12:23;
16/08/2024;11;2.0TD;1;0.000096253026000000;0.154;0.919231913;170.046024;33.081;43.893;93.072024;64.10;0.20663;0.94507;0.75;0.25;88.22750;89.05400;101.96000;73.51000;75.32000;2395.6;275.0;234.0;57.0;12.50;0.926;0.17498;0.04096;0.00;0.000;1.210;0.947;0.000;0.557;80.651;63.87;70.26;25325.3;941.80;8.37;3.08;1.05;103128.52;100913.80;24859.38;27365.1;3.77;3.69;0.91;15/08/2024 16:12:23;
16/08/2024;12;2.0TD;1;0.000100017985000000;0.153;0.918435848;168.115960;33.081;43.893;91.141960;63.67;0.20663;0.94507;0.75;0.25;88.22750;89.05400;101.96000;73.51000;75.32000;2395.6;275.0;234.0;57.0;11.35;0.926;0.17498;0.04096;0.00;0.000;1.186;0.947;0.000;0.557;79.047;63.37;71.37;26361.5;1029.00;7.22;3.08;1.05;125266.12;53176.00;24859.38;28151.1;4.45;1.89;0.88;15/08/2024 16:12:23;
16/08/2024;13;2.0TD;1;0.000105441333000000;0.154;0.919763634;163.156644;33.081;43.893;86.182644;59.48;0.20663;0.94507;0.75;0.25;88.22750;89.05400;101.96000;73.51000;75.32000;2395.6;275.0;234.0;57.0;11.24;0.926;0.17498;0.04096;0.00;0.000;1.120;0.947;0.000;0.557;74.681;59.22;66.21;27181.4;1031.90;7.11;3.08;1.05;130677.40;49517.16;24859.38;28827.8;4.53;1.72;0.86;15/08/2024 16:12:23;
16/08/2024;14;2.0TD;1;0.000115723355000000;0.152;0.911081566;156.340657;33.081;43.893;79.366657;54.10;0.20663;0.94507;0.75;0.25;88.22750;89.05400;101.96000;73.51000;75.32000;2395.6;275.0;234.0;57.0;10.92;0.926;0.17498;0.04096;0.00;0.000;1.033;0.947;0.000;0.557;68.894;53.93;58.92;28115.1;1014.50;6.79;3.08;1.05;136490.96;40448.00;24859.38;29761.4;4.59;1.36;0.84;15/08/2024 16:12:23;
16/08/2024;15;2.0TD;2;0.000122647756000000;0.154;0.942888052;102.861832;19.184;8.779;74.898832;50.90;0.20663;0.94507;0.75;0.25;88.22750;89.05400;101.96000;73.51000;75.32000;2395.6;275.0;234.0;57.0;10.96;0.154;0.17498;0.04096;0.00;0.000;0.974;0.947;0.000;0.557;64.903;50.72;55.72;28350.1;1077.00;6.83;3.08;1.05;140319.76;40436.80;24859.38;30104.9;4.66;1.34;0.83;15/08/2024 16:12:23;
16/08/2024;16;2.0TD;2;0.000120899606000000;0.151;0.928727389;109.093154;19.184;8.779;81.130154;56.40;0.20663;0.94507;0.75;0.25;88.22750;89.05400;101.96000;73.51000;75.32000;2395.6;275.0;234.0;57.0;10.96;0.154;0.17498;0.04096;0.00;0.000;1.057;0.947;0.000;0.557;70.486;56.27;60.30;27500.3;936.60;6.83;3.08;1.05;126921.32;48734.44;24859.38;29384.4;4.32;1.66;0.85;15/08/2024 16:12:23;
16/08/2024;17;2.0TD;2;0.000118906018000000;0.152;0.934821024;115.807225;19.184;8.779;87.844225;62.48;0.20663;0.94507;0.75;0.25;88.22750;89.05400;101.96000;73.51000;75.32000;2395.6;275.0;234.0;57.0;10.56;0.154;0.17498;0.04096;0.00;0.000;1.144;0.947;0.000;0.557;76.253;62.17;70.20;26718.8;1068.40;6.43;3.08;1.05;113105.32;49585.12;24859.38;29132.4;3.88;1.70;0.85;15/08/2024 16:12:23;
16/08/2024;18;2.0TD;2;0.000119968091000000;0.155;0.953427444;117.008496;19.184;8.779;89.045496;63.59;0.20663;0.94507;0.75;0.25;88.22750;89.05400;101.96000;73.51000;75.32000;2395.6;275.0;234.0;57.0;10.28;0.154;0.17498;0.04096;0.00;0.000;1.156;0.947;0.000;0.557;77.095;63.37;69.71;26492.4;944.60;6.15;3.08;1.05;90077.60;64178.40;24859.38;29114.9;3.09;2.20;0.85;15/08/2024 16:12:23;
16/08/2024;19;2.0TD;1;0.000120817299000000;0.156;0.931386620;170.911331;33.081;43.893;93.937331;65.44;0.20663;0.94507;0.75;0.25;88.22750;89.05400;101.96000;73.51000;75.32000;2395.6;275.0;234.0;57.0;11.76;0.926;0.17498;0.04096;0.00;0.000;1.219;0.947;0.000;0.557;81.260;65.40;66.63;23301.5;830.70;7.63;3.08;1.05;82224.52;115629.76;24859.38;29190.8;2.82;3.96;0.85;15/08/2024 16:12:23;
16/08/2024;20;2.0TD;1;0.000120574516000000;0.163;0.978364941;216.595252;33.081;43.893;139.621252;103.52;0.20663;0.94507;0.75;0.25;88.22750;89.05400;101.96000;73.51000;75.32000;2395.6;275.0;234.0;57.0;11.89;0.926;0.17498;0.04096;0.00;0.000;1.801;0.947;0.000;0.557;120.052;103.52;103.52;22127.4;1002.70;7.76;3.08;1.05;44537.76;152129.12;24859.38;28526.7;1.56;5.33;0.87;15/08/2024 16:12:23;
16/08/2024;21;2.0TD;1;0.000121566338000000;0.170;1.018536485;236.001181;33.081;43.893;159.027181;118.81;0.20663;0.94507;0.75;0.25;88.22750;89.05400;101.96000;73.51000;75.32000;2395.6;275.0;234.0;57.0;12.23;0.926;0.17498;0.04096;0.00;0.000;2.039;0.947;0.000;0.557;135.920;118.92;116.92;20502.9;1249.90;8.10;3.08;1.05;86180.64;117979.04;24859.38;28267.7;3.05;4.17;0.88;15/08/2024 16:12:23;
16/08/2024;22;2.0TD;1;0.000135210737000000;0.172;1.029946537;247.730494;33.081;43.893;170.756494;129.52;0.20663;0.94507;0.75;0.25;88.22750;89.05400;101.96000;73.51000;75.32000;2395.6;275.0;234.0;57.0;11.15;0.926;0.17498;0.04096;0.00;0.000;2.185;0.947;0.000;0.557;145.696;129.78;125.79;20304.1;1428.10;7.02;3.08;1.05;158894.52;16629.60;24859.38;28531.8;5.57;0.58;0.87;15/08/2024 16:12:23;
16/08/2024;23;2.0TD;2;0.000134867861000000;0.177;1.085544000;192.025815;19.184;8.779;164.062815;123.39;0.20663;0.94507;0.75;0.25;88.22750;89.05400;101.96000;73.51000;75.32000;2395.6;275.0;234.0;57.0;11.84;0.154;0.17498;0.04096;0.00;0.000;2.091;0.947;0.000;0.557;139.390;123.72;118.72;19585.4;1366.90;7.71;3.08;1.05;169426.88;18251.04;24859.38;27548.3;6.15;0.66;0.90;15/08/2024 16:12:23;
16/08/2024;24;2.0TD;2;0.000122203724000000;0.175;1.074379740;183.814609;19.184;8.779;155.851609;115.83;0.20663;0.94507;0.75;0.25;88.22750;89.05400;101.96000;73.51000;75.32000;2395.6;275.0;234.0;57.0;12.75;0.154;0.17498;0.04096;0.00;0.000;1.990;0.947;0.000;0.557;132.639;116.16;111.16;18318.9;1302.90;8.62;3.08;1.05;166810.32;27840.00;24859.38;25489.5;6.54;1.09;0.98;15/08/2024 16:12:23;
*
