pvpcdata;
2024;10;09;11;29;34;
12/09/2024;1;2.0TD;3;0.000093748765000000;0.161;0.895588386;139.433094;0.557;2.195;136.681094;100.51;4.61854;1.24296;0.75;0.25;72.21083;90.68500;101.96000;73.51000;91.63000;1792.5;275.0;234.0;48.0;7.99;0.000;0.17498;0.04096;0.00;0.000;1.766;0.947;0.000;0.557;117.727;100.64;98.64;15842.5;1062.80;3.86;3.08;1.05;54436.48;14044.80;24859.38;24178.0;2.25;0.58;1.03;11/09/2024 16:18:20;
12/09/2024;2;2.0TD;3;0.000080380027000000;0.168;0.933172362;140.126367;0.557;2.195;137.374367;99.70;4.61854;1.24296;0.75;0.25;72.21083;90.68500;101.96000;73.51000;91.63000;1792.5;275.0;234.0;48.0;8.69;0.000;0.17498;0.04096;0.00;0.000;1.764;0.947;0.000;0.557;117.615;99.83;97.83;15079.5;1050.20;4.56;3.08;1.05;63919.48;15832.32;24859.38;22948.5;2.79;0.69;1.08;11/09/2024 16:18:20;
12/09/2024;3;2.0TD;3;0.000072547382000000;0.173;0.958854836;140.750806;0.557;2.195;137.998806;99.05;4.61854;1.24296;0.75;0.25;72.21083;90.68500;101.96000;73.51000;91.63000;1792.5;275.0;234.0;48.0;9.37;0.000;0.17498;0.04096;0.00;0.000;1.765;0.947;0.000;0.557;117.646;99.50;92.96;14391.0;1069.50;5.24;3.08;1.05;77261.00;14044.80;24859.38;22169.1;3.49;0.63;1.12;11/09/2024 16:18:20;
12/09/2024;4;2.0TD;3;0.000068463191000000;0.174;0.963968527;136.922638;0.557;2.195;134.170638;94.68;4.61854;1.24296;0.75;0.25;72.21083;90.68500;101.96000;73.51000;91.63000;1792.5;275.0;234.0;48.0;10.43;0.000;0.17498;0.04096;0.00;0.000;1.714;0.947;0.000;0.557;114.285;95.00;90.87;13861.3;1157.20;6.30;3.08;1.05;119871.48;16619.20;0.00;21665.1;5.53;0.77;0.00;11/09/2024 16:18:20;
12/09/2024;5;2.0TD;3;0.000066461062000000;0.173;0.961491199;137.272861;0.557;2.195;134.520861;95.01;4.61854;1.24296;0.75;0.25;72.21083;90.68500;101.96000;73.51000;91.63000;1792.5;275.0;234.0;48.0;10.49;0.000;0.17498;0.04096;0.00;0.000;1.720;0.947;0.000;0.557;114.681;95.42;89.97;13663.6;1115.40;6.36;3.08;1.05;119787.28;16683.12;0.00;21448.2;5.58;0.78;0.00;11/09/2024 16:18:20;
12/09/2024;6;2.0TD;3;0.000066683750000000;0.169;0.941106597;139.769368;0.557;2.195;137.017368;98.01;4.61854;1.24296;0.75;0.25;72.21083;90.68500;101.96000;73.51000;91.63000;1792.5;275.0;234.0;48.0;9.98;0.000;0.17498;0.04096;0.00;0.000;1.758;0.947;0.000;0.557;117.209;98.42;93.42;13647.4;1216.80;5.85;3.08;1.05;113616.84;13487.12;0.00;21744.8;5.23;0.62;0.00;11/09/2024 16:18:20;
12/09/2024;7;2.0TD;3;0.000072431523000000;0.158;0.878343860;141.936699;0.557;2.195;139.184699;100.49;4.61854;1.24296;0.75;0.25;72.21083;90.68500;101.96000;73.51000;91.63000;1792.5;275.0;234.0;48.0;10.44;0.000;0.17498;0.04096;0.00;0.000;1.803;0.947;0.000;0.557;120.194;100.64;98.64;14210.1;1153.90;6.31;3.08;1.05;108174.72;14382.00;24859.38;23350.4;4.63;0.62;1.06;11/09/2024 16:18:20;
12/09/2024;8;2.0TD;3;0.000084956410000000;0.151;0.839246863;152.406218;0.557;2.195;149.654218;113.48;4.61854;1.24296;0.75;0.25;72.21083;90.68500;101.96000;73.51000;91.63000;1792.5;275.0;234.0;48.0;7.13;0.000;0.17498;0.04096;0.00;0.000;1.950;0.947;0.000;0.557;130.021;113.55;112.59;16156.2;1184.80;3.00;3.08;1.05;36962.08;15852.16;24859.38;25921.8;1.43;0.61;0.96;11/09/2024 16:18:20;
12/09/2024;9;2.0TD;2;0.000088702182000000;0.151;0.925955408;195.676408;19.184;8.779;167.713408;116.37;4.61854;1.24296;0.75;0.25;72.21083;90.68500;101.96000;73.51000;91.63000;1792.5;275.0;234.0;48.0;19.54;0.154;0.17498;0.04096;0.00;0.000;2.186;0.947;0.000;0.557;145.711;116.37;116.37;17806.9;1218.00;15.41;3.08;1.05;31488.52;361538.40;24859.38;27132.6;1.16;13.32;0.92;11/09/2024 16:18:20;
12/09/2024;10;2.0TD;2;0.000092651683000000;0.140;0.856186959;171.493606;19.184;8.779;143.530606;101.22;4.61854;1.24296;0.75;0.25;72.21083;90.68500;101.96000;73.51000;91.63000;1792.5;275.0;234.0;48.0;15.18;0.154;0.17498;0.04096;0.00;0.000;1.889;0.947;0.000;0.557;125.904;101.46;96.45;19471.7;971.80;11.05;3.08;1.05;54099.08;230193.60;24859.38;27976.3;1.93;8.23;0.89;11/09/2024 16:18:20;
12/09/2024;11;2.0TD;1;0.000096603824000000;0.139;0.834493587;188.488980;33.081;43.893;111.514980;73.70;4.61854;1.24296;0.75;0.25;72.21083;90.68500;101.96000;73.51000;91.63000;1792.5;275.0;234.0;48.0;14.35;0.926;0.17498;0.04096;0.00;0.000;1.469;0.947;0.000;0.557;97.906;73.60;76.60;23129.0;807.10;10.22;3.08;1.05;87087.16;184728.84;24859.38;29045.3;3.00;6.36;0.86;11/09/2024 16:18:20;
12/09/2024;12;2.0TD;1;0.000098164097000000;0.142;0.852069552;159.241442;33.081;43.893;82.267442;52.16;4.61854;1.24296;0.75;0.25;72.21083;90.68500;101.96000;73.51000;91.63000;1792.5;275.0;234.0;48.0;10.41;0.926;0.17498;0.04096;0.00;0.000;1.081;0.947;0.000;0.557;72.038;52.10;54.10;28193.3;828.50;6.28;3.08;1.05;112518.68;46242.56;24859.38;29246.6;3.85;1.58;0.85;11/09/2024 16:18:20;
12/09/2024;13;2.0TD;1;0.000102295673000000;0.141;0.844338069;150.318667;33.081;43.893;73.344667;44.39;4.61854;1.24296;0.75;0.25;72.21083;90.68500;101.96000;73.51000;91.63000;1792.5;275.0;234.0;48.0;10.54;0.926;0.17498;0.04096;0.00;0.000;0.964;0.947;0.000;0.557;64.281;44.30;47.30;29164.4;905.70;6.41;3.08;1.05;123476.96;41920.00;24859.38;29678.5;4.16;1.41;0.84;11/09/2024 16:18:20;
12/09/2024;14;2.0TD;1;0.000110069220000000;0.139;0.830010991;115.384543;33.081;43.893;38.410543;14.05;4.61854;1.24296;0.75;0.25;72.21083;90.68500;101.96000;73.51000;91.63000;1792.5;275.0;234.0;48.0;10.78;0.926;0.17498;0.04096;0.00;0.000;0.506;0.947;0.000;0.557;33.723;14.00;15.40;29818.9;1071.80;6.65;3.08;1.05;163203.60;14027.20;24859.38;30382.9;5.37;0.46;0.82;11/09/2024 16:18:20;
12/09/2024;15;2.0TD;2;0.000111228365000000;0.141;0.862682136;54.635062;19.184;8.779;26.672062;3.60;4.61854;1.24296;0.75;0.25;72.21083;90.68500;101.96000;73.51000;91.63000;1792.5;275.0;234.0;48.0;11.81;0.154;0.17498;0.04096;0.00;0.000;0.351;0.947;0.000;0.557;23.376;3.60;3.60;29481.3;1492.30;7.68;3.08;1.05;203799.44;3835.20;24859.38;30267.4;6.73;0.13;0.82;11/09/2024 16:18:20;
12/09/2024;16;2.0TD;2;0.000104700372000000;0.143;0.875766619;54.553798;19.184;8.779;26.590798;3.24;4.61854;1.24296;0.75;0.25;72.21083;90.68500;101.96000;73.51000;91.63000;1792.5;275.0;234.0;48.0;12.06;0.154;0.17498;0.04096;0.00;0.000;0.349;0.947;0.000;0.557;23.264;3.32;1.48;28684.9;1293.50;7.93;3.08;1.05;204025.88;4006.80;24859.38;29397.4;6.94;0.14;0.85;11/09/2024 16:18:20;
12/09/2024;17;2.0TD;2;0.000102876341000000;0.144;0.885282983;54.588502;19.184;8.779;26.625502;3.22;4.61854;1.24296;0.75;0.25;72.21083;90.68500;101.96000;73.51000;91.63000;1792.5;275.0;234.0;48.0;12.09;0.154;0.17498;0.04096;0.00;0.000;0.349;0.947;0.000;0.557;23.274;3.32;1.00;28452.7;1272.80;7.96;3.08;1.05;204020.40;3418.80;24859.38;29177.2;6.99;0.12;0.85;11/09/2024 16:18:20;
12/09/2024;18;2.0TD;2;0.000106250948000000;0.148;0.908442540;55.870927;19.184;8.779;27.907927;3.60;4.61854;1.24296;0.75;0.25;72.21083;90.68500;101.96000;73.51000;91.63000;1792.5;275.0;234.0;48.0;12.73;0.154;0.17498;0.04096;0.00;0.000;0.365;0.947;0.000;0.557;24.310;3.60;3.60;28833.2;1461.20;8.60;3.08;1.05;203827.84;26661.60;24859.38;29697.1;6.86;0.90;0.84;11/09/2024 16:18:20;
12/09/2024;19;2.0TD;1;0.000109591505000000;0.155;0.930646517;164.175392;33.081;43.893;87.201392;51.73;4.61854;1.24296;0.75;0.25;72.21083;90.68500;101.96000;73.51000;91.63000;1792.5;275.0;234.0;48.0;14.25;0.926;0.17498;0.04096;0.00;0.000;1.132;0.947;0.000;0.557;75.499;51.55;57.56;24883.4;771.40;10.12;3.08;1.05;119174.64;151367.84;24859.38;29170.2;4.09;5.19;0.85;11/09/2024 16:18:20;
12/09/2024;20;2.0TD;1;0.000113614469000000;0.161;0.962941044;200.473100;33.081;43.893;123.499100;80.38;4.61854;1.24296;0.75;0.25;72.21083;90.68500;101.96000;73.51000;91.63000;1792.5;275.0;234.0;48.0;16.01;0.926;0.17498;0.04096;0.00;0.000;1.596;0.947;0.000;0.557;106.373;80.00;90.01;20917.7;836.50;11.88;3.08;1.05;63902.48;254822.40;24859.38;28927.2;2.21;8.81;0.86;11/09/2024 16:18:20;
12/09/2024;21;2.0TD;1;0.000131514079000000;0.150;0.900607480;216.604747;33.081;43.893;139.630747;101.39;4.61854;1.24296;0.75;0.25;72.21083;90.68500;101.96000;73.51000;91.63000;1792.5;275.0;234.0;48.0;9.82;0.926;0.17498;0.04096;0.00;0.000;1.821;0.947;0.000;0.557;121.418;101.46;100.46;19446.0;1406.50;5.69;3.08;1.05;125048.72;15852.16;24859.38;29117.6;4.29;0.54;0.85;11/09/2024 16:18:20;
12/09/2024;22;2.0TD;1;0.000145256549000000;0.146;0.873384904;218.806445;33.081;43.893;141.832445;100.38;4.61854;1.24296;0.75;0.25;72.21083;90.68500;101.96000;73.51000;91.63000;1792.5;275.0;234.0;48.0;13.14;0.926;0.17498;0.04096;0.00;0.000;1.856;0.947;0.000;0.557;123.763;100.50;98.83;19251.2;1519.20;9.01;3.08;1.05;223555.36;14382.00;24859.38;29169.9;7.66;0.49;0.85;11/09/2024 16:18:20;
12/09/2024;23;2.0TD;2;0.000129703531000000;0.151;0.929264922;163.296476;19.184;8.779;135.333476;93.53;4.61854;1.24296;0.75;0.25;72.21083;90.68500;101.96000;73.51000;91.63000;1792.5;275.0;234.0;48.0;14.67;0.154;0.17498;0.04096;0.00;0.000;1.764;0.947;0.000;0.557;117.579;93.53;93.53;18275.7;1197.80;10.54;3.08;1.05;236674.72;19687.36;24859.38;26674.9;8.87;0.74;0.93;11/09/2024 16:18:20;
12/09/2024;24;2.0TD;2;0.000109651775000000;0.158;0.971220132;158.429117;19.184;8.779;130.466117;87.35;4.61854;1.24296;0.75;0.25;72.21083;90.68500;101.96000;73.51000;91.63000;1792.5;275.0;234.0;48.0;16.01;0.154;0.17498;0.04096;0.00;0.000;1.690;0.947;0.000;0.557;112.665;87.35;87.35;17468.7;1221.00;11.88;3.08;1.05;247721.92;25184.48;24859.38;25058.1;9.89;1.01;0.99;11/09/2024 16:18:20;
*
