pvpcdata;
2024;09;10;12;18;49;
01/08/2024;1;2.0TD;3;0.000119520402000000;0.172;0.953779318;146.383516;0.557;2.195;143.631516;116.63;-4.56577;0.83576;0.75;0.25;107.31708;89.05400;101.96000;73.51000;75.32000;2708.9;275.0;234.0;57.0;6.18;0.000;0.17498;0.04096;0.00;0.000;1.838;0.947;0.000;0.557;122.552;117.02;109.03;23857.3;1232.60;2.05;3.08;1.05;17353.08;15832.32;24859.38;28330.5;0.61;0.56;0.88;31/07/2024 19:00:24;
01/08/2024;2;2.0TD;3;0.000102988975000000;0.171;0.948144035;142.873260;0.557;2.195;140.121260;113.17;-4.56577;0.83576;0.75;0.25;107.31708;89.05400;101.96000;73.51000;75.32000;2708.9;275.0;234.0;57.0;6.79;0.000;0.17498;0.04096;0.00;0.000;1.795;0.947;0.000;0.557;119.659;113.14;113.64;21935.8;1270.90;2.66;3.08;1.05;28957.84;15852.16;24859.38;26215.4;1.10;0.60;0.95;31/07/2024 19:00:24;
01/08/2024;3;2.0TD;3;0.000092138954000000;0.171;0.947226314;142.123820;0.557;2.195;139.371820;112.29;-4.56577;0.83576;0.75;0.25;107.31708;89.05400;101.96000;73.51000;75.32000;2708.9;275.0;234.0;57.0;7.04;0.000;0.17498;0.04096;0.00;0.000;1.785;0.947;0.000;0.557;119.019;112.38;110.28;20642.8;965.40;2.91;3.08;1.05;32120.48;15832.32;24859.38;25017.0;1.28;0.63;0.99;31/07/2024 19:00:24;
01/08/2024;4;2.0TD;3;0.000085800126000000;0.169;0.938589012;141.601714;0.557;2.195;138.849714;112.48;-4.56577;0.83576;0.75;0.25;107.31708;89.05400;101.96000;73.51000;75.32000;2708.9;275.0;234.0;57.0;6.61;0.000;0.17498;0.04096;0.00;0.000;1.782;0.947;0.000;0.557;118.776;112.64;109.74;19598.3;1123.20;2.48;3.08;1.05;44155.40;15832.32;0.00;24173.2;1.83;0.65;0.00;31/07/2024 19:00:24;
01/08/2024;5;2.0TD;3;0.000082064214000000;0.167;0.929814569;141.221787;0.557;2.195;138.469787;112.28;-4.56577;0.83576;0.75;0.25;107.31708;89.05400;101.96000;73.51000;75.32000;2708.9;275.0;234.0;57.0;6.69;0.000;0.17498;0.04096;0.00;0.000;1.780;0.947;0.000;0.557;118.654;112.58;107.24;19225.2;1127.00;2.56;3.08;1.05;45179.76;15832.32;0.00;23862.9;1.89;0.66;0.00;31/07/2024 19:00:24;
01/08/2024;6;2.0TD;3;0.000080575034000000;0.165;0.916143107;141.622898;0.557;2.195;138.870898;112.83;-4.56577;0.83576;0.75;0.25;107.31708;89.05400;101.96000;73.51000;75.32000;2708.9;275.0;234.0;57.0;6.68;0.000;0.17498;0.04096;0.00;0.000;1.788;0.947;0.000;0.557;119.202;112.88;111.93;19232.3;1072.30;2.55;3.08;1.05;45368.48;15832.32;0.00;24041.9;1.89;0.66;0.00;31/07/2024 19:00:24;
01/08/2024;7;2.0TD;3;0.000082175627000000;0.160;0.889660289;145.785206;0.557;2.195;143.033206;116.28;-4.56577;0.83576;0.75;0.25;107.31708;89.05400;101.96000;73.51000;75.32000;2708.9;275.0;234.0;57.0;7.27;0.000;0.17498;0.04096;0.00;0.000;1.850;0.947;0.000;0.557;123.304;116.84;107.42;20566.1;1311.40;3.14;3.08;1.05;44472.68;12178.16;24859.38;25986.3;1.71;0.47;0.96;31/07/2024 19:00:24;
01/08/2024;8;2.0TD;3;0.000083489187000000;0.159;0.884878394;149.814599;0.557;2.195;147.062599;120.63;-4.56577;0.83576;0.75;0.25;107.31708;89.05400;101.96000;73.51000;75.32000;2708.9;275.0;234.0;57.0;6.45;0.000;0.17498;0.04096;0.00;0.000;1.903;0.947;0.000;0.557;126.887;120.72;118.72;21802.8;989.70;2.32;3.08;1.05;25920.56;13853.28;24859.38;27797.1;0.93;0.50;0.89;31/07/2024 19:00:24;
01/08/2024;9;2.0TD;2;0.000091453745000000;0.148;0.909775028;169.765668;19.184;8.779;141.802668;116.67;-4.56577;0.83576;0.75;0.25;107.31708;89.05400;101.96000;73.51000;75.32000;2708.9;275.0;234.0;57.0;6.94;0.154;0.17498;0.04096;0.00;0.000;1.853;0.947;0.000;0.557;123.521;116.84;113.09;23560.5;1104.30;2.81;3.08;1.05;30900.00;26334.00;24859.38;29211.0;1.06;0.90;0.85;31/07/2024 19:00:24;
01/08/2024;10;2.0TD;2;0.000103590989000000;0.141;0.867187507;164.545821;19.184;8.779;136.582821;112.62;-4.56577;0.83576;0.75;0.25;107.31708;89.05400;101.96000;73.51000;75.32000;2708.9;275.0;234.0;57.0;7.23;0.154;0.17498;0.04096;0.00;0.000;1.796;0.947;0.000;0.557;119.704;112.82;108.82;24784.5;1275.70;3.10;3.08;1.05;33603.76;36419.20;24859.38;30530.3;1.10;1.19;0.81;31/07/2024 19:00:24;
01/08/2024;11;2.0TD;1;0.000112277822000000;0.149;0.891048474;214.889031;33.081;43.893;137.915031;111.39;-4.56577;0.83576;0.75;0.25;107.31708;89.05400;101.96000;73.51000;75.32000;2708.9;275.0;234.0;57.0;8.01;0.926;0.17498;0.04096;0.00;0.000;1.800;0.947;0.000;0.557;120.030;111.92;100.92;25892.6;1309.00;3.88;3.08;1.05;38961.48;59758.16;24859.38;31841.9;1.22;1.88;0.78;31/07/2024 19:00:24;
01/08/2024;12;2.0TD;1;0.000116593823000000;0.151;0.902559812;198.314133;33.081;43.893;121.340133;97.54;-4.56577;0.83576;0.75;0.25;107.31708;89.05400;101.96000;73.51000;75.32000;2708.9;275.0;234.0;57.0;7.47;0.926;0.17498;0.04096;0.00;0.000;1.581;0.947;0.000;0.557;105.421;98.00;88.02;26536.8;1288.00;3.34;3.08;1.05;66340.76;18217.20;24859.38;32833.0;2.02;0.55;0.76;31/07/2024 19:00:24;
01/08/2024;13;2.0TD;1;0.000122940920000000;0.151;0.904500421;192.845732;33.081;43.893;115.871732;92.68;-4.56577;0.83576;0.75;0.25;107.31708;89.05400;101.96000;73.51000;75.32000;2708.9;275.0;234.0;57.0;7.65;0.926;0.17498;0.04096;0.00;0.000;1.510;0.947;0.000;0.557;100.670;92.98;85.90;27157.9;1182.20;3.52;3.08;1.05;71452.40;22244.16;24859.38;33719.3;2.12;0.66;0.74;31/07/2024 19:00:24;
01/08/2024;14;2.0TD;1;0.000133619409000000;0.148;0.887092896;192.229168;33.081;43.893;115.255168;92.50;-4.56577;0.83576;0.75;0.25;107.31708;89.05400;101.96000;73.51000;75.32000;2708.9;275.0;234.0;57.0;7.56;0.926;0.17498;0.04096;0.00;0.000;1.506;0.947;0.000;0.557;100.396;92.79;85.90;27553.3;1206.10;3.43;3.08;1.05;71754.52;22372.00;24859.38;34716.4;2.07;0.64;0.72;31/07/2024 19:00:24;
01/08/2024;15;2.0TD;2;0.000138771306000000;0.151;0.924484405;138.550491;19.184;8.779;110.587491;88.82;-4.56577;0.83576;0.75;0.25;107.31708;89.05400;101.96000;73.51000;75.32000;2708.9;275.0;234.0;57.0;7.76;0.154;0.17498;0.04096;0.00;0.000;1.441;0.947;0.000;0.557;96.079;88.99;85.01;27705.0;1234.50;3.63;3.08;1.05;76907.76;25440.16;24859.38;35080.2;2.19;0.73;0.71;31/07/2024 19:00:24;
01/08/2024;16;2.0TD;2;0.000135150909000000;0.151;0.924341789;132.252219;19.184;8.779;104.289219;83.08;-4.56577;0.83576;0.75;0.25;107.31708;89.05400;101.96000;73.51000;75.32000;2708.9;275.0;234.0;57.0;8.11;0.154;0.17498;0.04096;0.00;0.000;1.359;0.947;0.000;0.557;90.607;83.00;85.01;27548.3;1121.10;3.98;3.08;1.05;82523.92;30553.76;24859.38;34713.9;2.38;0.88;0.72;31/07/2024 19:00:24;
01/08/2024;17;2.0TD;2;0.000133368469000000;0.153;0.936564448;131.824650;19.184;8.779;103.861650;81.88;-4.56577;0.83576;0.75;0.25;107.31708;89.05400;101.96000;73.51000;75.32000;2708.9;275.0;234.0;57.0;8.79;0.154;0.17498;0.04096;0.00;0.000;1.351;0.947;0.000;0.557;90.079;81.80;83.80;27730.9;1121.40;4.66;3.08;1.05;104942.40;31129.04;24859.38;34549.0;3.04;0.90;0.72;31/07/2024 19:00:24;
01/08/2024;18;2.0TD;2;0.000134488918000000;0.157;0.963591767;132.196538;19.184;8.779;104.233538;81.87;-4.56577;0.83576;0.75;0.25;107.31708;89.05400;101.96000;73.51000;75.32000;2708.9;275.0;234.0;57.0;8.81;0.154;0.17498;0.04096;0.00;0.000;1.351;0.947;0.000;0.557;90.089;81.80;83.57;27546.2;1157.60;4.68;3.08;1.05;104946.08;31129.04;24859.38;34404.6;3.05;0.90;0.72;31/07/2024 19:00:24;
01/08/2024;19;2.0TD;1;0.000135028358000000;0.156;0.934520742;198.207752;33.081;43.893;121.233752;94.02;-4.56577;0.83576;0.75;0.25;107.31708;89.05400;101.96000;73.51000;75.32000;2708.9;275.0;234.0;57.0;10.45;0.926;0.17498;0.04096;0.00;0.000;1.573;0.947;0.000;0.557;104.873;94.37;86.86;26447.9;1294.90;6.32;3.08;1.05;92650.80;98441.28;24859.38;34176.8;2.71;2.88;0.73;31/07/2024 19:00:24;
01/08/2024;20;2.0TD;1;0.000134463842000000;0.159;0.952895423;211.830011;33.081;43.893;134.856011;109.06;-4.56577;0.83576;0.75;0.25;107.31708;89.05400;101.96000;73.51000;75.32000;2708.9;275.0;234.0;57.0;6.72;0.926;0.17498;0.04096;0.00;0.000;1.745;0.947;0.000;0.557;116.355;109.20;105.95;26586.4;1169.90;2.59;3.08;1.05;38506.52;23788.16;24859.38;33589.9;1.15;0.71;0.74;31/07/2024 19:00:24;
01/08/2024;21;2.0TD;1;0.000136516687000000;0.162;0.971896863;222.749791;33.081;43.893;145.775791;117.69;-4.56577;0.83576;0.75;0.25;107.31708;89.05400;101.96000;73.51000;75.32000;2708.9;275.0;234.0;57.0;7.05;0.926;0.17498;0.04096;0.00;0.000;1.882;0.947;0.000;0.557;125.452;117.60;119.60;26703.5;1233.60;2.92;3.08;1.05;28547.64;43638.24;24859.38;33210.6;0.86;1.31;0.75;31/07/2024 19:00:24;
01/08/2024;22;2.0TD;1;0.000150837600000000;0.163;0.973702281;240.940122;33.081;43.893;163.966122;132.42;-4.56577;0.83576;0.75;0.25;107.31708;89.05400;101.96000;73.51000;75.32000;2708.9;275.0;234.0;57.0;7.62;0.926;0.17498;0.04096;0.00;0.000;2.115;0.947;0.000;0.557;140.985;132.66;127.67;25740.2;1322.70;3.49;3.08;1.05;74712.72;15832.32;24859.38;33090.3;2.26;0.48;0.75;31/07/2024 19:00:24;
01/08/2024;23;2.0TD;2;0.000152653190000000;0.167;1.024779328;183.214247;19.184;8.779;155.251247;125.24;-4.56577;0.83576;0.75;0.25;107.31708;89.05400;101.96000;73.51000;75.32000;2708.9;275.0;234.0;57.0;7.74;0.154;0.17498;0.04096;0.00;0.000;1.996;0.947;0.000;0.557;133.034;125.50;120.50;25246.7;1374.50;3.61;3.08;1.05;82459.44;9129.12;24859.38;32294.5;2.55;0.28;0.77;31/07/2024 19:00:24;
01/08/2024;24;2.0TD;2;0.000136127655000000;0.163;1.001803389;173.625828;19.184;8.779;145.662828;116.76;-4.56577;0.83576;0.75;0.25;107.31708;89.05400;101.96000;73.51000;75.32000;2708.9;275.0;234.0;57.0;8.55;0.154;0.17498;0.04096;0.00;0.000;1.879;0.947;0.000;0.557;125.247;117.14;110.04;23936.2;1351.00;4.42;3.08;1.05;94342.08;12975.76;24859.38;29861.0;3.16;0.43;0.83;31/07/2024 19:00:24;
*
