pvpcdata;
2024;12;11;12;05;25;
06/11/2024;1;2.0TD;3;0.000097616883000000;0.216;1.199958917;159.168282;0.557;2.195;156.416282;122.95;-5.92851;1.07912;0.75;0.25;116.83083;93.11680;101.96000;84.74000;75.52000;1931.2;275.0;200.0;46.0;8.43;0.000;0.17498;0.04096;0.00;0.000;1.929;0.947;0.000;0.557;128.631;123.04;122.04;15314.7;1492.30;4.19;3.21;1.03;53317.24;15534.72;24859.38;22373.1;2.38;0.69;1.11;05/11/2024 16:08:42;
06/11/2024;2;2.0TD;3;0.000081172106000000;0.223;1.239491895;156.084170;0.557;2.195;153.332170;118.96;-5.92851;1.07912;0.75;0.25;116.83083;93.11680;101.96000;84.74000;75.52000;1931.2;275.0;200.0;46.0;9.21;0.000;0.17498;0.04096;0.00;0.000;1.881;0.947;0.000;0.557;125.373;119.23;116.30;14737.6;1476.10;4.97;3.21;1.03;69005.68;11648.00;24859.38;21216.8;3.25;0.55;1.17;05/11/2024 16:08:42;
06/11/2024;3;2.0TD;3;0.000072141309000000;0.231;1.284671415;160.373931;0.557;2.195;157.621931;117.57;-5.92851;1.07912;0.75;0.25;116.83083;93.11680;101.96000;84.74000;75.52000;1931.2;275.0;200.0;46.0;13.23;0.000;0.17498;0.04096;0.00;0.000;1.921;0.947;0.000;0.557;128.043;117.98;112.83;13842.7;1204.70;8.99;3.21;1.03;145308.36;14004.00;24859.38;20466.5;7.10;0.68;1.21;05/11/2024 16:08:42;
06/11/2024;4;2.0TD;3;0.000067868588000000;0.235;1.303999079;157.914696;0.557;2.195;155.162696;115.57;-5.92851;1.07912;0.75;0.25;116.83083;93.11680;101.96000;84.74000;75.52000;1931.2;275.0;200.0;46.0;12.86;0.000;0.17498;0.04096;0.00;0.000;1.885;0.947;0.000;0.557;125.637;116.03;110.23;13643.7;1168.90;8.62;3.21;1.03;162155.52;12016.96;0.00;20202.1;8.03;0.59;0.00;05/11/2024 16:08:42;
06/11/2024;5;2.0TD;3;0.000066541382000000;0.234;1.299822214;151.849816;0.557;2.195;149.097816;110.03;-5.92851;1.07912;0.75;0.25;116.83083;93.11680;101.96000;84.74000;75.52000;1931.2;275.0;200.0;46.0;13.66;0.000;0.17498;0.04096;0.00;0.000;1.812;0.947;0.000;0.557;120.824;110.43;104.91;13684.2;1057.40;9.42;3.21;1.03;174389.76;14637.68;0.00;20077.0;8.69;0.73;0.00;05/11/2024 16:08:42;
06/11/2024;6;2.0TD;3;0.000068911879000000;0.227;1.260059963;152.959880;0.557;2.195;150.207880;112.13;-5.92851;1.07912;0.75;0.25;116.83083;93.11680;101.96000;84.74000;75.52000;1931.2;275.0;200.0;46.0;13.13;0.000;0.17498;0.04096;0.00;0.000;1.836;0.947;0.000;0.557;122.418;112.53;107.53;13884.1;1220.20;8.89;3.21;1.03;170447.12;13914.00;0.00;20748.5;8.21;0.67;0.00;05/11/2024 16:08:42;
06/11/2024;7;2.0TD;3;0.000079563755000000;0.208;1.155418473;153.663587;0.557;2.195;150.911587;119.43;-5.92851;1.07912;0.75;0.25;116.83083;93.11680;101.96000;84.74000;75.52000;1931.2;275.0;200.0;46.0;8.30;0.000;0.17498;0.04096;0.00;0.000;1.874;0.947;0.000;0.557;124.926;119.23;122.41;15321.2;1031.10;4.06;3.21;1.03;49544.84;17982.00;24859.38;22751.7;2.18;0.79;1.09;05/11/2024 16:08:42;
06/11/2024;8;2.0TD;3;0.000101617342000000;0.189;1.048279930;157.205253;0.557;2.195;154.453253;124.97;-5.92851;1.07912;0.75;0.25;116.83083;93.11680;101.96000;84.74000;75.52000;1931.2;275.0;200.0;46.0;7.66;0.000;0.17498;0.04096;0.00;0.000;1.949;0.947;0.000;0.557;129.901;125.01;124.39;17408.3;1087.00;3.42;3.21;1.03;21654.68;42012.96;24859.38;25886.3;0.84;1.62;0.96;05/11/2024 16:08:42;
06/11/2024;9;2.0TD;2;0.000108316904000000;0.189;1.159610544;187.454046;19.184;8.779;159.491046;129.12;-5.92851;1.07912;0.75;0.25;116.83083;93.11680;101.96000;84.74000;75.52000;1931.2;275.0;200.0;46.0;7.53;0.154;0.17498;0.04096;0.00;0.000;2.012;0.947;0.000;0.557;134.138;128.89;132.64;18885.0;1233.90;3.29;3.21;1.03;10846.40;54443.40;24859.38;27444.0;0.40;1.98;0.91;05/11/2024 16:08:42;
06/11/2024;10;2.0TD;2;0.000108936941000000;0.174;1.064608091;172.891904;19.184;8.779;144.928904;119.23;-5.92851;1.07912;0.75;0.25;116.83083;93.11680;101.96000;84.74000;75.52000;1931.2;275.0;200.0;46.0;6.89;0.154;0.17498;0.04096;0.00;0.000;1.852;0.947;0.000;0.557;123.448;119.23;119.20;19070.7;1463.90;2.65;3.21;1.03;24927.80;24151.68;24859.38;27849.4;0.90;0.87;0.89;05/11/2024 16:08:42;
06/11/2024;11;2.0TD;1;0.000110547073000000;0.170;1.015499486;202.666878;33.081;43.893;125.692878;100.31;-5.92851;1.07912;0.75;0.25;116.83083;93.11680;101.96000;84.74000;75.52000;1931.2;275.0;200.0;46.0;9.26;0.926;0.17498;0.04096;0.00;0.000;1.611;0.947;0.000;0.557;107.429;100.34;99.84;20819.5;1317.70;5.02;3.21;1.03;66608.00;49124.88;24859.38;28006.6;2.38;1.75;0.89;05/11/2024 16:08:42;
06/11/2024;12;2.0TD;1;0.000109503280000000;0.169;1.013782671;194.370603;33.081;43.893;117.396603;92.33;-5.92851;1.07912;0.75;0.25;116.83083;93.11680;101.96000;84.74000;75.52000;1931.2;275.0;200.0;46.0;10.34;0.926;0.17498;0.04096;0.00;0.000;1.506;0.947;0.000;0.557;100.424;92.33;92.33;21182.7;1529.10;6.10;3.21;1.03;84907.40;61312.32;24859.38;28079.4;3.02;2.18;0.89;05/11/2024 16:08:42;
06/11/2024;13;2.0TD;1;0.000110791640000000;0.166;0.993661339;187.831229;33.081;43.893;110.857229;88.00;-5.92851;1.07912;0.75;0.25;116.83083;93.11680;101.96000;84.74000;75.52000;1931.2;275.0;200.0;46.0;9.40;0.926;0.17498;0.04096;0.00;0.000;1.426;0.947;0.000;0.557;95.074;88.00;88.00;21389.8;1490.50;5.16;3.21;1.03;90399.20;29940.00;24859.38;28141.0;3.21;1.06;0.88;05/11/2024 16:08:42;
06/11/2024;14;2.0TD;1;0.000118040427000000;0.168;1.003788741;190.120275;33.081;43.893;113.146275;90.00;-5.92851;1.07912;0.75;0.25;116.83083;93.11680;101.96000;84.74000;75.52000;1931.2;275.0;200.0;46.0;9.17;0.926;0.17498;0.04096;0.00;0.000;1.453;0.947;0.000;0.557;96.871;90.00;90.01;21578.4;1538.50;4.93;3.21;1.03;87851.60;27409.92;24859.38;28410.8;3.09;0.96;0.87;05/11/2024 16:08:42;
06/11/2024;15;2.0TD;2;0.000119548493000000;0.172;1.058079946;135.997738;19.184;8.779;108.034738;86.00;-5.92851;1.07912;0.75;0.25;116.83083;93.11680;101.96000;84.74000;75.52000;1931.2;275.0;200.0;46.0;9.32;0.154;0.17498;0.04096;0.00;0.000;1.383;0.947;0.000;0.557;92.179;86.00;86.00;21458.7;1366.90;5.08;3.21;1.03;92941.04;24730.72;24859.38;28080.0;3.31;0.88;0.89;05/11/2024 16:08:42;
06/11/2024;16;2.0TD;2;0.000114374849000000;0.180;1.101738124;146.929196;19.184;8.779;118.966196;92.58;-5.92851;1.07912;0.75;0.25;116.83083;93.11680;101.96000;84.74000;75.52000;1931.2;275.0;200.0;46.0;11.25;0.154;0.17498;0.04096;0.00;0.000;1.512;0.947;0.000;0.557;100.818;92.58;92.58;20850.6;1307.20;7.01;3.21;1.03;84803.88;81587.52;24859.38;27287.1;3.11;2.99;0.91;05/11/2024 16:08:42;
06/11/2024;17;2.0TD;2;0.000111658790000000;0.186;1.139692701;161.055695;19.184;8.779;133.092695;105.83;-5.92851;1.07912;0.75;0.25;116.83083;93.11680;101.96000;84.74000;75.52000;1931.2;275.0;200.0;46.0;9.23;0.154;0.17498;0.04096;0.00;0.000;1.683;0.947;0.000;0.557;112.219;105.80;106.30;19154.6;1313.60;4.99;3.21;1.03;42584.68;65978.64;24859.38;26707.0;1.59;2.47;0.93;05/11/2024 16:08:42;
06/11/2024;18;2.0TD;2;0.000118813928000000;0.193;1.185784310;182.758103;19.184;8.779;154.795103;124.58;-5.92851;1.07912;0.75;0.25;116.83083;93.11680;101.96000;84.74000;75.52000;1931.2;275.0;200.0;46.0;7.75;0.154;0.17498;0.04096;0.00;0.000;1.946;0.947;0.000;0.557;129.752;125.00;118.75;18490.8;1339.70;3.51;3.21;1.03;19633.80;51561.92;24859.38;27399.5;0.72;1.88;0.91;05/11/2024 16:08:42;
06/11/2024;19;2.0TD;1;0.000139804658000000;0.192;1.147922517;289.813718;33.081;43.893;212.839718;171.73;-5.92851;1.07912;0.75;0.25;116.83083;93.11680;101.96000;84.74000;75.52000;1931.2;275.0;200.0;46.0;7.90;0.926;0.17498;0.04096;0.00;0.000;2.678;0.947;0.000;0.557;178.556;171.89;169.89;20102.1;1690.10;3.66;3.21;1.03;-7098.04;85546.16;24859.38;28265.9;-0.25;3.03;0.88;05/11/2024 16:08:42;
06/11/2024;20;2.0TD;1;0.000154912181000000;0.195;1.164790857;283.737454;33.081;43.893;206.763454;166.57;-5.92851;1.07912;0.75;0.25;116.83083;93.11680;101.96000;84.74000;75.52000;1931.2;275.0;200.0;46.0;7.61;0.926;0.17498;0.04096;0.00;0.000;2.595;0.947;0.000;0.557;173.023;167.02;162.02;19899.9;1985.20;3.37;3.21;1.03;-5009.92;77764.16;24859.38;28947.6;-0.17;2.69;0.86;05/11/2024 16:08:42;
06/11/2024;21;2.0TD;1;0.000166395489000000;0.195;1.165900716;244.248679;33.081;43.893;167.274679;134.98;-5.92851;1.07912;0.75;0.25;116.83083;93.11680;101.96000;84.74000;75.52000;1931.2;275.0;200.0;46.0;6.65;0.926;0.17498;0.04096;0.00;0.000;2.100;0.947;0.000;0.557;139.978;135.18;132.18;20566.5;1483.10;2.41;3.21;1.03;8454.00;38041.92;24859.38;29550.9;0.29;1.29;0.84;05/11/2024 16:08:42;
06/11/2024;22;2.0TD;1;0.000166188914000000;0.200;1.199101957;232.204573;33.081;43.893;155.230573;124.56;-5.92851;1.07912;0.75;0.25;116.83083;93.11680;101.96000;84.74000;75.52000;1931.2;275.0;200.0;46.0;6.61;0.926;0.17498;0.04096;0.00;0.000;1.940;0.947;0.000;0.557;129.358;124.65;123.33;19712.8;1397.70;2.37;3.21;1.03;19965.48;22937.04;24859.38;28658.0;0.70;0.80;0.87;05/11/2024 16:08:42;
06/11/2024;23;2.0TD;2;0.000147951110000000;0.212;1.303419942;175.823134;19.184;8.779;147.860134;117.26;-5.92851;1.07912;0.75;0.25;116.83083;93.11680;101.96000;84.74000;75.52000;1931.2;275.0;200.0;46.0;7.43;0.154;0.17498;0.04096;0.00;0.000;1.830;0.947;0.000;0.557;121.996;117.39;115.00;17286.9;981.10;3.19;3.21;1.03;29993.48;27944.00;24859.38;26007.4;1.15;1.07;0.96;05/11/2024 16:08:42;
06/11/2024;24;2.0TD;2;0.000121928076000000;0.222;1.363896785;176.447988;19.184;8.779;148.484988;115.85;-5.92851;1.07912;0.75;0.25;116.83083;93.11680;101.96000;84.74000;75.52000;1931.2;275.0;200.0;46.0;8.36;0.154;0.17498;0.04096;0.00;0.000;1.823;0.947;0.000;0.557;121.509;116.16;111.16;15248.1;993.80;4.12;3.21;1.03;38023.64;34490.88;24859.38;23592.6;1.61;1.46;1.05;05/11/2024 16:08:42;
*
