pvpcdata;
2024;04;10;12;05;38;
10/03/2024;1;2.0TD;3;0.000119654918000000;0.224;1.246886208;49.338424;0.557;2.195;46.586424;0.00;23.32538;0.77861;0.75;0.25;0.53708;93.83860;101.96000;97.42000;37.09000;2558.4;275.0;177.0;46.0;17.99;0.000;0.17498;0.04096;0.00;0.000;0.000;0.571;0.565;0.000;0.557;38.060;0.00;0.00;19020.6;2303.60;13.18;3.40;1.41;270186.80;13821.20;24859.38;23424.3;11.53;0.59;1.06;09/03/2024 16:08:15;
10/03/2024;2;2.0TD;3;0.000101499323000000;0.255;1.414851429;50.199538;0.557;2.195;47.447538;-0.12;23.32538;0.77861;0.75;0.25;0.53708;93.83860;101.96000;97.42000;37.09000;2558.4;275.0;177.0;46.0;17.86;0.000;0.17498;0.04096;0.00;0.000;0.000;0.567;0.565;0.000;0.557;37.806;0.00;-0.97;17520.1;2433.60;13.05;3.40;1.41;270187.04;15900.00;0.00;21928.3;12.32;0.73;0.00;09/03/2024 16:08:15;
10/03/2024;3;2.0TD;3;0.000089151979000000;0.242;1.344206666;50.023518;0.557;2.195;47.271518;-0.25;23.32538;0.77861;0.75;0.25;0.53708;93.83860;101.96000;97.42000;37.09000;2558.4;275.0;177.0;46.0;18.24;0.000;0.17498;0.04096;0.00;0.000;0.000;0.571;0.565;0.000;0.557;38.060;0.00;-2.00;16551.2;2421.00;13.43;3.40;1.41;270181.92;7965.00;0.00;20711.2;13.05;0.38;0.00;09/03/2024 16:08:15;
10/03/2024;4;2.0TD;3;0.000079193980000000;0.247;1.374170463;50.555500;0.557;2.195;47.803500;-0.39;23.32538;0.77861;0.75;0.25;0.53708;93.83860;101.96000;97.42000;37.09000;2558.4;275.0;177.0;46.0;18.65;0.000;0.17498;0.04096;0.00;0.000;0.000;0.575;0.565;0.000;0.557;38.334;0.00;-3.00;16228.7;2440.80;13.84;3.40;1.41;270182.08;9285.80;0.00;20198.6;13.38;0.46;0.00;09/03/2024 16:08:15;
10/03/2024;5;2.0TD;3;0.000075517472000000;0.250;1.386515723;51.406754;0.557;2.195;48.654754;-0.40;23.32538;0.77861;0.75;0.25;0.53708;93.83860;101.96000;97.42000;37.09000;2558.4;275.0;177.0;46.0;19.24;0.000;0.17498;0.04096;0.00;0.000;0.000;0.584;0.565;0.000;0.557;38.923;0.00;-3.00;15828.1;2426.80;14.43;3.40;1.41;270182.28;15880.00;0.00;19826.2;13.63;0.80;0.00;09/03/2024 16:08:15;
10/03/2024;6;2.0TD;3;0.000075258497000000;0.248;1.377986054;51.024395;0.557;2.195;48.272395;-0.40;23.32538;0.77861;0.75;0.25;0.53708;93.83860;101.96000;97.42000;37.09000;2558.4;275.0;177.0;46.0;19.00;0.000;0.17498;0.04096;0.00;0.000;0.000;0.580;0.565;0.000;0.557;38.679;0.00;-3.00;15894.2;2418.60;14.19;3.40;1.41;270182.40;11002.80;0.00;19820.1;13.63;0.56;0.00;09/03/2024 16:08:15;
10/03/2024;7;2.0TD;3;0.000077071598000000;0.242;1.342969661;50.679294;0.557;2.195;47.927294;-0.39;23.32538;0.77861;0.75;0.25;0.53708;93.83860;101.96000;97.42000;37.09000;2558.4;275.0;177.0;46.0;18.90;0.000;0.17498;0.04096;0.00;0.000;0.000;0.579;0.565;0.000;0.557;38.588;0.00;-3.00;16200.2;2415.70;14.09;3.40;1.41;270182.20;15870.00;0.00;20303.7;13.31;0.78;0.00;09/03/2024 16:08:15;
10/03/2024;8;2.0TD;3;0.000078892664000000;0.230;1.276656033;50.590148;0.557;2.195;47.838148;-0.38;23.32538;0.77861;0.75;0.25;0.53708;93.83860;101.96000;97.42000;37.09000;2558.4;275.0;177.0;46.0;19.19;0.000;0.17498;0.04096;0.00;0.000;0.000;0.583;0.565;0.000;0.557;38.892;0.00;-3.00;16433.9;2391.80;14.38;3.40;1.41;270186.76;29708.64;0.00;20851.9;12.96;1.42;0.00;09/03/2024 16:08:15;
10/03/2024;9;2.0TD;3;0.000090168594000000;0.207;1.148808104;50.211003;0.557;2.195;47.459003;-0.61;23.32538;0.77861;0.75;0.25;0.53708;93.83860;101.96000;97.42000;37.09000;2558.4;275.0;177.0;46.0;19.84;0.000;0.17498;0.04096;0.00;0.000;0.000;0.590;0.565;0.000;0.557;39.319;0.00;-4.90;17280.7;2443.40;15.03;3.40;1.41;270186.88;52350.00;0.00;21461.2;12.59;2.44;0.00;09/03/2024 16:08:15;
10/03/2024;10;2.0TD;3;0.000112457382000000;0.186;1.034586442;44.592661;0.557;2.195;41.840661;-0.75;23.32538;0.77861;0.75;0.25;0.53708;93.83860;101.96000;97.42000;37.09000;2558.4;275.0;177.0;46.0;16.00;0.000;0.17498;0.04096;0.00;0.000;0.000;0.529;0.565;0.000;0.557;35.278;0.00;-6.00;19638.7;2788.20;11.19;3.40;1.41;245460.76;13406.88;0.00;23138.1;10.61;0.58;0.00;09/03/2024 16:08:15;
10/03/2024;11;2.0TD;3;0.000129577898000000;0.174;0.964753647;42.536281;0.557;2.195;39.784281;-0.56;23.32538;0.77861;0.75;0.25;0.53708;93.83860;101.96000;97.42000;37.09000;2558.4;275.0;177.0;46.0;14.44;0.000;0.17498;0.04096;0.00;0.000;0.000;0.508;0.565;0.000;0.557;33.887;0.00;-4.99;21646.2;2817.00;9.63;3.40;1.41;227056.48;8544.20;0.00;24460.1;9.28;0.35;0.00;09/03/2024 16:08:15;
10/03/2024;12;2.0TD;3;0.000135076535000000;0.169;0.938453120;46.662917;0.557;2.195;43.910917;-0.90;23.32538;0.77861;0.75;0.25;0.53708;93.83860;101.96000;97.42000;37.09000;2558.4;275.0;177.0;46.0;18.40;0.000;0.17498;0.04096;0.00;0.000;0.000;0.563;0.565;0.000;0.557;37.562;0.00;-7.53;22544.6;3054.40;13.59;3.40;1.41;332345.92;7185.92;0.00;24990.2;13.30;0.29;0.00;09/03/2024 16:08:15;
10/03/2024;13;2.0TD;3;0.000134771705000000;0.166;0.921108747;46.538569;0.557;2.195;43.786569;-0.95;23.32538;0.77861;0.75;0.25;0.53708;93.83860;101.96000;97.42000;37.09000;2558.4;275.0;177.0;46.0;18.44;0.000;0.17498;0.04096;0.00;0.000;0.000;0.563;0.565;0.000;0.557;37.552;0.00;-7.53;23127.7;3356.10;13.63;3.40;1.41;332345.92;9664.00;0.00;25094.9;13.24;0.39;0.00;09/03/2024 16:08:15;
10/03/2024;14;2.0TD;3;0.000140398342000000;0.164;0.910474057;47.220063;0.557;2.195;44.468063;-0.97;23.32538;0.77861;0.75;0.25;0.53708;93.83860;101.96000;97.42000;37.09000;2558.4;275.0;177.0;46.0;19.10;0.000;0.17498;0.04096;0.00;0.000;0.000;0.573;0.565;0.000;0.557;38.202;0.00;-7.53;23602.1;3480.10;14.29;3.40;1.41;357043.44;8202.24;0.00;25564.7;13.97;0.32;0.00;09/03/2024 16:08:15;
10/03/2024;15;2.0TD;3;0.000138040252000000;0.166;0.923057583;46.278551;0.557;2.195;43.526551;-1.00;23.32538;0.77861;0.75;0.25;0.53708;93.83860;101.96000;97.42000;37.09000;2558.4;275.0;177.0;46.0;18.27;0.000;0.17498;0.04096;0.00;0.000;0.000;0.560;0.565;0.000;0.557;37.329;0.00;-7.53;23336.2;3570.50;13.46;3.40;1.41;332345.88;10041.72;0.00;25443.3;13.06;0.39;0.00;09/03/2024 16:08:15;
10/03/2024;16;2.0TD;3;0.000123059236000000;0.178;0.987015337;47.049281;0.557;2.195;44.297281;-1.15;23.32538;0.77861;0.75;0.25;0.53708;93.83860;101.96000;97.42000;37.09000;2558.4;275.0;177.0;46.0;18.69;0.000;0.17498;0.04096;0.00;0.000;0.000;0.564;0.565;0.000;0.557;37.603;0.00;-8.30;22506.4;3636.10;13.88;3.40;1.41;332345.84;5814.00;0.00;24357.5;13.64;0.24;0.00;09/03/2024 16:08:15;
10/03/2024;17;2.0TD;3;0.000114099532000000;0.187;1.037957916;48.063118;0.557;2.195;45.311118;-1.01;23.32538;0.77861;0.75;0.25;0.53708;93.83860;101.96000;97.42000;37.09000;2558.4;275.0;177.0;46.0;19.11;0.000;0.17498;0.04096;0.00;0.000;0.000;0.573;0.565;0.000;0.557;38.172;0.00;-7.53;21942.2;3394.20;14.30;3.40;1.41;332345.88;8960.00;0.00;23864.9;13.93;0.38;0.00;09/03/2024 16:08:15;
10/03/2024;18;2.0TD;3;0.000113744943000000;0.190;1.057816770;48.974936;0.557;2.195;46.222936;-0.56;23.32538;0.77861;0.75;0.25;0.53708;93.83860;101.96000;97.42000;37.09000;2558.4;275.0;177.0;46.0;19.32;0.000;0.17498;0.04096;0.00;0.000;0.000;0.583;0.565;0.000;0.557;38.842;0.00;-4.90;21572.0;2832.00;14.51;3.40;1.41;332345.92;14885.84;0.00;23927.2;13.89;0.62;0.00;09/03/2024 16:08:15;
10/03/2024;19;2.0TD;3;0.000122672368000000;0.197;1.094499290;45.381723;0.557;2.195;42.629723;-0.09;23.32538;0.77861;0.75;0.25;0.53708;93.83860;101.96000;97.42000;37.09000;2558.4;275.0;177.0;46.0;15.67;0.000;0.17498;0.04096;0.00;0.000;0.000;0.534;0.565;0.000;0.557;35.613;0.00;-1.00;21003.6;2216.10;10.86;3.40;1.41;263619.20;9175.04;0.00;25108.0;10.50;0.37;0.00;09/03/2024 16:08:15;
10/03/2024;20;2.0TD;3;0.000149674510000000;0.200;1.112215952;47.998964;0.557;2.195;45.246964;3.08;23.32538;0.77861;0.75;0.25;0.53708;93.83860;101.96000;97.42000;37.09000;2558.4;275.0;177.0;46.0;14.56;0.000;0.17498;0.04096;0.00;0.000;0.000;0.566;0.565;0.000;0.557;37.705;3.19;1.54;22558.5;1544.40;9.75;3.40;1.41;262942.16;8206.16;0.00;27803.7;9.46;0.30;0.00;09/03/2024 16:08:15;
10/03/2024;21;2.0TD;3;0.000175385238000000;0.200;1.110469841;46.585364;0.557;2.195;43.833364;3.10;23.32538;0.77861;0.75;0.25;0.53708;93.83860;101.96000;97.42000;37.09000;2558.4;275.0;177.0;46.0;13.38;0.000;0.17498;0.04096;0.00;0.000;0.000;0.548;0.565;0.000;0.557;36.527;3.20;1.55;23759.3;1606.10;8.57;3.40;1.41;245113.44;7906.00;0.00;29535.6;8.30;0.27;0.00;09/03/2024 16:08:15;
10/03/2024;22;2.0TD;3;0.000177351260000000;0.201;1.115360371;47.694385;0.557;2.195;44.942385;3.09;23.32538;0.77861;0.75;0.25;0.53708;93.83860;101.96000;97.42000;37.09000;2558.4;275.0;177.0;46.0;14.27;0.000;0.17498;0.04096;0.00;0.000;0.000;0.561;0.565;0.000;0.557;37.420;3.20;1.55;23516.5;1608.80;9.46;3.40;1.41;244945.00;7857.76;24859.38;29372.5;8.34;0.27;0.85;09/03/2024 16:08:15;
10/03/2024;23;2.0TD;3;0.000158005757000000;0.207;1.150278412;43.949087;0.557;2.195;41.197087;3.06;23.32538;0.77861;0.75;0.25;0.53708;93.83860;101.96000;97.42000;37.09000;2558.4;275.0;177.0;46.0;11.06;0.000;0.17498;0.04096;0.00;0.000;0.000;0.512;0.565;0.000;0.557;34.131;3.20;1.21;21289.8;1663.70;6.25;3.40;1.41;139630.84;7863.12;24859.38;27586.8;5.06;0.29;0.90;09/03/2024 16:08:15;
10/03/2024;24;2.0TD;3;0.000132169756000000;0.210;1.168230502;40.906692;0.557;2.195;38.154692;-0.06;23.32538;0.77861;0.75;0.25;0.53708;93.83860;101.96000;97.42000;37.09000;2558.4;275.0;177.0;46.0;11.62;0.000;0.17498;0.04096;0.00;0.000;0.000;0.473;0.565;0.000;0.557;31.532;0.10;-1.90;19477.1;1766.40;6.81;3.40;1.41;140659.84;5188.72;24859.38;25048.8;5.62;0.21;0.99;09/03/2024 16:08:15;
*
