pvpcdata;
2024;08;09;11;56;55;
29/07/2024;1;2.0TD;3;0.000112823747000000;0.176;0.980315626;142.043119;0.557;2.195;139.291119;113.11;-4.96213;0.91142;0.75;0.25;108.77750;88.92900;101.96000;73.51000;74.07000;2501.6;275.0;234.0;61.0;6.36;0.000;0.17498;0.04096;0.00;0.000;1.777;0.947;0.000;0.557;118.444;113.64;106.59;20879.2;1690.10;2.14;3.13;1.09;12607.32;18664.64;24859.38;26264.0;0.48;0.71;0.95;28/07/2024 16:10:28;
29/07/2024;2;2.0TD;3;0.000094152152000000;0.177;0.981842178;138.110330;0.557;2.195;135.358330;110.38;-4.96213;0.91142;0.75;0.25;108.77750;88.92900;101.96000;73.51000;74.07000;2501.6;275.0;234.0;61.0;5.70;0.000;0.17498;0.04096;0.00;0.000;1.725;0.947;0.000;0.557;115.002;110.98;103.72;19405.5;1756.70;1.48;3.13;1.09;15133.84;21194.88;0.00;24551.2;0.62;0.86;0.00;28/07/2024 16:10:28;
29/07/2024;3;2.0TD;3;0.000083519122000000;0.176;0.975625890;133.888735;0.557;2.195;131.136735;106.54;-4.96213;0.91142;0.75;0.25;108.77750;88.92900;101.96000;73.51000;74.07000;2501.6;275.0;234.0;61.0;6.10;0.000;0.17498;0.04096;0.00;0.000;1.673;0.947;0.000;0.557;111.510;106.91;102.56;18069.5;1694.50;1.88;3.13;1.09;21674.80;22344.00;0.00;23359.6;0.93;0.96;0.00;28/07/2024 16:10:28;
29/07/2024;4;2.0TD;3;0.000077531988000000;0.173;0.960939977;133.077965;0.557;2.195;130.325965;105.98;-4.96213;0.91142;0.75;0.25;108.77750;88.92900;101.96000;73.51000;74.07000;2501.6;275.0;234.0;61.0;6.26;0.000;0.17498;0.04096;0.00;0.000;1.667;0.947;0.000;0.557;111.104;106.41;101.41;17442.7;1633.50;2.04;3.13;1.09;22238.28;23925.00;0.00;22660.7;0.98;1.06;0.00;28/07/2024 16:10:28;
29/07/2024;5;2.0TD;3;0.000074122057000000;0.170;0.945633566;133.432610;0.557;2.195;130.680610;106.61;-4.96213;0.91142;0.75;0.25;108.77750;88.92900;101.96000;73.51000;74.07000;2501.6;275.0;234.0;61.0;6.21;0.000;0.17498;0.04096;0.00;0.000;1.675;0.947;0.000;0.557;111.692;106.91;103.40;17098.0;1610.50;1.99;3.13;1.09;21647.64;22854.72;0.00;22394.8;0.97;1.02;0.00;28/07/2024 16:10:28;
29/07/2024;6;2.0TD;3;0.000072950895000000;0.166;0.924793070;133.862671;0.557;2.195;131.110671;106.67;-4.96213;0.91142;0.75;0.25;108.77750;88.92900;101.96000;73.51000;74.07000;2501.6;275.0;234.0;61.0;6.89;0.000;0.17498;0.04096;0.00;0.000;1.687;0.947;0.000;0.557;112.444;106.91;103.91;16842.2;1471.60;2.67;3.13;1.09;37576.72;22854.72;0.00;22666.6;1.66;1.01;0.00;28/07/2024 16:10:28;
29/07/2024;7;2.0TD;3;0.000073680082000000;0.160;0.888667278;136.038122;0.557;2.195;133.286122;108.92;-4.96213;0.91142;0.75;0.25;108.77750;88.92900;101.96000;73.51000;74.07000;2501.6;275.0;234.0;61.0;7.06;0.000;0.17498;0.04096;0.00;0.000;1.724;0.947;0.000;0.557;114.901;109.15;106.15;18299.6;1492.80;2.84;3.13;1.09;29219.64;15842.24;24859.38;24690.2;1.18;0.64;1.01;28/07/2024 16:10:28;
29/07/2024;8;2.0TD;3;0.000076303022000000;0.159;0.882521905;138.711774;0.557;2.195;135.959774;111.83;-4.96213;0.91142;0.75;0.25;108.77750;88.92900;101.96000;73.51000;74.07000;2501.6;275.0;234.0;61.0;6.52;0.000;0.17498;0.04096;0.00;0.000;1.760;0.947;0.000;0.557;117.307;112.03;109.23;20367.0;1603.80;2.30;3.13;1.09;20637.64;15970.00;24859.38;26734.8;0.77;0.60;0.93;28/07/2024 16:10:28;
29/07/2024;9;2.0TD;2;0.000087308417000000;0.141;0.864594452;163.529579;19.184;8.779;135.566579;112.21;-4.96213;0.91142;0.75;0.25;108.77750;88.92900;101.96000;73.51000;74.07000;2501.6;275.0;234.0;61.0;7.47;0.154;0.17498;0.04096;0.00;0.000;1.782;0.947;0.000;0.557;118.813;112.46;109.19;21540.4;1814.60;3.25;3.13;1.09;27208.28;38782.80;24859.38;28014.1;0.97;1.38;0.89;28/07/2024 16:10:28;
29/07/2024;10;2.0TD;2;0.000099789359000000;0.139;0.852788477;162.528822;19.184;8.779;134.565822;111.18;-4.96213;0.91142;0.75;0.25;108.77750;88.92900;101.96000;73.51000;74.07000;2501.6;275.0;234.0;61.0;7.84;0.154;0.17498;0.04096;0.00;0.000;1.772;0.947;0.000;0.557;118.143;111.93;101.93;23569.3;1924.30;3.62;3.13;1.09;31176.80;51253.00;24859.38;29621.5;1.05;1.73;0.84;28/07/2024 16:10:28;
29/07/2024;11;2.0TD;1;0.000109652184000000;0.144;0.860885043;211.703829;33.081;43.893;134.729829;110.57;-4.96213;0.91142;0.75;0.25;108.77750;88.92900;101.96000;73.51000;74.07000;2501.6;275.0;234.0;61.0;7.31;0.926;0.17498;0.04096;0.00;0.000;1.767;0.947;0.000;0.557;117.770;111.41;99.46;24786.9;1874.40;3.09;3.13;1.09;34480.76;35460.80;24859.38;30730.2;1.12;1.15;0.81;28/07/2024 16:10:28;
29/07/2024;12;2.0TD;1;0.000115535326000000;0.146;0.873011565;206.831649;33.081;43.893;129.857649;106.19;-4.96213;0.91142;0.75;0.25;108.77750;88.92900;101.96000;73.51000;74.07000;2501.6;275.0;234.0;61.0;7.30;0.926;0.17498;0.04096;0.00;0.000;1.700;0.947;0.000;0.557;113.313;106.91;97.19;24888.0;1999.40;3.08;3.13;1.09;52695.28;19255.52;24859.38;31396.5;1.68;0.61;0.79;28/07/2024 16:10:28;
29/07/2024;13;2.0TD;1;0.000122645320000000;0.146;0.875034086;205.016385;33.081;43.893;128.042385;104.05;-4.96213;0.91142;0.75;0.25;108.77750;88.92900;101.96000;73.51000;74.07000;2501.6;275.0;234.0;61.0;7.88;0.926;0.17498;0.04096;0.00;0.000;1.676;0.947;0.000;0.557;111.729;104.31;100.66;25312.1;1911.60;3.66;3.13;1.09;53116.32;39900.00;24859.38;32221.0;1.65;1.24;0.77;28/07/2024 16:10:28;
29/07/2024;14;2.0TD;1;0.000134074911000000;0.142;0.850287432;200.244711;33.081;43.893;123.270711;99.65;-4.96213;0.91142;0.75;0.25;108.77750;88.92900;101.96000;73.51000;74.07000;2501.6;275.0;234.0;61.0;8.55;0.926;0.17498;0.04096;0.00;0.000;1.619;0.947;0.000;0.557;107.942;100.00;95.00;25778.4;1967.20;4.33;3.13;1.09;57659.32;60954.56;24859.38;33173.5;1.74;1.84;0.75;28/07/2024 16:10:28;
29/07/2024;15;2.0TD;2;0.000139982743000000;0.143;0.876158771;149.123091;19.184;8.779;121.160091;98.47;-4.96213;0.91142;0.75;0.25;108.77750;88.92900;101.96000;73.51000;74.07000;2501.6;275.0;234.0;61.0;8.59;0.154;0.17498;0.04096;0.00;0.000;1.590;0.947;0.000;0.557;106.001;99.09;90.00;26074.3;1921.60;4.37;3.13;1.09;58718.64;63122.40;24859.38;33560.7;1.75;1.88;0.74;28/07/2024 16:10:28;
29/07/2024;16;2.0TD;2;0.000135350997000000;0.141;0.864952043;142.829557;19.184;8.779;114.866557;92.78;-4.96213;0.91142;0.75;0.25;108.77750;88.92900;101.96000;73.51000;74.07000;2501.6;275.0;234.0;61.0;9.03;0.154;0.17498;0.04096;0.00;0.000;1.510;0.947;0.000;0.557;100.671;93.00;89.75;26183.4;1927.40;4.81;3.13;1.09;65283.44;68736.80;24859.38;33043.3;1.98;2.08;0.75;28/07/2024 16:10:28;
29/07/2024;17;2.0TD;2;0.000131953729000000;0.141;0.867001910;143.466235;19.184;8.779;115.503235;93.32;-4.96213;0.91142;0.75;0.25;108.77750;88.92900;101.96000;73.51000;74.07000;2501.6;275.0;234.0;61.0;9.04;0.154;0.17498;0.04096;0.00;0.000;1.518;0.947;0.000;0.557;101.229;93.56;89.99;26048.1;1908.40;4.82;3.13;1.09;64735.56;68456.00;24859.38;32811.3;1.97;2.09;0.76;28/07/2024 16:10:28;
29/07/2024;18;2.0TD;2;0.000132032234000000;0.144;0.880420518;152.853285;19.184;8.779;124.890285;102.06;-4.96213;0.91142;0.75;0.25;108.77750;88.92900;101.96000;73.51000;74.07000;2501.6;275.0;234.0;61.0;8.12;0.154;0.17498;0.04096;0.00;0.000;1.638;0.947;0.000;0.557;109.169;102.76;92.66;25528.7;1898.70;3.90;3.13;1.09;43612.64;59615.60;24859.38;32895.2;1.33;1.81;0.76;28/07/2024 16:10:28;
29/07/2024;19;2.0TD;1;0.000131478128000000;0.142;0.852430197;207.398199;33.081;43.893;130.424199;105.71;-4.96213;0.91142;0.75;0.25;108.77750;88.92900;101.96000;73.51000;74.07000;2501.6;275.0;234.0;61.0;8.66;0.926;0.17498;0.04096;0.00;0.000;1.713;0.947;0.000;0.557;114.206;106.41;96.66;25428.1;1955.60;4.44;3.13;1.09;35576.24;84112.40;24859.38;32564.8;1.09;2.58;0.76;28/07/2024 16:10:28;
29/07/2024;20;2.0TD;1;0.000129047178000000;0.146;0.873176424;208.041825;33.081;43.893;131.067825;107.52;-4.96213;0.91142;0.75;0.25;108.77750;88.92900;101.96000;73.51000;74.07000;2501.6;275.0;234.0;61.0;7.01;0.926;0.17498;0.04096;0.00;0.000;1.716;0.947;0.000;0.557;114.369;107.67;105.67;25170.4;2052.70;2.79;3.13;1.09;30977.76;34392.20;24859.38;32359.6;0.96;1.06;0.77;28/07/2024 16:10:28;
29/07/2024;21;2.0TD;1;0.000130309368000000;0.147;0.878200225;214.234147;33.081;43.893;137.260147;112.49;-4.96213;0.91142;0.75;0.25;108.77750;88.92900;101.96000;73.51000;74.07000;2501.6;275.0;234.0;61.0;7.26;0.926;0.17498;0.04096;0.00;0.000;1.795;0.947;0.000;0.557;119.668;112.22;116.22;25740.9;1850.20;3.04;3.13;1.09;23575.40;48796.80;24859.38;31954.6;0.74;1.53;0.78;28/07/2024 16:10:28;
29/07/2024;22;2.0TD;1;0.000141551407000000;0.145;0.869687579;239.603880;33.081;43.893;162.629880;135.01;-4.96213;0.91142;0.75;0.25;108.77750;88.92900;101.96000;73.51000;74.07000;2501.6;275.0;234.0;61.0;6.77;0.926;0.17498;0.04096;0.00;0.000;2.131;0.947;0.000;0.557;142.034;135.01;135.01;25022.3;1779.40;2.55;3.13;1.09;33713.76;22996.80;24859.38;31975.2;1.05;0.72;0.78;28/07/2024 16:10:28;
29/07/2024;23;2.0TD;2;0.000146980831000000;0.151;0.925162872;183.519303;19.184;8.779;155.556303;128.95;-4.96213;0.91142;0.75;0.25;108.77750;88.92900;101.96000;73.51000;74.07000;2501.6;275.0;234.0;61.0;6.82;0.154;0.17498;0.04096;0.00;0.000;2.027;0.947;0.000;0.557;135.148;129.00;128.25;24652.3;1811.60;2.60;3.13;1.09;37804.48;18908.48;24859.38;31379.9;1.20;0.60;0.79;28/07/2024 16:10:28;
29/07/2024;24;2.0TD;2;0.000129995469000000;0.148;0.910798713;163.802200;19.184;8.779;135.839200;111.84;-4.96213;0.91142;0.75;0.25;108.77750;88.92900;101.96000;73.51000;74.07000;2501.6;275.0;234.0;61.0;7.36;0.154;0.17498;0.04096;0.00;0.000;1.775;0.947;0.000;0.557;118.326;111.98;110.00;23618.9;1775.90;3.14;3.13;1.09;49372.24;16430.96;24859.38;28854.2;1.71;0.57;0.86;28/07/2024 16:10:28;
*
