pvpcdata;
2024;10;09;11;29;47;
26/09/2024;1;2.0TD;3;0.000089989445000000;0.161;0.895588386;69.015138;0.557;2.195;66.263138;20.41;16.62698;1.29174;0.75;0.25;24.17708;90.68500;101.96000;73.51000;91.63000;1724.8;275.0;234.0;48.0;12.61;0.000;0.17498;0.04096;0.00;0.000;0.856;0.947;0.000;0.557;57.074;20.30;23.29;23134.1;907.60;8.48;3.08;1.05;91411.04;88022.40;24859.38;24096.3;3.79;3.65;1.03;25/09/2024 16:08:41;
26/09/2024;2;2.0TD;3;0.000077271352000000;0.168;0.933172362;56.703314;0.557;2.195;53.951314;6.99;16.62698;1.29174;0.75;0.25;24.17708;90.68500;101.96000;73.51000;91.63000;1724.8;275.0;234.0;48.0;15.31;0.000;0.17498;0.04096;0.00;0.000;0.693;0.947;0.000;0.557;46.191;6.99;6.99;22301.3;867.10;11.18;3.08;1.05;137391.84;97656.16;24859.38;23239.7;5.91;4.20;1.07;25/09/2024 16:08:41;
26/09/2024;3;2.0TD;3;0.000070005107000000;0.173;0.958854836;63.626234;0.557;2.195;60.874234;10.29;16.62698;1.29174;0.75;0.25;24.17708;90.68500;101.96000;73.51000;91.63000;1724.8;275.0;234.0;48.0;17.63;0.000;0.17498;0.04096;0.00;0.000;0.778;0.947;0.000;0.557;51.896;10.29;10.29;21805.8;906.90;13.50;3.08;1.05;177905.24;99551.52;24859.38;22396.1;7.94;4.45;1.11;25/09/2024 16:08:41;
26/09/2024;4;2.0TD;3;0.000066243111000000;0.174;0.963968527;58.195551;0.557;2.195;55.443551;4.92;16.62698;1.29174;0.75;0.25;24.17708;90.68500;101.96000;73.51000;91.63000;1724.8;275.0;234.0;48.0;18.40;0.000;0.17498;0.04096;0.00;0.000;0.708;0.947;0.000;0.557;47.226;4.92;4.92;21303.6;1303.50;14.27;3.08;1.05;210117.60;105166.08;0.00;22086.5;9.51;4.76;0.00;25/09/2024 16:08:41;
26/09/2024;5;2.0TD;3;0.000064371875000000;0.173;0.961491199;56.481491;0.557;2.195;53.729491;3.32;16.62698;1.29174;0.75;0.25;24.17708;90.68500;101.96000;73.51000;91.63000;1724.8;275.0;234.0;48.0;18.60;0.000;0.17498;0.04096;0.00;0.000;0.687;0.947;0.000;0.557;45.805;3.32;3.32;20859.9;1459.20;14.47;3.08;1.05;211105.00;107036.80;0.00;21981.0;9.60;4.87;0.00;25/09/2024 16:08:41;
26/09/2024;6;2.0TD;3;0.000064777541000000;0.169;0.941106597;60.511347;0.557;2.195;57.759347;7.33;16.62698;1.29174;0.75;0.25;24.17708;90.68500;101.96000;73.51000;91.63000;1724.8;275.0;234.0;48.0;18.14;0.000;0.17498;0.04096;0.00;0.000;0.741;0.947;0.000;0.557;49.409;7.33;7.33;22186.4;1154.50;14.01;3.08;1.05;207680.88;106657.20;0.00;22434.4;9.26;4.75;0.00;25/09/2024 16:08:41;
26/09/2024;7;2.0TD;3;0.000070690544000000;0.158;0.878343860;86.536998;0.557;2.195;83.784998;33.72;16.62698;1.29174;0.75;0.25;24.17708;90.68500;101.96000;73.51000;91.63000;1724.8;275.0;234.0;48.0;14.35;0.000;0.17498;0.04096;0.00;0.000;1.085;0.947;0.000;0.557;72.353;33.83;31.24;22480.3;1040.30;10.22;3.08;1.05;146864.44;79322.88;24859.38;24565.1;5.98;3.23;1.01;25/09/2024 16:08:41;
26/09/2024;8;2.0TD;3;0.000084495372000000;0.151;0.839246863;112.218077;0.557;2.195;109.466077;58.07;16.62698;1.29174;0.75;0.25;24.17708;90.68500;101.96000;73.51000;91.63000;1724.8;275.0;234.0;48.0;12.41;0.000;0.17498;0.04096;0.00;0.000;1.427;0.947;0.000;0.557;95.105;58.27;53.88;23976.6;1141.60;8.28;3.08;1.05;138414.68;63963.60;24859.38;27448.0;5.04;2.33;0.91;25/09/2024 16:08:41;
26/09/2024;9;2.0TD;2;0.000088287302000000;0.151;0.925955408;148.674347;19.184;8.779;120.711347;64.63;16.62698;1.29174;0.75;0.25;24.17708;90.68500;101.96000;73.51000;91.63000;1724.8;275.0;234.0;48.0;15.32;0.154;0.17498;0.04096;0.00;0.000;1.573;0.947;0.000;0.557;104.875;65.00;58.11;24732.3;1391.60;11.19;3.08;1.05;153167.08;143510.40;24859.38;28739.1;5.33;4.99;0.87;25/09/2024 16:08:41;
26/09/2024;10;2.0TD;2;0.000091003391000000;0.140;0.856186959;135.565540;19.184;8.779;107.602540;53.25;16.62698;1.29174;0.75;0.25;24.17708;90.68500;101.96000;73.51000;91.63000;1724.8;275.0;234.0;48.0;16.37;0.154;0.17498;0.04096;0.00;0.000;1.416;0.947;0.000;0.557;94.388;53.52;48.36;26900.9;1481.60;12.24;3.08;1.05;182522.08;151174.96;24859.38;29304.8;6.23;5.16;0.85;25/09/2024 16:08:41;
26/09/2024;11;2.0TD;1;0.000093905684000000;0.139;0.834493587;130.228165;33.081;43.893;53.254165;3.60;16.62698;1.29174;0.75;0.25;24.17708;90.68500;101.96000;73.51000;91.63000;1724.8;275.0;234.0;48.0;18.33;0.926;0.17498;0.04096;0.00;0.000;0.701;0.947;0.000;0.557;46.755;3.60;3.60;29739.6;1584.80;14.20;3.08;1.05;293698.44;103698.88;24859.38;29752.0;9.87;3.49;0.84;25/09/2024 16:08:41;
26/09/2024;12;2.0TD;1;0.000095253726000000;0.142;0.852069552;123.238925;33.081;43.893;46.264925;0.47;16.62698;1.29174;0.75;0.25;24.17708;90.68500;101.96000;73.51000;91.63000;1724.8;275.0;234.0;48.0;15.31;0.926;0.17498;0.04096;0.00;0.000;0.608;0.947;0.000;0.557;40.512;0.46;0.61;28073.3;1760.40;11.18;3.08;1.05;296519.76;5016.96;24859.38;29204.2;10.15;0.17;0.85;25/09/2024 16:08:41;
26/09/2024;13;2.0TD;1;0.000099027378000000;0.141;0.844338069;122.654155;33.081;43.893;45.680155;0.02;16.62698;1.29174;0.75;0.25;24.17708;90.68500;101.96000;73.51000;91.63000;1724.8;275.0;234.0;48.0;15.29;0.926;0.17498;0.04096;0.00;0.000;0.601;0.947;0.000;0.557;40.035;0.00;0.44;28862.0;1639.40;11.16;3.08;1.05;296990.96;4644.24;24859.38;29249.8;10.15;0.16;0.85;25/09/2024 16:08:41;
26/09/2024;14;2.0TD;1;0.000105870213000000;0.139;0.830010991;122.492077;33.081;43.893;45.518077;0.00;16.62698;1.29174;0.75;0.25;24.17708;90.68500;101.96000;73.51000;91.63000;1724.8;275.0;234.0;48.0;15.24;0.926;0.17498;0.04096;0.00;0.000;0.599;0.947;0.000;0.557;39.963;0.00;0.00;28963.2;1688.80;11.11;3.08;1.05;297054.92;4691.60;24859.38;29406.2;10.10;0.16;0.85;25/09/2024 16:08:41;
26/09/2024;15;2.0TD;2;0.000106503337000000;0.141;0.862682136;72.794251;19.184;8.779;44.831251;0.00;16.62698;1.29174;0.75;0.25;24.17708;90.68500;101.96000;73.51000;91.63000;1724.8;275.0;234.0;48.0;15.35;0.154;0.17498;0.04096;0.00;0.000;0.589;0.947;0.000;0.557;39.291;0.00;0.00;28716.9;1746.30;11.22;3.08;1.05;297152.48;4676.80;24859.38;29092.4;10.21;0.16;0.85;25/09/2024 16:08:41;
26/09/2024;16;2.0TD;2;0.000101128183000000;0.143;0.875766619;73.244309;19.184;8.779;45.281309;0.00;16.62698;1.29174;0.75;0.25;24.17708;90.68500;101.96000;73.51000;91.63000;1724.8;275.0;234.0;48.0;15.67;0.154;0.17498;0.04096;0.00;0.000;0.594;0.947;0.000;0.557;39.616;0.00;0.00;28280.8;1639.70;11.54;3.08;1.05;297160.28;4676.80;24859.38;28320.5;10.49;0.17;0.88;25/09/2024 16:08:41;
26/09/2024;17;2.0TD;2;0.000099462480000000;0.144;0.885282983;73.353709;19.184;8.779;45.390709;0.00;16.62698;1.29174;0.75;0.25;24.17708;90.68500;101.96000;73.51000;91.63000;1724.8;275.0;234.0;48.0;15.73;0.154;0.17498;0.04096;0.00;0.000;0.595;0.947;0.000;0.557;39.677;0.00;0.00;28315.0;1723.50;11.60;3.08;1.05;296964.68;4676.80;24859.38;28135.4;10.55;0.17;0.88;25/09/2024 16:08:41;
26/09/2024;18;2.0TD;2;0.000102893693000000;0.148;0.908442540;76.077050;19.184;8.779;48.114050;2.40;16.62698;1.29174;0.75;0.25;24.17708;90.68500;101.96000;73.51000;91.63000;1724.8;275.0;234.0;48.0;15.53;0.154;0.17498;0.04096;0.00;0.000;0.629;0.947;0.000;0.557;41.911;2.40;2.40;28538.2;1619.90;11.40;3.08;1.05;294795.80;6356.00;24859.38;28587.3;10.31;0.22;0.87;25/09/2024 16:08:41;
26/09/2024;19;2.0TD;1;0.000106179423000000;0.155;0.930646517;140.580073;33.081;43.893;63.606073;12.26;16.62698;1.29174;0.75;0.25;24.17708;90.68500;101.96000;73.51000;91.63000;1724.8;275.0;234.0;48.0;17.86;0.926;0.17498;0.04096;0.00;0.000;0.826;0.947;0.000;0.557;55.070;11.99;18.99;30313.3;1233.10;13.73;3.08;1.05;248841.40;126657.96;24859.38;29152.9;8.54;4.34;0.85;25/09/2024 16:08:41;
26/09/2024;20;2.0TD;1;0.000110775967000000;0.161;0.962941044;188.564900;33.081;43.893;111.590900;55.23;16.62698;1.29174;0.75;0.25;24.17708;90.68500;101.96000;73.51000;91.63000;1724.8;275.0;234.0;48.0;15.32;0.926;0.17498;0.04096;0.00;0.000;1.442;0.947;0.000;0.557;96.116;55.23;55.23;26843.3;1093.40;11.19;3.08;1.05;150972.56;151145.68;24859.38;29210.6;5.17;5.17;0.85;25/09/2024 16:08:41;
26/09/2024;21;2.0TD;1;0.000131355252000000;0.150;0.900607480;199.415872;33.081;43.893;122.441872;65.50;16.62698;1.29174;0.75;0.25;24.17708;90.68500;101.96000;73.51000;91.63000;1724.8;275.0;234.0;48.0;15.25;0.926;0.17498;0.04096;0.00;0.000;1.597;0.947;0.000;0.557;106.471;65.50;65.50;26342.2;1312.00;11.12;3.08;1.05;166978.44;148449.60;24859.38;30589.1;5.46;4.85;0.81;25/09/2024 16:08:41;
26/09/2024;22;2.0TD;1;0.000141841034000000;0.146;0.873384904;204.004883;33.081;43.893;127.030883;72.50;16.62698;1.29174;0.75;0.25;24.17708;90.68500;101.96000;73.51000;91.63000;1724.8;275.0;234.0;48.0;12.56;0.926;0.17498;0.04096;0.00;0.000;1.663;0.947;0.000;0.557;110.847;72.50;72.50;25526.4;1361.80;8.43;3.08;1.05;157636.52;69002.76;24859.38;29824.1;5.29;2.31;0.83;25/09/2024 16:08:41;
26/09/2024;23;2.0TD;2;0.000125649073000000;0.151;0.929264922;135.867170;19.184;8.779;107.904170;54.90;16.62698;1.29174;0.75;0.25;24.17708;90.68500;101.96000;73.51000;91.63000;1724.8;275.0;234.0;48.0;14.09;0.154;0.17498;0.04096;0.00;0.000;1.406;0.947;0.000;0.557;93.748;54.90;54.90;25730.3;1315.80;9.96;3.08;1.05;179133.44;68626.44;24859.38;27363.0;6.55;2.51;0.91;25/09/2024 16:08:41;
26/09/2024;24;2.0TD;2;0.000106054023000000;0.158;0.971220132;130.222730;19.184;8.779;102.259730;49.90;16.62698;1.29174;0.75;0.25;24.17708;90.68500;101.96000;73.51000;91.63000;1724.8;275.0;234.0;48.0;13.73;0.154;0.17498;0.04096;0.00;0.000;1.325;0.947;0.000;0.557;88.307;49.90;49.91;24867.0;1061.20;9.60;3.08;1.05;148638.36;67415.76;24859.38;25087.1;5.92;2.69;0.99;25/09/2024 16:08:41;
*
