pvpcdata;
2024;05;13;12;31;25;
18/04/2024;1;2.0TD;3;0.000095432185000000;0.191;1.059074616;52.438926;0.557;2.195;49.686926;3.25;17.71072;1.08648;0.75;0.25;4.53792;75.38080;101.96000;48.69000;27.94000;1763.5;275.0;154.0;50.0;16.88;0.000;0.17498;0.04096;0.00;0.000;0.626;0.947;0.000;0.557;41.718;3.25;3.25;19151.3;1948.90;12.11;3.35;1.42;235018.36;19728.40;24859.38;23094.4;10.18;0.85;1.08;17/04/2024 16:06:14;
18/04/2024;2;2.0TD;3;0.000079080109000000;0.196;1.091303605;53.157016;0.557;2.195;50.405016;2.90;17.71072;1.08648;0.75;0.25;4.53792;75.38080;101.96000;48.69000;27.94000;1763.5;275.0;154.0;50.0;17.65;0.000;0.17498;0.04096;0.00;0.000;0.632;0.947;0.000;0.557;42.144;2.90;2.91;18222.4;1877.40;12.88;3.35;1.42;235799.84;19104.00;24859.38;21721.6;10.86;0.88;1.14;17/04/2024 16:06:14;
18/04/2024;3;2.0TD;3;0.000069990363000000;0.199;1.105621473;52.930944;0.557;2.195;50.178944;2.20;17.71072;1.08648;0.75;0.25;4.53792;75.38080;101.96000;48.69000;27.94000;1763.5;275.0;154.0;50.0;18.06;0.000;0.17498;0.04096;0.00;0.000;0.628;0.947;0.000;0.557;41.850;2.20;2.19;17784.4;1949.80;13.29;3.35;1.42;247182.00;7876.48;24859.38;21069.4;11.73;0.37;1.18;17/04/2024 16:06:14;
18/04/2024;4;2.0TD;3;0.000065510421000000;0.200;1.111232801;53.264394;0.557;2.195;50.512394;1.79;17.71072;1.08648;0.75;0.25;4.53792;75.38080;101.96000;48.69000;27.94000;1763.5;275.0;154.0;50.0;18.71;0.000;0.17498;0.04096;0.00;0.000;0.631;0.947;0.000;0.557;42.093;2.00;0.01;17504.5;2094.20;13.94;3.35;1.42;276913.44;12712.00;0.00;20772.2;13.33;0.61;0.00;17/04/2024 16:06:14;
18/04/2024;5;2.0TD;3;0.000063929840000000;0.198;1.099502089;53.229325;0.557;2.195;50.477325;1.61;17.71072;1.08648;0.75;0.25;4.53792;75.38080;101.96000;48.69000;27.94000;1763.5;275.0;154.0;50.0;18.93;0.000;0.17498;0.04096;0.00;0.000;0.632;0.947;0.000;0.557;42.134;1.77;0.27;17371.4;2065.80;14.16;3.35;1.42;277340.24;14337.00;0.00;20595.8;13.47;0.70;0.00;17/04/2024 16:06:14;
18/04/2024;6;2.0TD;3;0.000065780623000000;0.194;1.077550654;53.267348;0.557;2.195;50.515348;1.95;17.71072;1.08648;0.75;0.25;4.53792;75.38080;101.96000;48.69000;27.94000;1763.5;275.0;154.0;50.0;18.76;0.000;0.17498;0.04096;0.00;0.000;0.635;0.947;0.000;0.557;42.307;2.00;1.50;17702.9;1916.90;13.99;3.35;1.42;277914.68;19068.00;0.00;21234.2;13.09;0.90;0.00;17/04/2024 16:06:14;
18/04/2024;7;2.0TD;3;0.000073595468000000;0.185;1.027453421;53.342804;0.557;2.195;50.590804;3.17;17.71072;1.08648;0.75;0.25;4.53792;75.38080;101.96000;48.69000;27.94000;1763.5;275.0;154.0;50.0;17.92;0.000;0.17498;0.04096;0.00;0.000;0.640;0.947;0.000;0.557;42.692;3.25;2.31;19581.8;1820.30;13.15;3.35;1.42;278561.48;12704.00;24859.38;24025.7;11.59;0.53;1.03;17/04/2024 16:06:14;
18/04/2024;8;2.0TD;3;0.000089139997000000;0.173;0.958651935;69.277125;0.557;2.195;66.525125;21.03;17.71072;1.08648;0.75;0.25;4.53792;75.38080;101.96000;48.69000;27.94000;1763.5;275.0;154.0;50.0;13.87;0.000;0.17498;0.04096;0.00;0.000;0.851;0.947;0.000;0.557;56.713;21.03;21.03;22887.1;1748.40;9.10;3.35;1.42;209126.68;14360.00;24859.38;27290.0;7.66;0.53;0.91;17/04/2024 16:06:14;
18/04/2024;9;2.0TD;2;0.000100823181000000;0.187;1.148636186;77.716891;19.184;8.779;49.753891;5.93;17.71072;1.08648;0.75;0.25;4.53792;75.38080;101.96000;48.69000;27.94000;1763.5;275.0;154.0;50.0;14.24;0.154;0.17498;0.04096;0.00;0.000;0.629;0.947;0.000;0.557;41.915;6.00;5.00;24160.2;1735.40;9.47;3.35;1.42;223442.92;23419.20;24859.38;28717.0;7.78;0.82;0.87;17/04/2024 16:06:14;
18/04/2024;10;2.0TD;2;0.000109093368000000;0.151;0.928703195;73.169287;19.184;8.779;45.206287;1.71;17.71072;1.08648;0.75;0.25;4.53792;75.38080;101.96000;48.69000;27.94000;1763.5;275.0;154.0;50.0;15.86;0.154;0.17498;0.04096;0.00;0.000;0.589;0.947;0.000;0.557;39.275;1.77;1.00;24556.6;2068.70;11.09;3.35;1.42;238241.00;45930.08;24859.38;27863.9;8.55;1.65;0.89;17/04/2024 16:06:14;
18/04/2024;11;2.0TD;1;0.000115629219000000;0.157;0.940315611;122.347678;33.081;43.893;45.373678;0.00;17.71072;1.08648;0.75;0.25;4.53792;75.38080;101.96000;48.69000;27.94000;1763.5;275.0;154.0;50.0;16.74;0.926;0.17498;0.04096;0.00;0.000;0.588;0.947;0.000;0.557;39.216;0.00;0.00;25778.1;2241.40;11.97;3.35;1.42;269793.04;26153.76;24859.38;26813.0;10.06;0.98;0.93;17/04/2024 16:06:14;
18/04/2024;12;2.0TD;1;0.000117726985000000;0.160;0.957647816;123.054608;33.081;43.893;46.080608;0.00;17.71072;1.08648;0.75;0.25;4.53792;75.38080;101.96000;48.69000;27.94000;1763.5;275.0;154.0;50.0;17.24;0.926;0.17498;0.04096;0.00;0.000;0.596;0.947;0.000;0.557;39.724;0.00;0.00;26397.5;2273.40;12.47;3.35;1.42;277773.44;26236.16;24859.38;26355.7;10.54;1.00;0.94;17/04/2024 16:06:14;
18/04/2024;13;2.0TD;1;0.000121257353000000;0.159;0.953251468;123.156281;33.081;43.893;46.182281;-0.07;17.71072;1.08648;0.75;0.25;4.53792;75.38080;101.96000;48.69000;27.94000;1763.5;275.0;154.0;50.0;17.43;0.926;0.17498;0.04096;0.00;0.000;0.598;0.947;0.000;0.557;39.846;0.00;-0.99;26739.6;2065.70;12.66;3.35;1.42;277907.16;29858.40;24859.38;26293.2;10.57;1.14;0.95;17/04/2024 16:06:14;
18/04/2024;14;2.0TD;1;0.000128511061000000;0.154;0.919196785;122.698552;33.081;43.893;45.724552;-0.13;17.71072;1.08648;0.75;0.25;4.53792;75.38080;101.96000;48.69000;27.94000;1763.5;275.0;154.0;50.0;17.27;0.926;0.17498;0.04096;0.00;0.000;0.594;0.947;0.000;0.557;39.622;0.00;-1.80;26811.3;2182.90;12.50;3.35;1.42;277955.76;26186.72;24859.38;26312.2;10.56;1.00;0.94;17/04/2024 16:06:14;
18/04/2024;15;2.0TD;2;0.000128169130000000;0.174;1.067077186;73.489149;19.184;8.779;45.526149;-0.32;17.71072;1.08648;0.75;0.25;4.53792;75.38080;101.96000;48.69000;27.94000;1763.5;275.0;154.0;50.0;17.40;0.154;0.17498;0.04096;0.00;0.000;0.582;0.947;0.000;0.557;38.778;0.00;-4.21;26748.6;2255.30;12.63;3.35;1.42;278023.48;26186.72;24859.38;26040.9;10.68;1.01;0.95;17/04/2024 16:06:14;
18/04/2024;16;2.0TD;2;0.000117688134000000;0.182;1.113594189;75.215414;19.184;8.779;47.252414;-0.01;17.71072;1.08648;0.75;0.25;4.53792;75.38080;101.96000;48.69000;27.94000;1763.5;275.0;154.0;50.0;18.27;0.154;0.17498;0.04096;0.00;0.000;0.600;0.947;0.000;0.557;39.976;-0.01;0.00;26743.5;1897.50;13.50;3.35;1.42;270209.56;41846.28;24859.38;24966.3;10.82;1.68;1.00;17/04/2024 16:06:14;
18/04/2024;17;2.0TD;2;0.000110031170000000;0.186;1.141481155;74.808413;19.184;8.779;46.845413;-0.22;17.71072;1.08648;0.75;0.25;4.53792;75.38080;101.96000;48.69000;27.94000;1763.5;275.0;154.0;50.0;18.01;0.154;0.17498;0.04096;0.00;0.000;0.592;0.947;0.000;0.557;39.498;0.00;-3.07;26363.9;2176.90;13.24;3.35;1.42;262146.32;41730.00;24859.38;24833.8;10.56;1.68;1.00;17/04/2024 16:06:14;
18/04/2024;18;2.0TD;2;0.000108111054000000;0.191;1.169845255;75.042827;19.184;8.779;47.079827;-0.07;17.71072;1.08648;0.75;0.25;4.53792;75.38080;101.96000;48.69000;27.94000;1763.5;275.0;154.0;50.0;17.89;0.154;0.17498;0.04096;0.00;0.000;0.593;0.947;0.000;0.557;39.529;0.00;-1.00;26796.3;1898.30;13.12;3.35;1.42;253865.84;50008.00;24859.38;25060.3;10.13;2.00;0.99;17/04/2024 16:06:14;
18/04/2024;19;2.0TD;1;0.000109291095000000;0.166;0.995039358;122.381144;33.081;43.893;45.407144;0.00;17.71072;1.08648;0.75;0.25;4.53792;75.38080;101.96000;48.69000;27.94000;1763.5;275.0;154.0;50.0;16.47;0.926;0.17498;0.04096;0.00;0.000;0.584;0.947;0.000;0.557;38.942;0.00;0.00;25581.4;1996.60;11.70;3.35;1.42;221208.68;50064.00;24859.38;25311.1;8.74;1.98;0.98;17/04/2024 16:06:14;
18/04/2024;20;2.0TD;1;0.000115901667000000;0.167;1.002967757;124.149580;33.081;43.893;47.175580;1.86;17.71072;1.08648;0.75;0.25;4.53792;75.38080;101.96000;48.69000;27.94000;1763.5;275.0;154.0;50.0;16.07;0.926;0.17498;0.04096;0.00;0.000;0.606;0.947;0.000;0.557;40.424;2.00;0.00;23754.9;1827.40;11.30;3.35;1.42;251247.88;30633.20;24859.38;27143.5;9.26;1.13;0.92;17/04/2024 16:06:14;
18/04/2024;21;2.0TD;1;0.000134032411000000;0.170;1.019351032;133.013094;33.081;43.893;56.039094;12.17;17.71072;1.08648;0.75;0.25;4.53792;75.38080;101.96000;48.69000;27.94000;1763.5;275.0;154.0;50.0;13.12;0.926;0.17498;0.04096;0.00;0.000;0.718;0.947;0.000;0.557;47.896;12.17;12.17;24449.8;1798.90;8.35;3.35;1.42;202055.28;16319.88;24859.38;29097.7;6.94;0.56;0.85;17/04/2024 16:06:14;
18/04/2024;22;2.0TD;1;0.000156604217000000;0.170;1.020166185;152.671434;33.081;43.893;75.697434;30.77;17.71072;1.08648;0.75;0.25;4.53792;75.38080;101.96000;48.69000;27.94000;1763.5;275.0;154.0;50.0;11.07;0.926;0.17498;0.04096;0.00;0.000;0.970;0.947;0.000;0.557;64.698;30.77;30.77;25404.3;1621.60;6.30;3.35;1.42;148455.44;15846.36;24859.38;30026.2;4.94;0.53;0.83;17/04/2024 16:06:14;
18/04/2024;23;2.0TD;2;0.000141976444000000;0.199;1.219896658;86.910231;19.184;8.779;58.947231;14.21;17.71072;1.08648;0.75;0.25;4.53792;75.38080;101.96000;48.69000;27.94000;1763.5;275.0;154.0;50.0;13.10;0.154;0.17498;0.04096;0.00;0.000;0.737;0.947;0.000;0.557;49.163;14.21;14.21;23189.8;1708.40;8.33;3.35;1.42;191494.84;15683.20;24859.38;27852.8;6.88;0.56;0.89;17/04/2024 16:06:14;
18/04/2024;24;2.0TD;2;0.000117861546000000;0.207;1.269293300;76.238971;19.184;8.779;48.275971;3.60;17.71072;1.08648;0.75;0.25;4.53792;75.38080;101.96000;48.69000;27.94000;1763.5;275.0;154.0;50.0;14.68;0.154;0.17498;0.04096;0.00;0.000;0.600;0.947;0.000;0.557;39.996;3.60;3.60;20563.6;1550.10;9.91;3.35;1.42;216766.40;6476.00;24859.38;25032.8;8.66;0.26;0.99;17/04/2024 16:06:14;
*
