pvpcdata;
2024;09;10;12;18;50;
02/08/2024;1;2.0TD;3;0.000120426570000000;0.173;0.962591094;147.100912;0.557;2.195;144.348912;113.56;-1.11119;0.87905;0.75;0.25;93.49875;89.05400;101.96000;73.51000;75.32000;2575.5;275.0;234.0;57.0;6.91;0.000;0.17498;0.04096;0.00;0.000;1.846;0.947;0.000;0.557;123.059;113.84;109.61;21060.9;1476.40;2.78;3.08;1.05;38099.60;15916.08;24859.38;28399.4;1.34;0.56;0.88;01/08/2024 16:06:24;
02/08/2024;2;2.0TD;3;0.000104080532000000;0.173;0.960454548;147.755446;0.557;2.195;145.003446;113.94;-1.11119;0.87905;0.75;0.25;93.49875;89.05400;101.96000;73.51000;75.32000;2575.5;275.0;234.0;57.0;7.08;0.000;0.17498;0.04096;0.00;0.000;1.854;0.947;0.000;0.557;123.617;114.24;109.88;19525.6;1434.80;2.95;3.08;1.05;37549.28;16235.68;24859.38;26600.9;1.41;0.61;0.93;01/08/2024 16:06:24;
02/08/2024;3;2.0TD;3;0.000092978638000000;0.173;0.963129247;144.981301;0.557;2.195;142.229301;111.22;-1.11119;0.87905;0.75;0.25;93.49875;89.05400;101.96000;73.51000;75.32000;2575.5;275.0;234.0;57.0;7.47;0.000;0.17498;0.04096;0.00;0.000;1.819;0.947;0.000;0.557;121.252;111.64;105.64;18215.1;1384.60;3.34;3.08;1.05;43319.60;16235.68;24859.38;25239.3;1.72;0.64;0.98;01/08/2024 16:06:24;
02/08/2024;4;2.0TD;3;0.000086370427000000;0.173;0.961569999;145.624105;0.557;2.195;142.872105;112.25;-1.11119;0.87905;0.75;0.25;93.49875;89.05400;101.96000;73.51000;75.32000;2575.5;275.0;234.0;57.0;6.98;0.000;0.17498;0.04096;0.00;0.000;1.827;0.947;0.000;0.557;121.800;112.64;107.65;17270.0;1475.30;2.85;3.08;1.05;53156.40;16235.68;0.00;24356.2;2.18;0.67;0.00;01/08/2024 16:06:24;
02/08/2024;5;2.0TD;3;0.000082571496000000;0.171;0.950911892;144.286789;0.557;2.195;141.534789;111.25;-1.11119;0.87905;0.75;0.25;93.49875;89.05400;101.96000;73.51000;75.32000;2575.5;275.0;234.0;57.0;7.06;0.000;0.17498;0.04096;0.00;0.000;1.813;0.947;0.000;0.557;120.866;111.64;106.64;16764.8;1412.60;2.93;3.08;1.05;54223.56;16087.68;0.00;24002.1;2.26;0.67;0.00;01/08/2024 16:06:24;
02/08/2024;6;2.0TD;3;0.000081023279000000;0.169;0.936427182;144.104675;0.557;2.195;141.352675;111.56;-1.11119;0.87905;0.75;0.25;93.49875;89.05400;101.96000;73.51000;75.32000;2575.5;275.0;234.0;57.0;6.80;0.000;0.17498;0.04096;0.00;0.000;1.814;0.947;0.000;0.557;120.917;111.64;110.64;16796.7;1434.20;2.67;3.08;1.05;48195.12;16235.68;0.00;24136.7;2.00;0.67;0.00;01/08/2024 16:06:24;
02/08/2024;7;2.0TD;3;0.000082661956000000;0.164;0.913026707;145.319419;0.557;2.195;142.567419;112.36;-1.11119;0.87905;0.75;0.25;93.49875;89.05400;101.96000;73.51000;75.32000;2575.5;275.0;234.0;57.0;7.54;0.000;0.17498;0.04096;0.00;0.000;1.837;0.947;0.000;0.557;122.480;112.64;108.64;18214.8;1395.40;3.41;3.08;1.05;47168.96;16107.84;24859.38;25795.6;1.83;0.62;0.96;01/08/2024 16:06:24;
02/08/2024;8;2.0TD;3;0.000083924652000000;0.163;0.906795616;146.223868;0.557;2.195;143.471868;113.97;-1.11119;0.87905;0.75;0.25;93.49875;89.05400;101.96000;73.51000;75.32000;2575.5;275.0;234.0;57.0;6.80;0.000;0.17498;0.04096;0.00;0.000;1.850;0.947;0.000;0.557;123.363;114.00;113.54;19485.3;1211.40;2.67;3.08;1.05;37597.72;11172.00;24859.38;27563.8;1.36;0.41;0.90;01/08/2024 16:06:24;
02/08/2024;9;2.0TD;2;0.000092100547000000;0.151;0.926102823;165.858095;19.184;8.779;137.895095;109.85;-1.11119;0.87905;0.75;0.25;93.49875;89.05400;101.96000;73.51000;75.32000;2575.5;275.0;234.0;57.0;7.26;0.154;0.17498;0.04096;0.00;0.000;1.797;0.947;0.000;0.557;119.804;109.92;108.62;20735.6;1210.00;3.13;3.08;1.05;41590.32;24323.04;24859.38;29007.1;1.43;0.84;0.86;01/08/2024 16:06:24;
02/08/2024;10;2.0TD;2;0.000104039000000000;0.145;0.890383186;160.187143;19.184;8.779;132.224143;104.15;-1.11119;0.87905;0.75;0.25;93.49875;89.05400;101.96000;73.51000;75.32000;2575.5;275.0;234.0;57.0;8.70;0.154;0.17498;0.04096;0.00;0.000;1.732;0.947;0.000;0.557;115.479;104.42;99.92;22608.3;1423.90;4.57;3.08;1.05;57783.08;56545.60;24859.38;30489.2;1.90;1.85;0.82;01/08/2024 16:06:24;
02/08/2024;11;2.0TD;1;0.000112810642000000;0.154;0.919231913;181.513245;33.081;43.893;104.539245;75.59;-1.11119;0.87905;0.75;0.25;93.49875;89.05400;101.96000;73.51000;75.32000;2575.5;275.0;234.0;57.0;11.97;0.926;0.17498;0.04096;0.00;0.000;1.359;0.947;0.000;0.557;90.588;75.59;75.49;24796.0;817.90;7.84;3.08;1.05;105291.64;119240.48;24859.38;31785.8;3.31;3.75;0.78;01/08/2024 16:06:24;
02/08/2024;12;2.0TD;1;0.000117248638000000;0.153;0.918435848;167.188872;33.081;43.893;90.214872;65.16;-1.11119;0.87905;0.75;0.25;93.49875;89.05400;101.96000;73.51000;75.32000;2575.5;275.0;234.0;57.0;10.24;0.926;0.17498;0.04096;0.00;0.000;1.174;0.947;0.000;0.557;78.243;65.16;65.16;27030.2;811.10;6.11;3.08;1.05;118525.32;56929.92;24859.38;32795.2;3.61;1.74;0.76;01/08/2024 16:06:24;
02/08/2024;13;2.0TD;1;0.000123673697000000;0.154;0.919763634;172.445113;33.081;43.893;95.471113;69.83;-1.11119;0.87905;0.75;0.25;93.49875;89.05400;101.96000;73.51000;75.32000;2575.5;275.0;234.0;57.0;9.99;0.926;0.17498;0.04096;0.00;0.000;1.241;0.947;0.000;0.557;82.730;69.83;69.83;27877.7;849.20;5.86;3.08;1.05;112590.72;59509.52;24859.38;33621.0;3.35;1.77;0.74;01/08/2024 16:06:24;
02/08/2024;14;2.0TD;1;0.000133848834000000;0.152;0.911081566;160.841444;33.081;43.893;83.867444;60.00;-1.11119;0.87905;0.75;0.25;93.49875;89.05400;101.96000;73.51000;75.32000;2575.5;275.0;234.0;57.0;10.04;0.926;0.17498;0.04096;0.00;0.000;1.092;0.947;0.000;0.557;72.801;60.00;60.00;28263.0;1014.30;5.91;3.08;1.05;125931.92;53064.00;24859.38;34509.5;3.65;1.54;0.72;01/08/2024 16:06:24;
02/08/2024;15;2.0TD;2;0.000139267594000000;0.154;0.942888052;108.856785;19.184;8.779;80.893785;58.12;-1.11119;0.87905;0.75;0.25;93.49875;89.05400;101.96000;73.51000;75.32000;2575.5;275.0;234.0;57.0;10.03;0.154;0.17498;0.04096;0.00;0.000;1.051;0.947;0.000;0.557;70.098;58.10;58.60;28708.8;1075.60;5.90;3.08;1.05;128569.72;50113.28;24859.38;34510.1;3.73;1.45;0.72;01/08/2024 16:06:24;
02/08/2024;16;2.0TD;2;0.000136714680000000;0.151;0.928727389;103.026156;19.184;8.779;75.063156;52.43;-1.11119;0.87905;0.75;0.25;93.49875;89.05400;101.96000;73.51000;75.32000;2575.5;275.0;234.0;57.0;10.91;0.154;0.17498;0.04096;0.00;0.000;0.978;0.947;0.000;0.557;65.215;52.43;52.43;29837.8;1107.20;6.78;3.08;1.05;158644.04;47940.00;24859.38;34142.1;4.65;1.40;0.73;01/08/2024 16:06:24;
02/08/2024;17;2.0TD;2;0.000134658096000000;0.152;0.934821024;101.325356;19.184;8.779;73.362356;49.86;-1.11119;0.87905;0.75;0.25;93.49875;89.05400;101.96000;73.51000;75.32000;2575.5;275.0;234.0;57.0;11.97;0.154;0.17498;0.04096;0.00;0.000;0.955;0.947;0.000;0.557;63.682;49.95;47.00;30011.8;983.30;7.84;3.08;1.05;193352.84;46794.72;24859.38;33802.1;5.72;1.38;0.74;01/08/2024 16:06:24;
02/08/2024;18;2.0TD;2;0.000135336593000000;0.155;0.953427444;111.541804;19.184;8.779;83.578804;58.80;-1.11119;0.87905;0.75;0.25;93.49875;89.05400;101.96000;73.51000;75.32000;2575.5;275.0;234.0;57.0;11.58;0.154;0.17498;0.04096;0.00;0.000;1.085;0.947;0.000;0.557;72.362;58.77;60.00;27358.6;700.40;7.45;3.08;1.05;176550.56;47940.00;24859.38;33443.4;5.28;1.43;0.74;01/08/2024 16:06:24;
02/08/2024;19;2.0TD;1;0.000135564234000000;0.156;0.931386620;169.676646;33.081;43.893;92.702646;65.02;-1.11119;0.87905;0.75;0.25;93.49875;89.05400;101.96000;73.51000;75.32000;2575.5;275.0;234.0;57.0;12.30;0.926;0.17498;0.04096;0.00;0.000;1.203;0.947;0.000;0.557;80.192;65.00;65.63;26404.3;691.20;8.17;3.08;1.05;148153.60;99052.72;24859.38;33296.3;4.45;2.97;0.75;01/08/2024 16:06:24;
02/08/2024;20;2.0TD;1;0.000134491626000000;0.163;0.978364941;196.307803;33.081;43.893;119.333803;88.00;-1.11119;0.87905;0.75;0.25;93.49875;89.05400;101.96000;73.51000;75.32000;2575.5;275.0;234.0;57.0;11.40;0.926;0.17498;0.04096;0.00;0.000;1.539;0.947;0.000;0.557;102.608;88.00;88.00;24368.2;922.30;7.27;3.08;1.05;95046.04;118178.40;24859.38;32751.5;2.90;3.61;0.76;01/08/2024 16:06:24;
02/08/2024;21;2.0TD;1;0.000134673398000000;0.170;1.018536485;224.322163;33.081;43.893;147.348163;113.58;-1.11119;0.87905;0.75;0.25;93.49875;89.05400;101.96000;73.51000;75.32000;2575.5;275.0;234.0;57.0;8.80;0.926;0.17498;0.04096;0.00;0.000;1.889;0.947;0.000;0.557;125.938;114.00;107.52;23793.9;1635.80;4.67;3.08;1.05;89372.88;37154.88;24859.38;32414.5;2.76;1.15;0.77;01/08/2024 16:06:24;
02/08/2024;22;2.0TD;1;0.000145964258000000;0.172;1.029946537;241.326608;33.081;43.893;164.352608;127.13;-1.11119;0.87905;0.75;0.25;93.49875;89.05400;101.96000;73.51000;75.32000;2575.5;275.0;234.0;57.0;9.33;0.926;0.17498;0.04096;0.00;0.000;2.103;0.947;0.000;0.557;140.232;128.53;112.75;22947.6;2240.70;5.20;3.08;1.05;131328.52;11172.00;24859.38;32181.0;4.08;0.35;0.77;01/08/2024 16:06:24;
02/08/2024;23;2.0TD;2;0.000147565132000000;0.177;1.085544000;190.337919;19.184;8.779;162.374919;125.30;-1.11119;0.87905;0.75;0.25;93.49875;89.05400;101.96000;73.51000;75.32000;2575.5;275.0;234.0;57.0;9.69;0.154;0.17498;0.04096;0.00;0.000;2.069;0.947;0.000;0.557;137.956;126.63;111.63;22454.4;2185.70;5.56;3.08;1.05;137160.72;12193.44;24859.38;31303.7;4.38;0.39;0.79;01/08/2024 16:06:24;
02/08/2024;24;2.0TD;2;0.000134148585000000;0.175;1.074379740;178.240331;19.184;8.779;150.277331;113.96;-1.11119;0.87905;0.75;0.25;93.49875;89.05400;101.96000;73.51000;75.32000;2575.5;275.0;234.0;57.0;11.12;0.154;0.17498;0.04096;0.00;0.000;1.918;0.947;0.000;0.557;127.895;115.36;100.36;21150.9;2175.10;6.99;3.08;1.05;162847.28;15832.32;24859.38;29120.1;5.59;0.54;0.85;01/08/2024 16:06:24;
*
