pvpcdata;
2024;03;11;12;38;38;
22/02/2024;1;2.0TD;3;0.000108520340000000;0.235;1.304528988;70.993144;0.557;2.195;68.241144;23.23;21.56196;0.85793;0.75;0.25;10.70875;96.95660;101.96000;97.42000;68.27000;2331.2;275.0;177.0;48.0;11.36;0.000;0.17498;0.04096;0.00;0.000;0.000;0.829;0.565;0.000;0.557;55.256;22.73;31.82;20388.0;1191.50;6.33;3.48;1.55;92783.12;36306.56;24859.38;24296.9;3.82;1.49;1.02;21/02/2024 16:06:19;
22/02/2024;2;2.0TD;3;0.000089078502000000;0.244;1.356318845;64.127212;0.557;2.195;61.375212;16.35;21.56196;0.85793;0.75;0.25;10.70875;96.95660;101.96000;97.42000;68.27000;2331.2;275.0;177.0;48.0;12.41;0.000;0.17498;0.04096;0.00;0.000;0.000;0.740;0.565;0.000;0.557;49.337;16.29;17.10;19972.3;1603.50;7.38;3.48;1.55;112700.12;32599.20;24859.38;23064.6;4.89;1.41;1.08;21/02/2024 16:06:19;
22/02/2024;3;2.0TD;3;0.000078683538000000;0.251;1.392710523;65.374542;0.557;2.195;62.622542;14.21;21.56196;0.85793;0.75;0.25;10.70875;96.95660;101.96000;97.42000;68.27000;2331.2;275.0;177.0;48.0;15.26;0.000;0.17498;0.04096;0.00;0.000;0.000;0.751;0.565;0.000;0.557;50.058;14.00;16.85;19431.4;1573.60;10.23;3.48;1.55;152435.12;49891.60;24859.38;22218.2;6.86;2.25;1.12;21/02/2024 16:06:19;
22/02/2024;4;2.0TD;3;0.000073591148000000;0.252;1.402464529;65.538532;0.557;2.195;62.786532;14.59;21.56196;0.85793;0.75;0.25;10.70875;96.95660;101.96000;97.42000;68.27000;2331.2;275.0;177.0;48.0;14.97;0.000;0.17498;0.04096;0.00;0.000;0.000;0.752;0.565;0.000;0.557;50.149;14.00;23.95;19126.6;1207.90;9.94;3.48;1.55;176580.68;39074.96;0.00;21693.3;8.14;1.80;0.00;21/02/2024 16:06:19;
22/02/2024;5;2.0TD;3;0.000071943860000000;0.251;1.392523777;62.110683;0.557;2.195;59.358683;11.74;21.56196;0.85793;0.75;0.25;10.70875;96.95660;101.96000;97.42000;68.27000;2331.2;275.0;177.0;48.0;15.16;0.000;0.17498;0.04096;0.00;0.000;0.000;0.712;0.565;0.000;0.557;47.449;11.27;19.11;19246.4;1237.40;10.13;3.48;1.55;181036.80;38362.40;0.00;21664.3;8.36;1.77;0.00;21/02/2024 16:06:19;
22/02/2024;6;2.0TD;3;0.000074528587000000;0.247;1.372198659;61.591679;0.557;2.195;58.839679;11.76;21.56196;0.85793;0.75;0.25;10.70875;96.95660;101.96000;97.42000;68.27000;2331.2;275.0;177.0;48.0;14.88;0.000;0.17498;0.04096;0.00;0.000;0.000;0.708;0.565;0.000;0.557;47.185;11.27;19.27;19382.4;1253.10;9.85;3.48;1.55;180893.96;39300.80;0.00;22366.1;8.09;1.76;0.00;21/02/2024 16:06:19;
22/02/2024;7;2.0TD;3;0.000086033169000000;0.232;1.290256354;63.947888;0.557;2.195;61.195888;16.46;21.56196;0.85793;0.75;0.25;10.70875;96.95660;101.96000;97.42000;68.27000;2331.2;275.0;177.0;48.0;12.63;0.000;0.17498;0.04096;0.00;0.000;0.000;0.745;0.565;0.000;0.557;49.672;16.17;21.17;20852.8;1288.30;7.60;3.48;1.55;144811.52;22828.80;24859.38;25311.3;5.72;0.90;0.98;21/02/2024 16:06:19;
22/02/2024;8;2.0TD;3;0.000110690974000000;0.217;1.207546379;57.643552;0.557;2.195;54.891552;14.69;21.56196;0.85793;0.75;0.25;10.70875;96.95660;101.96000;97.42000;68.27000;2331.2;275.0;177.0;48.0;9.90;0.000;0.17498;0.04096;0.00;0.000;0.000;0.677;0.565;0.000;0.557;45.104;14.69;14.69;23938.0;1904.70;4.87;3.48;1.55;97581.80;21273.60;24859.38;29488.6;3.31;0.72;0.84;21/02/2024 16:06:19;
22/02/2024;9;2.0TD;2;0.000119499358000000;0.205;1.257651226;83.785815;19.184;8.779;55.822815;16.20;21.56196;0.85793;0.75;0.25;10.70875;96.95660;101.96000;97.42000;68.27000;2331.2;275.0;177.0;48.0;9.44;0.154;0.17498;0.04096;0.00;0.000;0.000;0.695;0.565;0.000;0.557;46.326;16.20;16.20;25171.2;1927.70;4.41;3.48;1.55;88726.36;23745.60;24859.38;31123.2;2.85;0.76;0.80;21/02/2024 16:06:19;
22/02/2024;10;2.0TD;2;0.000121454084000000;0.194;1.192613771;80.766441;19.184;8.779;52.803441;13.75;21.56196;0.85793;0.75;0.25;10.70875;96.95660;101.96000;97.42000;68.27000;2331.2;275.0;177.0;48.0;9.82;0.154;0.17498;0.04096;0.00;0.000;0.000;0.663;0.565;0.000;0.557;44.224;13.75;13.75;25175.5;1901.20;4.79;3.48;1.55;97385.72;28120.72;24859.38;31365.2;3.10;0.90;0.79;21/02/2024 16:06:19;
22/02/2024;11;2.0TD;1;0.000123434236000000;0.190;1.139835593;127.719155;33.081;43.893;50.745155;10.12;21.56196;0.85793;0.75;0.25;10.70875;96.95660;101.96000;97.42000;68.27000;2331.2;275.0;177.0;48.0;11.12;0.926;0.17498;0.04096;0.00;0.000;0.000;0.640;0.565;0.000;0.557;42.643;10.07;11.08;29054.5;1620.10;6.09;3.48;1.55;126941.96;37455.52;24859.38;31071.4;4.09;1.21;0.80;21/02/2024 16:06:19;
22/02/2024;12;2.0TD;1;0.000120913989000000;0.192;1.150393875;126.872297;33.081;43.893;49.898297;9.30;21.56196;0.85793;0.75;0.25;10.70875;96.95660;101.96000;97.42000;68.27000;2331.2;275.0;177.0;48.0;11.17;0.926;0.17498;0.04096;0.00;0.000;0.000;0.628;0.565;0.000;0.557;41.861;8.87;18.87;30801.9;1396.60;6.14;3.48;1.55;128267.96;33284.48;24859.38;30380.8;4.22;1.10;0.82;21/02/2024 16:06:19;
22/02/2024;13;2.0TD;1;0.000120507309000000;0.191;1.141187777;121.038603;33.081;43.893;44.064603;3.79;21.56196;0.85793;0.75;0.25;10.70875;96.95660;101.96000;97.42000;68.27000;2331.2;275.0;177.0;48.0;11.89;0.926;0.17498;0.04096;0.00;0.000;0.000;0.555;0.565;0.000;0.557;36.998;3.50;10.35;32078.0;1415.10;6.86;3.48;1.55;141391.96;40614.84;24859.38;30153.3;4.69;1.35;0.82;21/02/2024 16:06:19;
22/02/2024;14;2.0TD;1;0.000126497856000000;0.187;1.120415433;119.854360;33.081;43.893;42.880360;3.20;21.56196;0.85793;0.75;0.25;10.70875;96.95660;101.96000;97.42000;68.27000;2331.2;275.0;177.0;48.0;11.62;0.926;0.17498;0.04096;0.00;0.000;0.000;0.542;0.565;0.000;0.557;36.125;3.20;3.20;31681.3;1966.60;6.59;3.48;1.55;134561.76;39903.76;24859.38;30256.3;4.45;1.32;0.82;21/02/2024 16:06:19;
22/02/2024;15;2.0TD;2;0.000126891712000000;0.185;1.136934610;69.949905;19.184;8.779;41.986905;3.20;21.56196;0.85793;0.75;0.25;10.70875;96.95660;101.96000;97.42000;68.27000;2331.2;275.0;177.0;48.0;11.71;0.154;0.17498;0.04096;0.00;0.000;0.000;0.531;0.565;0.000;0.557;35.432;3.20;3.20;31284.0;1799.90;6.68;3.48;1.55;134561.76;41009.92;24859.38;30024.5;4.48;1.37;0.83;21/02/2024 16:06:19;
22/02/2024;16;2.0TD;2;0.000121390509000000;0.191;1.171852068;70.936647;19.184;8.779;42.973647;3.20;21.56196;0.85793;0.75;0.25;10.70875;96.95660;101.96000;97.42000;68.27000;2331.2;275.0;177.0;48.0;12.35;0.154;0.17498;0.04096;0.00;0.000;0.000;0.541;0.565;0.000;0.557;36.082;3.20;3.20;30909.2;1784.10;7.32;3.48;1.55;127384.76;63330.60;24859.38;29437.7;4.33;2.15;0.84;21/02/2024 16:06:19;
22/02/2024;17;2.0TD;2;0.000117436427000000;0.195;1.194203108;73.496070;19.184;8.779;45.533070;5.34;21.56196;0.85793;0.75;0.25;10.70875;96.95660;101.96000;97.42000;68.27000;2331.2;275.0;177.0;48.0;12.20;0.154;0.17498;0.04096;0.00;0.000;0.000;0.572;0.565;0.000;0.557;38.103;5.00;13.09;30559.0;1335.50;7.17;3.48;1.55;118398.28;63974.64;24859.38;28896.4;4.10;2.21;0.86;21/02/2024 16:06:19;
22/02/2024;18;2.0TD;2;0.000120348033000000;0.196;1.200464944;77.394861;19.184;8.779;49.431861;9.40;21.56196;0.85793;0.75;0.25;10.70875;96.95660;101.96000;97.42000;68.27000;2331.2;275.0;177.0;48.0;11.32;0.154;0.17498;0.04096;0.00;0.000;0.000;0.620;0.565;0.000;0.557;41.331;9.00;16.52;25840.6;1436.00;6.29;3.48;1.55;101625.28;56151.84;24859.38;29056.0;3.50;1.93;0.86;21/02/2024 16:06:19;
22/02/2024;19;2.0TD;1;0.000132755623000000;0.195;1.168644808;126.755295;33.081;43.893;49.781295;10.38;21.56196;0.85793;0.75;0.25;10.70875;96.95660;101.96000;97.42000;68.27000;2331.2;275.0;177.0;48.0;9.89;0.926;0.17498;0.04096;0.00;0.000;0.000;0.625;0.565;0.000;0.557;41.658;10.07;15.07;25079.5;1639.50;4.86;3.48;1.55;86227.56;33242.56;24859.38;29691.9;2.90;1.12;0.84;21/02/2024 16:06:19;
22/02/2024;20;2.0TD;1;0.000161696528000000;0.195;1.168578660;124.523035;33.081;43.893;47.549035;9.99;21.56196;0.85793;0.75;0.25;10.70875;96.95660;101.96000;97.42000;68.27000;2331.2;275.0;177.0;48.0;8.44;0.926;0.17498;0.04096;0.00;0.000;0.000;0.597;0.565;0.000;0.557;39.790;9.99;9.99;27911.6;2013.80;3.41;3.48;1.55;64299.36;19790.40;24859.38;31936.2;2.01;0.62;0.78;21/02/2024 16:06:19;
22/02/2024;21;2.0TD;1;0.000179324680000000;0.194;1.163467798;126.676623;33.081;43.893;49.702623;11.92;21.56196;0.85793;0.75;0.25;10.70875;96.95660;101.96000;97.42000;68.27000;2331.2;275.0;177.0;48.0;8.32;0.926;0.17498;0.04096;0.00;0.000;0.000;0.624;0.565;0.000;0.557;41.627;11.80;13.73;27843.4;1804.10;3.29;3.48;1.55;63368.76;19490.24;24859.38;32697.8;1.94;0.60;0.76;21/02/2024 16:06:19;
22/02/2024;22;2.0TD;1;0.000181455495000000;0.196;1.173838063;128.107769;33.081;43.893;51.133769;13.05;21.56196;0.85793;0.75;0.25;10.70875;96.95660;101.96000;97.42000;68.27000;2331.2;275.0;177.0;48.0;8.30;0.926;0.17498;0.04096;0.00;0.000;0.000;0.641;0.565;0.000;0.557;42.754;13.00;13.73;26237.7;1789.00;3.27;3.48;1.55;56064.00;22310.08;24859.38;31637.3;1.77;0.71;0.79;21/02/2024 16:06:19;
22/02/2024;23;2.0TD;2;0.000163921187000000;0.201;1.235789041;75.479349;19.184;8.779;47.516349;10.32;21.56196;0.85793;0.75;0.25;10.70875;96.95660;101.96000;97.42000;68.27000;2331.2;275.0;177.0;48.0;8.66;0.154;0.17498;0.04096;0.00;0.000;0.000;0.593;0.565;0.000;0.557;39.564;10.07;14.00;24743.0;1662.70;3.63;3.48;1.55;49633.16;30172.00;24859.38;28829.9;1.72;1.05;0.86;21/02/2024 16:06:19;
22/02/2024;24;2.0TD;2;0.000135816613000000;0.206;1.264722943;72.616340;19.184;8.779;44.653340;6.34;21.56196;0.85793;0.75;0.25;10.70875;96.95660;101.96000;97.42000;68.27000;2331.2;275.0;177.0;48.0;10.14;0.154;0.17498;0.04096;0.00;0.000;0.000;0.555;0.565;0.000;0.557;37.026;5.67;18.67;23097.8;1259.70;5.11;3.48;1.55;51431.52;54568.80;24859.38;25604.4;2.01;2.13;0.97;21/02/2024 16:06:19;
*
