pvpcdata;
2024;07;09;11;18;06;
14/06/2024;1;2.0TD;3;0.000096113181000000;0.171;0.947826214;124.519759;0.557;2.195;121.767759;78.86;8.51562;1.14093;0.75;0.25;43.74333;77.80580;101.96000;48.69000;52.19000;1721.4;275.0;154.0;62.0;12.13;0.000;0.17498;0.04096;0.00;0.000;1.560;0.947;0.000;0.557;103.986;78.86;0.00;16132.3;0.00;7.79;3.20;1.14;128153.76;30400.00;24859.38;23546.5;5.44;1.29;1.06;13/06/2024 16:08:23;
14/06/2024;2;2.0TD;3;0.000081696786000000;0.171;0.951176213;122.344041;0.557;2.195;119.592041;76.44;8.51562;1.14093;0.75;0.25;43.74333;77.80580;101.96000;48.69000;52.19000;1721.4;275.0;154.0;62.0;12.72;0.000;0.17498;0.04096;0.00;0.000;1.532;0.947;0.000;0.557;102.128;76.44;0.00;15763.2;0.00;8.38;3.20;1.14;131922.96;30848.00;24859.38;22399.3;5.89;1.38;1.11;13/06/2024 16:08:23;
14/06/2024;3;2.0TD;3;0.000072601901000000;0.172;0.954432210;122.517661;0.557;2.195;119.765661;75.72;8.51562;1.14093;0.75;0.25;43.74333;77.80580;101.96000;48.69000;52.19000;1721.4;275.0;154.0;62.0;13.50;0.000;0.17498;0.04096;0.00;0.000;1.533;0.947;0.000;0.557;102.189;75.72;0.00;15447.8;0.00;9.16;3.20;1.14;139292.88;32704.00;24859.38;21507.1;6.48;1.52;1.16;13/06/2024 16:08:23;
14/06/2024;4;2.0TD;3;0.000067787443000000;0.169;0.939704007;121.534243;0.557;2.195;118.782243;75.30;8.51562;1.14093;0.75;0.25;43.74333;77.80580;101.96000;48.69000;52.19000;1721.4;275.0;154.0;62.0;13.35;0.000;0.17498;0.04096;0.00;0.000;1.524;0.947;0.000;0.557;101.610;75.30;0.00;15126.4;0.00;9.01;3.20;1.14;158035.68;31955.96;0.00;21079.0;7.50;1.52;0.00;13/06/2024 16:08:23;
14/06/2024;5;2.0TD;3;0.000065742499000000;0.168;0.934343533;121.966409;0.557;2.195;119.214409;75.72;8.51562;1.14093;0.75;0.25;43.74333;77.80580;101.96000;48.69000;52.19000;1721.4;275.0;154.0;62.0;13.38;0.000;0.17498;0.04096;0.00;0.000;1.531;0.947;0.000;0.557;102.067;75.72;0.00;14937.0;0.00;9.04;3.20;1.14;157287.52;31507.68;0.00;20895.7;7.53;1.51;0.00;13/06/2024 16:08:23;
14/06/2024;6;2.0TD;3;0.000065770850000000;0.167;0.926270329;124.317376;0.557;2.195;121.565376;78.02;8.51562;1.14093;0.75;0.25;43.74333;77.80580;101.96000;48.69000;52.19000;1721.4;275.0;154.0;62.0;13.15;0.000;0.17498;0.04096;0.00;0.000;1.563;0.947;0.000;0.557;104.169;78.02;0.00;14727.5;0.00;8.81;3.20;1.14;158829.00;29010.12;0.00;21326.2;7.45;1.36;0.00;13/06/2024 16:08:23;
14/06/2024;7;2.0TD;3;0.000068509773000000;0.161;0.895768579;125.365362;0.557;2.195;122.613362;79.10;8.51562;1.14093;0.75;0.25;43.74333;77.80580;101.96000;48.69000;52.19000;1721.4;275.0;154.0;62.0;13.49;0.000;0.17498;0.04096;0.00;0.000;1.584;0.947;0.000;0.557;105.610;79.10;0.00;15702.0;0.00;9.15;3.20;1.14;161575.64;27851.68;24859.38;23411.6;6.90;1.19;1.06;13/06/2024 16:08:23;
14/06/2024;8;2.0TD;3;0.000077225803000000;0.160;0.888400646;144.255912;0.557;2.195;141.503912;90.00;8.51562;1.14093;0.75;0.25;43.74333;77.80580;101.96000;48.69000;52.19000;1721.4;275.0;154.0;62.0;18.72;0.000;0.17498;0.04096;0.00;0.000;1.830;0.947;0.000;0.557;121.986;90.00;0.00;17081.5;0.00;14.38;3.20;1.14;72959.96;272727.60;24859.38;25768.4;2.83;10.58;0.96;13/06/2024 16:08:23;
14/06/2024;9;2.0TD;2;0.000089654006000000;0.147;0.899011321;149.766521;19.184;8.779;121.803521;79.34;8.51562;1.14093;0.75;0.25;43.74333;77.80580;101.96000;48.69000;52.19000;1721.4;275.0;154.0;62.0;13.67;0.154;0.17498;0.04096;0.00;0.000;1.593;0.947;0.000;0.557;106.193;79.34;0.00;19046.2;0.00;9.33;3.20;1.14;84163.56;144597.60;24859.38;27172.9;3.10;5.32;0.91;13/06/2024 16:08:23;
14/06/2024;10;2.0TD;2;0.000097693587000000;0.140;0.861234329;109.996409;19.184;8.779;82.033409;45.91;8.51562;1.14093;0.75;0.25;43.74333;77.80580;101.96000;48.69000;52.19000;1721.4;275.0;154.0;62.0;13.38;0.154;0.17498;0.04096;0.00;0.000;1.079;0.947;0.000;0.557;71.959;45.91;0.00;23450.6;0.00;9.04;3.20;1.14;115970.56;113286.00;24859.38;28096.5;4.13;4.03;0.88;13/06/2024 16:08:23;
14/06/2024;11;2.0TD;1;0.000104206124000000;0.146;0.875612669;146.876712;33.081;43.893;69.902712;35.01;8.51562;1.14093;0.75;0.25;43.74333;77.80580;101.96000;48.69000;52.19000;1721.4;275.0;154.0;62.0;12.71;0.926;0.17498;0.04096;0.00;0.000;0.915;0.947;0.000;0.557;60.997;35.01;0.00;24447.1;0.00;8.37;3.20;1.14;161007.44;50169.60;24859.38;28197.2;5.71;1.78;0.88;13/06/2024 16:08:23;
14/06/2024;12;2.0TD;1;0.000108195748000000;0.148;0.884005137;122.523346;33.081;43.893;45.549346;12.21;8.51562;1.14093;0.75;0.25;43.74333;77.80580;101.96000;48.69000;52.19000;1721.4;275.0;154.0;62.0;14.51;0.926;0.17498;0.04096;0.00;0.000;0.595;0.947;0.000;0.557;39.677;12.21;0.00;26100.7;0.00;10.17;3.20;1.14;236876.84;25680.00;24859.38;28252.6;8.38;0.91;0.88;13/06/2024 16:08:23;
14/06/2024;13;2.0TD;1;0.000114263992000000;0.147;0.878487296;112.236371;33.081;43.893;35.262371;3.25;8.51562;1.14093;0.75;0.25;43.74333;77.80580;101.96000;48.69000;52.19000;1721.4;275.0;154.0;62.0;14.67;0.926;0.17498;0.04096;0.00;0.000;0.461;0.947;0.000;0.557;30.743;3.25;0.00;28139.1;0.00;10.33;3.20;1.14;256890.16;12382.88;24859.38;28466.9;9.02;0.43;0.87;13/06/2024 16:08:23;
14/06/2024;14;2.0TD;1;0.000123644320000000;0.143;0.853512294;108.957576;33.081;43.893;31.983576;0.44;8.51562;1.14093;0.75;0.25;43.74333;77.80580;101.96000;48.69000;52.19000;1721.4;275.0;154.0;62.0;14.76;0.926;0.17498;0.04096;0.00;0.000;0.420;0.947;0.000;0.557;27.982;0.44;0.00;28087.2;0.00;10.42;3.20;1.14;260450.68;12066.36;24859.38;28533.9;9.13;0.42;0.87;13/06/2024 16:08:23;
14/06/2024;15;2.0TD;2;0.000125481002000000;0.143;0.875597099;58.714422;19.184;8.779;30.751422;0.02;8.51562;1.14093;0.75;0.25;43.74333;77.80580;101.96000;48.69000;52.19000;1721.4;275.0;154.0;62.0;14.89;0.154;0.17498;0.04096;0.00;0.000;0.404;0.947;0.000;0.557;26.904;0.02;0.00;27345.8;0.00;10.55;3.20;1.14;260877.64;10003.20;24859.38;28052.2;9.30;0.36;0.89;13/06/2024 16:08:23;
14/06/2024;16;2.0TD;2;0.000117803675000000;0.145;0.890612863;59.070510;19.184;8.779;31.107510;0.00;8.51562;1.14093;0.75;0.25;43.74333;77.80580;101.96000;48.69000;52.19000;1721.4;275.0;154.0;62.0;15.17;0.154;0.17498;0.04096;0.00;0.000;0.408;0.947;0.000;0.557;27.168;0.00;0.00;26761.5;0.00;10.83;3.20;1.14;260892.76;9294.40;24859.38;27223.4;9.58;0.34;0.91;13/06/2024 16:08:23;
14/06/2024;17;2.0TD;2;0.000113172847000000;0.147;0.901520256;60.696236;19.184;8.779;32.733236;0.00;8.51562;1.14093;0.75;0.25;43.74333;77.80580;101.96000;48.69000;52.19000;1721.4;275.0;154.0;62.0;16.52;0.154;0.17498;0.04096;0.00;0.000;0.428;0.947;0.000;0.557;28.538;0.00;0.00;26792.7;0.00;12.18;3.20;1.14;293412.56;9306.24;24859.38;26882.8;10.91;0.35;0.92;13/06/2024 16:08:23;
14/06/2024;18;2.0TD;2;0.000112207446000000;0.148;0.905088171;60.281646;19.184;8.779;32.318646;0.00;8.51562;1.14093;0.75;0.25;43.74333;77.80580;101.96000;48.69000;52.19000;1721.4;275.0;154.0;62.0;16.14;0.154;0.17498;0.04096;0.00;0.000;0.422;0.947;0.000;0.557;28.152;0.00;0.00;26418.6;0.00;11.80;3.20;1.14;284769.32;9306.24;24859.38;27032.8;10.53;0.34;0.92;13/06/2024 16:08:23;
14/06/2024;19;2.0TD;1;0.000110784815000000;0.148;0.884030058;111.357898;33.081;43.893;34.383898;0.96;8.51562;1.14093;0.75;0.25;43.74333;77.80580;101.96000;48.69000;52.19000;1721.4;275.0;154.0;62.0;16.18;0.926;0.17498;0.04096;0.00;0.000;0.449;0.947;0.000;0.557;29.951;0.96;0.00;27240.3;0.00;11.84;3.20;1.14;275312.56;21032.00;24859.38;27147.6;10.14;0.77;0.92;13/06/2024 16:08:23;
14/06/2024;20;2.0TD;1;0.000109433134000000;0.153;0.914646749;120.310809;33.081;43.893;43.336809;7.00;8.51562;1.14093;0.75;0.25;43.74333;77.80580;101.96000;48.69000;52.19000;1721.4;275.0;154.0;62.0;17.66;0.926;0.17498;0.04096;0.00;0.000;0.564;0.947;0.000;0.557;37.586;7.00;0.00;24267.9;0.00;13.32;3.20;1.14;257046.72;88610.40;24859.38;27815.3;9.24;3.19;0.89;13/06/2024 16:08:23;
14/06/2024;21;2.0TD;1;0.000110900793000000;0.160;0.957407918;148.319952;33.081;43.893;71.345952;35.02;8.51562;1.14093;0.75;0.25;43.74333;77.80580;101.96000;48.69000;52.19000;1721.4;275.0;154.0;62.0;13.20;0.926;0.17498;0.04096;0.00;0.000;0.923;0.947;0.000;0.557;61.505;35.02;0.00;23285.1;0.00;8.86;3.20;1.14;101754.60;121284.80;24859.38;27984.1;3.64;4.33;0.89;13/06/2024 16:08:23;
14/06/2024;22;2.0TD;1;0.000118455165000000;0.160;0.955469568;191.799072;33.081;43.893;114.825072;75.72;8.51562;1.14093;0.75;0.25;43.74333;77.80580;101.96000;48.69000;52.19000;1721.4;275.0;154.0;62.0;9.42;0.926;0.17498;0.04096;0.00;0.000;1.485;0.947;0.000;0.557;98.987;75.72;0.00;19396.5;0.00;5.08;3.20;1.14;88127.24;27357.76;24859.38;27633.4;3.19;0.99;0.90;13/06/2024 16:08:23;
14/06/2024;23;2.0TD;2;0.000125291033000000;0.165;1.012132299;143.409992;19.184;8.779;115.446992;76.44;8.51562;1.14093;0.75;0.25;43.74333;77.80580;101.96000;48.69000;52.19000;1721.4;275.0;154.0;62.0;9.58;0.154;0.17498;0.04096;0.00;0.000;1.486;0.947;0.000;0.557;99.096;76.44;0.00;18741.8;0.00;5.24;3.20;1.14;87464.20;26590.72;24859.38;26499.1;3.30;1.00;0.94;13/06/2024 16:08:23;
14/06/2024;24;2.0TD;2;0.000113096051000000;0.164;1.006840490;114.039788;19.184;8.779;86.076788;49.36;8.51562;1.14093;0.75;0.25;43.74333;77.80580;101.96000;48.69000;52.19000;1721.4;275.0;154.0;62.0;11.89;0.154;0.17498;0.04096;0.00;0.000;1.109;0.947;0.000;0.557;73.949;49.36;0.00;18217.7;0.00;7.55;3.20;1.14;110291.20;51838.08;24859.38;24756.8;4.45;2.09;1.00;13/06/2024 16:08:23;
*
