pvpcdata;
2025;01;13;09;30;32;
17/12/2024;1;2.0TD;3;0.000128049550000000;0.236;1.311364673;164.357859;0.557;2.195;161.605859;122.56;-6.80734;0.77744;0.75;0.25;121.85417;94.62480;101.96000;84.74000;90.60000;2716.6;275.0;200.0;53.0;9.80;0.000;0.17498;0.04096;0.00;0.000;1.961;0.947;0.000;0.557;130.749;122.13;128.24;18679.8;1409.20;5.63;3.25;0.92;23136.36;94560.00;24859.38;25322.6;0.91;3.73;0.98;16/12/2024 16:09:29;
17/12/2024;2;2.0TD;3;0.000105155173000000;0.245;1.361373279;158.557621;0.557;2.195;155.805621;116.28;-6.80734;0.77744;0.75;0.25;121.85417;94.62480;101.96000;84.74000;90.60000;2716.6;275.0;200.0;53.0;10.56;0.000;0.17498;0.04096;0.00;0.000;1.877;0.947;0.000;0.557;125.145;116.13;118.07;16790.7;1443.50;6.39;3.25;0.92;33883.20;92200.00;24859.38;23606.3;1.44;3.91;1.05;16/12/2024 16:09:29;
17/12/2024;3;2.0TD;3;0.000092222598000000;0.253;1.406858571;151.354138;0.557;2.195;148.602138;106.32;-6.80734;0.77744;0.75;0.25;121.85417;94.62480;101.96000;84.74000;90.60000;2716.6;275.0;200.0;53.0;14.07;0.000;0.17498;0.04096;0.00;0.000;1.779;0.947;0.000;0.557;118.597;106.25;107.11;15855.5;1325.60;9.90;3.25;0.92;65283.72;135680.00;24859.38;22807.6;2.86;5.95;1.09;16/12/2024 16:09:29;
17/12/2024;4;2.0TD;3;0.000085756756000000;0.256;1.419651897;149.670185;0.557;2.195;146.918185;104.99;-6.80734;0.77744;0.75;0.25;121.85417;94.62480;101.96000;84.74000;90.60000;2716.6;275.0;200.0;53.0;13.80;0.000;0.17498;0.04096;0.00;0.000;1.755;0.947;0.000;0.557;116.973;104.99;104.99;15379.5;1147.10;9.63;3.25;0.92;78354.28;137800.00;0.00;22457.4;3.49;6.14;0.00;16/12/2024 16:09:29;
17/12/2024;5;2.0TD;3;0.000083473320000000;0.257;1.425201940;146.825666;0.557;2.195;144.073666;101.42;-6.80734;0.77744;0.75;0.25;121.85417;94.62480;101.96000;84.74000;90.60000;2716.6;275.0;200.0;53.0;15.05;0.000;0.17498;0.04096;0.00;0.000;1.719;0.947;0.000;0.557;114.617;101.24;103.86;15447.8;1134.20;10.88;3.25;0.92;81979.60;163047.04;0.00;22519.7;3.64;7.24;0.00;16/12/2024 16:09:29;
17/12/2024;6;2.0TD;3;0.000085809168000000;0.250;1.389609790;148.714596;0.557;2.195;145.962596;104.30;-6.80734;0.77744;0.75;0.25;121.85417;94.62480;101.96000;84.74000;90.60000;2716.6;275.0;200.0;53.0;14.29;0.000;0.17498;0.04096;0.00;0.000;1.752;0.947;0.000;0.557;116.770;104.13;106.50;15840.6;1220.80;10.12;3.25;0.92;79395.84;153480.00;0.00;23019.7;3.45;6.67;0.00;16/12/2024 16:09:29;
17/12/2024;7;2.0TD;3;0.000097574185000000;0.227;1.262028931;154.523405;0.557;2.195;151.771405;110.69;-6.80734;0.77744;0.75;0.25;121.85417;94.62480;101.96000;84.74000;90.60000;2716.6;275.0;200.0;53.0;14.72;0.000;0.17498;0.04096;0.00;0.000;1.855;0.947;0.000;0.557;123.693;110.50;113.50;18271.5;1217.20;10.55;3.25;0.92;50015.64;200784.00;24859.38;26124.0;1.91;7.69;0.95;16/12/2024 16:09:29;
17/12/2024;8;2.0TD;3;0.000123792904000000;0.206;1.146687374;174.013741;0.557;2.195;171.261741;128.92;-6.80734;0.77744;0.75;0.25;121.85417;94.62480;101.96000;84.74000;90.60000;2716.6;275.0;200.0;53.0;14.53;0.000;0.17498;0.04096;0.00;0.000;2.130;0.947;0.000;0.557;142.008;128.80;131.38;22003.7;1110.00;10.36;3.25;0.92;21417.04;270272.00;24859.38;30558.3;0.70;8.84;0.81;16/12/2024 16:09:29;
17/12/2024;9;2.0TD;2;0.000139523269000000;0.195;1.195151843;213.499987;19.184;8.779;185.536987;145.00;-6.80734;0.77744;0.75;0.25;121.85417;94.62480;101.96000;84.74000;90.60000;2716.6;275.0;200.0;53.0;11.35;0.154;0.17498;0.04096;0.00;0.000;2.329;0.947;0.000;0.557;155.261;145.00;145.00;24029.7;1191.90;7.18;3.25;0.92;14091.56;198856.72;24859.38;33140.7;0.43;6.00;0.75;16/12/2024 16:09:29;
17/12/2024;10;2.0TD;2;0.000144959156000000;0.185;1.136161779;206.786701;19.184;8.779;178.823701;140.78;-6.80734;0.77744;0.75;0.25;121.85417;94.62480;101.96000;84.74000;90.60000;2716.6;275.0;200.0;53.0;11.28;0.154;0.17498;0.04096;0.00;0.000;2.264;0.947;0.000;0.557;150.906;140.78;140.78;24990.2;1317.10;7.11;3.25;0.92;17695.00;196884.80;24859.38;33703.8;0.53;5.84;0.74;16/12/2024 16:09:29;
17/12/2024;11;2.0TD;1;0.000149589690000000;0.177;1.059874262;233.919979;33.081;43.893;156.945979;124.10;-6.80734;0.77744;0.75;0.25;121.85417;94.62480;101.96000;84.74000;90.60000;2716.6;275.0;200.0;53.0;9.89;0.926;0.17498;0.04096;0.00;0.000;2.000;0.947;0.000;0.557;133.344;124.10;124.05;25059.8;1514.50;5.72;3.25;0.92;26397.84;138392.20;24859.38;33156.4;0.80;4.17;0.75;16/12/2024 16:09:29;
17/12/2024;12;2.0TD;1;0.000146887562000000;0.174;1.044132735;212.769496;33.081;43.893;135.795496;107.13;-6.80734;0.77744;0.75;0.25;121.85417;94.62480;101.96000;84.74000;90.60000;2716.6;275.0;200.0;53.0;9.45;0.926;0.17498;0.04096;0.00;0.000;1.735;0.947;0.000;0.557;115.669;107.13;107.13;24908.1;1292.40;5.28;3.25;0.92;42635.72;106848.00;24859.38;33021.8;1.29;3.24;0.75;16/12/2024 16:09:29;
17/12/2024;13;2.0TD;1;0.000145582117000000;0.173;1.033758898;208.081473;33.081;43.893;131.107473;102.82;-6.80734;0.77744;0.75;0.25;121.85417;94.62480;101.96000;84.74000;90.60000;2716.6;275.0;200.0;53.0;9.92;0.926;0.17498;0.04096;0.00;0.000;1.677;0.947;0.000;0.557;111.771;102.91;100.92;24839.8;1204.70;5.75;3.25;0.92;45488.64;117360.00;24859.38;32605.9;1.40;3.60;0.76;16/12/2024 16:09:29;
17/12/2024;14;2.0TD;1;0.000152886850000000;0.173;1.037974128;211.748271;33.081;43.893;134.774271;106.43;-6.80734;0.77744;0.75;0.25;121.85417;94.62480;101.96000;84.74000;90.60000;2716.6;275.0;200.0;53.0;9.39;0.926;0.17498;0.04096;0.00;0.000;1.723;0.947;0.000;0.557;114.897;106.43;106.43;24347.4;1276.10;5.22;3.25;0.92;43172.16;101952.00;24859.38;32519.7;1.33;3.14;0.76;16/12/2024 16:09:29;
17/12/2024;15;2.0TD;2;0.000155281361000000;0.174;1.064600722;166.473958;19.184;8.779;138.510958;109.78;-6.80734;0.77744;0.75;0.25;121.85417;94.62480;101.96000;84.74000;90.60000;2716.6;275.0;200.0;53.0;9.85;0.154;0.17498;0.04096;0.00;0.000;1.770;0.947;0.000;0.557;117.982;109.93;106.93;24318.5;1312.80;5.68;3.25;0.92;42360.24;117648.00;24859.38;32496.2;1.30;3.62;0.76;16/12/2024 16:09:29;
17/12/2024;16;2.0TD;2;0.000149695678000000;0.180;1.106955458;177.795951;19.184;8.779;149.832951;113.40;-6.80734;0.77744;0.75;0.25;121.85417;94.62480;101.96000;84.74000;90.60000;2716.6;275.0;200.0;53.0;15.09;0.154;0.17498;0.04096;0.00;0.000;1.905;0.947;0.000;0.557;126.977;113.61;109.66;24528.7;1365.30;10.92;3.25;0.92;30690.24;296705.28;24859.38;32247.2;0.95;9.20;0.77;16/12/2024 16:09:29;
17/12/2024;17;2.0TD;2;0.000147042505000000;0.186;1.144021525;189.177257;19.184;8.779;161.214257;123.80;-6.80734;0.77744;0.75;0.25;121.85417;94.62480;101.96000;84.74000;90.60000;2716.6;275.0;200.0;53.0;13.51;0.154;0.17498;0.04096;0.00;0.000;2.039;0.947;0.000;0.557;135.931;123.80;123.80;25061.7;1248.90;9.34;3.25;0.92;18301.96;257600.00;24859.38;32198.4;0.57;8.00;0.77;16/12/2024 16:09:29;
17/12/2024;18;2.0TD;2;0.000155850519000000;0.194;1.189771671;199.635218;19.184;8.779;171.672218;135.78;-6.80734;0.77744;0.75;0.25;121.85417;94.62480;101.96000;84.74000;90.60000;2716.6;275.0;200.0;53.0;9.26;0.154;0.17498;0.04096;0.00;0.000;2.157;0.947;0.000;0.557;143.779;135.74;136.74;25327.5;1084.50;5.09;3.25;0.92;11720.40;129949.84;24859.38;32681.9;0.36;3.98;0.76;16/12/2024 16:09:29;
17/12/2024;19;2.0TD;1;0.000178669741000000;0.204;1.224386023;258.337429;33.081;43.893;181.363429;143.35;-6.80734;0.77744;0.75;0.25;121.85417;94.62480;101.96000;84.74000;90.60000;2716.6;275.0;200.0;53.0;7.67;0.926;0.17498;0.04096;0.00;0.000;2.260;0.947;0.000;0.557;150.634;143.33;143.83;25458.9;1039.40;3.50;3.25;0.92;28617.00;67152.00;24859.38;34495.0;0.83;1.95;0.72;16/12/2024 16:09:29;
17/12/2024;20;2.0TD;1;0.000192031592000000;0.209;1.251430988;260.624820;33.081;43.893;183.650820;145.14;-6.80734;0.77744;0.75;0.25;121.85417;94.62480;101.96000;84.74000;90.60000;2716.6;275.0;200.0;53.0;7.13;0.926;0.17498;0.04096;0.00;0.000;2.279;0.947;0.000;0.557;151.903;145.01;148.01;25918.4;1197.60;2.96;3.25;0.92;27051.96;51880.00;24859.38;35049.7;0.77;1.48;0.71;16/12/2024 16:09:29;
17/12/2024;21;2.0TD;1;0.000204121244000000;0.212;1.269204886;262.630677;33.081;43.893;185.656677;146.37;-6.80734;0.77744;0.75;0.25;121.85417;94.62480;101.96000;84.74000;90.60000;2716.6;275.0;200.0;53.0;7.16;0.926;0.17498;0.04096;0.00;0.000;2.298;0.947;0.000;0.557;153.182;146.24;148.98;26286.9;1308.60;2.99;3.25;0.92;27436.52;54240.00;24859.38;35634.1;0.77;1.52;0.70;16/12/2024 16:09:29;
17/12/2024;22;2.0TD;1;0.000206912177000000;0.217;1.300578552;254.080453;33.081;43.893;177.106453;139.23;-6.80734;0.77744;0.75;0.25;121.85417;94.62480;101.96000;84.74000;90.60000;2716.6;275.0;200.0;53.0;6.76;0.926;0.17498;0.04096;0.00;0.000;2.183;0.947;0.000;0.557;145.527;139.03;143.36;26016.3;1289.10;2.59;3.25;0.92;32497.64;31520.00;24859.38;34321.9;0.95;0.92;0.72;16/12/2024 16:09:29;
17/12/2024;23;2.0TD;2;0.000189338026000000;0.220;1.350168946;188.695654;19.184;8.779;160.732654;125.54;-6.80734;0.77744;0.75;0.25;121.85417;94.62480;101.96000;84.74000;90.60000;2716.6;275.0;200.0;53.0;7.65;0.154;0.17498;0.04096;0.00;0.000;1.976;0.947;0.000;0.557;131.748;125.16;133.50;24523.6;1165.20;3.48;3.25;0.92;37372.28;45960.00;24859.38;31107.8;1.20;1.48;0.80;16/12/2024 16:09:29;
17/12/2024;24;2.0TD;2;0.000159262948000000;0.226;1.387195286;186.038630;19.184;8.779;158.075630;122.13;-6.80734;0.77744;0.75;0.25;121.85417;94.62480;101.96000;84.74000;90.60000;2716.6;275.0;200.0;53.0;8.29;0.154;0.17498;0.04096;0.00;0.000;1.934;0.947;0.000;0.557;128.936;122.13;122.13;21140.9;1340.30;4.12;3.25;0.92;27337.68;62027.68;24859.38;27720.2;0.99;2.24;0.90;16/12/2024 16:09:29;
*
