pvpcdata;
2024;03;11;12;38;43;
27/02/2024;1;2.0TD;3;0.000107866225000000;0.229;1.270467456;48.082021;0.557;2.195;45.330021;2.46;23.32540;0.80051;0.75;0.25;3.65500;96.95660;101.96000;97.42000;68.27000;2498.4;275.0;177.0;48.0;13.86;0.000;0.17498;0.04096;0.00;0.000;0.000;0.553;0.565;0.000;0.557;36.883;2.58;0.00;24071.9;1186.80;8.83;3.48;1.55;160932.28;36489.48;24859.38;25181.9;6.39;1.45;0.99;26/02/2024 16:14:29;
27/02/2024;2;2.0TD;3;0.000088576762000000;0.240;1.334964317;48.462941;0.557;2.195;45.710941;0.94;23.32540;0.80051;0.75;0.25;3.65500;96.95660;101.96000;97.42000;68.27000;2498.4;275.0;177.0;48.0;15.36;0.000;0.17498;0.04096;0.00;0.000;0.000;0.553;0.565;0.000;0.557;36.863;1.00;0.00;23215.9;1364.70;10.33;3.48;1.55;161273.72;58391.40;24859.38;23678.1;6.81;2.47;1.05;26/02/2024 16:14:29;
27/02/2024;3;2.0TD;3;0.000078221485000000;0.244;1.356327601;48.017008;0.557;2.195;45.265008;-0.03;23.32540;0.80051;0.75;0.25;3.65500;96.95660;101.96000;97.42000;68.27000;2498.4;275.0;177.0;48.0;15.86;0.000;0.17498;0.04096;0.00;0.000;0.000;0.546;0.565;0.000;0.557;36.386;0.00;-0.50;22497.5;1227.80;10.83;3.48;1.55;161223.24;59518.24;24859.38;22678.9;7.11;2.62;1.10;26/02/2024 16:14:29;
27/02/2024;4;2.0TD;3;0.000073147353000000;0.248;1.375891866;46.984442;0.557;2.195;44.232442;-0.03;23.32540;0.80051;0.75;0.25;3.65500;96.95660;101.96000;97.42000;68.27000;2498.4;275.0;177.0;48.0;14.93;0.000;0.17498;0.04096;0.00;0.000;0.000;0.532;0.565;0.000;0.557;35.442;0.00;-0.50;22150.2;1219.40;9.90;3.48;1.55;161223.52;59330.84;0.00;22279.6;7.24;2.66;0.00;26/02/2024 16:14:29;
27/02/2024;5;2.0TD;3;0.000071454841000000;0.246;1.368767193;46.938477;0.557;2.195;44.186477;-0.03;23.32540;0.80051;0.75;0.25;3.65500;96.95660;101.96000;97.42000;68.27000;2498.4;275.0;177.0;48.0;14.95;0.000;0.17498;0.04096;0.00;0.000;0.000;0.532;0.565;0.000;0.557;35.462;0.00;-0.50;22135.6;1198.30;9.92;3.48;1.55;161183.44;59218.40;0.00;22228.3;7.25;2.66;0.00;26/02/2024 16:14:29;
27/02/2024;6;2.0TD;3;0.000074075470000000;0.240;1.335309906;45.391461;0.557;2.195;42.639461;-0.01;23.32540;0.80051;0.75;0.25;3.65500;96.95660;101.96000;97.42000;68.27000;2498.4;275.0;177.0;48.0;13.87;0.000;0.17498;0.04096;0.00;0.000;0.000;0.516;0.565;0.000;0.557;34.386;0.00;-0.10;22412.8;1286.70;8.84;3.48;1.55;161183.12;41690.88;0.00;22942.5;7.03;1.82;0.00;26/02/2024 16:14:29;
27/02/2024;7;2.0TD;3;0.000085647997000000;0.221;1.229255825;48.097086;0.557;2.195;45.345086;3.03;23.32540;0.80051;0.75;0.25;3.65500;96.95660;101.96000;97.42000;68.27000;2498.4;275.0;177.0;48.0;13.54;0.000;0.17498;0.04096;0.00;0.000;0.000;0.557;0.565;0.000;0.557;37.137;3.20;0.00;24833.6;1391.40;8.51;3.48;1.55;162389.40;32926.40;24859.38;25886.0;6.27;1.27;0.96;26/02/2024 16:14:29;
27/02/2024;8;2.0TD;3;0.000109486917000000;0.209;1.161254903;44.730490;0.557;2.195;41.978490;4.13;23.32540;0.80051;0.75;0.25;3.65500;96.95660;101.96000;97.42000;68.27000;2498.4;275.0;177.0;48.0;10.06;0.000;0.17498;0.04096;0.00;0.000;0.000;0.521;0.565;0.000;0.557;34.721;4.38;0.00;26847.7;1625.10;5.03;3.48;1.55;102577.12;24599.20;24859.38;30208.2;3.40;0.81;0.82;26/02/2024 16:14:29;
27/02/2024;9;2.0TD;2;0.000118753069000000;0.197;1.206570209;71.400529;19.184;8.779;43.437529;4.50;23.32540;0.80051;0.75;0.25;3.65500;96.95660;101.96000;97.42000;68.27000;2498.4;275.0;177.0;48.0;11.08;0.154;0.17498;0.04096;0.00;0.000;0.000;0.544;0.565;0.000;0.557;36.288;4.80;0.00;28517.0;1876.30;6.05;3.48;1.55;113722.16;54997.28;24859.38;32040.3;3.55;1.72;0.78;26/02/2024 16:14:29;
27/02/2024;10;2.0TD;2;0.000121650187000000;0.191;1.171401399;71.437671;19.184;8.779;43.474671;3.01;23.32540;0.80051;0.75;0.25;3.65500;96.95660;101.96000;97.42000;68.27000;2498.4;275.0;177.0;48.0;12.78;0.154;0.17498;0.04096;0.00;0.000;0.000;0.548;0.565;0.000;0.557;36.502;3.20;0.00;30023.0;1917.20;7.75;3.48;1.55;160158.88;63902.28;24859.38;32117.6;4.99;1.99;0.77;26/02/2024 16:14:29;
27/02/2024;11;2.0TD;1;0.000124895656000000;0.187;1.122233314;120.219570;33.081;43.893;43.245570;0.31;23.32540;0.80051;0.75;0.25;3.65500;96.95660;101.96000;97.42000;68.27000;2498.4;275.0;177.0;48.0;14.64;0.926;0.17498;0.04096;0.00;0.000;0.000;0.546;0.565;0.000;0.557;36.432;0.43;-2.00;32660.6;1817.10;9.61;3.48;1.55;207350.24;71685.60;24859.38;31639.2;6.55;2.27;0.79;26/02/2024 16:14:29;
27/02/2024;12;2.0TD;1;0.000123034384000000;0.191;1.141098644;119.083785;33.081;43.893;42.109785;-0.29;23.32540;0.80051;0.75;0.25;3.65500;96.95660;101.96000;97.42000;68.27000;2498.4;275.0;177.0;48.0;14.18;0.926;0.17498;0.04096;0.00;0.000;0.000;0.530;0.565;0.000;0.557;35.356;0.00;-5.00;32678.9;2062.30;9.15;3.48;1.55;206280.32;55686.40;24859.38;31317.5;6.59;1.78;0.79;26/02/2024 16:14:29;
27/02/2024;13;2.0TD;1;0.000122388527000000;0.185;1.108936361;119.064800;33.081;43.893;42.090800;-0.29;23.32540;0.80051;0.75;0.25;3.65500;96.95660;101.96000;97.42000;68.27000;2498.4;275.0;177.0;48.0;14.34;0.926;0.17498;0.04096;0.00;0.000;0.000;0.533;0.565;0.000;0.557;35.519;0.00;-5.00;32753.7;2090.20;9.31;3.48;1.55;206360.60;57313.60;24859.38;31002.1;6.66;1.85;0.80;26/02/2024 16:14:29;
27/02/2024;14;2.0TD;1;0.000128085837000000;0.183;1.098591213;118.981930;33.081;43.893;42.007930;-0.30;23.32540;0.80051;0.75;0.25;3.65500;96.95660;101.96000;97.42000;68.27000;2498.4;275.0;177.0;48.0;14.34;0.926;0.17498;0.04096;0.00;0.000;0.000;0.533;0.565;0.000;0.557;35.509;0.00;-5.00;32424.8;2127.60;9.31;3.48;1.55;206400.52;57150.72;24859.38;30976.0;6.66;1.85;0.80;26/02/2024 16:14:29;
27/02/2024;15;2.0TD;2;0.000128400650000000;0.185;1.136860751;69.173345;19.184;8.779;41.210345;-0.30;23.32540;0.80051;0.75;0.25;3.65500;96.95660;101.96000;97.42000;68.27000;2498.4;275.0;177.0;48.0;14.39;0.154;0.17498;0.04096;0.00;0.000;0.000;0.522;0.565;0.000;0.557;34.776;0.00;-5.00;32073.6;2098.50;9.36;3.48;1.55;205162.56;57385.92;24859.38;30711.2;6.68;1.87;0.81;26/02/2024 16:14:29;
27/02/2024;16;2.0TD;2;0.000122687259000000;0.190;1.166475965;69.854168;19.184;8.779;41.891168;-0.30;23.32540;0.80051;0.75;0.25;3.65500;96.95660;101.96000;97.42000;68.27000;2498.4;275.0;177.0;48.0;14.81;0.154;0.17498;0.04096;0.00;0.000;0.000;0.528;0.565;0.000;0.557;35.202;0.00;-5.00;31623.7;2085.10;9.78;3.48;1.55;203955.28;64473.28;24859.38;30003.7;6.80;2.15;0.83;26/02/2024 16:14:29;
27/02/2024;17;2.0TD;2;0.000118028494000000;0.191;1.173722057;71.013675;19.184;8.779;43.050675;0.27;23.32540;0.80051;0.75;0.25;3.65500;96.95660;101.96000;97.42000;68.27000;2498.4;275.0;177.0;48.0;15.17;0.154;0.17498;0.04096;0.00;0.000;0.000;0.542;0.565;0.000;0.557;36.146;0.43;-2.64;31141.7;1898.70;10.14;3.48;1.55;204148.96;71685.60;24859.38;29666.2;6.88;2.42;0.84;26/02/2024 16:14:29;
27/02/2024;18;2.0TD;2;0.000120189027000000;0.193;1.183412739;71.885278;19.184;8.779;43.922278;1.69;23.32540;0.80051;0.75;0.25;3.65500;96.95660;101.96000;97.42000;68.27000;2498.4;275.0;177.0;48.0;14.41;0.154;0.17498;0.04096;0.00;0.000;0.000;0.552;0.565;0.000;0.557;36.816;1.80;0.00;28852.1;1808.50;9.38;3.48;1.55;183720.08;71462.64;24859.38;29860.1;6.15;2.39;0.83;26/02/2024 16:14:29;
27/02/2024;19;2.0TD;1;0.000131996041000000;0.191;1.145052676;118.576419;33.081;43.893;41.602419;4.21;23.32540;0.80051;0.75;0.25;3.65500;96.95660;101.96000;97.42000;68.27000;2498.4;275.0;177.0;48.0;9.26;0.926;0.17498;0.04096;0.00;0.000;0.000;0.524;0.565;0.000;0.557;34.930;4.51;0.00;27013.9;1925.60;4.23;3.48;1.55;91219.92;12592.80;24859.38;30485.9;2.99;0.41;0.82;26/02/2024 16:14:29;
27/02/2024;20;2.0TD;1;0.000161136758000000;0.195;1.166509705;125.097441;33.081;43.893;48.123441;9.71;23.32540;0.80051;0.75;0.25;3.65500;96.95660;101.96000;97.42000;68.27000;2498.4;275.0;177.0;48.0;9.02;0.926;0.17498;0.04096;0.00;0.000;0.000;0.604;0.565;0.000;0.557;40.270;10.00;5.10;28315.6;1800.10;3.99;3.48;1.55;88173.44;17600.64;24859.38;32783.7;2.69;0.54;0.76;26/02/2024 16:14:29;
27/02/2024;21;2.0TD;1;0.000180200804000000;0.195;1.168866128;142.373556;33.081;43.893;65.399556;24.57;23.32540;0.80051;0.75;0.25;3.65500;96.95660;101.96000;97.42000;68.27000;2498.4;275.0;177.0;48.0;8.40;0.926;0.17498;0.04096;0.00;0.000;0.000;0.821;0.565;0.000;0.557;54.727;25.00;18.00;28906.2;1872.10;3.37;3.48;1.55;56652.32;32000.00;24859.38;33707.9;1.68;0.95;0.74;26/02/2024 16:14:29;
27/02/2024;22;2.0TD;1;0.000181846721000000;0.194;1.161036239;129.214679;33.081;43.893;52.240679;13.67;23.32540;0.80051;0.75;0.25;3.65500;96.95660;101.96000;97.42000;68.27000;2498.4;275.0;177.0;48.0;8.49;0.926;0.17498;0.04096;0.00;0.000;0.000;0.656;0.565;0.000;0.557;43.752;14.00;8.03;28174.0;1657.80;3.46;3.48;1.55;66565.00;22188.08;24859.38;32903.7;2.02;0.67;0.76;26/02/2024 16:14:29;
27/02/2024;23;2.0TD;2;0.000164093863000000;0.199;1.220279565;70.633806;19.184;8.779;42.670806;6.28;23.32540;0.80051;0.75;0.25;3.65500;96.95660;101.96000;97.42000;68.27000;2498.4;275.0;177.0;48.0;8.61;0.154;0.17498;0.04096;0.00;0.000;0.000;0.534;0.565;0.000;0.557;35.588;6.56;1.96;25779.7;1687.30;3.58;3.48;1.55;69242.64;13021.60;24859.38;29910.9;2.31;0.44;0.83;26/02/2024 16:14:29;
27/02/2024;24;2.0TD;2;0.000135713317000000;0.205;1.254912906;71.519728;19.184;8.779;43.556728;5.56;23.32540;0.80051;0.75;0.25;3.65500;96.95660;101.96000;97.42000;68.27000;2498.4;275.0;177.0;48.0;9.88;0.154;0.17498;0.04096;0.00;0.000;0.000;0.542;0.565;0.000;0.557;36.146;5.83;1.52;24322.9;1657.50;4.85;3.48;1.55;69765.08;34914.00;24859.38;26687.8;2.61;1.31;0.93;26/02/2024 16:14:29;
*
