pvpcdata;
2024;04;10;12;05;42;
14/03/2024;1;2.0TD;3;0.000105278836000000;0.212;1.175189499;81.381405;0.557;2.195;78.629405;37.71;14.46215;0.88814;0.75;0.25;35.99000;93.83860;101.96000;97.42000;37.09000;2242.9;275.0;177.0;46.0;12.01;0.000;0.17498;0.04096;0.00;0.000;0.000;0.973;0.565;0.000;0.557;64.875;37.48;42.48;18012.0;849.70;7.20;3.40;1.41;112754.08;34968.32;24859.38;23985.9;4.70;1.46;1.04;13/03/2024 16:08:26;
14/03/2024;2;2.0TD;3;0.000086856687000000;0.218;1.208907933;77.047255;0.557;2.195;74.295255;31.36;14.46215;0.88814;0.75;0.25;35.99000;93.83860;101.96000;97.42000;37.09000;2242.9;275.0;177.0;46.0;14.54;0.000;0.17498;0.04096;0.00;0.000;0.000;0.915;0.565;0.000;0.557;60.997;31.05;35.95;16534.2;1106.30;9.73;3.40;1.41;152346.52;41484.08;24859.38;22491.8;6.77;1.84;1.11;13/03/2024 16:08:26;
14/03/2024;3;2.0TD;3;0.000076855332000000;0.223;1.236258878;74.173667;0.557;2.195;71.421667;26.45;14.46215;0.88814;0.75;0.25;35.99000;93.83860;101.96000;97.42000;37.09000;2242.9;275.0;177.0;46.0;16.89;0.000;0.17498;0.04096;0.00;0.000;0.000;0.876;0.565;0.000;0.557;58.398;26.10;31.10;16003.7;1221.50;12.08;3.40;1.41;189904.08;45447.12;24859.38;21542.4;8.82;2.11;1.15;13/03/2024 16:08:26;
14/03/2024;4;2.0TD;3;0.000072075548000000;0.225;1.248632877;73.519940;0.557;2.195;70.767940;24.97;14.46215;0.88814;0.75;0.25;35.99000;93.83860;101.96000;97.42000;37.09000;2242.9;275.0;177.0;46.0;17.75;0.000;0.17498;0.04096;0.00;0.000;0.000;0.867;0.565;0.000;0.557;57.769;24.60;29.89;16183.5;1213.00;12.94;3.40;1.41;228684.20;45511.04;0.00;21185.0;10.79;2.15;0.00;13/03/2024 16:08:26;
14/03/2024;5;2.0TD;3;0.000070635536000000;0.224;1.246559494;74.094978;0.557;2.195;71.342978;24.95;14.46215;0.88814;0.75;0.25;35.99000;93.83860;101.96000;97.42000;37.09000;2242.9;275.0;177.0;46.0;18.28;0.000;0.17498;0.04096;0.00;0.000;0.000;0.874;0.565;0.000;0.557;58.286;24.60;29.60;16209.7;1210.90;13.47;3.40;1.41;237307.84;46661.60;0.00;21083.1;11.26;2.21;0.00;13/03/2024 16:08:26;
14/03/2024;6;2.0TD;3;0.000073214807000000;0.221;1.226365546;80.143555;0.557;2.195;77.391555;31.05;14.46215;0.88814;0.75;0.25;35.99000;93.83860;101.96000;97.42000;37.09000;2242.9;275.0;177.0;46.0;17.20;0.000;0.17498;0.04096;0.00;0.000;0.000;0.951;0.565;0.000;0.557;63.383;31.05;31.05;16066.9;1348.20;12.39;3.40;1.41;224377.88;47940.00;0.00;21983.9;10.21;2.18;0.00;13/03/2024 16:08:26;
14/03/2024;7;2.0TD;3;0.000083982639000000;0.205;1.138472391;82.052745;0.557;2.195;79.300745;36.84;14.46215;0.88814;0.75;0.25;35.99000;93.83860;101.96000;97.42000;37.09000;2242.9;275.0;177.0;46.0;13.80;0.000;0.17498;0.04096;0.00;0.000;0.000;0.987;0.565;0.000;0.557;65.809;36.83;37.18;18013.6;800.50;8.99;3.40;1.41;162387.64;35453.40;24859.38;24754.8;6.56;1.43;1.00;13/03/2024 16:08:26;
14/03/2024;8;2.0TD;3;0.000103721177000000;0.192;1.064144782;138.292826;0.557;2.195;135.540826;87.85;14.46215;0.88814;0.75;0.25;35.99000;93.83860;101.96000;97.42000;37.09000;2242.9;275.0;177.0;46.0;9.97;0.000;0.17498;0.04096;0.00;0.000;0.000;1.706;0.565;0.000;0.557;113.708;87.85;87.85;17103.5;982.00;5.16;3.40;1.41;44214.04;76752.00;24859.38;28266.4;1.56;2.72;0.88;13/03/2024 16:08:26;
14/03/2024;9;2.0TD;2;0.000114107681000000;0.183;1.123753318;144.373449;19.184;8.779;116.410449;69.71;14.46215;0.88814;0.75;0.25;35.99000;93.83860;101.96000;97.42000;37.09000;2242.9;275.0;177.0;46.0;12.88;0.154;0.17498;0.04096;0.00;0.000;0.000;1.476;0.565;0.000;0.557;98.402;70.00;65.00;18755.5;1160.50;8.07;3.40;1.41;75869.00;143520.00;24859.38;30241.1;2.51;4.75;0.82;13/03/2024 16:08:26;
14/03/2024;10;2.0TD;2;0.000117507046000000;0.167;1.026220668;101.557225;19.184;8.779;73.594225;34.36;14.46215;0.88814;0.75;0.25;35.99000;93.83860;101.96000;97.42000;37.09000;2242.9;275.0;177.0;46.0;13.42;0.154;0.17498;0.04096;0.00;0.000;0.000;0.946;0.565;0.000;0.557;63.062;35.00;24.16;23807.9;1488.60;8.61;3.40;1.41;173498.80;63507.60;24859.38;30435.2;5.70;2.09;0.82;13/03/2024 16:08:26;
14/03/2024;11;2.0TD;1;0.000119942462000000;0.167;1.002940731;147.928471;33.081;43.893;70.954471;30.71;14.46215;0.88814;0.75;0.25;35.99000;93.83860;101.96000;97.42000;37.09000;2242.9;275.0;177.0;46.0;14.07;0.926;0.17498;0.04096;0.00;0.000;0.000;0.912;0.565;0.000;0.557;60.800;31.05;25.44;24665.6;1570.70;9.26;3.40;1.41;181778.80;73276.16;24859.38;30213.1;6.02;2.43;0.82;13/03/2024 16:08:26;
14/03/2024;12;2.0TD;1;0.000118497942000000;0.168;1.006663913;126.965272;33.081;43.893;49.991272;12.27;14.46215;0.88814;0.75;0.25;35.99000;93.83860;101.96000;97.42000;37.09000;2242.9;275.0;177.0;46.0;14.78;0.926;0.17498;0.04096;0.00;0.000;0.000;0.642;0.565;0.000;0.557;42.800;12.00;16.82;25985.7;1520.20;9.97;3.40;1.41;215523.44;54060.00;24859.38;29536.5;7.30;1.83;0.84;13/03/2024 16:08:26;
14/03/2024;13;2.0TD;1;0.000119050755000000;0.167;1.002922393;125.002756;33.081;43.893;48.028756;10.47;14.46215;0.88814;0.75;0.25;35.99000;93.83860;101.96000;97.42000;37.09000;2242.9;275.0;177.0;46.0;14.96;0.926;0.17498;0.04096;0.00;0.000;0.000;0.617;0.565;0.000;0.557;41.155;10.20;15.00;26510.1;1584.00;10.15;3.40;1.41;218535.92;55668.48;24859.38;29440.6;7.42;1.89;0.84;13/03/2024 16:08:26;
14/03/2024;14;2.0TD;1;0.000126052005000000;0.163;0.978643190;123.504172;33.081;43.893;46.530172;9.23;14.46215;0.88814;0.75;0.25;35.99000;93.83860;101.96000;97.42000;37.09000;2242.9;275.0;177.0;46.0;15.07;0.926;0.17498;0.04096;0.00;0.000;0.000;0.600;0.565;0.000;0.557;40.008;9.14;10.67;27292.2;1628.10;10.26;3.40;1.41;223949.00;53979.56;24859.38;29512.4;7.59;1.83;0.84;13/03/2024 16:08:26;
14/03/2024;15;2.0TD;2;0.000125941723000000;0.168;1.032705695;67.517024;19.184;8.779;39.554024;3.74;14.46215;0.88814;0.75;0.25;35.99000;93.83860;101.96000;97.42000;37.09000;2242.9;275.0;177.0;46.0;15.28;0.154;0.17498;0.04096;0.00;0.000;0.000;0.508;0.565;0.000;0.557;33.864;3.50;8.50;27723.5;1378.30;10.47;3.40;1.41;234737.12;44910.00;24859.38;29075.8;8.07;1.54;0.85;13/03/2024 16:08:26;
14/03/2024;16;2.0TD;2;0.000119389879000000;0.174;1.067344351;67.672078;19.184;8.779;39.709078;3.43;14.46215;0.88814;0.75;0.25;35.99000;93.83860;101.96000;97.42000;37.09000;2242.9;275.0;177.0;46.0;15.55;0.154;0.17498;0.04096;0.00;0.000;0.000;0.507;0.565;0.000;0.557;33.823;3.20;7.47;27324.3;1574.50;10.74;3.40;1.41;235700.00;46987.20;24859.38;28641.4;8.23;1.64;0.87;13/03/2024 16:08:26;
14/03/2024;17;2.0TD;2;0.000114197382000000;0.178;1.091243120;75.450237;19.184;8.779;47.487237;9.25;14.46215;0.88814;0.75;0.25;35.99000;93.83860;101.96000;97.42000;37.09000;2242.9;275.0;177.0;46.0;16.12;0.154;0.17498;0.04096;0.00;0.000;0.000;0.605;0.565;0.000;0.557;40.311;9.14;11.14;25855.6;1549.10;11.31;3.40;1.41;224272.80;71042.40;24859.38;28314.1;7.92;2.51;0.88;13/03/2024 16:08:26;
14/03/2024;18;2.0TD;2;0.000115560603000000;0.181;1.107757457;88.531467;19.184;8.779;60.568467;21.72;14.46215;0.88814;0.75;0.25;35.99000;93.83860;101.96000;97.42000;37.09000;2242.9;275.0;177.0;46.0;14.46;0.154;0.17498;0.04096;0.00;0.000;0.000;0.769;0.565;0.000;0.557;51.285;21.71;21.89;23936.8;1333.20;9.65;3.40;1.41;180515.28;69138.08;24859.38;28443.1;6.35;2.43;0.87;13/03/2024 16:08:26;
14/03/2024;19;2.0TD;1;0.000122959628000000;0.176;1.053389300;151.209878;33.081;43.893;74.235878;35.35;14.46215;0.88814;0.75;0.25;35.99000;93.83860;101.96000;97.42000;37.09000;2242.9;275.0;177.0;46.0;11.72;0.926;0.17498;0.04096;0.00;0.000;0.000;0.947;0.565;0.000;0.557;63.125;35.00;43.28;22624.7;991.30;6.91;3.40;1.41;110919.92;62570.40;24859.38;28707.2;3.86;2.18;0.87;13/03/2024 16:08:26;
14/03/2024;20;2.0TD;1;0.000147055968000000;0.184;1.099059896;212.212548;33.081;43.893;135.238548;85.75;14.46215;0.88814;0.75;0.25;35.99000;93.83860;101.96000;97.42000;37.09000;2242.9;275.0;177.0;46.0;11.65;0.926;0.17498;0.04096;0.00;0.000;0.000;1.713;0.565;0.000;0.557;114.221;85.82;84.82;19362.3;1381.90;6.84;3.40;1.41;95044.84;89488.00;24859.38;30621.2;3.10;2.92;0.81;13/03/2024 16:08:26;
14/03/2024;21;2.0TD;1;0.000172834422000000;0.187;1.118333366;202.818252;33.081;43.893;125.844252;78.17;14.46215;0.88814;0.75;0.25;35.99000;93.83860;101.96000;97.42000;37.09000;2242.9;275.0;177.0;46.0;11.15;0.926;0.17498;0.04096;0.00;0.000;0.000;1.590;0.565;0.000;0.557;106.018;78.25;77.00;19811.2;1347.70;6.34;3.40;1.41;96197.72;83032.08;24859.38;32198.1;2.99;2.58;0.77;13/03/2024 16:08:26;
14/03/2024;22;2.0TD;1;0.000177254366000000;0.189;1.134108325;185.285654;33.081;43.893;108.311654;62.80;14.46215;0.88814;0.75;0.25;35.99000;93.83860;101.96000;97.42000;37.09000;2242.9;275.0;177.0;46.0;11.82;0.926;0.17498;0.04096;0.00;0.000;0.000;1.366;0.565;0.000;0.557;91.094;62.80;62.80;19080.0;1340.20;7.01;3.40;1.41;111163.84;83990.88;24859.38;31363.9;3.54;2.68;0.79;13/03/2024 16:08:26;
14/03/2024;23;2.0TD;2;0.000158297381000000;0.202;1.240640873;133.136493;19.184;8.779;105.173493;59.91;14.46215;0.88814;0.75;0.25;35.99000;93.83860;101.96000;97.42000;37.09000;2242.9;275.0;177.0;46.0;11.94;0.154;0.17498;0.04096;0.00;0.000;0.000;1.312;0.565;0.000;0.557;87.498;59.91;59.91;19837.1;1035.00;7.13;3.40;1.41;66196.32;110778.72;24859.38;28324.5;2.34;3.91;0.88;13/03/2024 16:08:26;
14/03/2024;24;2.0TD;2;0.000130731195000000;0.207;1.269846442;102.719446;19.184;8.779;74.756446;37.62;14.46215;0.88814;0.75;0.25;35.99000;93.83860;101.96000;97.42000;37.09000;2242.9;275.0;177.0;46.0;9.05;0.154;0.17498;0.04096;0.00;0.000;0.000;0.929;0.565;0.000;0.557;61.935;37.48;41.23;18714.9;737.70;4.24;3.40;1.41;49152.04;35453.40;24859.38;25763.7;1.91;1.38;0.96;13/03/2024 16:08:26;
*
