pvpcdata;
2024;07;09;11;18;15;
24/06/2024;1;2.0TD;3;0.000095440285000000;0.176;0.978840255;96.250365;0.557;2.195;93.498365;52.14;9.16364;1.08712;0.75;0.25;41.15125;77.80580;101.96000;48.69000;52.19000;1806.6;275.0;154.0;62.0;14.49;0.000;0.17498;0.04096;0.00;0.000;1.193;0.947;0.000;0.557;79.505;51.80;58.31;18684.4;1024.90;10.15;3.20;1.14;150169.44;49476.00;24859.38;22105.5;6.79;2.24;1.12;23/06/2024 16:08:40;
24/06/2024;2;2.0TD;3;0.000082822914000000;0.175;0.974696426;86.639259;0.557;2.195;83.887259;44.00;9.16364;1.08712;0.75;0.25;41.15125;77.80580;101.96000;48.69000;52.19000;1806.6;275.0;154.0;62.0;14.64;0.000;0.17498;0.04096;0.00;0.000;1.071;0.947;0.000;0.557;71.393;43.60;51.70;18510.2;970.30;10.30;3.20;1.14;161746.44;52812.00;0.00;20840.3;7.76;2.53;0.00;23/06/2024 16:08:40;
24/06/2024;3;2.0TD;3;0.000073393337000000;0.177;0.985462199;83.579429;0.557;2.195;80.827429;40.71;9.16364;1.08712;0.75;0.25;41.15125;77.80580;101.96000;48.69000;52.19000;1806.6;275.0;154.0;62.0;15.25;0.000;0.17498;0.04096;0.00;0.000;1.030;0.947;0.000;0.557;68.672;40.00;54.66;17957.2;907.60;10.91;3.20;1.14;167150.04;49862.40;0.00;19894.9;8.40;2.51;0.00;23/06/2024 16:08:40;
24/06/2024;4;2.0TD;3;0.000068605547000000;0.176;0.979047095;78.269325;0.557;2.195;75.517325;35.82;9.16364;1.08712;0.75;0.25;41.15125;77.80580;101.96000;48.69000;52.19000;1806.6;275.0;154.0;62.0;15.75;0.000;0.17498;0.04096;0.00;0.000;0.963;0.947;0.000;0.557;64.215;35.40;43.66;17096.1;925.60;11.41;3.20;1.14;175007.72;48451.36;0.00;19582.9;8.94;2.47;0.00;23/06/2024 16:08:40;
24/06/2024;5;2.0TD;3;0.000066314005000000;0.174;0.965782926;77.664250;0.557;2.195;74.912250;35.30;9.16364;1.08712;0.75;0.25;41.15125;77.80580;101.96000;48.69000;52.19000;1806.6;275.0;154.0;62.0;15.87;0.000;0.17498;0.04096;0.00;0.000;0.957;0.947;0.000;0.557;63.809;35.02;39.99;16452.1;985.10;11.53;3.20;1.14;176994.00;47428.64;0.00;19461.0;9.09;2.44;0.00;23/06/2024 16:08:40;
24/06/2024;6;2.0TD;3;0.000066352278000000;0.169;0.941448571;92.951353;0.557;2.195;90.199353;49.33;9.16364;1.08712;0.75;0.25;41.15125;77.80580;101.96000;48.69000;52.19000;1806.6;275.0;154.0;62.0;14.99;0.000;0.17498;0.04096;0.00;0.000;1.157;0.947;0.000;0.557;77.159;49.07;53.98;16511.2;923.80;10.65;3.20;1.14;157968.56;53948.48;0.00;19894.1;7.94;2.71;0.00;23/06/2024 16:08:40;
24/06/2024;7;2.0TD;3;0.000069534720000000;0.162;0.899812727;98.817343;0.557;2.195;96.065343;55.03;9.16364;1.08712;0.75;0.25;41.15125;77.80580;101.96000;48.69000;52.19000;1806.6;275.0;154.0;62.0;14.72;0.000;0.17498;0.04096;0.00;0.000;1.240;0.947;0.000;0.557;82.672;55.03;55.03;16036.7;1121.30;10.38;3.20;1.14;152341.84;49410.16;24859.38;21830.8;6.98;2.26;1.14;23/06/2024 16:08:40;
24/06/2024;8;2.0TD;3;0.000076116670000000;0.157;0.871457422;113.662497;0.557;2.195;110.910497;70.26;9.16364;1.08712;0.75;0.25;41.15125;77.80580;101.96000;48.69000;52.19000;1806.6;275.0;154.0;62.0;12.48;0.000;0.17498;0.04096;0.00;0.000;1.438;0.947;0.000;0.557;95.860;70.00;74.65;16893.1;995.70;8.14;3.20;1.14;40503.24;124766.72;24859.38;23355.8;1.73;5.34;1.06;23/06/2024 16:08:40;
24/06/2024;9;2.0TD;2;0.000087797115000000;0.145;0.889843355;105.016247;19.184;8.779;77.053247;40.41;9.16364;1.08712;0.75;0.25;41.15125;77.80580;101.96000;48.69000;52.19000;1806.6;275.0;154.0;62.0;14.04;0.154;0.17498;0.04096;0.00;0.000;1.009;0.947;0.000;0.557;67.295;40.00;50.01;19724.9;845.70;9.70;3.20;1.14;59286.32;157219.20;24859.38;24891.2;2.38;6.32;1.00;23/06/2024 16:08:40;
24/06/2024;10;2.0TD;2;0.000096656265000000;0.138;0.844050831;98.306663;19.184;8.779;70.343663;35.22;9.16364;1.08712;0.75;0.25;41.15125;77.80580;101.96000;48.69000;52.19000;1806.6;275.0;154.0;62.0;13.83;0.154;0.17498;0.04096;0.00;0.000;0.927;0.947;0.000;0.557;61.813;35.02;40.58;22469.7;855.00;9.49;3.20;1.14;72298.32;147285.60;24859.38;25759.7;2.81;5.72;0.97;23/06/2024 16:08:40;
24/06/2024;11;2.0TD;1;0.000103588677000000;0.143;0.858426315;147.803895;33.081;43.893;70.829895;34.65;9.16364;1.08712;0.75;0.25;41.15125;77.80580;101.96000;48.69000;52.19000;1806.6;275.0;154.0;62.0;13.78;0.926;0.17498;0.04096;0.00;0.000;0.930;0.947;0.000;0.557;61.968;35.00;29.30;22803.1;1493.80;9.44;3.20;1.14;184932.52;42160.80;24859.38;26670.7;6.93;1.58;0.93;23/06/2024 16:08:40;
24/06/2024;12;2.0TD;1;0.000107401187000000;0.147;0.882706063;116.017206;33.081;43.893;39.043206;4.58;9.16364;1.08712;0.75;0.25;41.15125;77.80580;101.96000;48.69000;52.19000;1806.6;275.0;154.0;62.0;16.34;0.926;0.17498;0.04096;0.00;0.000;0.511;0.947;0.000;0.557;34.039;5.00;0.20;23377.2;2269.90;12.00;3.20;1.14;291947.60;8800.88;24859.38;27137.0;10.76;0.32;0.92;23/06/2024 16:08:40;
24/06/2024;13;2.0TD;1;0.000113668629000000;0.146;0.872388224;114.307714;33.081;43.893;37.333714;3.25;9.16364;1.08712;0.75;0.25;41.15125;77.80580;101.96000;48.69000;52.19000;1806.6;275.0;154.0;62.0;16.23;0.926;0.17498;0.04096;0.00;0.000;0.489;0.947;0.000;0.557;32.577;3.60;-0.39;23547.0;2240.60;11.89;3.20;1.14;293986.08;7373.52;24859.38;27435.5;10.72;0.27;0.91;23/06/2024 16:08:40;
24/06/2024;14;2.0TD;1;0.000124160087000000;0.140;0.836378011;116.079890;33.081;43.893;39.105890;5.09;9.16364;1.08712;0.75;0.25;41.15125;77.80580;101.96000;48.69000;52.19000;1806.6;275.0;154.0;62.0;16.09;0.926;0.17498;0.04096;0.00;0.000;0.515;0.947;0.000;0.557;34.303;5.10;5.00;23651.1;2057.10;11.75;3.20;1.14;291148.08;9274.20;24859.38;27690.9;10.51;0.33;0.90;23/06/2024 16:08:40;
24/06/2024;15;2.0TD;2;0.000126734915000000;0.140;0.860203636;63.477890;19.184;8.779;35.514890;2.66;9.16364;1.08712;0.75;0.25;41.15125;77.80580;101.96000;48.69000;52.19000;1806.6;275.0;154.0;62.0;16.19;0.154;0.17498;0.04096;0.00;0.000;0.467;0.947;0.000;0.557;31.153;2.90;0.00;23665.7;2180.00;11.85;3.20;1.14;294968.28;6860.84;24859.38;27572.0;10.70;0.25;0.90;23/06/2024 16:08:40;
24/06/2024;16;2.0TD;2;0.000118241537000000;0.141;0.866758629;60.127119;19.184;8.779;32.164119;-0.69;9.16364;1.08712;0.75;0.25;41.15125;77.80580;101.96000;48.69000;52.19000;1806.6;275.0;154.0;62.0;16.62;0.154;0.17498;0.04096;0.00;0.000;0.423;0.947;0.000;0.557;28.189;0.00;-7.00;22480.4;2438.60;12.28;3.20;1.14;299301.80;6134.04;24859.38;26889.3;11.13;0.23;0.92;23/06/2024 16:08:40;
24/06/2024;17;2.0TD;2;0.000113432108000000;0.144;0.883979346;60.572048;19.184;8.779;32.609048;-0.50;9.16364;1.08712;0.75;0.25;41.15125;77.80580;101.96000;48.69000;52.19000;1806.6;275.0;154.0;62.0;16.74;0.154;0.17498;0.04096;0.00;0.000;0.428;0.947;0.000;0.557;28.504;0.00;-5.00;22144.2;2466.40;12.40;3.20;1.14;299301.80;4113.12;24859.38;26484.9;11.30;0.16;0.94;23/06/2024 16:08:40;
24/06/2024;18;2.0TD;2;0.000113028872000000;0.146;0.895223337;66.329260;19.184;8.779;38.366260;4.54;9.16364;1.08712;0.75;0.25;41.15125;77.80580;101.96000;48.69000;52.19000;1806.6;275.0;154.0;62.0;16.60;0.154;0.17498;0.04096;0.00;0.000;0.502;0.947;0.000;0.557;33.478;5.00;0.10;22379.0;2292.60;12.26;3.20;1.14;292166.16;10825.60;24859.38;26744.5;10.92;0.40;0.93;23/06/2024 16:08:40;
24/06/2024;19;2.0TD;1;0.000113026226000000;0.145;0.867581625;150.926587;33.081;43.893;73.952587;34.30;9.16364;1.08712;0.75;0.25;41.15125;77.80580;101.96000;48.69000;52.19000;1806.6;275.0;154.0;62.0;16.71;0.926;0.17498;0.04096;0.00;0.000;0.969;0.947;0.000;0.557;64.587;34.80;27.80;21378.6;1627.50;12.37;3.20;1.14;208170.00;95232.00;24859.38;26544.1;7.84;3.59;0.94;23/06/2024 16:08:40;
24/06/2024;20;2.0TD;1;0.000114040963000000;0.149;0.891159822;149.948613;33.081;43.893;72.974613;35.60;9.16364;1.08712;0.75;0.25;41.15125;77.80580;101.96000;48.69000;52.19000;1806.6;275.0;154.0;62.0;14.35;0.926;0.17498;0.04096;0.00;0.000;0.953;0.947;0.000;0.557;63.511;35.45;39.58;21595.7;837.60;10.01;3.20;1.14;61608.52;184085.44;24859.38;27035.9;2.28;6.81;0.92;23/06/2024 16:08:40;
24/06/2024;21;2.0TD;1;0.000119661654000000;0.151;0.906075337;200.613744;33.081;43.893;123.639744;83.21;9.16364;1.08712;0.75;0.25;41.15125;77.80580;101.96000;48.69000;52.19000;1806.6;275.0;154.0;62.0;9.99;0.926;0.17498;0.04096;0.00;0.000;1.611;0.947;0.000;0.557;107.419;83.27;81.77;19235.6;765.60;5.65;3.20;1.14;32407.00;95225.20;24859.38;27002.6;1.20;3.53;0.92;23/06/2024 16:08:40;
24/06/2024;22;2.0TD;1;0.000129544181000000;0.149;0.894949767;235.487067;33.081;43.893;158.513067;117.25;9.16364;1.08712;0.75;0.25;41.15125;77.80580;101.96000;48.69000;52.19000;1806.6;275.0;154.0;62.0;6.03;0.926;0.17498;0.04096;0.00;0.000;2.069;0.947;0.000;0.557;137.957;117.33;116.19;17049.5;1268.90;1.69;3.20;1.14;5417.16;15468.64;24859.38;27026.7;0.20;0.57;0.92;23/06/2024 16:08:40;
24/06/2024;23;2.0TD;2;0.000134318355000000;0.153;0.939462700;182.168001;19.184;8.779;154.205001;113.65;9.16364;1.08712;0.75;0.25;41.15125;77.80580;101.96000;48.69000;52.19000;1806.6;275.0;154.0;62.0;6.25;0.154;0.17498;0.04096;0.00;0.000;2.006;0.947;0.000;0.557;133.742;113.70;112.99;16850.0;1151.00;1.91;3.20;1.14;7619.96;17514.08;24859.38;26184.1;0.29;0.67;0.95;23/06/2024 16:08:40;
24/06/2024;24;2.0TD;2;0.000116644845000000;0.151;0.928381630;157.081504;19.184;8.779;129.118504;91.50;9.16364;1.08712;0.75;0.25;41.15125;77.80580;101.96000;48.69000;52.19000;1806.6;275.0;154.0;62.0;7.16;0.154;0.17498;0.04096;0.00;0.000;1.683;0.947;0.000;0.557;112.179;91.54;90.70;15687.4;887.90;2.82;3.20;1.14;20655.92;22372.00;24859.38;24044.2;0.86;0.93;1.03;23/06/2024 16:08:40;
*
