pvpcdata;
2025;01;13;09;30;24;
09/12/2024;1;2.0TD;3;0.000124305474000000;0.237;1.319383559;114.166433;0.557;2.195;111.414433;54.36;6.85901;0.85972;0.75;0.25;67.18875;94.62480;101.96000;84.74000;90.60000;2456.6;275.0;200.0;53.0;26.74;0.000;0.17498;0.04096;0.00;0.000;1.351;0.947;0.000;0.557;90.068;55.00;45.00;22479.7;1538.30;22.57;3.25;0.92;405452.80;100720.00;24859.38;23531.5;17.23;4.28;1.06;08/12/2024 16:23:12;
09/12/2024;2;2.0TD;3;0.000102458452000000;0.249;1.385187098;97.773742;0.557;2.195;95.021742;37.14;6.85901;0.85972;0.75;0.25;67.18875;94.62480;101.96000;84.74000;90.60000;2456.6;275.0;200.0;53.0;30.18;0.000;0.17498;0.04096;0.00;0.000;1.141;0.947;0.000;0.557;76.078;37.55;30.55;22152.5;1391.70;26.01;3.25;0.92;463115.60;111792.00;0.00;22103.9;20.95;5.06;0.00;08/12/2024 16:23:12;
09/12/2024;3;2.0TD;3;0.000090365506000000;0.254;1.408920641;92.438401;0.557;2.195;89.686401;31.40;6.85901;0.85972;0.75;0.25;67.18875;94.62480;101.96000;84.74000;90.60000;2456.6;275.0;200.0;53.0;31.43;0.000;0.17498;0.04096;0.00;0.000;1.073;0.947;0.000;0.557;71.520;31.82;24.82;21900.8;1400.20;27.26;3.25;0.92;475831.32;101485.20;0.00;21175.9;22.47;4.79;0.00;08/12/2024 16:23:12;
09/12/2024;4;2.0TD;3;0.000084015770000000;0.256;1.423391047;73.797962;0.557;2.195;71.045962;13.73;6.85901;0.85972;0.75;0.25;67.18875;94.62480;101.96000;84.74000;90.60000;2456.6;275.0;200.0;53.0;34.37;0.000;0.17498;0.04096;0.00;0.000;0.848;0.947;0.000;0.557;56.565;13.99;10.06;20891.3;1469.90;30.20;3.25;0.92;516265.32;105880.00;0.00;20603.9;25.06;5.14;0.00;08/12/2024 16:23:12;
09/12/2024;5;2.0TD;3;0.000081904328000000;0.255;1.414215930;65.103232;0.557;2.195;62.351232;5.41;6.85901;0.85972;0.75;0.25;67.18875;94.62480;101.96000;84.74000;90.60000;2456.6;275.0;200.0;53.0;35.91;0.000;0.17498;0.04096;0.00;0.000;0.745;0.947;0.000;0.557;49.682;5.43;5.00;20249.1;1091.70;31.74;3.25;0.92;527055.16;122240.00;0.00;20457.1;25.76;5.98;0.00;08/12/2024 16:23:12;
09/12/2024;6;2.0TD;3;0.000084318201000000;0.244;1.353100005;84.928471;0.557;2.195;82.176471;25.53;6.85901;0.85972;0.75;0.25;67.18875;94.62480;101.96000;84.74000;90.60000;2456.6;275.0;200.0;53.0;31.92;0.000;0.17498;0.04096;0.00;0.000;0.991;0.947;0.000;0.557;66.058;25.95;19.95;21188.9;1607.00;27.75;3.25;0.92;494264.84;97944.00;0.00;21341.9;23.16;4.59;0.00;08/12/2024 16:23:12;
09/12/2024;7;2.0TD;3;0.000096112032000000;0.218;1.213803098;126.600988;0.557;2.195;123.848988;65.83;6.85901;0.85972;0.75;0.25;67.18875;94.62480;101.96000;84.74000;90.60000;2456.6;275.0;200.0;53.0;26.71;0.000;0.17498;0.04096;0.00;0.000;1.525;0.947;0.000;0.557;101.682;67.44;50.00;21417.3;2176.40;22.54;3.25;0.92;384003.80;161486.40;0.00;24202.7;15.87;6.67;0.00;08/12/2024 16:23:12;
09/12/2024;8;2.0TD;3;0.000121503633000000;0.201;1.114775960;172.436794;0.557;2.195;169.684794;110.72;6.85901;0.85972;0.75;0.25;67.18875;94.62480;101.96000;84.74000;90.60000;2456.6;275.0;200.0;53.0;20.83;0.000;0.17498;0.04096;0.00;0.000;2.119;0.947;0.000;0.557;141.286;111.16;106.16;20597.7;1976.10;16.66;3.25;0.92;275333.08;171948.00;0.00;26844.7;10.26;6.41;0.00;08/12/2024 16:23:12;
09/12/2024;9;2.0TD;2;0.000137180991000000;0.192;1.175384978;208.737258;19.184;8.779;180.774258;122.29;6.85901;0.85972;0.75;0.25;67.18875;94.62480;101.96000;84.74000;90.60000;2456.6;275.0;200.0;53.0;19.32;0.154;0.17498;0.04096;0.00;0.000;2.275;0.947;0.000;0.557;151.656;122.98;117.26;21507.0;2954.60;15.15;3.25;0.92;179707.36;254784.00;0.00;28685.2;6.26;8.88;0.00;08/12/2024 16:23:12;
09/12/2024;10;2.0TD;2;0.000144600756000000;0.185;1.135984591;164.991964;19.184;8.779;137.028964;85.30;6.85901;0.85972;0.75;0.25;67.18875;94.62480;101.96000;84.74000;90.60000;2456.6;275.0;200.0;53.0;20.83;0.154;0.17498;0.04096;0.00;0.000;1.735;0.947;0.000;0.557;115.636;85.30;85.29;23875.3;1315.20;16.66;3.25;0.92;212276.24;278010.40;0.00;29429.2;7.21;9.45;0.00;08/12/2024 16:23:12;
09/12/2024;11;2.0TD;1;0.000150848529000000;0.176;1.054290236;154.306885;33.081;43.893;77.332885;39.99;6.85901;0.85972;0.75;0.25;67.18875;94.62480;101.96000;84.74000;90.60000;2456.6;275.0;200.0;53.0;16.24;0.926;0.17498;0.04096;0.00;0.000;0.986;0.947;0.000;0.557;65.759;40.50;30.50;27502.6;1474.70;12.07;3.25;0.92;266559.36;101968.80;0.00;30541.3;8.73;3.34;0.00;08/12/2024 16:23:12;
09/12/2024;12;2.0TD;1;0.000149021279000000;0.173;1.035246348;123.206923;33.081;43.893;46.232923;13.83;6.85901;0.85972;0.75;0.25;67.18875;94.62480;101.96000;84.74000;90.60000;2456.6;275.0;200.0;53.0;16.45;0.926;0.17498;0.04096;0.00;0.000;0.591;0.947;0.000;0.557;39.414;14.00;11.00;29332.7;1793.00;12.28;3.25;0.92;342823.92;31688.00;0.00;30487.0;11.24;1.04;0.00;08/12/2024 16:23:12;
09/12/2024;13;2.0TD;1;0.000147867621000000;0.172;1.031961772;112.578488;33.081;43.893;35.604488;4.95;6.85901;0.85972;0.75;0.25;67.18875;94.62480;101.96000;84.74000;90.60000;2456.6;275.0;200.0;53.0;16.43;0.926;0.17498;0.04096;0.00;0.000;0.456;0.947;0.000;0.557;30.379;5.00;4.00;29877.7;1534.90;12.26;3.25;0.92;355035.44;16704.00;0.00;30328.4;11.71;0.55;0.00;08/12/2024 16:23:12;
09/12/2024;14;2.0TD;1;0.000155166917000000;0.173;1.035075669;111.107428;33.081;43.893;34.133428;3.85;6.85901;0.85972;0.75;0.25;67.18875;94.62480;101.96000;84.74000;90.60000;2456.6;275.0;200.0;53.0;16.27;0.926;0.17498;0.04096;0.00;0.000;0.436;0.947;0.000;0.557;29.099;3.85;3.85;30005.4;1528.00;12.10;3.25;0.92;355547.04;14688.00;0.00;30596.5;11.62;0.48;0.00;08/12/2024 16:23:12;
09/12/2024;15;2.0TD;2;0.000157643464000000;0.172;1.054929312;60.720700;19.184;8.779;32.757700;3.85;6.85901;0.85972;0.75;0.25;67.18875;94.62480;101.96000;84.74000;90.60000;2456.6;275.0;200.0;53.0;15.91;0.154;0.17498;0.04096;0.00;0.000;0.419;0.947;0.000;0.557;27.950;3.85;3.85;30010.9;1418.40;11.74;3.25;0.92;345632.88;14400.00;0.00;30665.9;11.27;0.47;0.00;08/12/2024 16:23:12;
09/12/2024;16;2.0TD;2;0.000151722175000000;0.182;1.114431643;71.788317;19.184;8.779;43.825317;8.98;6.85901;0.85972;0.75;0.25;67.18875;94.62480;101.96000;84.74000;90.60000;2456.6;275.0;200.0;53.0;19.77;0.154;0.17498;0.04096;0.00;0.000;0.556;0.947;0.000;0.557;37.077;9.07;7.23;31497.6;1633.70;15.60;3.25;0.92;338355.80;133661.28;0.00;30253.7;11.18;4.42;0.00;08/12/2024 16:23:12;
09/12/2024;17;2.0TD;2;0.000148998291000000;0.183;1.122235757;156.472593;19.184;8.779;128.509593;74.68;6.85901;0.85972;0.75;0.25;67.18875;94.62480;101.96000;84.74000;90.60000;2456.6;275.0;200.0;53.0;24.55;0.154;0.17498;0.04096;0.00;0.000;1.629;0.947;0.000;0.557;108.630;74.78;72.78;26185.9;1319.00;20.38;3.25;0.92;209129.52;394492.80;0.00;29614.3;7.06;13.32;0.00;08/12/2024 16:23:12;
09/12/2024;18;2.0TD;2;0.000157743966000000;0.193;1.184095670;214.605770;19.184;8.779;186.642770;125.15;6.85901;0.85972;0.75;0.25;67.18875;94.62480;101.96000;84.74000;90.60000;2456.6;275.0;200.0;53.0;21.18;0.154;0.17498;0.04096;0.00;0.000;2.347;0.947;0.000;0.557;156.448;125.34;123.34;22953.3;2459.90;17.01;3.25;0.92;127771.88;374120.36;0.00;29509.3;4.33;12.68;0.00;08/12/2024 16:23:12;
09/12/2024;19;2.0TD;1;0.000180100620000000;0.202;1.207185392;261.964512;33.081;43.893;184.990512;131.92;6.85901;0.85972;0.75;0.25;67.18875;94.62480;101.96000;84.74000;90.60000;2456.6;275.0;200.0;53.0;11.13;0.926;0.17498;0.04096;0.00;0.000;2.309;0.947;0.000;0.557;153.902;132.06;130.06;21965.9;1685.10;6.96;3.25;0.92;103201.48;113808.00;0.00;31165.1;3.31;3.65;0.00;08/12/2024 16:23:12;
09/12/2024;20;2.0TD;1;0.000193194176000000;0.204;1.218803153;257.431033;33.081;43.893;180.457033;129.85;6.85901;0.85972;0.75;0.25;67.18875;94.62480;101.96000;84.74000;90.60000;2456.6;275.0;200.0;53.0;9.24;0.926;0.17498;0.04096;0.00;0.000;2.248;0.947;0.000;0.557;149.881;130.00;128.00;22691.3;1843.80;5.07;3.25;0.92;106486.08;55360.00;0.00;31924.1;3.34;1.73;0.00;08/12/2024 16:23:12;
09/12/2024;21;2.0TD;1;0.000205785984000000;0.205;1.229843293;260.688609;33.081;43.893;183.714609;132.80;6.85901;0.85972;0.75;0.25;67.18875;94.62480;101.96000;84.74000;90.60000;2456.6;275.0;200.0;53.0;8.83;0.926;0.17498;0.04096;0.00;0.000;2.287;0.947;0.000;0.557;152.460;132.95;130.95;23037.7;1842.00;4.66;3.25;0.92;102156.04;49560.00;0.00;32530.3;3.14;1.52;0.00;08/12/2024 16:23:12;
09/12/2024;22;2.0TD;1;0.000209000950000000;0.210;1.254543882;268.268050;33.081;43.893;191.294050;137.07;6.85901;0.85972;0.75;0.25;67.18875;94.62480;101.96000;84.74000;90.60000;2456.6;275.0;200.0;53.0;10.11;0.926;0.17498;0.04096;0.00;0.000;2.371;0.947;0.000;0.557;158.094;137.21;135.21;22732.0;1681.50;5.94;3.25;0.92;92134.08;71320.00;24859.38;31675.4;2.91;2.25;0.78;08/12/2024 16:23:12;
09/12/2024;23;2.0TD;2;0.000190825175000000;0.214;1.311579030;214.403361;19.184;8.779;186.440361;132.80;6.85901;0.85972;0.75;0.25;67.18875;94.62480;101.96000;84.74000;90.60000;2456.6;275.0;200.0;53.0;10.70;0.154;0.17498;0.04096;0.00;0.000;2.304;0.947;0.000;0.557;153.575;132.95;130.95;21849.7;1802.40;6.53;3.25;0.92;98078.36;66000.00;24859.38;28952.0;3.39;2.28;0.86;08/12/2024 16:23:12;
09/12/2024;24;2.0TD;2;0.000159792016000000;0.219;1.342032008;194.800528;19.184;8.779;166.837528;114.33;6.85901;0.85972;0.75;0.25;67.18875;94.62480;101.96000;84.74000;90.60000;2456.6;275.0;200.0;53.0;12.71;0.154;0.17498;0.04096;0.00;0.000;2.053;0.947;0.000;0.557;136.864;114.35;114.01;20458.0;1171.30;8.54;3.25;0.92;66783.56;131160.00;24859.38;26078.4;2.56;5.03;0.95;08/12/2024 16:23:12;
*
