pvpcdata;
2024;08;09;11;56;53;
27/07/2024;1;2.0TD;3;0.000115556174000000;0.178;0.988340868;142.740186;0.557;2.195;139.988186;106.51;2.98944;0.94067;0.75;0.25;76.97125;88.92900;101.96000;73.51000;74.07000;2423.8;275.0;234.0;61.0;6.01;0.000;0.17498;0.04096;0.00;0.000;1.783;0.947;0.000;0.557;118.835;106.51;106.51;21488.2;1490.40;1.79;3.13;1.09;2869.48;21349.28;24859.38;27422.8;0.10;0.78;0.91;26/07/2024 16:08:28;
27/07/2024;2;2.0TD;3;0.000101374467000000;0.175;0.973862365;145.329405;0.557;2.195;142.577405;108.46;2.98944;0.94067;0.75;0.25;76.97125;88.92900;101.96000;73.51000;74.07000;2423.8;275.0;234.0;61.0;6.53;0.000;0.17498;0.04096;0.00;0.000;1.820;0.947;0.000;0.557;121.342;108.47;108.32;19835.3;1539.90;2.31;3.13;1.09;11227.92;23139.04;24859.38;25741.6;0.44;0.90;0.97;26/07/2024 16:08:28;
27/07/2024;3;2.0TD;3;0.000089866043000000;0.175;0.970633181;140.749255;0.557;2.195;137.997255;104.59;2.98944;0.94067;0.75;0.25;76.97125;88.92900;101.96000;73.51000;74.07000;2423.8;275.0;234.0;61.0;6.56;0.000;0.17498;0.04096;0.00;0.000;1.762;0.947;0.000;0.557;117.444;104.48;105.85;18559.3;1681.10;2.34;3.13;1.09;12533.64;19431.68;24859.38;24259.0;0.52;0.80;1.02;26/07/2024 16:08:28;
27/07/2024;4;2.0TD;3;0.000082688073000000;0.172;0.958266349;141.265373;0.557;2.195;138.513373;106.09;2.98944;0.94067;0.75;0.25;76.97125;88.92900;101.96000;73.51000;74.07000;2423.8;275.0;234.0;61.0;5.79;0.000;0.17498;0.04096;0.00;0.000;1.773;0.947;0.000;0.557;118.185;106.09;106.09;17574.3;1822.50;1.57;3.13;1.09;15684.96;20837.92;0.00;23258.8;0.67;0.90;0.00;26/07/2024 16:08:28;
27/07/2024;5;2.0TD;3;0.000078322311000000;0.171;0.950305651;141.206909;0.557;2.195;138.454909;106.09;2.98944;0.94067;0.75;0.25;76.97125;88.92900;101.96000;73.51000;74.07000;2423.8;275.0;234.0;61.0;5.84;0.000;0.17498;0.04096;0.00;0.000;1.774;0.947;0.000;0.557;118.236;106.09;106.09;17186.5;1800.30;1.62;3.13;1.09;15807.60;20837.92;0.00;22683.1;0.70;0.92;0.00;26/07/2024 16:08:28;
27/07/2024;6;2.0TD;3;0.000076219508000000;0.172;0.953756538;141.395465;0.557;2.195;138.643465;106.09;2.98944;0.94067;0.75;0.25;76.97125;88.92900;101.96000;73.51000;74.07000;2423.8;275.0;234.0;61.0;5.90;0.000;0.17498;0.04096;0.00;0.000;1.774;0.947;0.000;0.557;118.296;106.09;106.09;16893.6;1794.40;1.68;3.13;1.09;16468.60;21029.68;0.00;22337.9;0.74;0.94;0.00;26/07/2024 16:08:28;
27/07/2024;7;2.0TD;3;0.000074884261000000;0.170;0.945299271;143.440372;0.557;2.195;140.688372;108.21;2.98944;0.94067;0.75;0.25;76.97125;88.92900;101.96000;73.51000;74.07000;2423.8;275.0;234.0;61.0;5.70;0.000;0.17498;0.04096;0.00;0.000;1.804;0.947;0.000;0.557;120.246;108.21;108.24;17330.6;1735.10;1.48;3.13;1.09;13033.52;20262.64;0.00;22488.8;0.58;0.90;0.00;26/07/2024 16:08:28;
27/07/2024;8;2.0TD;3;0.000073481228000000;0.166;0.923141247;141.739751;0.557;2.195;138.987751;107.64;2.98944;0.94067;0.75;0.25;76.97125;88.92900;101.96000;73.51000;74.07000;2423.8;275.0;234.0;61.0;5.24;0.000;0.17498;0.04096;0.00;0.000;1.788;0.947;0.000;0.557;119.200;107.71;106.95;17448.8;1855.60;1.02;3.13;1.09;13883.64;9396.24;0.00;22804.3;0.61;0.41;0.00;26/07/2024 16:08:28;
27/07/2024;9;2.0TD;3;0.000083780427000000;0.159;0.884301043;138.669636;0.557;2.195;135.917636;102.37;2.98944;0.94067;0.75;0.25;76.97125;88.92900;101.96000;73.51000;74.07000;2423.8;275.0;234.0;61.0;8.61;0.000;0.17498;0.04096;0.00;0.000;1.759;0.947;0.000;0.557;117.271;102.20;105.20;18698.1;1142.00;4.39;3.13;1.09;29329.72;75650.40;0.00;23935.7;1.23;3.16;0.00;26/07/2024 16:08:28;
27/07/2024;10;2.0TD;3;0.000099187082000000;0.155;0.862544815;107.267340;0.557;2.195;104.515340;72.96;2.98944;0.94067;0.75;0.25;76.97125;88.92900;101.96000;73.51000;74.07000;2423.8;275.0;234.0;61.0;11.64;0.000;0.17498;0.04096;0.00;0.000;1.357;0.947;0.000;0.557;90.489;72.96;72.96;21077.0;761.40;7.42;3.13;1.09;59213.16;132384.00;0.00;25811.8;2.29;5.13;0.00;26/07/2024 16:08:28;
27/07/2024;11;2.0TD;3;0.000112613501000000;0.156;0.865024422;90.868646;0.557;2.195;88.116646;59.71;2.98944;0.94067;0.75;0.25;76.97125;88.92900;101.96000;73.51000;74.07000;2423.8;275.0;234.0;61.0;10.84;0.000;0.17498;0.04096;0.00;0.000;1.143;0.947;0.000;0.557;76.225;58.99;78.99;25079.3;935.10;6.62;3.13;1.09;79822.84;98001.60;0.00;26867.1;2.97;3.65;0.00;26/07/2024 16:08:28;
27/07/2024;12;2.0TD;3;0.000119832039000000;0.156;0.869276185;87.535898;0.557;2.195;84.783898;58.57;2.98944;0.94067;0.75;0.25;76.97125;88.92900;101.96000;73.51000;74.07000;2423.8;275.0;234.0;61.0;9.14;0.000;0.17498;0.04096;0.00;0.000;1.100;0.947;0.000;0.557;73.342;58.50;61.50;26380.1;661.50;4.92;3.13;1.09;80598.80;57244.80;0.00;28022.3;2.88;2.04;0.00;26/07/2024 16:08:28;
27/07/2024;13;2.0TD;3;0.000125950787000000;0.157;0.873977422;60.698577;0.557;2.195;57.946577;36.07;2.98944;0.94067;0.75;0.25;76.97125;88.92900;101.96000;73.51000;74.07000;2423.8;275.0;234.0;61.0;8.73;0.000;0.17498;0.04096;0.00;0.000;0.751;0.947;0.000;0.557;50.083;36.00;39.00;27151.9;664.10;4.51;3.13;1.09;101803.92;27447.56;0.00;28661.1;3.55;0.96;0.00;26/07/2024 16:08:28;
27/07/2024;14;2.0TD;3;0.000135883472000000;0.154;0.855987107;39.261643;0.557;2.195;36.509643;17.80;2.98944;0.94067;0.75;0.25;76.97125;88.92900;101.96000;73.51000;74.07000;2423.8;275.0;234.0;61.0;8.83;0.000;0.17498;0.04096;0.00;0.000;0.475;0.947;0.000;0.557;31.637;17.80;17.84;27789.8;829.40;4.61;3.13;1.09;118753.00;17090.56;0.00;29461.7;4.03;0.58;0.00;26/07/2024 16:08:28;
27/07/2024;15;2.0TD;3;0.000140331572000000;0.151;0.840562936;39.376212;0.557;2.195;36.624212;18.01;2.98944;0.94067;0.75;0.25;76.97125;88.92900;101.96000;73.51000;74.07000;2423.8;275.0;234.0;61.0;8.80;0.000;0.17498;0.04096;0.00;0.000;0.477;0.947;0.000;0.557;31.819;17.92;20.92;27399.4;848.50;4.58;3.13;1.09;118623.12;17016.32;0.00;29616.6;4.01;0.57;0.00;26/07/2024 16:08:28;
27/07/2024;16;2.0TD;3;0.000133843141000000;0.153;0.852088562;40.528283;0.557;2.195;37.776283;18.80;2.98944;0.94067;0.75;0.25;76.97125;88.92900;101.96000;73.51000;74.07000;2423.8;275.0;234.0;61.0;8.94;0.000;0.17498;0.04096;0.00;0.000;0.491;0.947;0.000;0.557;32.763;18.80;18.80;26650.5;889.10;4.72;3.13;1.09;117932.80;19571.76;0.00;29133.2;4.05;0.67;0.00;26/07/2024 16:08:28;
27/07/2024;17;2.0TD;3;0.000127376026000000;0.155;0.858813126;36.232530;0.557;2.195;33.480530;15.00;2.98944;0.94067;0.75;0.25;76.97125;88.92900;101.96000;73.51000;74.07000;2423.8;275.0;234.0;61.0;9.02;0.000;0.17498;0.04096;0.00;0.000;0.435;0.947;0.000;0.557;28.987;15.00;15.00;26432.5;872.80;4.80;3.13;1.09;121362.72;16629.60;0.00;28741.0;4.22;0.58;0.00;26/07/2024 16:08:28;
27/07/2024;18;2.0TD;3;0.000124754054000000;0.161;0.896506577;55.547862;0.557;2.195;52.795862;31.51;2.98944;0.94067;0.75;0.25;76.97125;88.92900;101.96000;73.51000;74.07000;2423.8;275.0;234.0;61.0;8.75;0.000;0.17498;0.04096;0.00;0.000;0.682;0.947;0.000;0.557;45.474;31.51;31.62;26226.6;767.80;4.53;3.13;1.09;96699.72;33113.60;0.00;28684.3;3.37;1.15;0.00;26/07/2024 16:08:28;
27/07/2024;19;2.0TD;3;0.000123325463000000;0.169;0.940607340;85.759735;0.557;2.195;83.007735;55.40;2.98944;0.94067;0.75;0.25;76.97125;88.92900;101.96000;73.51000;74.07000;2423.8;275.0;234.0;61.0;10.01;0.000;0.17498;0.04096;0.00;0.000;1.065;0.947;0.000;0.557;71.007;55.24;60.24;26445.2;879.90;5.79;3.13;1.09;75993.68;91161.60;0.00;28893.0;2.63;3.16;0.00;26/07/2024 16:08:28;
27/07/2024;20;2.0TD;3;0.000121335258000000;0.178;0.987779143;101.695132;0.557;2.195;98.943132;67.96;2.98944;0.94067;0.75;0.25;76.97125;88.92900;101.96000;73.51000;74.07000;2423.8;275.0;234.0;61.0;10.24;0.000;0.17498;0.04096;0.00;0.000;1.260;0.947;0.000;0.557;83.992;67.84;70.84;24135.2;981.30;6.02;3.13;1.09;65019.76;110107.20;0.00;29078.8;2.24;3.79;0.00;26/07/2024 16:08:28;
27/07/2024;21;2.0TD;3;0.000121693465000000;0.186;1.030948300;146.808864;0.557;2.195;144.056864;102.66;2.98944;0.94067;0.75;0.25;76.97125;88.92900;101.96000;73.51000;74.07000;2423.8;275.0;234.0;61.0;12.45;0.000;0.17498;0.04096;0.00;0.000;1.822;0.947;0.000;0.557;121.464;103.18;93.57;22086.4;1257.20;8.23;3.13;1.09;179811.72;60813.28;0.00;29222.0;6.15;2.08;0.00;26/07/2024 16:08:28;
27/07/2024;22;2.0TD;3;0.000129683125000000;0.188;1.044506669;163.478269;0.557;2.195;160.726269;117.34;2.98944;0.94067;0.75;0.25;76.97125;88.92900;101.96000;73.51000;74.07000;2423.8;275.0;234.0;61.0;11.39;0.000;0.17498;0.04096;0.00;0.000;2.029;0.947;0.000;0.557;135.291;117.92;107.92;21900.1;1360.20;7.17;3.13;1.09;177458.64;8820.96;24859.38;29420.2;6.03;0.30;0.84;26/07/2024 16:08:28;
27/07/2024;23;2.0TD;3;0.000136723623000000;0.188;1.043677687;159.896449;0.557;2.195;157.144449;114.73;2.98944;0.94067;0.75;0.25;76.97125;88.92900;101.96000;73.51000;74.07000;2423.8;275.0;234.0;61.0;11.03;0.000;0.17498;0.04096;0.00;0.000;1.984;0.947;0.000;0.557;132.276;115.19;107.18;21639.0;1321.80;6.81;3.13;1.09;162738.04;8820.96;24859.38;28850.0;5.64;0.31;0.86;26/07/2024 16:08:28;
27/07/2024;24;2.0TD;3;0.000127902218000000;0.188;1.044487219;149.584609;0.557;2.195;146.832609;104.30;2.98944;0.94067;0.75;0.25;76.97125;88.92900;101.96000;73.51000;74.07000;2423.8;275.0;234.0;61.0;12.91;0.000;0.17498;0.04096;0.00;0.000;1.854;0.947;0.000;0.557;123.596;104.61;99.61;20444.9;1337.90;8.69;3.13;1.09;181641.80;28508.32;24859.38;27034.0;6.72;1.05;0.92;26/07/2024 16:08:28;
*
