pvpcdata;
2025;01;13;09;30;17;
01/12/2024;1;2.0TD;3;0.000127612693000000;0.246;1.367563991;169.288489;0.557;2.195;166.536489;122.87;-7.97265;0.92798;0.75;0.25;126.51542;94.62480;101.96000;84.74000;90.60000;2275.9;275.0;200.0;53.0;14.46;0.000;0.17498;0.04096;0.00;0.000;2.005;0.947;0.000;0.557;133.656;122.90;122.51;15176.1;1397.20;10.29;3.25;0.92;156453.76;43000.00;24859.38;21801.4;7.18;1.97;1.14;30/11/2024 16:03:20;
01/12/2024;2;2.0TD;3;0.000107934167000000;0.255;1.418924054;157.113101;0.557;2.195;154.361101;110.83;-7.97265;0.92798;0.75;0.25;126.51542;94.62480;101.96000;84.74000;90.60000;2275.9;275.0;200.0;53.0;16.00;0.000;0.17498;0.04096;0.00;0.000;1.845;0.947;0.000;0.557;122.996;110.50;116.16;14061.5;875.90;11.83;3.25;0.92;193708.72;45520.00;0.00;20225.3;9.58;2.25;0.00;30/11/2024 16:03:20;
01/12/2024;3;2.0TD;3;0.000093454482000000;0.265;1.469968037;155.800420;0.557;2.195;153.048420;106.62;-7.97265;0.92798;0.75;0.25;126.51542;94.62480;101.96000;84.74000;90.60000;2275.9;275.0;200.0;53.0;18.23;0.000;0.17498;0.04096;0.00;0.000;1.815;0.947;0.000;0.557;120.986;105.99;116.16;13702.5;897.80;14.06;3.25;0.92;220550.84;49120.00;0.00;19175.0;11.50;2.56;0.00;30/11/2024 16:03:20;
01/12/2024;4;2.0TD;3;0.000084637727000000;0.270;1.498674562;157.166084;0.557;2.195;154.414084;106.31;-7.97265;0.92798;0.75;0.25;126.51542;94.62480;101.96000;84.74000;90.60000;2275.9;275.0;200.0;53.0;19.13;0.000;0.17498;0.04096;0.00;0.000;1.824;0.947;0.000;0.557;121.585;105.99;110.89;13074.5;916.70;14.96;3.25;0.92;228471.24;48680.00;0.00;18525.8;12.33;2.63;0.00;30/11/2024 16:03:20;
01/12/2024;5;2.0TD;3;0.000080359209000000;0.272;1.512524514;157.409256;0.557;2.195;154.657256;106.11;-7.97265;0.92798;0.75;0.25;126.51542;94.62480;101.96000;84.74000;90.60000;2275.9;275.0;200.0;53.0;19.33;0.000;0.17498;0.04096;0.00;0.000;1.824;0.947;0.000;0.557;121.585;105.78;110.89;12967.6;885.00;15.16;3.25;0.92;229023.88;48200.00;0.00;18282.1;12.53;2.64;0.00;30/11/2024 16:03:20;
01/12/2024;6;2.0TD;3;0.000079721343000000;0.269;1.495312903;157.159978;0.557;2.195;154.407978;106.31;-7.97265;0.92798;0.75;0.25;126.51542;94.62480;101.96000;84.74000;90.60000;2275.9;275.0;200.0;53.0;19.22;0.000;0.17498;0.04096;0.00;0.000;1.825;0.947;0.000;0.557;121.676;105.99;110.89;12914.0;898.80;15.05;3.25;0.92;228627.24;47560.00;0.00;18348.4;12.46;2.59;0.00;30/11/2024 16:03:20;
01/12/2024;7;2.0TD;3;0.000081403410000000;0.262;1.453065425;160.216653;0.557;2.195;157.464653;110.21;-7.97265;0.92798;0.75;0.25;126.51542;94.62480;101.96000;84.74000;90.60000;2275.9;275.0;200.0;53.0;18.37;0.000;0.17498;0.04096;0.00;0.000;1.872;0.947;0.000;0.557;124.773;110.20;110.35;12901.8;937.40;14.20;3.25;0.92;219391.64;49000.00;0.00;18895.3;11.61;2.59;0.00;30/11/2024 16:03:20;
01/12/2024;8;2.0TD;3;0.000086102882000000;0.249;1.381582165;166.975383;0.557;2.195;164.223383;119.16;-7.97265;0.92798;0.75;0.25;126.51542;94.62480;101.96000;84.74000;90.60000;2275.9;275.0;200.0;53.0;16.03;0.000;0.17498;0.04096;0.00;0.000;1.972;0.947;0.000;0.557;131.483;119.78;112.88;13019.7;1290.60;11.86;3.25;0.92;198478.08;36480.00;0.00;19810.6;10.02;1.84;0.00;30/11/2024 16:03:20;
01/12/2024;9;2.0TD;3;0.000093815478000000;0.241;1.339211115;182.516923;0.557;2.195;179.764923;129.24;-7.97265;0.92798;0.75;0.25;126.51542;94.62480;101.96000;84.74000;90.60000;2275.9;275.0;200.0;53.0;19.12;0.000;0.17498;0.04096;0.00;0.000;2.173;0.947;0.000;0.557;144.854;130.00;122.01;13476.6;1410.30;14.95;3.25;0.92;130329.48;179791.20;0.00;20744.1;6.28;8.67;0.00;30/11/2024 16:03:20;
01/12/2024;10;2.0TD;3;0.000114691495000000;0.219;1.213953460;176.260673;0.557;2.195;173.508673;121.40;-7.97265;0.92798;0.75;0.25;126.51542;94.62480;101.96000;84.74000;90.60000;2275.9;275.0;200.0;53.0;24.48;0.000;0.17498;0.04096;0.00;0.000;2.135;0.947;0.000;0.557;142.336;121.40;121.40;14693.7;1087.40;20.31;3.25;0.92;122822.20;326206.88;0.00;22108.2;5.56;14.76;0.00;30/11/2024 16:03:20;
01/12/2024;11;2.0TD;3;0.000133010875000000;0.197;1.094897632;154.743341;0.557;2.195;151.991341;106.78;-7.97265;0.92798;0.75;0.25;126.51542;94.62480;101.96000;84.74000;90.60000;2275.9;275.0;200.0;53.0;23.97;0.000;0.17498;0.04096;0.00;0.000;1.905;0.947;0.000;0.557;126.976;106.66;109.66;18058.7;766.60;19.80;3.25;0.92;114141.72;349966.88;0.00;23435.5;4.87;14.93;0.00;30/11/2024 16:03:20;
01/12/2024;12;2.0TD;3;0.000139637280000000;0.191;1.060323271;138.552075;0.557;2.195;135.800075;106.15;-7.97265;0.92798;0.75;0.25;126.51542;94.62480;101.96000;84.74000;90.60000;2275.9;275.0;200.0;53.0;11.84;0.000;0.17498;0.04096;0.00;0.000;1.710;0.947;0.000;0.557;114.021;105.99;109.50;19046.6;888.30;7.67;3.25;0.92;115348.36;67920.00;0.00;23891.4;4.83;2.84;0.00;30/11/2024 16:03:20;
01/12/2024;13;2.0TD;3;0.000139779206000000;0.188;1.043439363;137.968845;0.557;2.195;135.216845;105.70;-7.97265;0.92798;0.75;0.25;126.51542;94.62480;101.96000;84.74000;90.60000;2275.9;275.0;200.0;53.0;12.09;0.000;0.17498;0.04096;0.00;0.000;1.707;0.947;0.000;0.557;113.818;105.53;109.50;19688.6;856.40;7.92;3.25;0.92;123845.36;64712.96;0.00;23800.2;5.20;2.72;0.00;30/11/2024 16:03:20;
01/12/2024;14;2.0TD;3;0.000146676303000000;0.184;1.021797902;144.064642;0.557;2.195;141.312642;112.00;-7.97265;0.92798;0.75;0.25;126.51542;94.62480;101.96000;84.74000;90.60000;2275.9;275.0;200.0;53.0;11.24;0.000;0.17498;0.04096;0.00;0.000;1.790;0.947;0.000;0.557;119.351;112.00;112.00;19732.1;873.60;7.07;3.25;0.92;113668.32;59271.08;0.00;24444.7;4.65;2.42;0.00;30/11/2024 16:03:20;
01/12/2024;15;2.0TD;3;0.000147642374000000;0.188;1.047210323;164.514705;0.557;2.195;161.762705;129.55;-7.97265;0.92798;0.75;0.25;126.51542;94.62480;101.96000;84.74000;90.60000;2275.9;275.0;200.0;53.0;10.25;0.000;0.17498;0.04096;0.00;0.000;2.042;0.947;0.000;0.557;136.163;130.00;122.00;19551.4;1176.30;6.08;3.25;0.92;83192.96;65194.88;0.00;24425.1;3.41;2.67;0.00;30/11/2024 16:03:20;
01/12/2024;16;2.0TD;3;0.000134750902000000;0.204;1.135187072;180.286487;0.557;2.195;177.534487;133.90;-7.97265;0.92798;0.75;0.25;126.51542;94.62480;101.96000;84.74000;90.60000;2275.9;275.0;200.0;53.0;17.02;0.000;0.17498;0.04096;0.00;0.000;2.212;0.947;0.000;0.557;147.453;134.19;129.19;18401.7;1138.40;12.85;3.25;0.92;73861.04;227500.08;0.00;23447.3;3.15;9.70;0.00;30/11/2024 16:03:20;
01/12/2024;17;2.0TD;3;0.000129073472000000;0.212;1.177959569;188.848411;0.557;2.195;186.096411;140.92;-7.97265;0.92798;0.75;0.25;126.51542;94.62480;101.96000;84.74000;90.60000;2275.9;275.0;200.0;53.0;16.00;0.000;0.17498;0.04096;0.00;0.000;2.303;0.947;0.000;0.557;153.544;141.14;137.24;17042.5;997.20;11.83;3.25;0.92;58062.00;212791.96;0.00;22892.6;2.54;9.30;0.00;30/11/2024 16:03:20;
01/12/2024;18;2.0TD;3;0.000135477202000000;0.221;1.226767393;201.857898;0.557;2.195;199.105898;149.63;-7.97265;0.92798;0.75;0.25;126.51542;94.62480;101.96000;84.74000;90.60000;2275.9;275.0;200.0;53.0;16.67;0.000;0.17498;0.04096;0.00;0.000;2.446;0.947;0.000;0.557;163.067;149.70;148.54;16516.8;1030.10;12.50;3.25;0.92;45684.36;243971.68;0.00;23164.2;1.97;10.53;0.00;30/11/2024 16:03:20;
01/12/2024;19;2.0TD;3;0.000157405810000000;0.223;1.237633455;194.163599;0.557;2.195;191.411599;152.84;-7.97265;0.92798;0.75;0.25;126.51542;94.62480;101.96000;84.74000;90.60000;2275.9;275.0;200.0;53.0;7.00;0.000;0.17498;0.04096;0.00;0.000;2.348;0.947;0.000;0.557;156.509;153.02;150.07;18420.2;1220.10;2.83;3.25;0.92;28478.76;42720.00;0.00;25182.5;1.13;1.70;0.00;30/11/2024 16:03:20;
01/12/2024;20;2.0TD;3;0.000168598053000000;0.229;1.271222038;209.226327;0.557;2.195;206.474327;163.69;-7.97265;0.92798;0.75;0.25;126.51542;94.62480;101.96000;84.74000;90.60000;2275.9;275.0;200.0;53.0;7.47;0.000;0.17498;0.04096;0.00;0.000;2.520;0.947;0.000;0.557;168.001;163.70;163.55;18853.0;1182.10;3.30;3.25;0.92;48240.48;38016.00;0.00;26177.0;1.84;1.45;0.00;30/11/2024 16:03:20;
01/12/2024;21;2.0TD;3;0.000179697817000000;0.230;1.275144012;223.967369;0.557;2.195;221.215369;175.20;-7.97265;0.92798;0.75;0.25;126.51542;94.62480;101.96000;84.74000;90.60000;2275.9;275.0;200.0;53.0;7.63;0.000;0.17498;0.04096;0.00;0.000;2.698;0.947;0.000;0.557;179.849;175.20;175.20;19420.3;1332.00;3.46;3.25;0.92;39608.56;53520.00;0.00;26932.5;1.47;1.99;0.00;30/11/2024 16:03:20;
01/12/2024;22;2.0TD;3;0.000183048303000000;0.227;1.259089013;187.152791;0.557;2.195;184.400791;145.20;-7.97265;0.92798;0.75;0.25;126.51542;94.62480;101.96000;84.74000;90.60000;2275.9;275.0;200.0;53.0;8.51;0.000;0.17498;0.04096;0.00;0.000;2.254;0.947;0.000;0.557;150.285;145.20;145.20;18449.8;1333.00;4.34;3.25;0.92;45800.16;24120.00;24859.38;21818.2;2.10;1.11;1.14;30/11/2024 16:03:20;
01/12/2024;23;2.0TD;3;0.000168715198000000;0.229;1.270200641;184.670907;0.557;2.195;181.918907;142.30;-7.97265;0.92798;0.75;0.25;126.51542;94.62480;101.96000;84.74000;90.60000;2275.9;275.0;200.0;53.0;9.18;0.000;0.17498;0.04096;0.00;0.000;2.220;0.947;0.000;0.557;148.021;142.30;142.30;17491.9;1243.50;5.01;3.25;0.92;47865.12;29080.00;24859.38;20303.7;2.36;1.43;1.22;30/11/2024 16:03:20;
01/12/2024;24;2.0TD;3;0.000144283625000000;0.236;1.312416731;173.987308;0.557;2.195;171.235308;133.41;-7.97265;0.92798;0.75;0.25;126.51542;94.62480;101.96000;84.74000;90.60000;2275.9;275.0;200.0;53.0;8.73;0.000;0.17498;0.04096;0.00;0.000;2.078;0.947;0.000;0.557;138.539;133.21;136.69;16677.6;1001.60;4.56;3.25;0.92;22726.20;37023.68;24859.38;18570.8;1.22;1.99;1.34;30/11/2024 16:03:20;
*
