pvpcdata;
2024;07;09;11;18;18;
27/06/2024;1;2.0TD;3;0.000098073880000000;0.169;0.937017681;130.878120;0.557;2.195;128.126120;102.29;-2.82261;1.05973;0.75;0.25;89.09625;77.80580;101.96000;48.69000;52.19000;1853.3;275.0;154.0;62.0;6.94;0.000;0.17498;0.04096;0.00;0.000;1.644;0.947;0.000;0.557;109.603;102.07;105.17;17480.6;1320.60;2.60;3.20;1.14;19899.72;18944.00;24859.38;24502.6;0.81;0.77;1.01;26/06/2024 16:10:36;
27/06/2024;2;2.0TD;3;0.000082727264000000;0.169;0.937111533;128.800807;0.557;2.195;126.048807;99.32;-2.82261;1.05973;0.75;0.25;89.09625;77.80580;101.96000;48.69000;52.19000;1853.3;275.0;154.0;62.0;8.16;0.000;0.17498;0.04096;0.00;0.000;1.617;0.947;0.000;0.557;107.826;99.00;104.00;16579.3;1134.30;3.82;3.20;1.14;41203.92;21952.00;24859.38;23055.8;1.79;0.95;1.08;26/06/2024 16:10:36;
27/06/2024;3;2.0TD;3;0.000073342350000000;0.169;0.938332939;132.029585;0.557;2.195;129.277585;101.99;-2.82261;1.05973;0.75;0.25;89.09625;77.80580;101.96000;48.69000;52.19000;1853.3;275.0;154.0;62.0;8.21;0.000;0.17498;0.04096;0.00;0.000;1.659;0.947;0.000;0.557;110.588;101.77;104.82;16643.3;1307.20;3.87;3.20;1.14;38554.60;22400.00;24859.38;22142.0;1.74;1.01;1.12;26/06/2024 16:10:36;
27/06/2024;4;2.0TD;3;0.000068496115000000;0.168;0.934316892;135.168373;0.557;2.195;132.416373;104.29;-2.82261;1.05973;0.75;0.25;89.09625;77.80580;101.96000;48.69000;52.19000;1853.3;275.0;154.0;62.0;8.65;0.000;0.17498;0.04096;0.00;0.000;1.701;0.947;0.000;0.557;113.370;104.37;103.27;16181.3;1320.50;4.31;3.20;1.14;69760.48;25040.96;0.00;22012.1;3.17;1.14;0.00;26/06/2024 16:10:36;
27/06/2024;5;2.0TD;3;0.000066300884000000;0.168;0.931262080;132.902453;0.557;2.195;130.150453;101.63;-2.82261;1.05973;0.75;0.25;89.09625;77.80580;101.96000;48.69000;52.19000;1853.3;275.0;154.0;62.0;9.40;0.000;0.17498;0.04096;0.00;0.000;1.671;0.947;0.000;0.557;111.430;101.77;100.01;15055.4;1270.20;5.06;3.20;1.14;81334.00;29339.28;0.00;21854.1;3.72;1.34;0.00;26/06/2024 16:10:36;
27/06/2024;6;2.0TD;3;0.000066338055000000;0.166;0.924132814;128.797978;0.557;2.195;126.045978;99.17;-2.82261;1.05973;0.75;0.25;89.09625;77.80580;101.96000;48.69000;52.19000;1853.3;275.0;154.0;62.0;8.58;0.000;0.17498;0.04096;0.00;0.000;1.622;0.947;0.000;0.557;108.101;99.17;99.17;15344.9;1303.90;4.24;3.20;1.14;70872.16;23684.64;0.00;22292.3;3.18;1.06;0.00;26/06/2024 16:10:36;
27/06/2024;7;2.0TD;3;0.000068850948000000;0.160;0.887822362;143.528651;0.557;2.195;140.776651;112.55;-2.82261;1.05973;0.75;0.25;89.09625;77.80580;101.96000;48.69000;52.19000;1853.3;275.0;154.0;62.0;8.26;0.000;0.17498;0.04096;0.00;0.000;1.820;0.947;0.000;0.557;121.359;112.72;110.47;16127.5;1300.60;3.92;3.20;1.14;53330.20;15872.00;24859.38;24000.3;2.22;0.66;1.04;26/06/2024 16:10:36;
27/06/2024;8;2.0TD;3;0.000076857467000000;0.158;0.879365892;152.127263;0.557;2.195;149.375263;120.58;-2.82261;1.05973;0.75;0.25;89.09625;77.80580;101.96000;48.69000;52.19000;1853.3;275.0;154.0;62.0;7.75;0.000;0.17498;0.04096;0.00;0.000;1.935;0.947;0.000;0.557;128.994;120.74;118.74;17256.3;1501.10;3.41;3.20;1.14;4047.04;61196.96;24859.38;26413.2;0.15;2.32;0.94;26/06/2024 16:10:36;
27/06/2024;9;2.0TD;2;0.000088262526000000;0.145;0.891146264;169.272239;19.184;8.779;141.309239;115.27;-2.82261;1.05973;0.75;0.25;89.09625;77.80580;101.96000;48.69000;52.19000;1853.3;275.0;154.0;62.0;7.41;0.154;0.17498;0.04096;0.00;0.000;1.851;0.947;0.000;0.557;123.414;115.44;113.13;19375.5;1555.80;3.07;3.20;1.14;6733.56;54098.88;24859.38;27955.8;0.24;1.94;0.89;26/06/2024 16:10:36;
27/06/2024;10;2.0TD;2;0.000096393999000000;0.141;0.864037017;157.993850;19.184;8.779;130.030850;102.06;-2.82261;1.05973;0.75;0.25;89.09625;77.80580;101.96000;48.69000;52.19000;1853.3;275.0;154.0;62.0;11.31;0.154;0.17498;0.04096;0.00;0.000;1.709;0.947;0.000;0.557;113.962;102.07;101.92;21946.9;1288.20;6.97;3.20;1.14;49252.96;125411.04;24859.38;28652.5;1.72;4.38;0.87;26/06/2024 16:10:36;
27/06/2024;11;2.0TD;1;0.000102723582000000;0.144;0.865250660;204.388352;33.081;43.893;127.414352;100.18;-2.82261;1.05973;0.75;0.25;89.09625;77.80580;101.96000;48.69000;52.19000;1853.3;275.0;154.0;62.0;9.87;0.926;0.17498;0.04096;0.00;0.000;1.671;0.947;0.000;0.557;111.376;100.47;93.87;22628.3;1056.60;5.53;3.20;1.14;60423.20;78365.92;24859.38;29575.4;2.04;2.65;0.84;26/06/2024 16:10:36;
27/06/2024;12;2.0TD;1;0.000106517936000000;0.147;0.879021843;178.125845;33.081;43.893;101.151845;76.84;-2.82261;1.05973;0.75;0.25;89.09625;77.80580;101.96000;48.69000;52.19000;1853.3;275.0;154.0;62.0;10.37;0.926;0.17498;0.04096;0.00;0.000;1.323;0.947;0.000;0.557;88.188;77.00;73.40;23075.8;1081.90;6.03;3.20;1.14;80244.12;76669.44;24859.38;30137.1;2.66;2.54;0.82;26/06/2024 16:10:36;
27/06/2024;13;2.0TD;1;0.000112918587000000;0.148;0.885296970;164.601049;33.081;43.893;87.627049;65.05;-2.82261;1.05973;0.75;0.25;89.09625;77.80580;101.96000;48.69000;52.19000;1853.3;275.0;154.0;62.0;10.48;0.926;0.17498;0.04096;0.00;0.000;1.145;0.947;0.000;0.557;76.330;65.01;66.11;24895.8;950.60;6.14;3.20;1.14;86501.04;75541.20;24859.38;30476.8;2.84;2.48;0.82;26/06/2024 16:10:36;
27/06/2024;14;2.0TD;1;0.000123247615000000;0.144;0.861600745;163.448024;33.081;43.893;86.474024;64.75;-2.82261;1.05973;0.75;0.25;89.09625;77.80580;101.96000;48.69000;52.19000;1853.3;275.0;154.0;62.0;10.05;0.926;0.17498;0.04096;0.00;0.000;1.134;0.947;0.000;0.557;75.589;64.75;64.75;26758.1;911.70;5.71;3.20;1.14;86712.32;65511.36;24859.38;30994.7;2.80;2.11;0.80;26/06/2024 16:10:36;
27/06/2024;15;2.0TD;2;0.000125283915000000;0.145;0.887335219;97.282654;19.184;8.779;69.319654;51.10;-2.82261;1.05973;0.75;0.25;89.09625;77.80580;101.96000;48.69000;52.19000;1853.3;275.0;154.0;62.0;9.65;0.154;0.17498;0.04096;0.00;0.000;0.908;0.947;0.000;0.557;60.541;51.10;51.10;27458.2;1026.50;5.31;3.20;1.14;87423.28;52055.64;24859.38;30915.0;2.83;1.68;0.80;26/06/2024 16:10:36;
27/06/2024;16;2.0TD;2;0.000116666629000000;0.148;0.906202178;91.263929;19.184;8.779;63.300929;45.66;-2.82261;1.05973;0.75;0.25;89.09625;77.80580;101.96000;48.69000;52.19000;1853.3;275.0;154.0;62.0;9.77;0.154;0.17498;0.04096;0.00;0.000;0.827;0.947;0.000;0.557;55.140;45.66;45.66;27976.6;918.90;5.43;3.20;1.14;91675.68;46573.20;24859.38;30068.2;3.05;1.55;0.83;26/06/2024 16:10:36;
27/06/2024;17;2.0TD;2;0.000112132644000000;0.149;0.916760833;87.540008;19.184;8.779;59.577008;42.45;-2.82261;1.05973;0.75;0.25;89.09625;77.80580;101.96000;48.69000;52.19000;1853.3;275.0;154.0;62.0;9.74;0.154;0.17498;0.04096;0.00;0.000;0.778;0.947;0.000;0.557;51.851;42.45;42.45;27637.8;983.60;5.40;3.20;1.14;94807.96;41893.80;24859.38;29930.4;3.17;1.40;0.83;26/06/2024 16:10:36;
27/06/2024;18;2.0TD;2;0.000112057709000000;0.152;0.935425776;91.098570;19.184;8.779;63.135570;45.06;-2.82261;1.05973;0.75;0.25;89.09625;77.80580;101.96000;48.69000;52.19000;1853.3;275.0;154.0;62.0;10.04;0.154;0.17498;0.04096;0.00;0.000;0.822;0.947;0.000;0.557;54.805;45.06;45.06;27806.2;1054.30;5.70;3.20;1.14;92638.96;54788.72;24859.38;30180.1;3.07;1.82;0.82;26/06/2024 16:10:36;
27/06/2024;19;2.0TD;1;0.000111808324000000;0.154;0.921351047;164.274310;33.081;43.893;87.300310;63.29;-2.82261;1.05973;0.75;0.25;89.09625;77.80580;101.96000;48.69000;52.19000;1853.3;275.0;154.0;62.0;11.57;0.926;0.17498;0.04096;0.00;0.000;1.135;0.947;0.000;0.557;75.650;63.43;59.28;25236.2;861.70;7.23;3.20;1.14;79756.48;111477.60;24859.38;29896.5;2.67;3.73;0.83;26/06/2024 16:10:36;
27/06/2024;20;2.0TD;1;0.000112574048000000;0.159;0.949541875;180.949260;33.081;43.893;103.975260;75.36;-2.82261;1.05973;0.75;0.25;89.09625;77.80580;101.96000;48.69000;52.19000;1853.3;275.0;154.0;62.0;13.35;0.926;0.17498;0.04096;0.00;0.000;1.346;0.947;0.000;0.557;89.711;75.39;74.69;22485.6;867.10;9.01;3.20;1.14;70920.72;171721.32;24859.38;29681.4;2.39;5.79;0.84;26/06/2024 16:10:36;
27/06/2024;21;2.0TD;1;0.000117694447000000;0.159;0.952389800;209.294923;33.081;43.893;132.320923;99.75;-2.82261;1.05973;0.75;0.25;89.09625;77.80580;101.96000;48.69000;52.19000;1853.3;275.0;154.0;62.0;13.05;0.926;0.17498;0.04096;0.00;0.000;1.713;0.947;0.000;0.557;114.168;99.75;99.75;22182.0;1041.40;8.71;3.20;1.14;69478.60;164688.48;24859.38;29757.5;2.33;5.53;0.84;26/06/2024 16:10:36;
27/06/2024;22;2.0TD;1;0.000126828512000000;0.156;0.934802094;222.542355;33.081;43.893;145.568355;115.86;-2.82261;1.05973;0.75;0.25;89.09625;77.80580;101.96000;48.69000;52.19000;1853.3;275.0;154.0;62.0;8.52;0.926;0.17498;0.04096;0.00;0.000;1.889;0.947;0.000;0.557;125.924;116.05;113.00;22112.8;1472.00;4.18;3.20;1.14;84117.72;14400.00;24859.38;29524.1;2.85;0.49;0.84;26/06/2024 16:10:36;
27/06/2024;23;2.0TD;2;0.000131889713000000;0.164;1.003997208;176.355752;19.184;8.779;148.392752;118.07;-2.82261;1.05973;0.75;0.25;89.09625;77.80580;101.96000;48.69000;52.19000;1853.3;275.0;154.0;62.0;8.62;0.154;0.17498;0.04096;0.00;0.000;1.912;0.947;0.000;0.557;127.485;118.35;113.75;21398.9;1400.60;4.28;3.20;1.14;81511.68;15616.00;24859.38;28473.4;2.86;0.55;0.87;26/06/2024 16:10:36;
27/06/2024;24;2.0TD;2;0.000116043264000000;0.160;0.983017750;171.877451;19.184;8.779;143.914451;114.11;-2.82261;1.05973;0.75;0.25;89.09625;77.80580;101.96000;48.69000;52.19000;1853.3;275.0;154.0;62.0;9.21;0.154;0.17498;0.04096;0.00;0.000;1.861;0.947;0.000;0.557;124.064;114.72;105.00;19970.0;1325.60;4.87;3.20;1.14;88146.68;14144.00;24859.38;26126.0;3.37;0.54;0.95;26/06/2024 16:10:36;
*
