pvpcdata;
2025;01;13;09;30;41;
27/12/2024;1;2.0TD;3;0.000121741110000000;0.235;1.304663618;181.738189;0.557;2.195;178.986189;139.51;-9.74484;0.76926;0.75;0.25;133.60417;94.62480;101.96000;84.74000;90.60000;2745.5;275.0;200.0;53.0;9.02;0.000;0.17498;0.04096;0.00;0.000;2.174;0.947;0.000;0.557;144.928;139.83;136.00;19988.7;1818.80;4.85;3.25;0.92;24055.48;60456.00;24859.38;22534.0;1.07;2.68;1.10;26/12/2024 16:11:38;
27/12/2024;2;2.0TD;3;0.000099386842000000;0.244;1.357435162;175.780069;0.557;2.195;173.028069;132.59;-9.74484;0.76926;0.75;0.25;133.60417;94.62480;101.96000;84.74000;90.60000;2745.5;275.0;200.0;53.0;10.19;0.000;0.17498;0.04096;0.00;0.000;2.086;0.947;0.000;0.557;139.090;132.96;128.53;17894.7;1617.20;6.02;3.25;0.92;57471.04;42880.00;24859.38;20802.6;2.76;2.06;1.20;26/12/2024 16:11:38;
27/12/2024;3;2.0TD;3;0.000086078359000000;0.254;1.409681598;176.357124;0.557;2.195;173.605124;127.52;-9.74484;0.76926;0.75;0.25;133.60417;94.62480;101.96000;84.74000;90.60000;2745.5;275.0;200.0;53.0;14.62;0.000;0.17498;0.04096;0.00;0.000;2.077;0.947;0.000;0.557;138.441;127.83;123.53;17108.5;1315.30;10.45;3.25;0.92;134247.20;45960.00;24859.38;19630.1;6.84;2.34;1.27;26/12/2024 16:11:38;
27/12/2024;4;2.0TD;3;0.000079244731000000;0.255;1.415998111;163.498785;0.557;2.195;160.746785;117.51;-9.74484;0.76926;0.75;0.25;133.60417;94.62480;101.96000;84.74000;90.60000;2745.5;275.0;200.0;53.0;14.43;0.000;0.17498;0.04096;0.00;0.000;1.921;0.947;0.000;0.557;128.085;117.58;116.46;16205.0;1116.90;10.26;3.25;0.92;152891.72;42360.00;0.00;19030.7;8.03;2.23;0.00;26/12/2024 16:11:38;
27/12/2024;5;2.0TD;3;0.000076510915000000;0.256;1.420894157;161.497950;0.557;2.195;158.745950;115.65;-9.74484;0.76926;0.75;0.25;133.60417;94.62480;101.96000;84.74000;90.60000;2745.5;275.0;200.0;53.0;14.62;0.000;0.17498;0.04096;0.00;0.000;1.896;0.947;0.000;0.557;126.390;115.83;112.84;15975.8;1009.50;10.45;3.25;0.92;156091.40;42840.00;0.00;19029.5;8.20;2.25;0.00;26/12/2024 16:11:38;
27/12/2024;6;2.0TD;3;0.000078182513000000;0.246;1.366931834;161.359188;0.557;2.195;158.607188;116.94;-9.74484;0.76926;0.75;0.25;133.60417;94.62480;101.96000;84.74000;90.60000;2745.5;275.0;200.0;53.0;14.22;0.000;0.17498;0.04096;0.00;0.000;1.909;0.947;0.000;0.557;127.293;117.00;116.00;16166.3;1111.60;10.05;3.25;0.92;153805.28;42520.00;0.00;19527.9;7.88;2.18;0.00;26/12/2024 16:11:38;
27/12/2024;7;2.0TD;3;0.000086791895000000;0.222;1.234209681;171.306233;0.557;2.195;168.554233;130.62;-9.74484;0.76926;0.75;0.25;133.60417;94.62480;101.96000;84.74000;90.60000;2745.5;275.0;200.0;53.0;11.02;0.000;0.17498;0.04096;0.00;0.000;2.069;0.947;0.000;0.557;137.933;130.62;130.62;17759.4;1285.90;6.85;3.25;0.92;43553.64;79376.00;24859.38;21562.5;2.02;3.68;1.15;26/12/2024 16:11:38;
27/12/2024;8;2.0TD;3;0.000106112325000000;0.203;1.128081011;182.266172;0.557;2.195;179.514172;144.44;-9.74484;0.76926;0.75;0.25;133.60417;94.62480;101.96000;84.74000;90.60000;2745.5;275.0;200.0;53.0;8.32;0.000;0.17498;0.04096;0.00;0.000;2.238;0.947;0.000;0.557;149.222;144.33;146.23;19902.2;1264.00;4.15;3.25;0.92;9461.88;69605.76;24859.38;25001.1;0.38;2.78;0.99;26/12/2024 16:11:38;
27/12/2024;9;2.0TD;2;0.000120814866000000;0.191;1.170393603;208.556817;19.184;8.779;180.593817;148.21;-9.74484;0.76926;0.75;0.25;133.60417;94.62480;101.96000;84.74000;90.60000;2745.5;275.0;200.0;53.0;6.77;0.154;0.17498;0.04096;0.00;0.000;2.274;0.947;0.000;0.557;151.632;148.20;148.40;22636.0;1358.80;2.60;3.25;0.92;8687.32;38260.00;24859.38;27596.1;0.31;1.39;0.90;26/12/2024 16:11:38;
27/12/2024;10;2.0TD;2;0.000132913680000000;0.184;1.129695273;206.991008;19.184;8.779;179.028008;145.02;-9.74484;0.76926;0.75;0.25;133.60417;94.62480;101.96000;84.74000;90.60000;2745.5;275.0;200.0;53.0;9.54;0.154;0.17498;0.04096;0.00;0.000;2.268;0.947;0.000;0.557;151.206;145.01;145.21;23534.5;1381.40;5.37;3.25;0.92;9434.60;120444.00;24859.38;28818.2;0.33;4.18;0.86;26/12/2024 16:11:38;
27/12/2024;11;2.0TD;1;0.000140676588000000;0.176;1.053756803;238.485943;33.081;43.893;161.511943;129.83;-9.74484;0.76926;0.75;0.25;133.60417;94.62480;101.96000;84.74000;90.60000;2745.5;275.0;200.0;53.0;10.30;0.926;0.17498;0.04096;0.00;0.000;2.060;0.947;0.000;0.557;137.340;130.00;127.40;24279.6;1709.10;6.13;3.25;0.92;24478.96;130144.00;24859.38;29295.8;0.84;4.44;0.85;26/12/2024 16:11:38;
27/12/2024;12;2.0TD;1;0.000139457014000000;0.174;1.040692328;213.264937;33.081;43.893;136.290937;108.17;-9.74484;0.76926;0.75;0.25;133.60417;94.62480;101.96000;84.74000;90.60000;2745.5;275.0;200.0;53.0;11.03;0.926;0.17498;0.04096;0.00;0.000;1.741;0.947;0.000;0.557;116.091;107.94;111.75;25036.5;1623.00;6.86;3.25;0.92;42204.48;131924.00;24859.38;29018.2;1.45;4.55;0.86;26/12/2024 16:11:38;
27/12/2024;13;2.0TD;1;0.000137365377000000;0.173;1.036122387;210.589360;33.081;43.893;133.615360;107.81;-9.74484;0.76926;0.75;0.25;133.60417;94.62480;101.96000;84.74000;90.60000;2745.5;275.0;200.0;53.0;9.24;0.926;0.17498;0.04096;0.00;0.000;1.709;0.947;0.000;0.557;113.909;107.81;107.81;24597.1;1700.10;5.07;3.25;0.92;42344.16;77520.00;24859.38;28543.8;1.48;2.72;0.87;26/12/2024 16:11:38;
27/12/2024;14;2.0TD;1;0.000144174706000000;0.172;1.032137117;210.796579;33.081;43.893;133.822579;107.94;-9.74484;0.76926;0.75;0.25;133.60417;94.62480;101.96000;84.74000;90.60000;2745.5;275.0;200.0;53.0;9.38;0.926;0.17498;0.04096;0.00;0.000;1.713;0.947;0.000;0.557;114.183;107.94;107.94;24357.0;1751.90;5.21;3.25;0.92;46856.60;76936.00;24859.38;28537.2;1.64;2.70;0.87;26/12/2024 16:11:38;
27/12/2024;15;2.0TD;2;0.000146604324000000;0.172;1.054801713;164.412031;19.184;8.779;136.449031;110.15;-9.74484;0.76926;0.75;0.25;133.60417;94.62480;101.96000;84.74000;90.60000;2745.5;275.0;200.0;53.0;10.15;0.154;0.17498;0.04096;0.00;0.000;1.746;0.947;0.000;0.557;116.424;110.30;107.91;23278.6;1613.40;5.98;3.25;0.92;41444.16;103436.00;24859.38;28399.3;1.46;3.64;0.88;26/12/2024 16:11:38;
27/12/2024;16;2.0TD;2;0.000140243065000000;0.181;1.110848511;171.623487;19.184;8.779;143.660487;113.90;-9.74484;0.76926;0.75;0.25;133.60417;94.62480;101.96000;84.74000;90.60000;2745.5;275.0;200.0;53.0;11.54;0.154;0.17498;0.04096;0.00;0.000;1.825;0.947;0.000;0.557;121.643;114.15;110.00;22938.8;1489.40;7.37;3.25;0.92;35950.04;145756.00;24859.38;28019.7;1.28;5.20;0.89;26/12/2024 16:11:38;
27/12/2024;17;2.0TD;2;0.000137857461000000;0.184;1.127257931;191.845280;19.184;8.779;163.882280;129.86;-9.74484;0.76926;0.75;0.25;133.60417;94.62480;101.96000;84.74000;90.60000;2745.5;275.0;200.0;53.0;12.10;0.154;0.17498;0.04096;0.00;0.000;2.076;0.947;0.000;0.557;138.414;129.98;128.13;23391.4;1581.50;7.93;3.25;0.92;8369.08;182949.04;24859.38;27246.3;0.31;6.71;0.91;26/12/2024 16:11:38;
27/12/2024;18;2.0TD;2;0.000145402015000000;0.191;1.172324988;210.685134;19.184;8.779;182.722134;149.78;-9.74484;0.76926;0.75;0.25;133.60417;94.62480;101.96000;84.74000;90.60000;2745.5;275.0;200.0;53.0;6.96;0.154;0.17498;0.04096;0.00;0.000;2.301;0.947;0.000;0.557;153.419;149.78;149.78;24175.1;1373.50;2.79;3.25;0.92;261.08;52752.00;24859.38;27867.8;0.01;1.89;0.89;26/12/2024 16:11:38;
27/12/2024;19;2.0TD;1;0.000166595019000000;0.204;1.221798980;271.191346;33.081;43.893;194.217346;158.36;-9.74484;0.76926;0.75;0.25;133.60417;94.62480;101.96000;84.74000;90.60000;2745.5;275.0;200.0;53.0;5.38;0.926;0.17498;0.04096;0.00;0.000;2.420;0.947;0.000;0.557;161.310;158.40;157.40;25345.2;1191.30;1.21;3.25;0.92;283.76;10692.00;24859.38;29499.3;0.01;0.36;0.84;26/12/2024 16:11:38;
27/12/2024;20;2.0TD;1;0.000176474600000000;0.211;1.263932494;273.020474;33.081;43.893;196.046474;159.02;-9.74484;0.76926;0.75;0.25;133.60417;94.62480;101.96000;84.74000;90.60000;2745.5;275.0;200.0;53.0;5.29;0.926;0.17498;0.04096;0.00;0.000;2.428;0.947;0.000;0.557;161.888;159.02;159.02;25738.6;1227.70;1.12;3.25;0.92;288.16;8440.00;24859.38;29783.2;0.01;0.28;0.83;26/12/2024 16:11:38;
27/12/2024;21;2.0TD;1;0.000183578258000000;0.214;1.282848986;276.673465;33.081;43.893;199.699465;161.45;-9.74484;0.76926;0.75;0.25;133.60417;94.62480;101.96000;84.74000;90.60000;2745.5;275.0;200.0;53.0;5.43;0.926;0.17498;0.04096;0.00;0.000;2.467;0.947;0.000;0.557;164.497;161.50;160.50;25904.7;1248.40;1.26;3.25;0.92;286.40;12640.00;24859.38;30106.9;0.01;0.42;0.83;26/12/2024 16:11:38;
27/12/2024;22;2.0TD;1;0.000186567370000000;0.219;1.309094376;273.573208;33.081;43.893;196.599208;158.45;-9.74484;0.76926;0.75;0.25;133.60417;94.62480;101.96000;84.74000;90.60000;2745.5;275.0;200.0;53.0;5.26;0.926;0.17498;0.04096;0.00;0.000;2.419;0.947;0.000;0.557;161.279;158.50;157.50;25973.1;1262.60;1.09;3.25;0.92;289.96;7160.00;24859.38;29685.0;0.01;0.24;0.84;26/12/2024 16:11:38;
27/12/2024;23;2.0TD;2;0.000174643549000000;0.220;1.346628568;210.960667;19.184;8.779;182.997667;147.75;-9.74484;0.76926;0.75;0.25;133.60417;94.62480;101.96000;84.74000;90.60000;2745.5;275.0;200.0;53.0;5.62;0.154;0.17498;0.04096;0.00;0.000;2.250;0.947;0.000;0.557;149.998;147.63;150.95;24943.8;922.20;1.45;3.25;0.92;290.84;14120.00;24859.38;27054.6;0.01;0.52;0.92;26/12/2024 16:11:38;
27/12/2024;24;2.0TD;2;0.000154066707000000;0.227;1.392075281;209.269536;19.184;8.779;181.306536;144.36;-9.74484;0.76926;0.75;0.25;133.60417;94.62480;101.96000;84.74000;90.60000;2745.5;275.0;200.0;53.0;6.81;0.154;0.17498;0.04096;0.00;0.000;2.216;0.947;0.000;0.557;147.764;144.36;144.36;22306.4;1115.50;2.64;3.25;0.92;271.60;39732.00;24859.38;24567.4;0.01;1.62;1.01;26/12/2024 16:11:38;
*
