pvpcdata;
2024;05;13;12;31;10;
01/04/2024;1;2.0TD;3;0.000100508134000000;0.201;1.118357064;55.337551;0.557;2.195;52.585551;0.70;18.15426;0.89772;0.75;0.25;2.76375;75.38080;101.96000;48.69000;27.94000;2134.3;275.0;154.0;50.0;24.41;0.000;0.17498;0.04096;0.00;0.000;0.657;0.947;0.000;0.557;43.784;0.70;0.69;19188.3;2772.80;19.64;3.35;1.42;330643.40;47610.00;24859.38;20523.1;16.11;2.32;1.21;31/03/2024 16:09:50;
01/04/2024;2;2.0TD;3;0.000081248087000000;0.210;1.164864196;55.006824;0.557;2.195;52.254824;0.02;18.15426;0.89772;0.75;0.25;2.76375;75.38080;101.96000;48.69000;27.94000;2134.3;275.0;154.0;50.0;24.50;0.000;0.17498;0.04096;0.00;0.000;0.648;0.947;0.000;0.557;43.185;0.02;0.01;18341.8;2720.20;19.73;3.35;1.42;330674.52;47610.00;0.00;19174.8;17.25;2.48;0.00;31/03/2024 16:09:50;
01/04/2024;3;2.0TD;3;0.000071851166000000;0.215;1.192491350;56.381863;0.557;2.195;53.629863;-0.11;18.15426;0.89772;0.75;0.25;2.76375;75.38080;101.96000;48.69000;27.94000;2134.3;275.0;154.0;50.0;25.57;0.000;0.17498;0.04096;0.00;0.000;0.662;0.947;0.000;0.557;44.139;0.00;-0.90;17840.1;2675.80;20.80;3.35;1.42;330675.48;48689.16;0.00;18240.5;18.13;2.67;0.00;31/03/2024 16:09:50;
01/04/2024;4;2.0TD;3;0.000067113154000000;0.216;1.201068254;57.672403;0.557;2.195;54.920403;-0.12;18.15426;0.89772;0.75;0.25;2.76375;75.38080;101.96000;48.69000;27.94000;2134.3;275.0;154.0;50.0;26.59;0.000;0.17498;0.04096;0.00;0.000;0.677;0.947;0.000;0.557;45.164;0.00;-1.00;17404.0;2685.50;21.82;3.35;1.42;330675.48;57204.00;0.00;17774.6;18.60;3.22;0.00;31/03/2024 16:09:50;
01/04/2024;5;2.0TD;3;0.000065425390000000;0.214;1.191479470;57.545654;0.557;2.195;54.793654;-0.24;18.15426;0.89772;0.75;0.25;2.76375;75.38080;101.96000;48.69000;27.94000;2134.3;275.0;154.0;50.0;26.68;0.000;0.17498;0.04096;0.00;0.000;0.677;0.947;0.000;0.557;45.134;0.00;-2.00;17190.9;2684.00;21.91;3.35;1.42;330675.48;57168.00;0.00;17704.6;18.68;3.23;0.00;31/03/2024 16:09:50;
01/04/2024;6;2.0TD;3;0.000067209991000000;0.207;1.150747536;54.276181;0.557;2.195;51.524181;-0.23;18.15426;0.89772;0.75;0.25;2.76375;75.38080;101.96000;48.69000;27.94000;2134.3;275.0;154.0;50.0;24.26;0.000;0.17498;0.04096;0.00;0.000;0.640;0.947;0.000;0.557;42.687;0.00;-2.00;17599.6;2675.60;19.49;3.35;1.42;330675.48;23820.00;0.00;18188.5;18.18;1.31;0.00;31/03/2024 16:09:50;
01/04/2024;7;2.0TD;3;0.000075713223000000;0.192;1.067644787;54.664560;0.557;2.195;51.912560;0.11;18.15426;0.89772;0.75;0.25;2.76375;75.38080;101.96000;48.69000;27.94000;2134.3;275.0;154.0;50.0;24.77;0.000;0.17498;0.04096;0.00;0.000;0.653;0.947;0.000;0.557;43.550;0.13;-0.05;18936.5;2604.40;20.00;3.35;1.42;366764.28;8848.56;24859.38;20026.9;18.31;0.44;1.24;31/03/2024 16:09:50;
01/04/2024;8;2.0TD;3;0.000093000825000000;0.178;0.990975041;51.723587;0.557;2.195;48.971587;1.07;18.15426;0.89772;0.75;0.25;2.76375;75.38080;101.96000;48.69000;27.94000;2134.3;275.0;154.0;50.0;21.86;0.000;0.17498;0.04096;0.00;0.000;0.624;0.947;0.000;0.557;41.571;1.19;0.07;20311.6;2544.50;17.09;3.35;1.42;318048.16;42638.80;24859.38;22556.1;14.10;1.89;1.10;31/03/2024 16:09:50;
01/04/2024;9;2.0TD;2;0.000105727410000000;0.190;1.166372656;73.970548;19.184;8.779;46.007548;0.94;18.15426;0.89772;0.75;0.25;2.76375;75.38080;101.96000;48.69000;27.94000;2134.3;275.0;154.0;50.0;18.97;0.154;0.17498;0.04096;0.00;0.000;0.580;0.947;0.000;0.557;38.661;0.94;0.95;20943.4;2327.60;14.20;3.35;1.42;268055.20;42948.88;24859.38;23656.1;11.33;1.82;1.05;31/03/2024 16:09:50;
01/04/2024;10;2.0TD;2;0.000116963439000000;0.154;0.947066447;68.301999;19.184;8.779;40.338999;0.12;18.15426;0.89772;0.75;0.25;2.76375;75.38080;101.96000;48.69000;27.94000;2134.3;275.0;154.0;50.0;16.14;0.154;0.17498;0.04096;0.00;0.000;0.524;0.947;0.000;0.557;34.955;0.13;0.03;22193.1;2400.50;11.37;3.35;1.42;213140.16;42512.36;24859.38;24679.7;8.64;1.72;1.01;31/03/2024 16:09:50;
01/04/2024;11;2.0TD;1;0.000125092751000000;0.156;0.935515461;118.723871;33.081;43.893;41.749871;0.00;18.15426;0.89772;0.75;0.25;2.76375;75.38080;101.96000;48.69000;27.94000;2134.3;275.0;154.0;50.0;16.63;0.926;0.17498;0.04096;0.00;0.000;0.542;0.947;0.000;0.557;36.115;0.00;0.00;24551.3;2376.30;11.86;3.35;1.42;255811.12;16844.80;24859.38;25079.1;10.20;0.67;0.99;31/03/2024 16:09:50;
01/04/2024;12;2.0TD;1;0.000126923178000000;0.157;0.940437522;118.924281;33.081;43.893;41.950281;0.00;18.15426;0.89772;0.75;0.25;2.76375;75.38080;101.96000;48.69000;27.94000;2134.3;275.0;154.0;50.0;16.77;0.926;0.17498;0.04096;0.00;0.000;0.544;0.947;0.000;0.557;36.257;0.00;-0.01;25362.6;2373.60;12.00;3.35;1.42;267203.12;9510.80;24859.38;25125.7;10.63;0.38;0.99;31/03/2024 16:09:50;
01/04/2024;13;2.0TD;1;0.000129568955000000;0.155;0.927751651;118.722405;33.081;43.893;41.748405;0.00;18.15426;0.89772;0.75;0.25;2.76375;75.38080;101.96000;48.69000;27.94000;2134.3;275.0;154.0;50.0;16.66;0.926;0.17498;0.04096;0.00;0.000;0.542;0.947;0.000;0.557;36.145;0.00;-0.05;25985.4;2174.50;11.89;3.35;1.42;268947.60;4578.00;24859.38;25090.6;10.72;0.18;0.99;31/03/2024 16:09:50;
01/04/2024;14;2.0TD;1;0.000136670456000000;0.151;0.902088901;118.414380;33.081;43.893;41.440380;0.00;18.15426;0.89772;0.75;0.25;2.76375;75.38080;101.96000;48.69000;27.94000;2134.3;275.0;154.0;50.0;16.52;0.926;0.17498;0.04096;0.00;0.000;0.540;0.947;0.000;0.557;36.003;0.00;-0.05;26685.9;2185.00;11.75;3.35;1.42;269717.24;4157.76;24859.38;25429.2;10.61;0.16;0.98;31/03/2024 16:09:50;
01/04/2024;15;2.0TD;2;0.000136336770000000;0.167;1.025753123;68.709745;19.184;8.779;40.746745;-0.01;18.15426;0.89772;0.75;0.25;2.76375;75.38080;101.96000;48.69000;27.94000;2134.3;275.0;154.0;50.0;16.23;0.154;0.17498;0.04096;0.00;0.000;0.524;0.947;0.000;0.557;34.915;-0.01;-0.05;26273.2;2302.00;11.46;3.35;1.42;263277.72;2545.60;24859.38;25361.7;10.38;0.10;0.98;31/03/2024 16:09:50;
01/04/2024;16;2.0TD;2;0.000124918501000000;0.173;1.060877967;68.323356;19.184;8.779;40.360356;-0.52;18.15426;0.89772;0.75;0.25;2.76375;75.38080;101.96000;48.69000;27.94000;2134.3;275.0;154.0;50.0;16.24;0.154;0.17498;0.04096;0.00;0.000;0.516;0.947;0.000;0.557;34.407;-0.01;-5.01;26157.2;2940.60;11.47;3.35;1.42;255502.76;2539.20;24859.38;24663.4;10.36;0.10;1.01;31/03/2024 16:09:50;
01/04/2024;17;2.0TD;2;0.000116328950000000;0.180;1.104166043;68.731770;19.184;8.779;40.768770;-0.35;18.15426;0.89772;0.75;0.25;2.76375;75.38080;101.96000;48.69000;27.94000;2134.3;275.0;154.0;50.0;16.21;0.154;0.17498;0.04096;0.00;0.000;0.518;0.947;0.000;0.557;34.549;-0.01;-3.80;25606.2;2542.20;11.44;3.35;1.42;247727.76;3180.00;24859.38;24106.8;10.28;0.13;1.03;31/03/2024 16:09:50;
01/04/2024;18;2.0TD;2;0.000113757489000000;0.185;1.137854787;68.724399;19.184;8.779;40.761399;0.00;18.15426;0.89772;0.75;0.25;2.76375;75.38080;101.96000;48.69000;27.94000;2134.3;275.0;154.0;50.0;15.71;0.154;0.17498;0.04096;0.00;0.000;0.516;0.947;0.000;0.557;34.397;0.00;-0.05;24848.9;2401.00;10.94;3.35;1.42;218331.76;17850.00;24859.38;23867.6;9.15;0.75;1.04;31/03/2024 16:09:50;
01/04/2024;19;2.0TD;1;0.000114278227000000;0.164;0.980932477;119.627389;33.081;43.893;42.653389;0.00;18.15426;0.89772;0.75;0.25;2.76375;75.38080;101.96000;48.69000;27.94000;2134.3;275.0;154.0;50.0;17.15;0.926;0.17498;0.04096;0.00;0.000;0.550;0.947;0.000;0.557;36.643;0.00;-0.01;25200.4;2713.90;12.38;3.35;1.42;205213.72;72410.40;24859.38;24441.9;8.40;2.96;1.02;31/03/2024 16:09:50;
01/04/2024;20;2.0TD;1;0.000121462614000000;0.164;0.984112621;117.854617;33.081;43.893;40.880617;0.44;18.15426;0.89772;0.75;0.25;2.76375;75.38080;101.96000;48.69000;27.94000;2134.3;275.0;154.0;50.0;15.21;0.926;0.17498;0.04096;0.00;0.000;0.527;0.947;0.000;0.557;35.120;0.44;0.45;24173.2;2737.80;10.44;3.35;1.42;177498.64;66113.64;24859.38;25713.3;6.90;2.57;0.97;31/03/2024 16:09:50;
01/04/2024;21;2.0TD;1;0.000143405791000000;0.169;1.008991392;131.642057;33.081;43.893;54.668057;11.05;18.15426;0.89772;0.75;0.25;2.76375;75.38080;101.96000;48.69000;27.94000;2134.3;275.0;154.0;50.0;16.07;0.926;0.17498;0.04096;0.00;0.000;0.701;0.947;0.000;0.557;46.764;11.33;7.93;25212.9;2261.80;11.30;3.35;1.42;259311.80;26471.16;24859.38;27471.1;9.44;0.96;0.90;31/03/2024 16:09:50;
01/04/2024;22;2.0TD;1;0.000167595366000000;0.171;1.022509462;142.840180;33.081;43.893;65.866180;21.43;18.15426;0.89772;0.75;0.25;2.76375;75.38080;101.96000;48.69000;27.94000;2134.3;275.0;154.0;50.0;15.03;0.926;0.17498;0.04096;0.00;0.000;0.844;0.947;0.000;0.557;56.247;21.43;21.43;24849.8;1910.00;10.26;3.35;1.42;236456.16;28270.32;24859.38;28210.6;8.38;1.00;0.88;31/03/2024 16:09:50;
01/04/2024;23;2.0TD;2;0.000148875194000000;0.202;1.238377901;91.383892;19.184;8.779;63.420892;17.47;18.15426;0.89772;0.75;0.25;2.76375;75.38080;101.96000;48.69000;27.94000;2134.3;275.0;154.0;50.0;16.33;0.154;0.17498;0.04096;0.00;0.000;0.791;0.947;0.000;0.557;52.762;17.47;17.47;22970.5;1703.80;11.56;3.35;1.42;240635.80;34980.00;24859.38;26013.7;9.25;1.34;0.96;31/03/2024 16:09:50;
01/04/2024;24;2.0TD;2;0.000121681225000000;0.213;1.306305953;86.792051;19.184;8.779;58.829051;12.05;18.15426;0.89772;0.75;0.25;2.76375;75.38080;101.96000;48.69000;27.94000;2134.3;275.0;154.0;50.0;17.55;0.154;0.17498;0.04096;0.00;0.000;0.727;0.947;0.000;0.557;48.498;12.58;6.13;21193.0;1887.60;12.78;3.35;1.42;249155.56;29835.60;24859.38;23776.0;10.48;1.25;1.05;31/03/2024 16:09:50;
*
