pvpcdata;
2024;07;09;11;18;01;
08/06/2024;1;2.0TD;3;0.000096193933000000;0.172;0.958193781;130.077918;0.557;2.195;127.325918;95.32;1.59635;1.09592;0.75;0.25;71.42042;77.80580;101.96000;48.69000;52.19000;1792.1;275.0;154.0;62.0;8.22;0.000;0.17498;0.04096;0.00;0.000;1.630;0.947;0.000;0.557;108.639;95.09;97.92;17027.1;1538.00;3.88;3.20;1.14;51038.24;16000.00;24859.38;23698.7;2.15;0.68;1.05;07/06/2024 16:10:33;
08/06/2024;2;2.0TD;3;0.000083126331000000;0.172;0.958115702;124.960966;0.557;2.195;122.208966;90.54;1.59635;1.09592;0.75;0.25;71.42042;77.80580;101.96000;48.69000;52.19000;1792.1;275.0;154.0;62.0;8.70;0.000;0.17498;0.04096;0.00;0.000;1.564;0.947;0.000;0.557;104.273;90.00;96.43;15971.0;1463.50;4.36;3.20;1.14;58432.92;14400.00;24859.38;22395.6;2.61;0.64;1.11;07/06/2024 16:10:33;
08/06/2024;3;2.0TD;3;0.000073347854000000;0.173;0.962284783;121.230703;0.557;2.195;118.478703;86.54;1.59635;1.09592;0.75;0.25;71.42042;77.80580;101.96000;48.69000;52.19000;1792.1;275.0;154.0;62.0;9.48;0.000;0.17498;0.04096;0.00;0.000;1.515;0.947;0.000;0.557;101.004;85.86;93.86;15201.6;1421.00;5.14;3.20;1.14;64689.84;20608.00;24859.38;21444.0;3.02;0.96;1.16;07/06/2024 16:10:33;
08/06/2024;4;2.0TD;3;0.000067896511000000;0.173;0.962651741;119.468857;0.557;2.195;116.716857;86.28;1.59635;1.09592;0.75;0.25;71.42042;77.80580;101.96000;48.69000;52.19000;1792.1;275.0;154.0;62.0;8.26;0.000;0.17498;0.04096;0.00;0.000;1.493;0.947;0.000;0.557;99.502;85.64;92.53;14709.5;1505.10;3.92;3.20;1.14;57436.52;23680.00;0.00;20688.2;2.78;1.14;0.00;07/06/2024 16:10:33;
08/06/2024;5;2.0TD;3;0.000064946892000000;0.173;0.959697035;120.611359;0.557;2.195;117.859359;86.24;1.59635;1.09592;0.75;0.25;71.42042;77.80580;101.96000;48.69000;52.19000;1792.1;275.0;154.0;62.0;9.26;0.000;0.17498;0.04096;0.00;0.000;1.507;0.947;0.000;0.557;100.476;85.64;92.19;14322.0;1436.90;4.92;3.20;1.14;76807.80;22912.00;0.00;20264.1;3.79;1.13;0.00;07/06/2024 16:10:33;
08/06/2024;6;2.0TD;3;0.000064039375000000;0.173;0.963557240;120.766195;0.557;2.195;118.014195;86.58;1.59635;1.09592;0.75;0.25;71.42042;77.80580;101.96000;48.69000;52.19000;1792.1;275.0;154.0;62.0;9.05;0.000;0.17498;0.04096;0.00;0.000;1.509;0.947;0.000;0.557;100.608;85.88;93.38;14176.5;1452.20;4.71;3.20;1.14;76410.04;17984.00;0.00;20038.0;3.81;0.90;0.00;07/06/2024 16:10:33;
08/06/2024;7;2.0TD;3;0.000062634785000000;0.171;0.950638793;134.545546;0.557;2.195;131.793546;99.24;1.59635;1.09592;0.75;0.25;71.42042;77.80580;101.96000;48.69000;52.19000;1792.1;275.0;154.0;62.0;8.15;0.000;0.17498;0.04096;0.00;0.000;1.688;0.947;0.000;0.557;112.547;99.35;98.35;14923.3;1765.50;3.81;3.20;1.14;58283.96;19200.00;0.00;20360.7;2.86;0.94;0.00;07/06/2024 16:10:33;
08/06/2024;8;2.0TD;3;0.000063632057000000;0.162;0.901205194;142.274342;0.557;2.195;139.522342;101.17;1.59635;1.09592;0.75;0.25;71.42042;77.80580;101.96000;48.69000;52.19000;1792.1;275.0;154.0;62.0;13.63;0.000;0.17498;0.04096;0.00;0.000;1.801;0.947;0.000;0.557;120.070;101.44;98.45;15724.3;1580.40;9.29;3.20;1.14;54548.12;139159.68;0.00;20850.3;2.62;6.67;0.00;07/06/2024 16:10:33;
08/06/2024;9;2.0TD;3;0.000076480425000000;0.149;0.828000687;140.900707;0.557;2.195;138.148707;100.03;1.59635;1.09592;0.75;0.25;71.42042;77.80580;101.96000;48.69000;52.19000;1792.1;275.0;154.0;62.0;14.93;0.000;0.17498;0.04096;0.00;0.000;1.804;0.947;0.000;0.557;120.233;100.30;97.30;16724.8;1623.20;10.59;3.20;1.14;89567.20;143280.80;0.00;21992.9;4.07;6.51;0.00;07/06/2024 16:10:33;
08/06/2024;10;2.0TD;3;0.000093679266000000;0.145;0.806128685;133.897852;0.557;2.195;131.145852;93.78;1.59635;1.09592;0.75;0.25;71.42042;77.80580;101.96000;48.69000;52.19000;1792.1;275.0;154.0;62.0;15.57;0.000;0.17498;0.04096;0.00;0.000;1.718;0.947;0.000;0.557;114.537;94.01;91.00;18173.0;1523.50;11.23;3.20;1.14;84968.56;177082.00;0.00;23328.5;3.64;7.59;0.00;07/06/2024 16:10:33;
08/06/2024;11;2.0TD;3;0.000106173660000000;0.145;0.804188933;103.093917;0.557;2.195;100.341917;70.36;1.59635;1.09592;0.75;0.25;71.42042;77.80580;101.96000;48.69000;52.19000;1792.1;275.0;154.0;62.0;12.49;0.000;0.17498;0.04096;0.00;0.000;1.315;0.947;0.000;0.557;87.634;70.20;73.20;20232.4;1172.10;8.15;3.20;1.14;111729.24;86090.16;0.00;24262.3;4.61;3.55;0.00;07/06/2024 16:10:33;
08/06/2024;12;2.0TD;3;0.000111234565000000;0.144;0.800202923;81.147874;0.557;2.195;78.395874;51.52;1.59635;1.09592;0.75;0.25;71.42042;77.80580;101.96000;48.69000;52.19000;1792.1;275.0;154.0;62.0;12.51;0.000;0.17498;0.04096;0.00;0.000;1.028;0.947;0.000;0.557;68.527;51.44;52.94;21976.5;1283.20;8.17;3.20;1.14;131447.52;73038.00;0.00;25032.7;5.25;2.92;0.00;07/06/2024 16:10:33;
08/06/2024;13;2.0TD;3;0.000115259951000000;0.145;0.807916013;70.707592;0.557;2.195;67.955592;42.98;1.59635;1.09592;0.75;0.25;71.42042;77.80580;101.96000;48.69000;52.19000;1792.1;275.0;154.0;62.0;12.01;0.000;0.17498;0.04096;0.00;0.000;0.890;0.947;0.000;0.557;59.349;42.10;55.94;23021.7;1558.70;7.67;3.20;1.14;139325.32;53428.76;0.00;25124.8;5.55;2.13;0.00;07/06/2024 16:10:33;
08/06/2024;14;2.0TD;3;0.000123663478000000;0.142;0.788991041;70.216634;0.557;2.195;67.464634;42.54;1.59635;1.09592;0.75;0.25;71.42042;77.80580;101.96000;48.69000;52.19000;1792.1;275.0;154.0;62.0;12.18;0.000;0.17498;0.04096;0.00;0.000;0.886;0.947;0.000;0.557;59.075;41.60;56.60;23822.2;1588.30;7.84;3.20;1.14;139773.80;58779.24;0.00;25333.2;5.52;2.32;0.00;07/06/2024 16:10:33;
08/06/2024;15;2.0TD;3;0.000123436204000000;0.142;0.789278245;62.460170;0.557;2.195;59.708170;35.73;1.59635;1.09592;0.75;0.25;71.42042;77.80580;101.96000;48.69000;52.19000;1792.1;275.0;154.0;62.0;12.30;0.000;0.17498;0.04096;0.00;0.000;0.784;0.947;0.000;0.557;52.283;35.13;45.03;24236.5;1557.80;7.96;3.20;1.14;148553.84;52064.52;0.00;25190.0;5.90;2.07;0.00;07/06/2024 16:10:33;
08/06/2024;16;2.0TD;3;0.000110379086000000;0.147;0.818296305;63.781418;0.557;2.195;61.029418;34.98;1.59635;1.09592;0.75;0.25;71.42042;77.80580;101.96000;48.69000;52.19000;1792.1;275.0;154.0;62.0;13.96;0.000;0.17498;0.04096;0.00;0.000;0.798;0.947;0.000;0.557;53.207;35.00;34.75;22805.9;1842.40;9.62;3.20;1.14;179256.72;54664.32;0.00;24313.1;7.37;2.25;0.00;07/06/2024 16:10:33;
08/06/2024;17;2.0TD;3;0.000101651211000000;0.153;0.852695308;59.968313;0.557;2.195;57.216313;30.10;1.59635;1.09592;0.75;0.25;71.42042;77.80580;101.96000;48.69000;52.19000;1792.1;275.0;154.0;62.0;15.31;0.000;0.17498;0.04096;0.00;0.000;0.744;0.947;0.000;0.557;49.623;30.49;25.49;22809.3;1903.10;10.97;3.20;1.14;210450.88;50304.00;0.00;23764.6;8.86;2.12;0.00;07/06/2024 16:10:33;
08/06/2024;18;2.0TD;3;0.000098131214000000;0.161;0.892281754;54.896994;0.557;2.195;52.144994;25.05;1.59635;1.09592;0.75;0.25;71.42042;77.80580;101.96000;48.69000;52.19000;1792.1;275.0;154.0;62.0;15.72;0.000;0.17498;0.04096;0.00;0.000;0.674;0.947;0.000;0.557;44.913;25.30;22.10;22712.3;1958.10;11.38;3.20;1.14;225245.48;46407.48;0.00;23879.1;9.43;1.94;0.00;07/06/2024 16:10:33;
08/06/2024;19;2.0TD;3;0.000097488351000000;0.165;0.918025799;68.276099;0.557;2.195;65.524099;35.01;1.59635;1.09592;0.75;0.25;71.42042;77.80580;101.96000;48.69000;52.19000;1792.1;275.0;154.0;62.0;16.92;0.000;0.17498;0.04096;0.00;0.000;0.844;0.947;0.000;0.557;56.243;35.01;35.01;22925.7;1456.60;12.58;3.20;1.14;169337.28;135563.40;0.00;24230.1;6.99;5.59;0.00;07/06/2024 16:10:33;
08/06/2024;20;2.0TD;3;0.000097397943000000;0.174;0.964129743;85.015192;0.557;2.195;82.263192;48.50;1.59635;1.09592;0.75;0.25;71.42042;77.80580;101.96000;48.69000;52.19000;1792.1;275.0;154.0;62.0;17.05;0.000;0.17498;0.04096;0.00;0.000;1.051;0.947;0.000;0.557;70.070;47.70;64.70;21327.7;1056.00;12.71;3.20;1.14;113636.16;195636.00;0.00;24339.7;4.67;8.04;0.00;07/06/2024 16:10:33;
08/06/2024;21;2.0TD;3;0.000100918315000000;0.181;1.005257609;124.556634;0.557;2.195;121.804634;85.27;1.59635;1.09592;0.75;0.25;71.42042;77.80580;101.96000;48.69000;52.19000;1792.1;275.0;154.0;62.0;12.85;0.000;0.17498;0.04096;0.00;0.000;1.547;0.947;0.000;0.557;103.136;85.03;88.63;20741.8;1456.10;8.51;3.20;1.14;49734.36;160206.48;0.00;24673.9;2.02;6.49;0.00;07/06/2024 16:10:33;
08/06/2024;22;2.0TD;3;0.000110838804000000;0.184;1.023879914;137.835580;0.557;2.195;135.083580;100.78;1.59635;1.09592;0.75;0.25;71.42042;77.80580;101.96000;48.69000;52.19000;1792.1;275.0;154.0;62.0;8.13;0.000;0.17498;0.04096;0.00;0.000;1.711;0.947;0.000;0.557;114.090;101.12;97.12;18898.6;1736.20;3.79;3.20;1.14;48217.12;24000.00;24859.38;25574.7;1.89;0.94;0.97;07/06/2024 16:10:33;
08/06/2024;23;2.0TD;3;0.000118808731000000;0.183;1.017770033;137.325185;0.557;2.195;134.573185;100.36;1.59635;1.09592;0.75;0.25;71.42042;77.80580;101.96000;48.69000;52.19000;1792.1;275.0;154.0;62.0;8.22;0.000;0.17498;0.04096;0.00;0.000;1.706;0.947;0.000;0.557;113.755;100.76;96.26;17707.1;1732.60;3.88;3.20;1.14;48534.44;22976.00;24859.38;24821.2;1.96;0.93;1.00;07/06/2024 16:10:33;
08/06/2024;24;2.0TD;3;0.000107793389000000;0.182;1.013272177;125.104203;0.557;2.195;122.352203;89.68;1.59635;1.09592;0.75;0.25;71.42042;77.80580;101.96000;48.69000;52.19000;1792.1;275.0;154.0;62.0;8.81;0.000;0.17498;0.04096;0.00;0.000;1.553;0.947;0.000;0.557;103.512;90.00;86.56;17014.1;1759.50;4.47;3.20;1.14;58940.92;19200.00;24859.38;23082.1;2.55;0.83;1.08;07/06/2024 16:10:33;
*
