pvpcdata;
2024;03;11;12;38;39;
23/02/2024;1;2.0TD;3;0.000110042571000000;0.226;1.255630220;51.912218;0.557;2.195;49.160218;9.57;22.56019;0.82706;0.75;0.25;6.71583;96.95660;101.96000;97.42000;68.27000;2418.2;275.0;177.0;48.0;9.93;0.000;0.17498;0.04096;0.00;0.000;0.000;0.601;0.565;0.000;0.557;40.098;9.57;9.59;25909.8;1023.70;4.90;3.48;1.55;67287.12;31676.52;24859.38;25277.5;2.66;1.25;0.98;22/02/2024 16:06:22;
23/02/2024;2;2.0TD;3;0.000090714162000000;0.236;1.309629186;47.733818;0.557;2.195;44.981818;4.09;22.56019;0.82706;0.75;0.25;6.71583;96.95660;101.96000;97.42000;68.27000;2418.2;275.0;177.0;48.0;11.76;0.000;0.17498;0.04096;0.00;0.000;0.000;0.546;0.565;0.000;0.557;36.393;4.09;4.09;25489.0;853.00;6.73;3.48;1.55;88666.32;47640.00;24859.38;23943.5;3.70;1.99;1.04;22/02/2024 16:06:22;
23/02/2024;3;2.0TD;3;0.000079983617000000;0.238;1.322105545;47.755846;0.557;2.195;45.003846;3.19;22.56019;0.82706;0.75;0.25;6.71583;96.95660;101.96000;97.42000;68.27000;2418.2;275.0;177.0;48.0;12.62;0.000;0.17498;0.04096;0.00;0.000;0.000;0.545;0.565;0.000;0.557;36.352;3.20;2.88;23311.6;831.10;7.59;3.48;1.55;104751.72;44138.40;24859.38;22893.2;4.58;1.93;1.09;22/02/2024 16:06:22;
23/02/2024;4;2.0TD;3;0.000074667028000000;0.242;1.342372940;45.619701;0.557;2.195;42.867701;1.81;22.56019;0.82706;0.75;0.25;6.71583;96.95660;101.96000;97.42000;68.27000;2418.2;275.0;177.0;48.0;12.19;0.000;0.17498;0.04096;0.00;0.000;0.000;0.518;0.565;0.000;0.557;34.515;1.83;1.33;22912.8;729.00;7.16;3.48;1.55;106218.96;55389.44;0.00;22566.2;4.71;2.45;0.00;22/02/2024 16:06:22;
23/02/2024;5;2.0TD;3;0.000072994530000000;0.241;1.341386672;45.585186;0.557;2.195;42.833186;2.55;22.56019;0.82706;0.75;0.25;6.71583;96.95660;101.96000;97.42000;68.27000;2418.2;275.0;177.0;48.0;11.45;0.000;0.17498;0.04096;0.00;0.000;0.000;0.518;0.565;0.000;0.557;34.515;2.58;1.50;22716.2;705.20;6.42;3.48;1.55;105779.00;38859.60;0.00;22538.1;4.69;1.72;0.00;22/02/2024 16:06:22;
23/02/2024;6;2.0TD;3;0.000075332957000000;0.236;1.313116043;45.700598;0.557;2.195;42.948598;3.20;22.56019;0.82706;0.75;0.25;6.71583;96.95660;101.96000;97.42000;68.27000;2418.2;275.0;177.0;48.0;11.03;0.000;0.17498;0.04096;0.00;0.000;0.000;0.521;0.565;0.000;0.557;34.748;3.20;3.20;25637.7;951.00;6.00;3.48;1.55;104970.64;34322.40;0.00;23204.4;4.52;1.48;0.00;22/02/2024 16:06:22;
23/02/2024;7;2.0TD;3;0.000086817649000000;0.220;1.223062224;49.257249;0.557;2.195;46.505249;6.83;22.56019;0.82706;0.75;0.25;6.71583;96.95660;101.96000;97.42000;68.27000;2418.2;275.0;177.0;48.0;10.72;0.000;0.17498;0.04096;0.00;0.000;0.000;0.572;0.565;0.000;0.557;38.119;6.80;7.80;26333.5;893.30;5.69;3.48;1.55;101730.80;22196.40;24859.38;26126.6;3.89;0.85;0.95;22/02/2024 16:06:22;
23/02/2024;8;2.0TD;3;0.000110979071000000;0.210;1.168792146;53.101379;0.557;2.195;50.349379;11.06;22.56019;0.82706;0.75;0.25;6.71583;96.95660;101.96000;97.42000;68.27000;2418.2;275.0;177.0;48.0;9.93;0.000;0.17498;0.04096;0.00;0.000;0.000;0.624;0.565;0.000;0.557;41.611;11.00;12.10;27381.3;1562.90;4.90;3.48;1.55;104713.28;18958.40;24859.38;30311.1;3.45;0.63;0.82;22/02/2024 16:06:22;
23/02/2024;9;2.0TD;2;0.000120839140000000;0.200;1.224294793;77.827868;19.184;8.779;49.864868;11.37;22.56019;0.82706;0.75;0.25;6.71583;96.95660;101.96000;97.42000;68.27000;2418.2;275.0;177.0;48.0;9.41;0.154;0.17498;0.04096;0.00;0.000;0.000;0.623;0.565;0.000;0.557;41.554;11.22;14.00;29059.8;1602.30;4.38;3.48;1.55;90634.80;25060.00;24859.38;32089.3;2.82;0.78;0.77;22/02/2024 16:06:22;
23/02/2024;10;2.0TD;2;0.000124280976000000;0.192;1.176633046;72.388908;19.184;8.779;44.425908;6.86;22.56019;0.82706;0.75;0.25;6.71583;96.95660;101.96000;97.42000;68.27000;2418.2;275.0;177.0;48.0;9.70;0.154;0.17498;0.04096;0.00;0.000;0.000;0.559;0.565;0.000;0.557;37.270;6.80;8.80;33043.9;1056.80;4.67;3.48;1.55;101357.92;25848.00;24859.38;32542.4;3.11;0.79;0.76;22/02/2024 16:06:22;
23/02/2024;11;2.0TD;1;0.000126882464000000;0.188;1.126424600;119.226476;33.081;43.893;42.252476;3.20;22.56019;0.82706;0.75;0.25;6.71583;96.95660;101.96000;97.42000;68.27000;2418.2;275.0;177.0;48.0;10.91;0.926;0.17498;0.04096;0.00;0.000;0.000;0.533;0.565;0.000;0.557;35.566;3.20;3.20;35579.4;1472.60;5.88;3.48;1.55;111281.64;52209.60;24859.38;32057.1;3.47;1.63;0.78;22/02/2024 16:06:22;
23/02/2024;12;2.0TD;1;0.000123984386000000;0.190;1.136420722;119.829538;33.081;43.893;42.855538;3.20;22.56019;0.82706;0.75;0.25;6.71583;96.95660;101.96000;97.42000;68.27000;2418.2;275.0;177.0;48.0;11.35;0.926;0.17498;0.04096;0.00;0.000;0.000;0.540;0.565;0.000;0.557;36.013;3.20;3.20;35429.0;1457.80;6.32;3.48;1.55;134301.40;40601.60;24859.38;31631.5;4.25;1.28;0.79;22/02/2024 16:06:22;
23/02/2024;13;2.0TD;1;0.000122764414000000;0.185;1.105606006;120.515707;33.081;43.893;43.541707;3.00;22.56019;0.82706;0.75;0.25;6.71583;96.95660;101.96000;97.42000;68.27000;2418.2;275.0;177.0;48.0;12.27;0.926;0.17498;0.04096;0.00;0.000;0.000;0.551;0.565;0.000;0.557;36.744;3.00;3.00;35379.1;1186.50;7.24;3.48;1.55;141893.24;57991.08;24859.38;31048.4;4.57;1.87;0.80;22/02/2024 16:06:22;
23/02/2024;14;2.0TD;1;0.000128302630000000;0.182;1.088051148;117.153793;33.081;43.893;40.179793;0.43;22.56019;0.82706;0.75;0.25;6.71583;96.95660;101.96000;97.42000;68.27000;2418.2;275.0;177.0;48.0;12.13;0.926;0.17498;0.04096;0.00;0.000;0.000;0.510;0.565;0.000;0.557;33.993;0.43;0.43;34458.9;1330.10;7.10;3.48;1.55;137033.32;58027.76;24859.38;30975.3;4.42;1.87;0.80;22/02/2024 16:06:22;
23/02/2024;15;2.0TD;2;0.000129676984000000;0.180;1.107278641;65.556687;19.184;8.779;37.593687;0.01;22.56019;0.82706;0.75;0.25;6.71583;96.95660;101.96000;97.42000;68.27000;2418.2;275.0;177.0;48.0;11.22;0.154;0.17498;0.04096;0.00;0.000;0.000;0.478;0.565;0.000;0.557;31.859;0.01;0.01;33975.9;1252.50;6.19;3.48;1.55;144217.04;19173.84;24859.38;30430.2;4.74;0.63;0.82;22/02/2024 16:06:22;
23/02/2024;16;2.0TD;2;0.000124038623000000;0.185;1.134524727;67.014742;19.184;8.779;39.051742;0.01;22.56019;0.82706;0.75;0.25;6.71583;96.95660;101.96000;97.42000;68.27000;2418.2;275.0;177.0;48.0;12.30;0.154;0.17498;0.04096;0.00;0.000;0.000;0.494;0.565;0.000;0.557;32.955;0.01;0.01;33490.9;1251.30;7.27;3.48;1.55;137264.40;53835.60;24859.38;29723.3;4.62;1.81;0.84;22/02/2024 16:06:22;
23/02/2024;17;2.0TD;2;0.000119793091000000;0.187;1.150193202;66.647397;19.184;8.779;38.684397;0.44;22.56019;0.82706;0.75;0.25;6.71583;96.95660;101.96000;97.42000;68.27000;2418.2;275.0;177.0;48.0;11.51;0.154;0.17498;0.04096;0.00;0.000;0.000;0.489;0.565;0.000;0.557;32.590;0.43;0.84;33289.4;1136.20;6.48;3.48;1.55;89975.32;74926.08;24859.38;29292.4;3.07;2.56;0.85;22/02/2024 16:06:22;
23/02/2024;18;2.0TD;2;0.000121583988000000;0.190;1.168358986;69.329848;19.184;8.779;41.366848;3.20;22.56019;0.82706;0.75;0.25;6.71583;96.95660;101.96000;97.42000;68.27000;2418.2;275.0;177.0;48.0;10.89;0.154;0.17498;0.04096;0.00;0.000;0.000;0.521;0.565;0.000;0.557;34.762;3.20;3.20;32638.5;1596.90;5.86;3.48;1.55;71999.28;76982.40;24859.38;29667.1;2.43;2.59;0.84;22/02/2024 16:06:22;
23/02/2024;19;2.0TD;1;0.000131447187000000;0.196;1.173244537;126.602088;33.081;43.893;49.628088;11.46;22.56019;0.82706;0.75;0.25;6.71583;96.95660;101.96000;97.42000;68.27000;2418.2;275.0;177.0;48.0;8.49;0.926;0.17498;0.04096;0.00;0.000;0.000;0.622;0.565;0.000;0.557;41.495;11.17;16.17;30118.3;1864.40;3.46;3.48;1.55;61101.36;19176.00;24859.38;30391.2;2.01;0.63;0.82;22/02/2024 16:06:22;
23/02/2024;20;2.0TD;1;0.000155205622000000;0.200;1.200411176;130.752068;33.081;43.893;53.778068;15.39;22.56019;0.82706;0.75;0.25;6.71583;96.95660;101.96000;97.42000;68.27000;2418.2;275.0;177.0;48.0;7.83;0.926;0.17498;0.04096;0.00;0.000;0.000;0.672;0.565;0.000;0.557;44.815;15.10;22.00;29560.6;1319.10;2.80;3.48;1.55;52879.44;12784.00;24859.38;32299.3;1.64;0.40;0.77;22/02/2024 16:06:22;
23/02/2024;21;2.0TD;1;0.000167949823000000;0.202;1.210981042;133.307000;33.081;43.893;56.333000;17.51;22.56019;0.82706;0.75;0.25;6.71583;96.95660;101.96000;97.42000;68.27000;2418.2;275.0;177.0;48.0;7.73;0.926;0.17498;0.04096;0.00;0.000;0.000;0.703;0.565;0.000;0.557;46.866;17.15;27.15;30083.8;1135.40;2.70;3.48;1.55;51926.08;11186.00;24859.38;32580.2;1.59;0.34;0.76;22/02/2024 16:06:22;
23/02/2024;22;2.0TD;1;0.000172269190000000;0.202;1.207248579;134.515010;33.081;43.893;57.541010;18.61;22.56019;0.82706;0.75;0.25;6.71583;96.95660;101.96000;97.42000;68.27000;2418.2;275.0;177.0;48.0;7.62;0.926;0.17498;0.04096;0.00;0.000;0.000;0.718;0.565;0.000;0.557;47.871;18.36;25.86;30319.2;1063.20;2.59;3.48;1.55;44483.60;12784.00;24859.38;31699.9;1.40;0.40;0.78;22/02/2024 16:06:22;
23/02/2024;23;2.0TD;2;0.000161016400000000;0.207;1.272802892;79.969078;19.184;8.779;52.006078;14.18;22.56019;0.82706;0.75;0.25;6.71583;96.95660;101.96000;97.42000;68.27000;2418.2;275.0;177.0;48.0;8.11;0.154;0.17498;0.04096;0.00;0.000;0.000;0.646;0.565;0.000;0.557;43.087;13.94;18.94;28424.9;1427.40;3.08;3.48;1.55;46287.04;19176.00;24859.38;29347.9;1.58;0.65;0.85;22/02/2024 16:06:22;
23/02/2024;24;2.0TD;2;0.000140349820000000;0.214;1.313859432;77.794127;19.184;8.779;49.831127;11.82;22.56019;0.82706;0.75;0.25;6.71583;96.95660;101.96000;97.42000;68.27000;2418.2;275.0;177.0;48.0;8.46;0.154;0.17498;0.04096;0.00;0.000;0.000;0.616;0.565;0.000;0.557;41.047;11.69;13.69;27014.0;1825.40;3.43;3.48;1.55;47205.12;20227.60;24859.38;26877.6;1.76;0.75;0.92;22/02/2024 16:06:22;
*
