pvpcdata;
2024;03;11;12;38;42;
26/02/2024;1;2.0TD;3;0.000104991175000000;0.236;1.309294083;50.649266;0.557;2.195;47.897266;3.06;23.28478;0.80106;0.75;0.25;3.81750;96.95660;101.96000;97.42000;68.27000;2496.7;275.0;177.0;48.0;15.12;0.000;0.17498;0.04096;0.00;0.000;0.000;0.581;0.565;0.000;0.557;38.751;3.20;0.00;23992.4;1082.00;10.09;3.48;1.55;154767.04;53987.44;24859.38;23153.6;6.68;2.33;1.07;25/02/2024 16:08:14;
26/02/2024;2;2.0TD;3;0.000086603656000000;0.250;1.388395503;50.824292;0.557;2.195;48.072292;3.06;23.28478;0.80106;0.75;0.25;3.81750;96.95660;101.96000;97.42000;68.27000;2496.7;275.0;177.0;48.0;14.83;0.000;0.17498;0.04096;0.00;0.000;0.000;0.577;0.565;0.000;0.557;38.457;3.20;0.00;22724.5;1036.60;9.80;3.48;1.55;154878.48;58411.64;0.00;21760.0;7.12;2.68;0.00;25/02/2024 16:08:14;
26/02/2024;3;2.0TD;3;0.000076414224000000;0.251;1.397183232;47.776532;0.557;2.195;45.024532;0.09;23.28478;0.80106;0.75;0.25;3.81750;96.95660;101.96000;97.42000;68.27000;2496.7;275.0;177.0;48.0;15.37;0.000;0.17498;0.04096;0.00;0.000;0.000;0.540;0.565;0.000;0.557;35.990;0.10;0.00;22057.1;1230.40;10.34;3.48;1.55;155606.24;59290.32;0.00;20786.1;7.49;2.85;0.00;25/02/2024 16:08:14;
26/02/2024;4;2.0TD;3;0.000071591996000000;0.254;1.410922213;48.126527;0.557;2.195;45.374527;0.09;23.28478;0.80106;0.75;0.25;3.81750;96.95660;101.96000;97.42000;68.27000;2496.7;275.0;177.0;48.0;15.56;0.000;0.17498;0.04096;0.00;0.000;0.000;0.543;0.565;0.000;0.557;36.183;0.10;0.00;21792.0;1235.10;10.53;3.48;1.55;155600.60;60204.56;0.00;20493.5;7.59;2.94;0.00;25/02/2024 16:08:14;
26/02/2024;5;2.0TD;3;0.000069854432000000;0.252;1.399213093;51.219215;0.557;2.195;48.467215;0.09;23.28478;0.80106;0.75;0.25;3.81750;96.95660;101.96000;97.42000;68.27000;2496.7;275.0;177.0;48.0;18.05;0.000;0.17498;0.04096;0.00;0.000;0.000;0.581;0.565;0.000;0.557;38.711;0.10;0.00;22226.4;1186.00;13.02;3.48;1.55;207278.44;60306.00;0.00;20558.4;10.08;2.93;0.00;25/02/2024 16:08:14;
26/02/2024;6;2.0TD;3;0.000072201802000000;0.245;1.362122340;53.247747;0.557;2.195;50.495747;2.86;23.28478;0.80106;0.75;0.25;3.81750;96.95660;101.96000;97.42000;68.27000;2496.7;275.0;177.0;48.0;17.10;0.000;0.17498;0.04096;0.00;0.000;0.000;0.608;0.565;0.000;0.557;40.558;3.00;0.00;22974.1;1117.30;12.07;3.48;1.55;206703.76;54246.08;0.00;21612.1;9.56;2.51;0.00;25/02/2024 16:08:14;
26/02/2024;7;2.0TD;3;0.000082702672000000;0.224;1.243135353;50.632228;0.557;2.195;47.880228;3.06;23.28478;0.80106;0.75;0.25;3.81750;96.95660;101.96000;97.42000;68.27000;2496.7;275.0;177.0;48.0;15.48;0.000;0.17498;0.04096;0.00;0.000;0.000;0.587;0.565;0.000;0.557;39.117;3.20;0.00;25193.4;1158.30;10.45;3.48;1.55;218796.32;19092.00;24859.38;25157.8;8.70;0.76;0.99;25/02/2024 16:08:14;
26/02/2024;8;2.0TD;3;0.000104221614000000;0.213;1.182722969;57.454459;0.557;2.195;54.702459;11.15;23.28478;0.80106;0.75;0.25;3.81750;96.95660;101.96000;97.42000;68.27000;2496.7;275.0;177.0;48.0;13.28;0.000;0.17498;0.04096;0.00;0.000;0.000;0.676;0.565;0.000;0.557;45.096;11.24;8.99;28795.1;1130.90;8.25;3.48;1.55;196988.44;20454.72;24859.38;29365.9;6.71;0.70;0.85;25/02/2024 16:08:14;
26/02/2024;9;2.0TD;2;0.000113917033000000;0.198;1.215637639;81.653566;19.184;8.779;53.690566;10.24;23.28478;0.80106;0.75;0.25;3.81750;96.95660;101.96000;97.42000;68.27000;2496.7;275.0;177.0;48.0;13.76;0.154;0.17498;0.04096;0.00;0.000;0.000;0.672;0.565;0.000;0.557;44.816;10.50;5.00;29240.5;1462.00;8.73;3.48;1.55;229884.08;20160.00;24859.38;31487.7;7.30;0.64;0.79;25/02/2024 16:08:14;
26/02/2024;10;2.0TD;2;0.000119229084000000;0.189;1.159233013;75.975811;19.184;8.779;48.012811;3.19;23.28478;0.80106;0.75;0.25;3.81750;96.95660;101.96000;97.42000;68.27000;2496.7;275.0;177.0;48.0;16.44;0.154;0.17498;0.04096;0.00;0.000;0.000;0.606;0.565;0.000;0.557;40.380;3.35;0.00;30601.5;1582.60;11.41;3.48;1.55;316657.20;22171.20;24859.38;31875.9;9.93;0.70;0.78;25/02/2024 16:08:14;
26/02/2024;11;2.0TD;1;0.000123262825000000;0.185;1.107455177;127.426362;33.081;43.893;50.452362;3.07;23.28478;0.80106;0.75;0.25;3.81750;96.95660;101.96000;97.42000;68.27000;2496.7;275.0;177.0;48.0;17.95;0.926;0.17498;0.04096;0.00;0.000;0.000;0.639;0.565;0.000;0.557;42.575;3.20;0.00;32620.8;1400.30;12.92;3.48;1.55;327389.72;53520.00;24859.38;31393.5;10.43;1.70;0.79;25/02/2024 16:08:14;
26/02/2024;12;2.0TD;1;0.000121695771000000;0.184;1.102481174;127.358923;33.081;43.893;50.384923;3.07;23.28478;0.80106;0.75;0.25;3.81750;96.95660;101.96000;97.42000;68.27000;2496.7;275.0;177.0;48.0;17.93;0.926;0.17498;0.04096;0.00;0.000;0.000;0.638;0.565;0.000;0.557;42.554;3.20;0.00;33296.5;1451.80;12.90;3.48;1.55;317934.80;55164.12;24859.38;30859.1;10.30;1.79;0.81;25/02/2024 16:08:14;
26/02/2024;13;2.0TD;1;0.000121160395000000;0.183;1.097139664;124.338757;33.081;43.893;47.364757;0.41;23.28478;0.80106;0.75;0.25;3.81750;96.95660;101.96000;97.42000;68.27000;2496.7;275.0;177.0;48.0;18.11;0.926;0.17498;0.04096;0.00;0.000;0.000;0.601;0.565;0.000;0.557;40.037;0.43;-0.07;33162.3;1496.80;13.08;3.48;1.55;318032.68;57196.00;24859.38;30572.0;10.40;1.87;0.81;25/02/2024 16:08:14;
26/02/2024;14;2.0TD;1;0.000126979173000000;0.179;1.073952319;124.262314;33.081;43.893;47.288314;0.41;23.28478;0.80106;0.75;0.25;3.81750;96.95660;101.96000;97.42000;68.27000;2496.7;275.0;177.0;48.0;18.18;0.926;0.17498;0.04096;0.00;0.000;0.000;0.602;0.565;0.000;0.557;40.108;0.43;-0.01;32938.3;1472.50;13.15;3.48;1.55;318030.92;58459.44;24859.38;30507.6;10.42;1.92;0.81;25/02/2024 16:08:14;
26/02/2024;15;2.0TD;2;0.000127901183000000;0.181;1.109620694;73.278954;19.184;8.779;45.315954;0.01;23.28478;0.80106;0.75;0.25;3.81750;96.95660;101.96000;97.42000;68.27000;2496.7;275.0;177.0;48.0;17.64;0.154;0.17498;0.04096;0.00;0.000;0.000;0.576;0.565;0.000;0.557;38.370;0.01;0.00;32777.8;1539.90;12.61;3.48;1.55;307358.52;47580.00;24859.38;30124.7;10.20;1.58;0.83;25/02/2024 16:08:14;
26/02/2024;16;2.0TD;2;0.000121591381000000;0.186;1.141574763;74.011624;19.184;8.779;46.048624;-0.02;23.28478;0.80106;0.75;0.25;3.81750;96.95660;101.96000;97.42000;68.27000;2496.7;275.0;177.0;48.0;18.12;0.154;0.17498;0.04096;0.00;0.000;0.000;0.582;0.565;0.000;0.557;38.826;0.00;-0.50;32509.5;1445.80;13.09;3.48;1.55;296723.84;63366.72;24859.38;29411.1;10.09;2.15;0.85;25/02/2024 16:08:14;
26/02/2024;17;2.0TD;2;0.000116593598000000;0.188;1.154263434;74.343510;19.184;8.779;46.380510;0.19;23.28478;0.80106;0.75;0.25;3.81750;96.95660;101.96000;97.42000;68.27000;2496.7;275.0;177.0;48.0;18.12;0.154;0.17498;0.04096;0.00;0.000;0.000;0.586;0.565;0.000;0.557;39.040;0.20;0.00;31712.7;1657.40;13.09;3.48;1.55;296741.68;61155.52;24859.38;29236.2;10.15;2.09;0.85;25/02/2024 16:08:14;
26/02/2024;18;2.0TD;2;0.000118641153000000;0.190;1.166247925;75.749632;19.184;8.779;47.786632;3.09;23.28478;0.80106;0.75;0.25;3.81750;96.95660;101.96000;97.42000;68.27000;2496.7;275.0;177.0;48.0;16.32;0.154;0.17498;0.04096;0.00;0.000;0.000;0.602;0.565;0.000;0.557;40.156;3.20;0.54;31388.3;1357.00;11.29;3.48;1.55;245991.52;62046.60;24859.38;29484.5;8.34;2.10;0.84;25/02/2024 16:08:14;
26/02/2024;19;2.0TD;1;0.000129904068000000;0.191;1.140872818;123.061928;33.081;43.893;46.087928;3.08;23.28478;0.80106;0.75;0.25;3.81750;96.95660;101.96000;97.42000;68.27000;2496.7;275.0;177.0;48.0;14.12;0.926;0.17498;0.04096;0.00;0.000;0.000;0.580;0.565;0.000;0.557;38.696;3.21;0.01;30088.2;1258.70;9.09;3.48;1.55;234077.12;17150.40;24859.38;30396.5;7.70;0.56;0.82;25/02/2024 16:08:14;
26/02/2024;20;2.0TD;1;0.000158738023000000;0.194;1.162112863;130.039937;33.081;43.893;53.065937;9.60;23.28478;0.80106;0.75;0.25;3.81750;96.95660;101.96000;97.42000;68.27000;2496.7;275.0;177.0;48.0;13.26;0.926;0.17498;0.04096;0.00;0.000;0.000;0.667;0.565;0.000;0.557;44.443;10.00;1.00;29622.0;1370.90;8.23;3.48;1.55;229693.56;15880.00;24859.38;32893.4;6.98;0.48;0.76;25/02/2024 16:08:14;
26/02/2024;21;2.0TD;1;0.000177910267000000;0.195;1.166220460;130.205076;33.081;43.893;53.231076;11.42;23.28478;0.80106;0.75;0.25;3.81750;96.95660;101.96000;97.42000;68.27000;2496.7;275.0;177.0;48.0;11.54;0.926;0.17498;0.04096;0.00;0.000;0.000;0.668;0.565;0.000;0.557;44.544;11.75;4.15;30149.5;1371.80;6.51;3.48;1.55;180060.52;16000.00;24859.38;33896.8;5.31;0.47;0.73;25/02/2024 16:08:14;
26/02/2024;22;2.0TD;1;0.000179641385000000;0.195;1.167130748;128.518931;33.081;43.893;51.544931;9.68;23.28478;0.80106;0.75;0.25;3.81750;96.95660;101.96000;97.42000;68.27000;2496.7;275.0;177.0;48.0;11.89;0.926;0.17498;0.04096;0.00;0.000;0.000;0.647;0.565;0.000;0.557;43.133;10.00;1.99;29468.8;1242.00;6.86;3.48;1.55;184278.16;16427.44;24859.38;32910.3;5.60;0.50;0.76;25/02/2024 16:08:14;
26/02/2024;23;2.0TD;2;0.000161359423000000;0.200;1.229944346;73.276000;19.184;8.779;45.313000;4.55;23.28478;0.80106;0.75;0.25;3.81750;96.95660;101.96000;97.42000;68.27000;2496.7;275.0;177.0;48.0;12.50;0.154;0.17498;0.04096;0.00;0.000;0.000;0.566;0.565;0.000;0.557;37.760;4.70;0.42;27847.4;1029.90;7.47;3.48;1.55;187248.60;11088.00;24859.38;29887.4;6.27;0.37;0.83;25/02/2024 16:08:14;
26/02/2024;24;2.0TD;2;0.000133027313000000;0.206;1.263857146;72.327921;19.184;8.779;44.364921;3.19;23.28478;0.80106;0.75;0.25;3.81750;96.95660;101.96000;97.42000;68.27000;2496.7;275.0;177.0;48.0;12.90;0.154;0.17498;0.04096;0.00;0.000;0.000;0.552;0.565;0.000;0.557;36.786;3.30;0.00;27186.0;953.90;7.87;3.48;1.55;166835.12;19020.00;24859.38;26779.4;6.23;0.71;0.93;25/02/2024 16:08:14;
*
