pvpcdata;
2024;11;12;10;29;19;
20/10/2024;1;2.0TD;3;0.000088232895000000;0.190;1.052943878;115.242239;0.557;2.195;112.490239;56.04;12.11097;1.12305;0.75;0.25;44.66292;93.10680;101.96000;84.74000;75.42000;1852.1;275.0;200.0;45.0;21.75;0.000;0.17498;0.04096;0.00;0.000;1.418;0.947;0.000;0.557;94.529;56.00;57.10;16835.8;673.30;17.51;3.19;1.05;217196.28;123229.20;24859.38;20853.5;10.42;5.91;1.19;19/10/2024 16:11:48;
20/10/2024;2;2.0TD;3;0.000075836524000000;0.198;1.102258524;98.326778;0.557;2.195;95.574778;40.34;12.11097;1.12305;0.75;0.25;44.66292;93.10680;101.96000;84.74000;75.42000;1852.1;275.0;200.0;45.0;22.92;0.000;0.17498;0.04096;0.00;0.000;1.197;0.947;0.000;0.557;79.778;40.00;48.00;16663.9;738.20;18.68;3.19;1.05;249473.48;119700.00;0.00;19768.3;12.62;6.06;0.00;19/10/2024 16:11:48;
20/10/2024;3;2.0TD;3;0.000068049173000000;0.206;1.143580989;89.524439;0.557;2.195;86.772439;30.14;12.11097;1.12305;0.75;0.25;44.66292;93.10680;101.96000;84.74000;75.42000;1852.1;275.0;200.0;45.0;25.41;0.000;0.17498;0.04096;0.00;0.000;1.079;0.947;0.000;0.557;71.950;30.10;30.85;16372.4;820.90;21.17;3.19;1.05;270782.76;136549.12;0.00;19243.2;14.07;7.10;0.00;19/10/2024 16:11:48;
20/10/2024;4;2.0TD;3;0.000062954701000000;0.201;1.114887040;94.566784;0.557;2.195;91.814784;30.99;12.11097;1.12305;0.75;0.25;44.66292;93.10680;101.96000;84.74000;75.42000;1852.1;275.0;200.0;45.0;28.99;0.000;0.17498;0.04096;0.00;0.000;1.147;0.947;0.000;0.557;76.448;31.25;26.25;15960.3;878.60;24.75;3.19;1.05;268398.76;195332.24;0.00;18733.3;14.33;10.43;0.00;19/10/2024 16:11:48;
20/10/2024;5;2.0TD;3;0.000060258719000000;0.205;1.141366441;99.190094;0.557;2.195;96.438094;34.76;12.11097;1.12305;0.75;0.25;44.66292;93.10680;101.96000;84.74000;75.42000;1852.1;275.0;200.0;45.0;28.75;0.000;0.17498;0.04096;0.00;0.000;1.200;0.947;0.000;0.557;80.031;35.01;30.01;15757.8;842.70;24.51;3.19;1.05;260710.40;189380.48;0.00;18361.6;14.20;10.31;0.00;19/10/2024 16:11:48;
20/10/2024;6;2.0TD;3;0.000059680318000000;0.202;1.122661317;106.345905;0.557;2.195;103.593905;43.10;12.11097;1.12305;0.75;0.25;44.66292;93.10680;101.96000;84.74000;75.42000;1852.1;275.0;200.0;45.0;26.47;0.000;0.17498;0.04096;0.00;0.000;1.293;0.947;0.000;0.557;86.184;43.10;43.10;15482.0;816.90;22.23;3.19;1.05;244211.36;162873.60;0.00;18308.3;13.34;8.90;0.00;19/10/2024 16:11:48;
20/10/2024;7;2.0TD;3;0.000060812477000000;0.198;1.098285836;115.073620;0.557;2.195;112.321620;54.85;12.11097;1.12305;0.75;0.25;44.66292;93.10680;101.96000;84.74000;75.42000;1852.1;275.0;200.0;45.0;22.18;0.000;0.17498;0.04096;0.00;0.000;1.406;0.947;0.000;0.557;93.757;54.85;54.85;15537.5;858.20;17.94;3.19;1.05;220127.72;115253.20;0.00;18691.9;11.78;6.17;0.00;19/10/2024 16:11:48;
20/10/2024;8;2.0TD;3;0.000064779461000000;0.188;1.042804521;111.965568;0.557;2.195;109.213568;54.69;12.11097;1.12305;0.75;0.25;44.66292;93.10680;101.96000;84.74000;75.42000;1852.1;275.0;200.0;45.0;20.54;0.000;0.17498;0.04096;0.00;0.000;1.379;0.947;0.000;0.557;91.930;54.85;51.85;15948.8;887.00;16.30;3.19;1.05;217990.56;99700.00;0.00;19485.3;11.19;5.12;0.00;19/10/2024 16:11:48;
20/10/2024;9;2.0TD;3;0.000069495022000000;0.182;1.012306775;115.566350;0.557;2.195;112.814350;55.27;12.11097;1.12305;0.75;0.25;44.66292;93.10680;101.96000;84.74000;75.42000;1852.1;275.0;200.0;45.0;23.42;0.000;0.17498;0.04096;0.00;0.000;1.432;0.947;0.000;0.557;95.443;55.27;55.27;15963.3;740.70;19.18;3.19;1.05;235157.64;148422.24;0.00;19998.2;11.76;7.42;0.00;19/10/2024 16:11:48;
20/10/2024;10;2.0TD;3;0.000083976028000000;0.167;0.925963357;116.965838;0.557;2.195;114.213838;45.01;12.11097;1.12305;0.75;0.25;44.66292;93.10680;101.96000;84.74000;75.42000;1852.1;275.0;200.0;45.0;36.07;0.000;0.17498;0.04096;0.00;0.000;1.468;0.947;0.000;0.557;97.869;45.00;45.25;18080.2;628.20;31.83;3.19;1.05;193624.32;483056.60;0.00;21260.9;9.11;22.72;0.00;19/10/2024 16:11:48;
20/10/2024;11;2.0TD;3;0.000097041132000000;0.152;0.846103425;62.762690;0.557;2.195;60.010690;6.37;12.11097;1.12305;0.75;0.25;44.66292;93.10680;101.96000;84.74000;75.42000;1852.1;275.0;200.0;45.0;29.62;0.000;0.17498;0.04096;0.00;0.000;0.781;0.947;0.000;0.557;52.092;6.37;6.37;21780.0;820.80;25.38;3.19;1.05;163200.92;411444.00;0.00;22644.6;7.21;18.17;0.00;19/10/2024 16:11:48;
20/10/2024;12;2.0TD;3;0.000101823089000000;0.151;0.838692412;43.441706;0.557;2.195;40.689706;0.10;12.11097;1.12305;0.75;0.25;44.66292;93.10680;101.96000;84.74000;75.42000;1852.1;275.0;200.0;45.0;19.40;0.000;0.17498;0.04096;0.00;0.000;0.530;0.947;0.000;0.557;35.351;0.08;0.58;22670.3;1066.60;15.16;3.19;1.05;169513.64;174900.84;0.00;22714.3;7.46;7.70;0.00;19/10/2024 16:11:48;
20/10/2024;13;2.0TD;3;0.000103269428000000;0.147;0.817524927;34.951287;0.557;2.195;32.199287;-0.09;12.11097;1.12305;0.75;0.25;44.66292;93.10680;101.96000;84.74000;75.42000;1852.1;275.0;200.0;45.0;12.42;0.000;0.17498;0.04096;0.00;0.000;0.421;0.947;0.000;0.557;28.072;0.00;-2.91;22713.8;879.40;8.18;3.19;1.05;169932.04;17960.16;0.00;22983.2;7.39;0.78;0.00;19/10/2024 16:11:48;
20/10/2024;14;2.0TD;3;0.000108992167000000;0.144;0.799778819;34.832749;0.557;2.195;32.080749;-0.03;12.11097;1.12305;0.75;0.25;44.66292;93.10680;101.96000;84.74000;75.42000;1852.1;275.0;200.0;45.0;12.33;0.000;0.17498;0.04096;0.00;0.000;0.421;0.947;0.000;0.557;28.042;-0.01;-0.49;22842.3;963.80;8.09;3.19;1.05;170219.36;17968.68;0.00;23259.1;7.32;0.77;0.00;19/10/2024 16:11:48;
20/10/2024;15;2.0TD;3;0.000108872341000000;0.145;0.804711376;35.522602;0.557;2.195;32.770602;-0.05;12.11097;1.12305;0.75;0.25;44.66292;93.10680;101.96000;84.74000;75.42000;1852.1;275.0;200.0;45.0;12.92;0.000;0.17498;0.04096;0.00;0.000;0.429;0.947;0.000;0.557;28.620;-0.01;-1.00;22727.1;942.60;8.68;3.19;1.05;182931.32;18028.32;0.00;23157.4;7.90;0.78;0.00;19/10/2024 16:11:48;
20/10/2024;16;2.0TD;3;0.000096291118000000;0.155;0.863021950;36.102178;0.557;2.195;33.350178;-0.14;12.11097;1.12305;0.75;0.25;44.66292;93.10680;101.96000;84.74000;75.42000;1852.1;275.0;200.0;45.0;13.26;0.000;0.17498;0.04096;0.00;0.000;0.433;0.947;0.000;0.557;28.874;0.00;-5.00;21652.3;1187.10;9.02;3.19;1.05;182631.84;17985.72;0.00;22243.3;8.21;0.81;0.00;19/10/2024 16:11:48;
20/10/2024;17;2.0TD;3;0.000089214025000000;0.170;0.943979741;39.766837;0.557;2.195;37.014837;0.04;12.11097;1.12305;0.75;0.25;44.66292;93.10680;101.96000;84.74000;75.42000;1852.1;275.0;200.0;45.0;15.80;0.000;0.17498;0.04096;0.00;0.000;0.475;0.947;0.000;0.557;31.636;0.03;0.44;21481.8;771.90;11.56;3.19;1.05;182212.16;68426.88;0.00;21689.0;8.40;3.15;0.00;19/10/2024 16:11:48;
20/10/2024;18;2.0TD;3;0.000088730978000000;0.179;0.993388387;64.983880;0.557;2.195;62.231880;8.79;12.11097;1.12305;0.75;0.25;44.66292;93.10680;101.96000;84.74000;75.42000;1852.1;275.0;200.0;45.0;27.88;0.000;0.17498;0.04096;0.00;0.000;0.792;0.947;0.000;0.557;52.783;8.64;13.54;21990.5;683.20;23.64;3.19;1.05;160990.64;361926.40;0.00;22118.5;7.28;16.36;0.00;19/10/2024 16:11:48;
20/10/2024;19;2.0TD;3;0.000092951087000000;0.178;0.991473203;131.651838;0.557;2.195;128.899838;65.24;12.11097;1.12305;0.75;0.25;44.66292;93.10680;101.96000;84.74000;75.42000;1852.1;275.0;200.0;45.0;27.22;0.000;0.17498;0.04096;0.00;0.000;1.641;0.947;0.000;0.557;109.422;64.82;76.24;18118.5;691.50;22.98;3.19;1.05;90239.28;418427.20;0.00;22139.9;4.08;18.90;0.00;19/10/2024 16:11:48;
20/10/2024;20;2.0TD;3;0.000107117537000000;0.174;0.968971862;156.995188;0.557;2.195;154.243188;99.87;12.11097;1.12305;0.75;0.25;44.66292;93.10680;101.96000;84.74000;75.42000;1852.1;275.0;200.0;45.0;14.22;0.000;0.17498;0.04096;0.00;0.000;1.971;0.947;0.000;0.557;131.382;99.87;99.87;15069.6;1070.90;9.98;3.19;1.05;61212.00;167440.00;0.00;22901.7;2.67;7.31;0.00;19/10/2024 16:11:48;
20/10/2024;21;2.0TD;3;0.000131279018000000;0.167;0.927119490;177.590321;0.557;2.195;174.838321;125.01;12.11097;1.12305;0.75;0.25;44.66292;93.10680;101.96000;84.74000;75.42000;1852.1;275.0;200.0;45.0;7.24;0.000;0.17498;0.04096;0.00;0.000;2.247;0.947;0.000;0.557;149.818;125.01;125.00;15780.4;1114.80;3.00;3.19;1.05;40223.80;34057.52;0.00;24788.4;1.62;1.37;0.00;19/10/2024 16:11:48;
20/10/2024;22;2.0TD;3;0.000134931104000000;0.165;0.918496664;179.466904;0.557;2.195;176.714904;125.80;12.11097;1.12305;0.75;0.25;44.66292;93.10680;101.96000;84.74000;75.42000;1852.1;275.0;200.0;45.0;8.29;0.000;0.17498;0.04096;0.00;0.000;2.275;0.947;0.000;0.557;151.686;125.89;124.64;15518.9;1189.60;4.05;3.19;1.05;39943.72;34934.88;24859.38;24656.7;1.62;1.42;1.01;19/10/2024 16:11:48;
20/10/2024;23;2.0TD;3;0.000119519871000000;0.168;0.933133505;149.565644;0.557;2.195;146.813644;100.00;12.11097;1.12305;0.75;0.25;44.66292;93.10680;101.96000;84.74000;75.42000;1852.1;275.0;200.0;45.0;8.49;0.000;0.17498;0.04096;0.00;0.000;1.885;0.947;0.000;0.557;125.696;100.23;97.49;14457.8;1354.90;4.25;3.19;1.05;31855.20;42033.52;24859.38;23245.8;1.37;1.81;1.07;19/10/2024 16:11:48;
20/10/2024;24;2.0TD;3;0.000101123782000000;0.178;0.988896467;149.016736;0.557;2.195;146.264736;95.40;12.11097;1.12305;0.75;0.25;44.66292;93.10680;101.96000;84.74000;75.42000;1852.1;275.0;200.0;45.0;11.58;0.000;0.17498;0.04096;0.00;0.000;1.862;0.947;0.000;0.557;124.163;95.56;93.56;14170.7;1269.90;7.34;3.19;1.05;34673.96;97926.72;24859.38;21472.1;1.61;4.56;1.16;19/10/2024 16:11:48;
*
