pvpcdata;
2024;05;13;12;31;22;
14/04/2024;1;2.0TD;3;0.000106324068000000;0.212;1.175230029;62.521812;0.557;2.195;59.769812;5.02;17.44551;1.03205;0.75;0.25;5.59875;75.38080;101.96000;48.69000;27.94000;1856.5;275.0;154.0;50.0;23.83;0.000;0.17498;0.04096;0.00;0.000;0.740;0.947;0.000;0.557;49.315;5.79;-2.13;15267.2;1650.50;19.06;3.35;1.42;354259.80;39094.56;24859.38;21944.0;16.14;1.78;1.13;13/04/2024 16:06:20;
14/04/2024;2;2.0TD;3;0.000089101229000000;0.217;1.204242873;61.780183;0.557;2.195;59.028183;2.04;17.44551;1.03205;0.75;0.25;5.59875;75.38080;101.96000;48.69000;27.94000;1856.5;275.0;154.0;50.0;26.01;0.000;0.17498;0.04096;0.00;0.000;0.728;0.947;0.000;0.557;48.503;2.74;-4.29;14337.9;1772.50;21.24;3.35;1.42;381444.36;56306.88;0.00;20609.3;18.51;2.73;0.00;13/04/2024 16:06:20;
14/04/2024;3;2.0TD;3;0.000077547945000000;0.222;1.235172434;63.225146;0.557;2.195;60.473146;0.91;17.44551;1.03205;0.75;0.25;5.59875;75.38080;101.96000;48.69000;27.94000;1856.5;275.0;154.0;50.0;28.11;0.000;0.17498;0.04096;0.00;0.000;0.742;0.947;0.000;0.557;49.487;1.69;-6.21;13436.9;1642.70;23.34;3.35;1.42;384235.20;67542.72;0.00;19352.9;19.85;3.49;0.00;13/04/2024 16:06:20;
14/04/2024;4;2.0TD;3;0.000071024175000000;0.224;1.246436527;63.473448;0.557;2.195;60.721448;0.71;17.44551;1.03205;0.75;0.25;5.59875;75.38080;101.96000;48.69000;27.94000;1856.5;275.0;154.0;50.0;28.43;0.000;0.17498;0.04096;0.00;0.000;0.744;0.947;0.000;0.557;49.609;1.51;-6.39;13288.5;1675.70;23.66;3.35;1.42;383802.56;67734.24;0.00;19081.9;20.11;3.55;0.00;13/04/2024 16:06:20;
14/04/2024;5;2.0TD;3;0.000067695552000000;0.224;1.244475470;65.772120;0.557;2.195;63.020120;2.45;17.44551;1.03205;0.75;0.25;5.59875;75.38080;101.96000;48.69000;27.94000;1856.5;275.0;154.0;50.0;28.54;0.000;0.17498;0.04096;0.00;0.000;0.772;0.947;0.000;0.557;51.487;3.25;-4.00;12833.8;1815.90;23.77;3.35;1.42;379144.92;66371.32;0.00;18743.2;20.23;3.54;0.00;13/04/2024 16:06:20;
14/04/2024;6;2.0TD;3;0.000067313633000000;0.223;1.241396426;67.397366;0.557;2.195;64.645366;5.21;17.44551;1.03205;0.75;0.25;5.59875;75.38080;101.96000;48.69000;27.94000;1856.5;275.0;154.0;50.0;27.13;0.000;0.17498;0.04096;0.00;0.000;0.793;0.947;0.000;0.557;52.858;6.35;-3.31;12922.7;1762.10;22.36;3.35;1.42;372630.12;51072.00;0.00;18951.5;19.66;2.69;0.00;13/04/2024 16:06:20;
14/04/2024;7;2.0TD;3;0.000068710843000000;0.218;1.212105713;71.856480;0.557;2.195;69.104480;10.85;17.44551;1.03205;0.75;0.25;5.59875;75.38080;101.96000;48.69000;27.94000;1856.5;275.0;154.0;50.0;25.31;0.000;0.17498;0.04096;0.00;0.000;0.851;0.947;0.000;0.557;56.736;12.86;-2.32;13269.3;2056.70;20.54;3.35;1.42;365433.88;35112.00;0.00;19497.3;18.74;1.80;0.00;13/04/2024 16:06:20;
14/04/2024;8;2.0TD;3;0.000070632290000000;0.212;1.176056465;71.934204;0.557;2.195;69.182204;11.17;17.44551;1.03205;0.75;0.25;5.59875;75.38080;101.96000;48.69000;27.94000;1856.5;275.0;154.0;50.0;25.33;0.000;0.17498;0.04096;0.00;0.000;0.856;0.947;0.000;0.557;57.081;13.00;-1.19;13296.8;1978.10;20.56;3.35;1.42;364146.88;40414.56;0.00;19677.8;18.51;2.05;0.00;13/04/2024 16:06:20;
14/04/2024;9;2.0TD;3;0.000080647479000000;0.192;1.065863870;65.951871;0.557;2.195;63.199871;4.71;17.44551;1.03205;0.75;0.25;5.59875;75.38080;101.96000;48.69000;27.94000;1856.5;275.0;154.0;50.0;27.79;0.000;0.17498;0.04096;0.00;0.000;0.795;0.947;0.000;0.557;53.020;5.60;-3.84;15397.2;1893.40;23.02;3.35;1.42;374949.36;72598.80;0.00;19441.0;19.29;3.73;0.00;13/04/2024 16:06:20;
14/04/2024;10;2.0TD;3;0.000104139284000000;0.172;0.954151624;56.729663;0.557;2.195;53.977663;-1.18;17.44551;1.03205;0.75;0.25;5.59875;75.38080;101.96000;48.69000;27.94000;1856.5;275.0;154.0;50.0;26.82;0.000;0.17498;0.04096;0.00;0.000;0.691;0.947;0.000;0.557;46.056;0.00;-10.24;15569.5;2366.80;22.05;3.35;1.42;374107.84;81852.00;0.00;20678.8;18.09;3.96;0.00;13/04/2024 16:06:20;
14/04/2024;11;2.0TD;3;0.000124023268000000;0.159;0.883766672;47.224020;0.557;2.195;44.472020;-1.12;17.44551;1.03205;0.75;0.25;5.59875;75.38080;101.96000;48.69000;27.94000;1856.5;275.0;154.0;50.0;19.19;0.000;0.17498;0.04096;0.00;0.000;0.576;0.947;0.000;0.557;38.371;-0.53;-6.00;19482.4;2352.10;14.42;3.35;1.42;230603.60;73761.00;0.00;21112.0;10.92;3.49;0.00;13/04/2024 16:06:20;
14/04/2024;12;2.0TD;3;0.000132164792000000;0.152;0.846953921;44.955550;0.557;2.195;42.203550;-2.55;17.44551;1.03205;0.75;0.25;5.59875;75.38080;101.96000;48.69000;27.94000;1856.5;275.0;154.0;50.0;18.91;0.000;0.17498;0.04096;0.00;0.000;0.550;0.947;0.000;0.557;36.635;-1.00;-15.00;19812.0;2467.40;14.14;3.35;1.42;248158.28;56142.24;0.00;21518.8;11.53;2.61;0.00;13/04/2024 16:06:20;
14/04/2024;13;2.0TD;3;0.000133482472000000;0.150;0.833413828;45.080080;0.557;2.195;42.328080;-2.60;17.44551;1.03205;0.75;0.25;5.59875;75.38080;101.96000;48.69000;27.94000;1856.5;275.0;154.0;50.0;19.13;0.000;0.17498;0.04096;0.00;0.000;0.552;0.947;0.000;0.557;36.807;-1.00;-15.00;19942.3;2564.70;14.36;3.35;1.42;256149.08;56813.20;0.00;21787.6;11.76;2.61;0.00;13/04/2024 16:06:20;
14/04/2024;14;2.0TD;3;0.000138471834000000;0.145;0.805165857;44.873145;0.557;2.195;42.121145;-2.74;17.44551;1.03205;0.75;0.25;5.59875;75.38080;101.96000;48.69000;27.94000;1856.5;275.0;154.0;50.0;19.25;0.000;0.17498;0.04096;0.00;0.000;0.552;0.947;0.000;0.557;36.787;-1.00;-16.75;20098.5;2492.70;14.48;3.35;1.42;258033.36;57098.88;0.00;21762.1;11.86;2.62;0.00;13/04/2024 16:06:20;
14/04/2024;15;2.0TD;3;0.000136504022000000;0.146;0.813332974;44.793040;0.557;2.195;42.041040;-3.12;17.44551;1.03205;0.75;0.25;5.59875;75.38080;101.96000;48.69000;27.94000;1856.5;275.0;154.0;50.0;19.53;0.000;0.17498;0.04096;0.00;0.000;0.550;0.947;0.000;0.557;36.685;-1.00;-20.00;19989.2;2504.70;14.76;3.35;1.42;260120.92;57027.04;0.00;21489.9;12.10;2.65;0.00;13/04/2024 16:06:20;
14/04/2024;16;2.0TD;3;0.000119939883000000;0.153;0.848391619;45.939951;0.557;2.195;43.187951;-3.11;17.44551;1.03205;0.75;0.25;5.59875;75.38080;101.96000;48.69000;27.94000;1856.5;275.0;154.0;50.0;20.28;0.000;0.17498;0.04096;0.00;0.000;0.562;0.947;0.000;0.557;37.457;-1.01;-20.00;19094.4;2380.20;15.51;3.35;1.42;261487.92;54110.16;0.00;20342.7;12.85;2.66;0.00;13/04/2024 16:06:20;
14/04/2024;17;2.0TD;3;0.000108915078000000;0.161;0.896603888;47.182340;0.557;2.195;44.430340;-2.73;17.44551;1.03205;0.75;0.25;5.59875;75.38080;101.96000;48.69000;27.94000;1856.5;275.0;154.0;50.0;20.70;0.000;0.17498;0.04096;0.00;0.000;0.574;0.947;0.000;0.557;38.269;-1.01;-16.01;18772.3;2431.40;15.93;3.35;1.42;261482.48;56768.00;0.00;19981.9;13.09;2.84;0.00;13/04/2024 16:06:20;
14/04/2024;18;2.0TD;3;0.000103542772000000;0.169;0.937950505;49.043262;0.557;2.195;46.291262;-1.11;17.44551;1.03205;0.75;0.25;5.59875;75.38080;101.96000;48.69000;27.94000;1856.5;275.0;154.0;50.0;20.39;0.000;0.17498;0.04096;0.00;0.000;0.594;0.947;0.000;0.557;39.599;-0.25;-9.00;20535.2;2233.40;15.62;3.35;1.42;230342.64;76826.00;0.00;19668.5;11.71;3.91;0.00;13/04/2024 16:06:20;
14/04/2024;19;2.0TD;3;0.000103344389000000;0.178;0.990921879;49.053321;0.557;2.195;46.301321;-0.52;17.44551;1.03205;0.75;0.25;5.59875;75.38080;101.96000;48.69000;27.94000;1856.5;275.0;154.0;50.0;19.51;0.000;0.17498;0.04096;0.00;0.000;0.590;0.947;0.000;0.557;39.305;-0.02;-5.82;19096.2;1995.80;14.74;3.35;1.42;229855.08;71128.88;0.00;20420.8;11.26;3.48;0.00;13/04/2024 16:06:20;
14/04/2024;20;2.0TD;3;0.000108257329000000;0.186;1.032076786;47.465417;0.557;2.195;44.713417;1.97;17.44551;1.03205;0.75;0.25;5.59875;75.38080;101.96000;48.69000;27.94000;1856.5;275.0;154.0;50.0;15.44;0.000;0.17498;0.04096;0.00;0.000;0.566;0.947;0.000;0.557;37.701;2.50;-3.84;19296.2;1927.40;10.67;3.35;1.42;158753.84;81170.88;0.00;22482.3;7.06;3.61;0.00;13/04/2024 16:06:20;
14/04/2024;21;2.0TD;3;0.000126277404000000;0.188;1.044528340;61.085207;0.557;2.195;58.333207;17.73;17.44551;1.03205;0.75;0.25;5.59875;75.38080;101.96000;48.69000;27.94000;1856.5;275.0;154.0;50.0;10.91;0.000;0.17498;0.04096;0.00;0.000;0.737;0.947;0.000;0.557;49.102;18.41;10.51;17697.1;1654.70;6.14;3.35;1.42;142508.24;8082.28;0.00;24525.2;5.81;0.33;0.00;13/04/2024 16:06:20;
14/04/2024;22;2.0TD;3;0.000153163172000000;0.184;1.019876298;75.757471;0.557;2.195;73.005471;30.10;17.44551;1.03205;0.75;0.25;5.59875;75.38080;101.96000;48.69000;27.94000;1856.5;275.0;154.0;50.0;10.91;0.000;0.17498;0.04096;0.00;0.000;0.925;0.947;0.000;0.557;61.660;30.77;22.37;18991.7;1640.30;6.14;3.35;1.42;127126.76;7936.00;24859.38;26038.0;4.88;0.30;0.95;13/04/2024 16:06:20;
14/04/2024;23;2.0TD;3;0.000141837291000000;0.187;1.040150708;63.469455;0.557;2.195;60.717455;19.04;17.44551;1.03205;0.75;0.25;5.59875;75.38080;101.96000;48.69000;27.94000;1856.5;275.0;154.0;50.0;11.62;0.000;0.17498;0.04096;0.00;0.000;0.767;0.947;0.000;0.557;51.152;19.72;11.82;17833.0;1679.40;6.85;3.35;1.42;141206.84;4605.12;24859.38;24904.1;5.67;0.18;1.00;13/04/2024 16:06:20;
14/04/2024;24;2.0TD;3;0.000120209078000000;0.194;1.075181445;61.961298;0.557;2.195;59.209298;16.26;17.44551;1.03205;0.75;0.25;5.59875;75.38080;101.96000;48.69000;27.94000;1856.5;275.0;154.0;50.0;12.86;0.000;0.17498;0.04096;0.00;0.000;0.744;0.947;0.000;0.557;49.589;17.00;9.10;16280.4;1682.50;8.09;3.35;1.42;146158.28;15203.44;24859.38;23027.5;6.35;0.66;1.08;13/04/2024 16:06:20;
*
