pvpcdata;
2024;11;12;10;29;15;
16/10/2024;1;2.0TD;3;0.000084763140000000;0.182;1.012496953;99.773576;0.557;2.195;97.021576;54.50;11.06743;1.17834;0.75;0.25;48.83708;93.10680;101.96000;84.74000;75.42000;1765.2;275.0;200.0;45.0;11.59;0.000;0.17498;0.04096;0.00;0.000;1.231;0.947;0.000;0.557;82.082;54.50;54.50;18053.5;1093.30;7.35;3.19;1.05;97984.80;48972.00;24859.38;23373.1;4.19;2.10;1.06;15/10/2024 16:12:42;
16/10/2024;2;2.0TD;3;0.000071886190000000;0.191;1.060902326;94.007077;0.557;2.195;91.255077;48.08;11.06743;1.17834;0.75;0.25;48.83708;93.10680;101.96000;84.74000;75.42000;1765.2;275.0;200.0;45.0;12.63;0.000;0.17498;0.04096;0.00;0.000;1.149;0.947;0.000;0.557;76.620;47.51;57.51;18779.0;1137.70;8.39;3.19;1.05;109995.80;50113.28;24859.38;22048.8;4.99;2.27;1.13;15/10/2024 16:12:42;
16/10/2024;3;2.0TD;3;0.000064841131000000;0.194;1.075509151;92.201168;0.557;2.195;89.449168;45.39;11.06743;1.17834;0.75;0.25;48.83708;93.10680;101.96000;84.74000;75.42000;1765.2;275.0;200.0;45.0;13.64;0.000;0.17498;0.04096;0.00;0.000;1.124;0.947;0.000;0.557;74.915;45.00;53.00;18477.1;942.90;9.40;3.19;1.05;121162.88;55159.20;24859.38;21400.8;5.66;2.58;1.16;15/10/2024 16:12:42;
16/10/2024;4;2.0TD;3;0.000061516347000000;0.194;1.078117150;86.406686;0.557;2.195;83.654686;40.61;11.06743;1.17834;0.75;0.25;48.83708;93.10680;101.96000;84.74000;75.42000;1765.2;275.0;200.0;45.0;13.64;0.000;0.17498;0.04096;0.00;0.000;1.051;0.947;0.000;0.557;70.062;40.32;46.23;18433.2;934.60;9.40;3.19;1.05;147176.60;50177.20;0.00;20997.4;7.01;2.39;0.00;15/10/2024 16:12:42;
16/10/2024;5;2.0TD;3;0.000060249959000000;0.194;1.075237087;86.115350;0.557;2.195;83.363350;40.27;11.06743;1.17834;0.75;0.25;48.83708;93.10680;101.96000;84.74000;75.42000;1765.2;275.0;200.0;45.0;13.74;0.000;0.17498;0.04096;0.00;0.000;1.047;0.947;0.000;0.557;69.818;40.00;45.74;18574.3;907.50;9.50;3.19;1.05;147646.24;51518.88;0.00;20959.3;7.04;2.46;0.00;15/10/2024 16:12:42;
16/10/2024;6;2.0TD;3;0.000061598335000000;0.188;1.043510563;85.214111;0.557;2.195;82.462111;40.12;11.06743;1.17834;0.75;0.25;48.83708;93.10680;101.96000;84.74000;75.42000;1765.2;275.0;200.0;45.0;13.49;0.000;0.17498;0.04096;0.00;0.000;1.041;0.947;0.000;0.557;69.412;40.00;42.51;18957.3;958.30;9.25;3.19;1.05;147863.24;52252.20;0.00;21625.3;6.84;2.42;0.00;15/10/2024 16:12:42;
16/10/2024;7;2.0TD;3;0.000069920033000000;0.173;0.960973223;99.094656;0.557;2.195;96.342656;52.75;11.06743;1.17834;0.75;0.25;48.83708;93.10680;101.96000;84.74000;75.42000;1765.2;275.0;200.0;45.0;13.39;0.000;0.17498;0.04096;0.00;0.000;1.232;0.947;0.000;0.557;82.133;52.84;51.04;19082.6;961.50;9.15;3.19;1.05;136246.20;59216.76;24859.38;24071.2;5.66;2.46;1.03;15/10/2024 16:12:42;
16/10/2024;8;2.0TD;3;0.000090078458000000;0.157;0.870577269;92.095021;0.557;2.195;89.343021;49.90;11.06743;1.17834;0.75;0.25;48.83708;93.10680;101.96000;84.74000;75.42000;1765.2;275.0;200.0;45.0;11.40;0.000;0.17498;0.04096;0.00;0.000;1.158;0.947;0.000;0.557;77.219;49.90;49.90;21662.0;1961.50;7.16;3.19;1.05;114781.80;55316.80;24859.38;27218.7;4.22;2.03;0.91;15/10/2024 16:12:42;
16/10/2024;9;2.0TD;2;0.000096534743000000;0.185;1.132272423;130.192418;19.184;8.779;102.229418;59.55;11.06743;1.17834;0.75;0.25;48.83708;93.10680;101.96000;84.74000;75.42000;1765.2;275.0;200.0;45.0;10.51;0.154;0.17498;0.04096;0.00;0.000;1.294;0.947;0.000;0.557;86.269;59.55;59.55;21303.9;2064.30;6.27;3.19;1.05;108372.80;46624.16;24859.38;28680.1;3.78;1.63;0.87;15/10/2024 16:12:42;
16/10/2024;10;2.0TD;2;0.000094579373000000;0.149;0.916947274;123.470811;19.184;8.779;95.507811;54.55;11.06743;1.17834;0.75;0.25;48.83708;93.10680;101.96000;84.74000;75.42000;1765.2;275.0;200.0;45.0;12.41;0.154;0.17498;0.04096;0.00;0.000;1.247;0.947;0.000;0.557;83.122;54.29;57.29;22441.1;2103.20;8.17;3.19;1.05;114560.36;96154.72;24859.38;28831.4;3.97;3.34;0.86;15/10/2024 16:12:42;
16/10/2024;11;2.0TD;1;0.000095747970000000;0.148;0.889051454;145.210605;33.081;43.893;68.236605;30.21;11.06743;1.17834;0.75;0.25;48.83708;93.10680;101.96000;84.74000;75.42000;1765.2;275.0;200.0;45.0;12.65;0.926;0.17498;0.04096;0.00;0.000;0.892;0.947;0.000;0.557;59.439;30.00;32.95;25037.0;1879.00;8.41;3.19;1.05;143857.60;80002.00;24859.38;29574.3;4.86;2.71;0.84;15/10/2024 16:12:42;
16/10/2024;12;2.0TD;1;0.000095384858000000;0.149;0.892252582;126.080595;33.081;43.893;49.106595;14.30;11.06743;1.17834;0.75;0.25;48.83708;93.10680;101.96000;84.74000;75.42000;1765.2;275.0;200.0;45.0;12.11;0.926;0.17498;0.04096;0.00;0.000;0.641;0.947;0.000;0.557;42.738;14.16;16.16;26090.8;1984.90;7.87;3.19;1.05;163561.84;44966.40;24859.38;29677.1;5.51;1.52;0.84;15/10/2024 16:12:42;
16/10/2024;13;2.0TD;1;0.000097991714000000;0.147;0.880533160;113.535257;33.081;43.893;36.561257;4.15;11.06743;1.17834;0.75;0.25;48.83708;93.10680;101.96000;84.74000;75.42000;1765.2;275.0;200.0;45.0;11.56;0.926;0.17498;0.04096;0.00;0.000;0.478;0.947;0.000;0.557;31.875;4.09;4.92;26697.4;2125.70;7.32;3.19;1.05;176060.96;17126.08;24859.38;29786.2;5.91;0.57;0.83;15/10/2024 16:12:42;
16/10/2024;14;2.0TD;1;0.000104107863000000;0.145;0.866089457;112.471921;33.081;43.893;35.497921;3.32;11.06743;1.17834;0.75;0.25;48.83708;93.10680;101.96000;84.74000;75.42000;1765.2;275.0;200.0;45.0;11.53;0.926;0.17498;0.04096;0.00;0.000;0.465;0.947;0.000;0.557;31.002;3.32;3.32;29073.8;2245.70;7.29;3.19;1.05;177013.84;16579.92;24859.38;29987.0;5.90;0.55;0.83;15/10/2024 16:12:42;
16/10/2024;15;2.0TD;2;0.000103788366000000;0.166;1.017302056;65.672083;19.184;8.779;37.709083;4.00;11.06743;1.17834;0.75;0.25;48.83708;93.10680;101.96000;84.74000;75.42000;1765.2;275.0;200.0;45.0;12.94;0.154;0.17498;0.04096;0.00;0.000;0.485;0.947;0.000;0.557;32.340;4.00;4.00;28349.3;1875.10;8.70;3.19;1.05;214657.32;16690.68;24859.38;29448.4;7.29;0.57;0.84;15/10/2024 16:12:42;
16/10/2024;16;2.0TD;2;0.000096799913000000;0.173;1.062864121;78.141068;19.184;8.779;50.178068;14.18;11.06743;1.17834;0.75;0.25;48.83708;93.10680;101.96000;84.74000;75.42000;1765.2;275.0;200.0;45.0;13.04;0.154;0.17498;0.04096;0.00;0.000;0.642;0.947;0.000;0.557;42.777;14.18;14.18;28845.1;1249.80;8.80;3.19;1.05;202156.04;25038.72;24859.38;28653.2;7.06;0.87;0.87;15/10/2024 16:12:42;
16/10/2024;17;2.0TD;2;0.000093636400000000;0.179;1.097434259;98.434838;19.184;8.779;70.471838;30.79;11.06743;1.17834;0.75;0.25;48.83708;93.10680;101.96000;84.74000;75.42000;1765.2;275.0;200.0;45.0;13.17;0.154;0.17498;0.04096;0.00;0.000;0.897;0.947;0.000;0.557;59.772;30.84;29.74;25139.2;1173.50;8.93;3.19;1.05;178900.20;49187.24;24859.38;28336.9;6.31;1.74;0.88;15/10/2024 16:12:42;
16/10/2024;18;2.0TD;2;0.000096955350000000;0.181;1.111005648;124.127757;19.184;8.779;96.164757;51.67;11.06743;1.17834;0.75;0.25;48.83708;93.10680;101.96000;84.74000;75.42000;1765.2;275.0;200.0;45.0;13.62;0.154;0.17498;0.04096;0.00;0.000;1.221;0.947;0.000;0.557;81.426;51.81;48.81;23516.5;1164.20;9.38;3.19;1.05;150581.36;89844.80;24859.38;28297.2;5.32;3.18;0.88;15/10/2024 16:12:42;
16/10/2024;19;2.0TD;1;0.000102673557000000;0.160;0.960619315;198.506680;33.081;43.893;121.532680;75.79;11.06743;1.17834;0.75;0.25;48.83708;93.10680;101.96000;84.74000;75.42000;1765.2;275.0;200.0;45.0;11.72;0.926;0.17498;0.04096;0.00;0.000;1.572;0.947;0.000;0.557;104.769;75.74;76.50;21169.3;1351.40;7.48;3.19;1.05;74541.48;106963.92;24859.38;27582.0;2.70;3.88;0.90;15/10/2024 16:12:42;
16/10/2024;20;2.0TD;1;0.000118345818000000;0.164;0.980175870;208.013106;33.081;43.893;131.039106;84.28;11.06743;1.17834;0.75;0.25;48.83708;93.10680;101.96000;84.74000;75.42000;1765.2;275.0;200.0;45.0;10.92;0.926;0.17498;0.04096;0.00;0.000;1.689;0.947;0.000;0.557;112.576;83.91;88.91;18290.0;1454.50;6.68;3.19;1.05;66527.04;96062.72;24859.38;28085.2;2.37;3.42;0.89;15/10/2024 16:12:42;
16/10/2024;21;2.0TD;1;0.000142845109000000;0.161;0.963259649;236.292865;33.081;43.893;159.318865;112.01;11.06743;1.17834;0.75;0.25;48.83708;93.10680;101.96000;84.74000;75.42000;1765.2;275.0;200.0;45.0;7.47;0.926;0.17498;0.04096;0.00;0.000;2.058;0.947;0.000;0.557;137.225;112.08;111.28;18799.7;1677.60;3.23;3.19;1.05;52939.40;17964.00;24859.38;29645.2;1.79;0.61;0.84;15/10/2024 16:12:42;
16/10/2024;22;2.0TD;1;0.000144174258000000;0.161;0.963909114;228.702247;33.081;43.893;151.728247;104.86;11.06743;1.17834;0.75;0.25;48.83708;93.10680;101.96000;84.74000;75.42000;1765.2;275.0;200.0;45.0;8.18;0.926;0.17498;0.04096;0.00;0.000;1.960;0.947;0.000;0.557;130.687;105.01;103.11;18118.6;1543.80;3.94;3.19;1.05;66037.12;21956.00;24859.38;28672.2;2.30;0.77;0.87;15/10/2024 16:12:42;
16/10/2024;23;2.0TD;2;0.000125140034000000;0.187;1.147332022;158.081407;19.184;8.779;130.118407;83.37;11.06743;1.17834;0.75;0.25;48.83708;93.10680;101.96000;84.74000;75.42000;1765.2;275.0;200.0;45.0;9.69;0.154;0.17498;0.04096;0.00;0.000;1.644;0.947;0.000;0.557;109.619;83.30;84.30;17409.0;1409.80;5.45;3.19;1.05;90407.48;27916.00;24859.38;26297.8;3.44;1.06;0.95;15/10/2024 16:12:42;
16/10/2024;24;2.0TD;2;0.000104151558000000;0.198;1.216613019;152.136360;19.184;8.779;124.173360;75.90;11.06743;1.17834;0.75;0.25;48.83708;93.10680;101.96000;84.74000;75.42000;1765.2;275.0;200.0;45.0;11.28;0.154;0.17498;0.04096;0.00;0.000;1.555;0.947;0.000;0.557;103.650;75.74;78.08;17240.2;1266.40;7.04;3.19;1.05;99070.88;45064.40;24859.38;24005.7;4.13;1.88;1.04;15/10/2024 16:12:42;
*
