pvpcdata;
2024;09;10;12;18;56;
09/08/2024;1;2.0TD;3;0.000116035009000000;0.173;0.962591094;149.352300;0.557;2.195;146.600300;118.26;-3.31629;0.85531;0.75;0.25;102.31917;89.05400;101.96000;73.51000;75.32000;2647.0;275.0;234.0;57.0;5.96;0.000;0.17498;0.04096;0.00;0.000;1.875;0.947;0.000;0.557;124.978;118.06;121.35;20071.8;1313.40;1.83;3.08;1.05;14671.76;11520.00;24859.38;27847.8;0.53;0.41;0.89;08/08/2024 16:08:21;
09/08/2024;2;2.0TD;3;0.000100126199000000;0.173;0.960454548;148.208625;0.557;2.195;145.456625;117.13;-3.31629;0.85531;0.75;0.25;102.31917;89.05400;101.96000;73.51000;75.32000;2647.0;275.0;234.0;57.0;6.13;0.000;0.17498;0.04096;0.00;0.000;1.860;0.947;0.000;0.557;124.003;116.92;120.18;18712.2;1285.60;2.00;3.08;1.05;15234.80;12160.00;24859.38;26040.1;0.59;0.47;0.95;08/08/2024 16:08:21;
09/08/2024;3;2.0TD;3;0.000089463542000000;0.173;0.963129247;142.670892;0.557;2.195;139.918892;111.90;-3.31629;0.85531;0.75;0.25;102.31917;89.05400;101.96000;73.51000;75.32000;2647.0;275.0;234.0;57.0;6.71;0.000;0.17498;0.04096;0.00;0.000;1.789;0.947;0.000;0.557;119.282;111.70;114.70;17885.7;1267.80;2.58;3.08;1.05;21020.60;17556.00;24859.38;24568.2;0.86;0.71;1.01;08/08/2024 16:08:21;
09/08/2024;4;2.0TD;3;0.000083053682000000;0.173;0.961569999;148.816239;0.557;2.195;146.064239;117.25;-3.31629;0.85531;0.75;0.25;102.31917;89.05400;101.96000;73.51000;75.32000;2647.0;275.0;234.0;57.0;6.52;0.000;0.17498;0.04096;0.00;0.000;1.868;0.947;0.000;0.557;124.521;117.10;119.17;16422.8;1316.80;2.39;3.08;1.05;38775.52;17740.80;0.00;23685.1;1.64;0.75;0.00;08/08/2024 16:08:21;
09/08/2024;5;2.0TD;3;0.000079404477000000;0.171;0.950911892;142.990893;0.557;2.195;140.238893;112.34;-3.31629;0.85531;0.75;0.25;102.31917;89.05400;101.96000;73.51000;75.32000;2647.0;275.0;234.0;57.0;6.74;0.000;0.17498;0.04096;0.00;0.000;1.796;0.947;0.000;0.557;119.759;112.32;112.56;16408.3;1310.90;2.61;3.08;1.05;44434.60;16107.84;0.00;23238.9;1.91;0.69;0.00;08/08/2024 16:08:21;
09/08/2024;6;2.0TD;3;0.000077894953000000;0.169;0.936427182;140.580540;0.557;2.195;137.828540;110.46;-3.31629;0.85531;0.75;0.25;102.31917;89.05400;101.96000;73.51000;75.32000;2647.0;275.0;234.0;57.0;6.79;0.000;0.17498;0.04096;0.00;0.000;1.769;0.947;0.000;0.557;117.902;110.46;110.46;16608.7;1340.00;2.66;3.08;1.05;46615.04;15768.48;0.00;23438.6;1.99;0.67;0.00;08/08/2024 16:08:21;
09/08/2024;7;2.0TD;3;0.000079234100000000;0.164;0.913026707;148.014477;0.557;2.195;145.262477;116.92;-3.31629;0.85531;0.75;0.25;102.31917;89.05400;101.96000;73.51000;75.32000;2647.0;275.0;234.0;57.0;7.12;0.000;0.17498;0.04096;0.00;0.000;1.872;0.947;0.000;0.557;124.795;116.92;116.93;16996.8;1248.20;2.99;3.08;1.05;39285.92;10829.12;24859.38;25013.5;1.57;0.43;0.99;08/08/2024 16:08:21;
09/08/2024;8;2.0TD;3;0.000080087569000000;0.163;0.906795616;149.814446;0.557;2.195;147.062446;119.33;-3.31629;0.85531;0.75;0.25;102.31917;89.05400;101.96000;73.51000;75.32000;2647.0;275.0;234.0;57.0;6.34;0.000;0.17498;0.04096;0.00;0.000;1.897;0.947;0.000;0.557;126.450;118.85;128.41;17965.2;950.60;2.21;3.08;1.05;22541.48;11200.00;24859.38;26526.8;0.85;0.42;0.94;08/08/2024 16:08:21;
09/08/2024;9;2.0TD;2;0.000087758820000000;0.151;0.926102823;171.607734;19.184;8.779;143.644734;117.26;-3.31629;0.85531;0.75;0.25;102.31917;89.05400;101.96000;73.51000;75.32000;2647.0;275.0;234.0;57.0;6.63;0.154;0.17498;0.04096;0.00;0.000;1.872;0.947;0.000;0.557;124.799;116.92;123.33;19055.0;1077.60;2.50;3.08;1.05;24292.08;20055.64;24859.38;27723.6;0.88;0.72;0.90;08/08/2024 16:08:21;
09/08/2024;10;2.0TD;2;0.000099374137000000;0.145;0.890383186;165.534684;19.184;8.779;137.571684;111.20;-3.31629;0.85531;0.75;0.25;102.31917;89.05400;101.96000;73.51000;75.32000;2647.0;275.0;234.0;57.0;8.11;0.154;0.17498;0.04096;0.00;0.000;1.802;0.947;0.000;0.557;120.149;111.20;111.20;23084.8;1076.20;3.98;3.08;1.05;32834.44;59950.00;24859.38;29511.8;1.11;2.03;0.84;08/08/2024 16:08:21;
09/08/2024;11;2.0TD;1;0.000107807621000000;0.154;0.919231913;189.046952;33.081;43.893;112.072952;84.65;-3.31629;0.85531;0.75;0.25;102.31917;89.05400;101.96000;73.51000;75.32000;2647.0;275.0;234.0;57.0;11.20;0.926;0.17498;0.04096;0.00;0.000;1.457;0.947;0.000;0.557;97.116;85.00;76.00;25177.6;1020.10;7.07;3.08;1.05;65737.68;129683.84;24859.38;31151.3;2.11;4.16;0.80;08/08/2024 16:08:21;
09/08/2024;12;2.0TD;1;0.000112106142000000;0.153;0.918435848;183.026874;33.081;43.893;106.052874;81.62;-3.31629;0.85531;0.75;0.25;102.31917;89.05400;101.96000;73.51000;75.32000;2647.0;275.0;234.0;57.0;9.17;0.926;0.17498;0.04096;0.00;0.000;1.380;0.947;0.000;0.557;91.979;81.81;76.88;26306.3;1034.90;5.04;3.08;1.05;66876.84;69120.00;24859.38;31900.8;2.10;2.17;0.78;08/08/2024 16:08:21;
09/08/2024;13;2.0TD;1;0.000117960858000000;0.154;0.919763634;182.907672;33.081;43.893;105.933672;81.49;-3.31629;0.85531;0.75;0.25;102.31917;89.05400;101.96000;73.51000;75.32000;2647.0;275.0;234.0;57.0;9.12;0.926;0.17498;0.04096;0.00;0.000;1.377;0.947;0.000;0.557;91.796;81.68;76.68;26906.6;1072.10;4.99;3.08;1.05;77749.92;60640.00;24859.38;32752.2;2.37;1.85;0.76;08/08/2024 16:08:21;
09/08/2024;14;2.0TD;1;0.000128226030000000;0.152;0.911081566;182.946414;33.081;43.893;105.972414;81.57;-3.31629;0.85531;0.75;0.25;102.31917;89.05400;101.96000;73.51000;75.32000;2647.0;275.0;234.0;57.0;9.23;0.926;0.17498;0.04096;0.00;0.000;1.380;0.947;0.000;0.557;91.989;81.68;78.85;27402.7;1085.50;5.10;3.08;1.05;77662.40;69056.00;24859.38;33652.9;2.31;2.05;0.74;08/08/2024 16:08:21;
09/08/2024;15;2.0TD;2;0.000134088327000000;0.154;0.942888052;132.605346;19.184;8.779;104.642346;81.31;-3.31629;0.85531;0.75;0.25;102.31917;89.05400;101.96000;73.51000;75.32000;2647.0;275.0;234.0;57.0;8.97;0.154;0.17498;0.04096;0.00;0.000;1.360;0.947;0.000;0.557;90.677;81.55;75.45;27675.8;1140.20;4.84;3.08;1.05;77728.60;60880.00;24859.38;33792.2;2.30;1.80;0.74;08/08/2024 16:08:21;
09/08/2024;16;2.0TD;2;0.000131542345000000;0.151;0.928727389;130.171734;19.184;8.779;102.208734;79.33;-3.31629;0.85531;0.75;0.25;102.31917;89.05400;101.96000;73.51000;75.32000;2647.0;275.0;234.0;57.0;9.10;0.154;0.17498;0.04096;0.00;0.000;1.332;0.947;0.000;0.557;88.799;80.00;60.10;27800.7;971.80;4.97;3.08;1.05;79801.40;60855.52;24859.38;33328.3;2.39;1.83;0.75;08/08/2024 16:08:21;
09/08/2024;17;2.0TD;2;0.000129817095000000;0.152;0.934821024;130.716726;19.184;8.779;102.753726;79.49;-3.31629;0.85531;0.75;0.25;102.31917;89.05400;101.96000;73.51000;75.32000;2647.0;275.0;234.0;57.0;9.33;0.154;0.17498;0.04096;0.00;0.000;1.338;0.947;0.000;0.557;89.195;80.00;65.00;27684.4;975.20;5.20;3.08;1.05;79875.64;67119.52;24859.38;33067.3;2.42;2.03;0.75;08/08/2024 16:08:21;
09/08/2024;18;2.0TD;2;0.000130658016000000;0.155;0.953427444;132.637119;19.184;8.779;104.674119;80.88;-3.31629;0.85531;0.75;0.25;102.31917;89.05400;101.96000;73.51000;75.32000;2647.0;275.0;234.0;57.0;9.35;0.154;0.17498;0.04096;0.00;0.000;1.359;0.947;0.000;0.557;90.626;81.18;72.18;27634.5;936.90;5.22;3.08;1.05;78487.96;69120.00;24859.38;32992.8;2.38;2.10;0.75;08/08/2024 16:08:21;
09/08/2024;19;2.0TD;1;0.000131034044000000;0.156;0.931386620;185.672614;33.081;43.893;108.698614;81.94;-3.31629;0.85531;0.75;0.25;102.31917;89.05400;101.96000;73.51000;75.32000;2647.0;275.0;234.0;57.0;10.87;0.926;0.17498;0.04096;0.00;0.000;1.410;0.947;0.000;0.557;94.029;82.07;78.85;26478.1;1075.10;6.74;3.08;1.05;67614.16;129168.00;24859.38;32906.3;2.05;3.93;0.76;08/08/2024 16:08:21;
09/08/2024;20;2.0TD;1;0.000130136157000000;0.163;0.978364941;203.155944;33.081;43.893;126.181944;97.87;-3.31629;0.85531;0.75;0.25;102.31917;89.05400;101.96000;73.51000;75.32000;2647.0;275.0;234.0;57.0;9.19;0.926;0.17498;0.04096;0.00;0.000;1.627;0.947;0.000;0.557;108.496;97.70;102.91;24759.8;852.60;5.06;3.08;1.05;48401.76;88032.00;24859.38;31881.4;1.52;2.76;0.78;08/08/2024 16:08:21;
09/08/2024;21;2.0TD;1;0.000130764309000000;0.170;1.018536485;220.783313;33.081;43.893;143.809313;113.89;-3.31629;0.85531;0.75;0.25;102.31917;89.05400;101.96000;73.51000;75.32000;2647.0;275.0;234.0;57.0;7.37;0.926;0.17498;0.04096;0.00;0.000;1.844;0.947;0.000;0.557;122.913;113.30;128.41;21818.3;886.60;3.24;3.08;1.05;27006.44;48651.72;24859.38;31036.9;0.87;1.57;0.80;08/08/2024 16:08:21;
09/08/2024;22;2.0TD;1;0.000143425714000000;0.172;1.029946537;239.411961;33.081;43.893;162.437961;127.73;-3.31629;0.85531;0.75;0.25;102.31917;89.05400;101.96000;73.51000;75.32000;2647.0;275.0;234.0;57.0;8.98;0.926;0.17498;0.04096;0.00;0.000;2.079;0.947;0.000;0.557;138.598;127.71;128.05;21105.1;1295.50;4.85;3.08;1.05;109282.48;14400.00;24859.38;30644.7;3.57;0.47;0.81;08/08/2024 16:08:21;
09/08/2024;23;2.0TD;2;0.000144323750000000;0.177;1.085544000;181.986329;19.184;8.779;154.023329;120.33;-3.31629;0.85531;0.75;0.25;102.31917;89.05400;101.96000;73.51000;75.32000;2647.0;275.0;234.0;57.0;9.53;0.154;0.17498;0.04096;0.00;0.000;1.963;0.947;0.000;0.557;130.860;120.33;120.33;20686.4;1410.10;5.40;3.08;1.05;124240.32;12800.00;24859.38;29971.2;4.15;0.43;0.83;08/08/2024 16:08:21;
09/08/2024;24;2.0TD;2;0.000131188375000000;0.175;1.074379740;172.204757;19.184;8.779;144.241757;111.26;-3.31629;0.85531;0.75;0.25;102.31917;89.05400;101.96000;73.51000;75.32000;2647.0;275.0;234.0;57.0;10.62;0.154;0.17498;0.04096;0.00;0.000;1.841;0.947;0.000;0.557;122.758;111.20;112.31;19844.4;1111.60;6.49;3.08;1.05;137704.64;16555.28;24859.38;27603.5;4.99;0.60;0.90;08/08/2024 16:08:21;
*
