pvpcdata;
2024;12;11;12;05;42;
25/11/2024;1;2.0TD;3;0.000103904205000000;0.223;1.237318860;63.436562;0.557;2.195;60.684562;10.45;2.84722;0.99923;0.75;0.25;81.72792;93.11680;101.96000;84.74000;75.52000;2085.6;275.0;200.0;46.0;33.86;0.000;0.17498;0.04096;0.00;0.000;0.744;0.947;0.000;0.557;49.619;10.32;12.28;21067.4;1469.30;29.62;3.21;1.03;532033.60;103240.00;24859.38;22287.7;23.87;4.63;1.12;24/11/2024 16:06:59;
25/11/2024;2;2.0TD;3;0.000085821017000000;0.234;1.301197356;62.868074;0.557;2.195;60.116074;8.41;2.84722;0.99923;0.75;0.25;81.72792;93.11680;101.96000;84.74000;75.52000;2085.6;275.0;200.0;46.0;35.01;0.000;0.17498;0.04096;0.00;0.000;0.731;0.947;0.000;0.557;48.716;8.41;8.41;20932.7;1392.30;30.77;3.21;1.03;544380.00;108240.00;0.00;21210.0;25.67;5.10;0.00;24/11/2024 16:06:59;
25/11/2024;3;2.0TD;3;0.000075974316000000;0.240;1.332916053;59.458973;0.557;2.195;56.706973;3.94;2.84722;0.99923;0.75;0.25;81.72792;93.11680;101.96000;84.74000;75.52000;2085.6;275.0;200.0;46.0;36.54;0.000;0.17498;0.04096;0.00;0.000;0.686;0.947;0.000;0.557;45.731;3.94;3.93;20457.1;1645.00;32.30;3.21;1.03;549909.64;111600.00;0.00;20480.0;26.85;5.45;0.00;24/11/2024 16:06:59;
25/11/2024;4;2.0TD;3;0.000071375487000000;0.242;1.346509886;59.007681;0.557;2.195;56.255681;3.10;2.84722;0.99923;0.75;0.25;81.72792;93.11680;101.96000;84.74000;75.52000;2085.6;275.0;200.0;46.0;36.95;0.000;0.17498;0.04096;0.00;0.000;0.679;0.947;0.000;0.557;45.294;3.32;0.00;20150.6;1403.20;32.71;3.21;1.03;550283.48;115920.00;0.00;20366.3;27.02;5.69;0.00;24/11/2024 16:06:59;
25/11/2024;5;2.0TD;3;0.000070010921000000;0.244;1.353514864;62.470754;0.557;2.195;59.718754;3.13;2.84722;0.99923;0.75;0.25;81.72792;93.11680;101.96000;84.74000;75.52000;2085.6;275.0;200.0;46.0;39.59;0.000;0.17498;0.04096;0.00;0.000;0.720;0.947;0.000;0.557;48.005;3.32;0.00;20504.3;1224.90;35.35;3.21;1.03;607599.12;115920.00;0.00;20467.0;29.69;5.66;0.00;24/11/2024 16:06:59;
25/11/2024;6;2.0TD;3;0.000072406784000000;0.233;1.296810107;60.666540;0.557;2.195;57.914540;3.49;2.84722;0.99923;0.75;0.25;81.72792;93.11680;101.96000;84.74000;75.52000;2085.6;275.0;200.0;46.0;38.21;0.000;0.17498;0.04096;0.00;0.000;0.705;0.947;0.000;0.557;46.970;3.71;0.00;21133.1;1338.20;33.97;3.21;1.03;607325.72;115520.00;0.00;21279.6;28.54;5.43;0.00;24/11/2024 16:06:59;
25/11/2024;7;2.0TD;3;0.000083720893000000;0.209;1.163077597;72.132193;0.557;2.195;69.380193;15.27;2.84722;0.99923;0.75;0.25;81.72792;93.11680;101.96000;84.74000;75.52000;2085.6;275.0;200.0;46.0;36.69;0.000;0.17498;0.04096;0.00;0.000;0.861;0.947;0.000;0.557;57.386;15.27;15.27;23269.6;1884.80;32.45;3.21;1.03;603657.56;144480.00;24859.38;23815.5;25.35;6.07;1.04;24/11/2024 16:06:59;
25/11/2024;8;2.0TD;3;0.000108304805000000;0.191;1.058811537;142.111422;0.557;2.195;139.359422;83.00;2.84722;0.99923;0.75;0.25;81.72792;93.11680;101.96000;84.74000;75.52000;2085.6;275.0;200.0;46.0;27.69;0.000;0.17498;0.04096;0.00;0.000;1.755;0.947;0.000;0.557;117.010;83.00;83.10;19169.2;959.20;23.45;3.21;1.03;304245.24;311111.60;24859.38;27304.1;11.14;11.39;0.91;24/11/2024 16:06:59;
25/11/2024;9;2.0TD;2;0.000118372582000000;0.183;1.124306279;188.190211;19.184;8.779;160.227211;107.29;2.84722;0.99923;0.75;0.25;81.72792;93.11680;101.96000;84.74000;75.52000;2085.6;275.0;200.0;46.0;21.40;0.154;0.17498;0.04096;0.00;0.000;2.032;0.947;0.000;0.557;135.441;107.29;107.29;20173.0;1293.50;17.16;3.21;1.03;158508.68;312000.00;24859.38;28857.9;5.49;10.81;0.86;24/11/2024 16:06:59;
25/11/2024;10;2.0TD;2;0.000120755265000000;0.167;1.022497654;179.246379;19.184;8.779;151.283379;100.95;2.84722;0.99923;0.75;0.25;81.72792;93.11680;101.96000;84.74000;75.52000;2085.6;275.0;200.0;46.0;22.02;0.154;0.17498;0.04096;0.00;0.000;1.945;0.947;0.000;0.557;129.634;100.95;100.95;20863.8;1493.90;17.78;3.21;1.03;144280.08;350656.00;24859.38;29242.7;4.93;11.99;0.85;24/11/2024 16:06:59;
25/11/2024;11;2.0TD;1;0.000124072896000000;0.162;0.970538736;201.445615;33.081;43.893;124.471615;82.90;2.84722;0.99923;0.75;0.25;81.72792;93.11680;101.96000;84.74000;75.52000;2085.6;275.0;200.0;46.0;17.12;0.926;0.17498;0.04096;0.00;0.000;1.607;0.947;0.000;0.557;107.118;82.90;82.90;21787.7;1443.50;12.88;3.21;1.03;154245.76;201936.00;24859.38;29594.9;5.21;6.82;0.84;24/11/2024 16:06:59;
25/11/2024;12;2.0TD;1;0.000123188621000000;0.164;0.979269059;189.345896;33.081;43.893;112.371896;74.46;2.84722;0.99923;0.75;0.25;81.72792;93.11680;101.96000;84.74000;75.52000;2085.6;275.0;200.0;46.0;15.14;0.926;0.17498;0.04096;0.00;0.000;1.448;0.947;0.000;0.557;96.539;74.59;72.00;22967.1;1247.50;10.90;3.21;1.03;166027.04;131240.44;24859.38;29557.5;5.62;4.44;0.84;24/11/2024 16:06:59;
25/11/2024;13;2.0TD;1;0.000123732487000000;0.162;0.971272091;192.031091;33.081;43.893;115.057091;76.34;2.84722;0.99923;0.75;0.25;81.72792;93.11680;101.96000;84.74000;75.52000;2085.6;275.0;200.0;46.0;15.70;0.926;0.17498;0.04096;0.00;0.000;1.485;0.947;0.000;0.557;99.016;76.23;78.23;24075.7;1424.30;11.46;3.21;1.03;191347.36;120336.00;24859.38;29385.2;6.51;4.10;0.85;24/11/2024 16:06:59;
25/11/2024;14;2.0TD;1;0.000131121908000000;0.161;0.966683199;186.828319;33.081;43.893;109.854319;72.23;2.84722;0.99923;0.75;0.25;81.72792;93.11680;101.96000;84.74000;75.52000;2085.6;275.0;200.0;46.0;15.48;0.926;0.17498;0.04096;0.00;0.000;1.419;0.947;0.000;0.557;94.620;71.98;76.47;24189.4;1455.40;11.24;3.21;1.03;189403.12;119232.00;24859.38;29680.1;6.38;4.02;0.84;24/11/2024 16:06:59;
25/11/2024;15;2.0TD;2;0.000133091826000000;0.165;1.014470349;136.253745;19.184;8.779;108.290745;71.53;2.84722;0.99923;0.75;0.25;81.72792;93.11680;101.96000;84.74000;75.52000;2085.6;275.0;200.0;46.0;15.31;0.154;0.17498;0.04096;0.00;0.000;1.394;0.947;0.000;0.557;92.953;71.30;75.31;24166.1;1461.20;11.07;3.21;1.03;182056.48;119568.00;24859.38;29478.0;6.18;4.06;0.84;24/11/2024 16:06:59;
25/11/2024;16;2.0TD;2;0.000127326619000000;0.170;1.045297332;164.703743;19.184;8.779;136.740743;93.08;2.84722;0.99923;0.75;0.25;81.72792;93.11680;101.96000;84.74000;75.52000;2085.6;275.0;200.0;46.0;17.32;0.154;0.17498;0.04096;0.00;0.000;1.753;0.947;0.000;0.557;116.872;93.39;88.39;21657.8;1415.40;13.08;3.21;1.03;118683.16;235072.00;24859.38;28959.1;4.10;8.12;0.86;24/11/2024 16:06:59;
25/11/2024;17;2.0TD;2;0.000123793897000000;0.174;1.067635340;196.863362;19.184;8.779;168.900362;118.32;2.84722;0.99923;0.75;0.25;81.72792;93.11680;101.96000;84.74000;75.52000;2085.6;275.0;200.0;46.0;18.67;0.154;0.17498;0.04096;0.00;0.000;2.158;0.947;0.000;0.557;143.867;118.71;112.70;20733.2;1445.00;14.43;3.21;1.03;69852.80;312000.00;24859.38;28181.0;2.48;11.07;0.88;24/11/2024 16:06:59;
25/11/2024;18;2.0TD;2;0.000131158489000000;0.179;1.100073064;220.791314;19.184;8.779;192.828314;142.07;2.84722;0.99923;0.75;0.25;81.72792;93.11680;101.96000;84.74000;75.52000;2085.6;275.0;200.0;46.0;14.31;0.154;0.17498;0.04096;0.00;0.000;2.453;0.947;0.000;0.557;163.552;141.91;144.01;20753.5;1711.80;10.07;3.21;1.03;42282.52;216960.00;24859.38;28219.9;1.50;7.69;0.88;24/11/2024 16:06:59;
25/11/2024;19;2.0TD;1;0.000153492314000000;0.180;1.077485345;269.369967;33.081;43.893;192.395967;145.70;2.84722;0.99923;0.75;0.25;81.72792;93.11680;101.96000;84.74000;75.52000;2085.6;275.0;200.0;46.0;9.41;0.926;0.17498;0.04096;0.00;0.000;2.446;0.947;0.000;0.557;163.047;145.62;146.61;20914.0;1813.50;5.17;3.21;1.03;74437.68;54384.00;24859.38;29728.7;2.50;1.83;0.84;24/11/2024 16:06:59;
25/11/2024;20;2.0TD;1;0.000168676890000000;0.180;1.079555005;273.514127;33.081;43.893;196.540127;148.93;2.84722;0.99923;0.75;0.25;81.72792;93.11680;101.96000;84.74000;75.52000;2085.6;275.0;200.0;46.0;9.64;0.926;0.17498;0.04096;0.00;0.000;2.498;0.947;0.000;0.557;166.559;149.15;146.50;21278.0;1902.60;5.40;3.21;1.03;114060.48;26320.00;24859.38;30615.1;3.73;0.86;0.81;24/11/2024 16:06:59;
25/11/2024;21;2.0TD;1;0.000181539863000000;0.183;1.098372043;286.649428;33.081;43.893;209.675428;159.61;2.84722;0.99923;0.75;0.25;81.72792;93.11680;101.96000;84.74000;75.52000;2085.6;275.0;200.0;46.0;9.48;0.926;0.17498;0.04096;0.00;0.000;2.659;0.947;0.000;0.557;177.240;159.82;157.31;21528.3;1967.80;5.24;3.21;1.03;101333.40;36960.00;24859.38;31115.4;3.26;1.19;0.80;24/11/2024 16:06:59;
25/11/2024;22;2.0TD;1;0.000182527157000000;0.187;1.122591123;276.597048;33.081;43.893;199.623048;150.61;2.84722;0.99923;0.75;0.25;81.72792;93.11680;101.96000;84.74000;75.52000;2085.6;275.0;200.0;46.0;9.55;0.926;0.17498;0.04096;0.00;0.000;2.523;0.947;0.000;0.557;168.174;150.82;148.31;20945.9;1878.60;5.31;3.21;1.03;105980.00;28160.00;24859.38;29974.9;3.54;0.94;0.83;24/11/2024 16:06:59;
25/11/2024;23;2.0TD;2;0.000162369413000000;0.201;1.230335161;222.621596;19.184;8.779;194.658596;145.26;2.84722;0.99923;0.75;0.25;81.72792;93.11680;101.96000;84.74000;75.52000;2085.6;275.0;200.0;46.0;9.67;0.154;0.17498;0.04096;0.00;0.000;2.431;0.947;0.000;0.557;162.080;145.26;145.21;19254.4;1607.90;5.43;3.21;1.03;73926.68;49640.00;24859.38;27344.8;2.70;1.82;0.91;24/11/2024 16:06:59;
25/11/2024;24;2.0TD;2;0.000132918911000000;0.211;1.295737075;216.632476;19.184;8.779;188.669476;140.26;2.84722;0.99923;0.75;0.25;81.72792;93.11680;101.96000;84.74000;75.52000;2085.6;275.0;200.0;46.0;8.48;0.154;0.17498;0.04096;0.00;0.000;2.337;0.947;0.000;0.557;155.796;140.26;140.26;17379.8;1502.10;4.24;3.21;1.03;33354.00;46240.00;24859.38;24670.5;1.35;1.87;1.01;24/11/2024 16:06:59;
*
