pvpcdata;
2024;08;09;11;56;31;
03/07/2024;1;2.0TD;3;0.000112309656000000;0.174;0.969001235;138.465861;0.557;2.195;135.713861;93.95;6.80569;1.22620;0.75;0.25;61.70625;88.92900;101.96000;73.51000;74.07000;1859.4;275.0;234.0;61.0;9.85;0.000;0.17498;0.04096;0.00;0.000;1.734;0.947;0.000;0.557;115.599;94.22;89.88;17924.6;1181.40;5.63;3.13;1.09;98266.56;18536.80;24859.38;25155.1;3.91;0.74;0.99;02/07/2024 16:14:22;
03/07/2024;2;2.0TD;3;0.000095511248000000;0.176;0.978092627;128.167156;0.557;2.195;125.415156;83.47;6.80569;1.22620;0.75;0.25;61.70625;88.92900;101.96000;73.51000;74.07000;1859.4;275.0;234.0;61.0;11.51;0.000;0.17498;0.04096;0.00;0.000;1.600;0.947;0.000;0.557;106.645;83.79;78.89;17427.2;1210.30;7.29;3.13;1.09;120568.68;29083.60;24859.38;23961.4;5.03;1.21;1.04;02/07/2024 16:14:22;
03/07/2024;3;2.0TD;3;0.000084911705000000;0.175;0.974041296;125.805685;0.557;2.195;123.053685;79.52;6.80569;1.22620;0.75;0.25;61.70625;88.92900;101.96000;73.51000;74.07000;1859.4;275.0;234.0;61.0;13.57;0.000;0.17498;0.04096;0.00;0.000;1.571;0.947;0.000;0.557;104.726;80.00;72.00;17043.9;1092.00;9.35;3.13;1.09;136083.36;55987.68;24859.38;23196.9;5.87;2.41;1.07;02/07/2024 16:14:22;
03/07/2024;4;2.0TD;3;0.000079205707000000;0.174;0.968787134;116.607155;0.557;2.195;113.855155;71.38;6.80569;1.22620;0.75;0.25;61.70625;88.92900;101.96000;73.51000;74.07000;1859.4;275.0;234.0;61.0;14.08;0.000;0.17498;0.04096;0.00;0.000;1.455;0.947;0.000;0.557;96.980;72.00;62.00;17713.1;1169.30;9.86;3.13;1.09;178183.60;46475.52;0.00;22790.9;7.82;2.04;0.00;02/07/2024 16:14:22;
03/07/2024;5;2.0TD;3;0.000075983261000000;0.173;0.960251718;115.426322;0.557;2.195;112.674322;70.06;6.80569;1.22620;0.75;0.25;61.70625;88.92900;101.96000;73.51000;74.07000;1859.4;275.0;234.0;61.0;14.49;0.000;0.17498;0.04096;0.00;0.000;1.441;0.947;0.000;0.557;96.056;70.80;58.80;17765.5;1160.00;10.27;3.13;1.09;181432.44;50242.08;0.00;22568.4;8.04;2.23;0.00;02/07/2024 16:14:22;
03/07/2024;6;2.0TD;3;0.000075037573000000;0.168;0.935067888;109.526519;0.557;2.195;106.774519;65.10;6.80569;1.22620;0.75;0.25;61.70625;88.92900;101.96000;73.51000;74.07000;1859.4;275.0;234.0;61.0;14.88;0.000;0.17498;0.04096;0.00;0.000;1.371;0.947;0.000;0.557;91.416;65.65;57.36;17218.3;1225.20;10.66;3.13;1.09;196146.24;48646.08;0.00;22959.3;8.54;2.12;0.00;02/07/2024 16:14:22;
03/07/2024;7;2.0TD;3;0.000076363934000000;0.159;0.882918510;128.165699;0.557;2.195;125.413699;84.44;6.80569;1.22620;0.75;0.25;61.70625;88.92900;101.96000;73.51000;74.07000;1859.4;275.0;234.0;61.0;12.08;0.000;0.17498;0.04096;0.00;0.000;1.623;0.947;0.000;0.557;108.208;85.00;77.00;16700.0;1251.20;7.86;3.13;1.09;145393.72;23266.88;24859.38;24608.0;5.91;0.95;1.01;02/07/2024 16:14:22;
03/07/2024;8;2.0TD;3;0.000080843300000000;0.158;0.876093318;146.550750;0.557;2.195;143.798750;99.65;6.80569;1.22620;0.75;0.25;61.70625;88.92900;101.96000;73.51000;74.07000;1859.4;275.0;234.0;61.0;12.60;0.000;0.17498;0.04096;0.00;0.000;1.863;0.947;0.000;0.557;124.178;99.77;97.77;18810.4;1192.80;8.38;3.13;1.09;35263.44;161738.64;24859.38;26482.4;1.33;6.11;0.94;02/07/2024 16:14:22;
03/07/2024;9;2.0TD;2;0.000092681375000000;0.142;0.873542744;167.831209;19.184;8.779;139.868209;95.32;6.80569;1.22620;0.75;0.25;61.70625;88.92900;101.96000;73.51000;74.07000;1859.4;275.0;234.0;61.0;15.10;0.154;0.17498;0.04096;0.00;0.000;1.837;0.947;0.000;0.557;122.476;95.75;90.00;19933.3;1615.30;10.88;3.13;1.09;38396.76;243161.32;24859.38;28168.1;1.36;8.63;0.88;02/07/2024 16:14:22;
03/07/2024;10;2.0TD;2;0.000104677913000000;0.141;0.864633393;145.375940;19.184;8.779;117.412940;75.82;6.80569;1.22620;0.75;0.25;61.70625;88.92900;101.96000;73.51000;74.07000;1859.4;275.0;234.0;61.0;15.32;0.154;0.17498;0.04096;0.00;0.000;1.544;0.947;0.000;0.557;102.903;76.00;73.00;23693.6;1515.70;11.10;3.13;1.09;55476.56;243651.84;24859.38;29197.3;1.90;8.35;0.85;02/07/2024 16:14:22;
03/07/2024;11;2.0TD;1;0.000113741860000000;0.146;0.873235387;165.176510;33.081;43.893;88.202510;54.08;6.80569;1.22620;0.75;0.25;61.70625;88.92900;101.96000;73.51000;74.07000;1859.4;275.0;234.0;61.0;10.74;0.926;0.17498;0.04096;0.00;0.000;1.154;0.947;0.000;0.557;76.965;54.08;54.08;26393.5;1672.30;6.52;3.13;1.09;121721.56;47963.52;24859.38;29827.9;4.08;1.61;0.83;02/07/2024 16:14:22;
03/07/2024;12;2.0TD;1;0.000118844683000000;0.146;0.875720882;149.423594;33.081;43.893;72.449594;40.31;6.80569;1.22620;0.75;0.25;61.70625;88.92900;101.96000;73.51000;74.07000;1859.4;275.0;234.0;61.0;10.97;0.926;0.17498;0.04096;0.00;0.000;0.948;0.947;0.000;0.557;63.219;40.25;41.20;27089.8;1699.60;6.75;3.13;1.09;140519.36;37769.60;24859.38;30112.2;4.67;1.25;0.83;02/07/2024 16:14:22;
03/07/2024;13;2.0TD;1;0.000125557076000000;0.147;0.877253066;144.782966;33.081;43.893;67.808966;34.75;6.80569;1.22620;0.75;0.25;61.70625;88.92900;101.96000;73.51000;74.07000;1859.4;275.0;234.0;61.0;12.49;0.926;0.17498;0.04096;0.00;0.000;0.887;0.947;0.000;0.557;59.118;35.00;30.00;26411.5;1379.20;8.27;3.13;1.09;191589.40;36394.00;24859.38;30572.7;6.27;1.19;0.81;02/07/2024 16:14:22;
03/07/2024;14;2.0TD;1;0.000136134172000000;0.145;0.866301714;130.831984;33.081;43.893;53.857984;21.04;6.80569;1.22620;0.75;0.25;61.70625;88.92900;101.96000;73.51000;74.07000;1859.4;275.0;234.0;61.0;14.30;0.926;0.17498;0.04096;0.00;0.000;0.706;0.947;0.000;0.557;47.037;21.34;16.00;27113.4;1626.50;10.08;3.13;1.09;268960.64;21172.80;24859.38;31250.3;8.61;0.68;0.80;02/07/2024 16:14:22;
03/07/2024;15;2.0TD;2;0.000140681156000000;0.144;0.885615453;73.443338;19.184;8.779;45.480338;13.72;6.80569;1.22620;0.75;0.25;61.70625;88.92900;101.96000;73.51000;74.07000;1859.4;275.0;234.0;61.0;15.22;0.154;0.17498;0.04096;0.00;0.000;0.596;0.947;0.000;0.557;39.755;14.00;9.00;26871.7;1586.10;11.00;3.13;1.09;302196.36;14061.60;24859.38;30994.6;9.75;0.45;0.80;02/07/2024 16:14:22;
03/07/2024;16;2.0TD;2;0.000136353231000000;0.142;0.874008366;69.503867;19.184;8.779;41.540867;8.31;6.80569;1.22620;0.75;0.25;61.70625;88.92900;101.96000;73.51000;74.07000;1859.4;275.0;234.0;61.0;17.30;0.154;0.17498;0.04096;0.00;0.000;0.546;0.947;0.000;0.557;36.375;8.68;2.97;26741.1;1853.60;13.08;3.13;1.09;356762.16;9008.64;24859.38;29851.3;11.95;0.30;0.83;02/07/2024 16:14:22;
03/07/2024;17;2.0TD;2;0.000133371793000000;0.142;0.872685662;63.637413;19.184;8.779;35.674413;2.72;6.80569;1.22620;0.75;0.25;61.70625;88.92900;101.96000;73.51000;74.07000;1859.4;275.0;234.0;61.0;17.83;0.154;0.17498;0.04096;0.00;0.000;0.469;0.947;0.000;0.557;31.238;3.60;-7.66;25885.9;2222.10;13.61;3.13;1.09;374835.24;5760.00;24859.38;29778.2;12.59;0.19;0.83;02/07/2024 16:14:22;
03/07/2024;18;2.0TD;2;0.000133512588000000;0.144;0.885102016;73.629810;19.184;8.779;45.666810;11.87;6.80569;1.22620;0.75;0.25;61.70625;88.92900;101.96000;73.51000;74.07000;1859.4;275.0;234.0;61.0;17.23;0.154;0.17498;0.04096;0.00;0.000;0.599;0.947;0.000;0.557;39.918;12.17;7.17;25931.7;1678.10;13.01;3.13;1.09;348184.88;14646.84;24859.38;29791.1;11.69;0.49;0.83;02/07/2024 16:14:22;
03/07/2024;19;2.0TD;1;0.000132421788000000;0.145;0.865305796;141.048819;33.081;43.893;64.074819;32.57;6.80569;1.22620;0.75;0.25;61.70625;88.92900;101.96000;73.51000;74.07000;1859.4;275.0;234.0;61.0;11.56;0.926;0.17498;0.04096;0.00;0.000;0.839;0.947;0.000;0.557;55.960;34.27;14.27;26100.4;2418.80;7.34;3.13;1.09;112778.20;84233.60;24859.38;30196.4;3.73;2.79;0.82;02/07/2024 16:14:22;
03/07/2024;20;2.0TD;1;0.000130337995000000;0.148;0.888942253;150.028749;33.081;43.893;73.054749;35.03;6.80569;1.22620;0.75;0.25;61.70625;88.92900;101.96000;73.51000;74.07000;1859.4;275.0;234.0;61.0;16.66;0.926;0.17498;0.04096;0.00;0.000;0.955;0.947;0.000;0.557;63.636;35.02;35.17;26445.9;1383.10;12.44;3.13;1.09;75903.52;266570.00;24859.38;29530.0;2.57;9.03;0.84;02/07/2024 16:14:22;
03/07/2024;21;2.0TD;1;0.000131136886000000;0.149;0.895056151;213.957252;33.081;43.893;136.983252;89.70;6.80569;1.22620;0.75;0.25;61.70625;88.92900;101.96000;73.51000;74.07000;1859.4;275.0;234.0;61.0;16.74;0.926;0.17498;0.04096;0.00;0.000;1.788;0.947;0.000;0.557;119.219;89.90;86.41;22324.2;1346.20;12.52;3.13;1.09;97306.64;245822.40;24859.38;29395.3;3.31;8.36;0.85;02/07/2024 16:14:22;
03/07/2024;22;2.0TD;1;0.000139771998000000;0.151;0.902948546;225.413337;33.081;43.893;148.439337;106.99;6.80569;1.22620;0.75;0.25;61.70625;88.92900;101.96000;73.51000;74.07000;1859.4;275.0;234.0;61.0;9.05;0.926;0.17498;0.04096;0.00;0.000;1.934;0.947;0.000;0.557;128.965;107.51;100.50;20163.9;1626.40;4.83;3.13;1.09;105574.80;11172.00;24859.38;29326.0;3.60;0.38;0.85;02/07/2024 16:14:22;
03/07/2024;23;2.0TD;2;0.000146252456000000;0.157;0.965430407;175.412863;19.184;8.779;147.449863;106.01;6.80569;1.22620;0.75;0.25;61.70625;88.92900;101.96000;73.51000;74.07000;1859.4;275.0;234.0;61.0;9.30;0.154;0.17498;0.04096;0.00;0.000;1.912;0.947;0.000;0.557;127.441;106.49;99.83;19684.0;1542.70;5.08;3.13;1.09;107109.48;11172.00;24859.38;28160.4;3.80;0.40;0.88;02/07/2024 16:14:22;
03/07/2024;24;2.0TD;2;0.000131617459000000;0.156;0.954659349;164.206317;19.184;8.779;136.243317;95.29;6.80569;1.22620;0.75;0.25;61.70625;88.92900;101.96000;73.51000;74.07000;1859.4;275.0;234.0;61.0;10.58;0.154;0.17498;0.04096;0.00;0.000;1.768;0.947;0.000;0.557;117.857;95.66;90.66;18930.7;1515.00;6.36;3.13;1.09;123302.36;16938.80;24859.38;25979.9;4.75;0.65;0.96;02/07/2024 16:14:22;
*
