pvpcdata;
2024;06;11;12;31;11;
22/05/2024;1;2.0TD;3;0.000085290767000000;0.175;0.974476203;115.186367;0.557;2.195;112.434367;72.16;7.66491;1.12897;0.75;0.25;44.75917;75.41880;101.96000;48.69000;28.32000;1736.1;275.0;154.0;61.0;11.72;0.000;0.17498;0.04096;0.00;0.000;1.435;0.947;0.000;0.557;95.688;72.00;75.00;16486.6;901.10;7.31;3.16;1.25;126259.00;18641.28;24859.38;23236.4;5.43;0.80;1.07;21/05/2024 16:12:22;
22/05/2024;2;2.0TD;3;0.000071564350000000;0.178;0.989998813;112.543748;0.557;2.195;109.791748;69.13;7.66491;1.12897;0.75;0.25;44.75917;75.41880;101.96000;48.69000;28.32000;1736.1;275.0;154.0;61.0;12.30;0.000;0.17498;0.04096;0.00;0.000;1.398;0.947;0.000;0.557;93.201;68.90;73.90;18198.8;886.80;7.89;3.16;1.25;130746.48;19176.00;24859.38;22140.5;5.91;0.87;1.12;21/05/2024 16:12:22;
22/05/2024;3;2.0TD;3;0.000063965268000000;0.180;0.998955861;109.939451;0.557;2.195;107.187451;66.07;7.66491;1.12897;0.75;0.25;44.75917;75.41880;101.96000;48.69000;28.32000;1736.1;275.0;154.0;61.0;13.03;0.000;0.17498;0.04096;0.00;0.000;1.363;0.947;0.000;0.557;90.836;65.90;69.45;17454.0;899.60;8.62;3.16;1.25;141901.96;17769.76;24859.38;21390.7;6.63;0.83;1.16;21/05/2024 16:12:22;
22/05/2024;4;2.0TD;3;0.000060426681000000;0.180;1.001722953;109.951251;0.557;2.195;107.199251;66.58;7.66491;1.12897;0.75;0.25;44.75917;75.41880;101.96000;48.69000;28.32000;1736.1;275.0;154.0;61.0;12.53;0.000;0.17498;0.04096;0.00;0.000;1.363;0.947;0.000;0.557;90.846;66.32;71.32;17046.2;932.00;8.12;3.16;1.25;150796.80;19176.00;0.00;20943.2;7.20;0.92;0.00;21/05/2024 16:12:22;
22/05/2024;5;2.0TD;3;0.000059237773000000;0.180;1.001439169;108.082131;0.557;2.195;105.330131;64.81;7.66491;1.12897;0.75;0.25;44.75917;75.41880;101.96000;48.69000;28.32000;1736.1;275.0;154.0;61.0;12.74;0.000;0.17498;0.04096;0.00;0.000;1.339;0.947;0.000;0.557;89.262;64.76;65.76;17035.7;847.20;8.33;3.16;1.25;153461.84;21285.36;0.00;20990.6;7.31;1.01;0.00;21/05/2024 16:12:22;
22/05/2024;6;2.0TD;3;0.000060591265000000;0.178;0.988984612;111.169022;0.557;2.195;108.417022;67.97;7.66491;1.12897;0.75;0.25;44.75917;75.41880;101.96000;48.69000;28.32000;1736.1;275.0;154.0;61.0;12.31;0.000;0.17498;0.04096;0.00;0.000;1.381;0.947;0.000;0.557;92.034;67.88;69.87;17320.7;829.20;7.90;3.16;1.25;148777.36;21924.56;0.00;21595.7;6.89;1.02;0.00;21/05/2024 16:12:22;
22/05/2024;7;2.0TD;3;0.000066216157000000;0.168;0.931563175;104.971650;0.557;2.195;102.219650;62.90;7.66491;1.12897;0.75;0.25;44.75917;75.41880;101.96000;48.69000;28.32000;1736.1;275.0;154.0;61.0;12.93;0.000;0.17498;0.04096;0.00;0.000;1.313;0.947;0.000;0.557;87.516;62.90;62.90;18231.2;726.20;8.52;3.16;1.25;157417.40;20837.92;24859.38;23838.7;6.60;0.87;1.04;21/05/2024 16:12:22;
22/05/2024;8;2.0TD;3;0.000078832240000000;0.159;0.881653483;105.383563;0.557;2.195;102.631563;66.73;7.66491;1.12897;0.75;0.25;44.75917;75.41880;101.96000;48.69000;28.32000;1736.1;275.0;154.0;61.0;10.12;0.000;0.17498;0.04096;0.00;0.000;1.328;0.947;0.000;0.557;88.551;66.43;73.43;19606.0;864.20;5.71;3.16;1.25;80490.76;44488.32;24859.38;26244.4;3.07;1.70;0.95;21/05/2024 16:12:22;
22/05/2024;9;2.0TD;2;0.000091236841000000;0.174;1.070381163;122.738639;19.184;8.779;94.775639;58.86;7.66491;1.12897;0.75;0.25;44.75917;75.41880;101.96000;48.69000;28.32000;1736.1;275.0;154.0;61.0;10.13;0.154;0.17498;0.04096;0.00;0.000;1.211;0.947;0.000;0.557;80.728;58.58;65.59;21510.9;887.70;5.72;3.16;1.25;74879.84;59516.64;24859.38;27804.1;2.69;2.14;0.89;21/05/2024 16:12:22;
22/05/2024;10;2.0TD;2;0.000096332120000000;0.144;0.885646833;100.885934;19.184;8.779;72.922934;38.93;7.66491;1.12897;0.75;0.25;44.75917;75.41880;101.96000;48.69000;28.32000;1736.1;275.0;154.0;61.0;13.33;0.154;0.17498;0.04096;0.00;0.000;0.956;0.947;0.000;0.557;63.743;38.65;47.08;27084.2;937.40;8.92;3.16;1.25;91950.12;133000.00;24859.38;28011.1;3.28;4.75;0.89;21/05/2024 16:12:22;
22/05/2024;11;2.0TD;1;0.000101049635000000;0.144;0.859784956;132.083710;33.081;43.893;55.109710;24.26;7.66491;1.12897;0.75;0.25;44.75917;75.41880;101.96000;48.69000;28.32000;1736.1;275.0;154.0;61.0;11.89;0.926;0.17498;0.04096;0.00;0.000;0.723;0.947;0.000;0.557;48.172;24.17;26.17;28282.3;1377.70;7.48;3.16;1.25;142281.16;44912.00;24859.38;28370.8;5.02;1.58;0.88;21/05/2024 16:12:22;
22/05/2024;12;2.0TD;1;0.000103017970000000;0.144;0.864094688;130.015358;33.081;43.893;53.041358;22.02;7.66491;1.12897;0.75;0.25;44.75917;75.41880;101.96000;48.69000;28.32000;1736.1;275.0;154.0;61.0;12.35;0.926;0.17498;0.04096;0.00;0.000;0.695;0.947;0.000;0.557;46.364;22.00;22.50;28708.3;1365.40;7.94;3.16;1.25;155856.96;43329.60;24859.38;28222.6;5.52;1.54;0.88;21/05/2024 16:12:22;
22/05/2024;13;2.0TD;1;0.000107310653000000;0.142;0.852328643;129.679382;33.081;43.893;52.705382;21.78;7.66491;1.12897;0.75;0.25;44.75917;75.41880;101.96000;48.69000;28.32000;1736.1;275.0;154.0;61.0;12.38;0.926;0.17498;0.04096;0.00;0.000;0.692;0.947;0.000;0.557;46.151;21.76;22.26;30322.9;1369.60;7.97;3.16;1.25;156494.28;44660.00;24859.38;28387.7;5.51;1.57;0.88;21/05/2024 16:12:22;
22/05/2024;14;2.0TD;1;0.000114575795000000;0.138;0.825029466;118.576803;33.081;43.893;41.602803;11.74;7.66491;1.12897;0.75;0.25;44.75917;75.41880;101.96000;48.69000;28.32000;1736.1;275.0;154.0;61.0;12.97;0.926;0.17498;0.04096;0.00;0.000;0.548;0.947;0.000;0.557;36.557;11.72;12.22;30716.7;1400.20;8.56;3.16;1.25;187211.60;31940.00;24859.38;28506.5;6.57;1.12;0.87;21/05/2024 16:12:22;
22/05/2024;15;2.0TD;2;0.000113645198000000;0.157;0.962598722;68.226396;19.184;8.779;40.263396;10.25;7.66491;1.12897;0.75;0.25;44.75917;75.41880;101.96000;48.69000;28.32000;1736.1;275.0;154.0;61.0;13.50;0.154;0.17498;0.04096;0.00;0.000;0.522;0.947;0.000;0.557;34.799;10.23;10.73;30395.1;1359.80;9.09;3.16;1.25;198720.04;31222.80;24859.38;28049.3;7.08;1.11;0.89;21/05/2024 16:12:22;
22/05/2024;16;2.0TD;2;0.000103810731000000;0.163;0.999505406;60.618671;19.184;8.779;32.655671;3.12;7.66491;1.12897;0.75;0.25;44.75917;75.41880;101.96000;48.69000;28.32000;1736.1;275.0;154.0;61.0;14.01;0.154;0.17498;0.04096;0.00;0.000;0.421;0.947;0.000;0.557;28.078;3.25;0.00;30157.1;1268.40;9.60;3.16;1.25;215250.12;22924.80;24859.38;27392.4;7.86;0.84;0.91;21/05/2024 16:12:22;
22/05/2024;17;2.0TD;2;0.000097630224000000;0.168;1.028278956;60.806954;19.184;8.779;32.843954;3.25;7.66491;1.12897;0.75;0.25;44.75917;75.41880;101.96000;48.69000;28.32000;1736.1;275.0;154.0;61.0;13.92;0.154;0.17498;0.04096;0.00;0.000;0.422;0.947;0.000;0.557;28.119;3.25;3.26;29196.6;1371.90;9.51;3.16;1.25;206885.76;22910.40;24859.38;26785.6;7.72;0.86;0.93;21/05/2024 16:12:22;
22/05/2024;18;2.0TD;2;0.000097702281000000;0.172;1.057622337;66.594257;19.184;8.779;38.631257;8.60;7.66491;1.12897;0.75;0.25;44.75917;75.41880;101.96000;48.69000;28.32000;1736.1;275.0;154.0;61.0;13.34;0.154;0.17498;0.04096;0.00;0.000;0.494;0.947;0.000;0.557;32.961;8.47;11.42;28638.8;1319.10;8.93;3.16;1.25;187111.88;28692.00;24859.38;26937.0;6.95;1.07;0.92;21/05/2024 16:12:22;
22/05/2024;19;2.0TD;1;0.000099549002000000;0.151;0.903154522;136.966219;33.081;43.893;59.992219;25.37;7.66491;1.12897;0.75;0.25;44.75917;75.41880;101.96000;48.69000;28.32000;1736.1;275.0;154.0;61.0;14.67;0.926;0.17498;0.04096;0.00;0.000;0.782;0.947;0.000;0.557;52.121;25.10;30.12;26548.7;1529.50;10.26;3.16;1.25;138860.04;111092.16;24859.38;26779.3;5.19;4.15;0.93;21/05/2024 16:12:22;
22/05/2024;20;2.0TD;1;0.000104384427000000;0.157;0.937865104;158.269244;33.081;43.893;81.295244;41.86;7.66491;1.12897;0.75;0.25;44.75917;75.41880;101.96000;48.69000;28.32000;1736.1;275.0;154.0;61.0;16.05;0.926;0.17498;0.04096;0.00;0.000;1.054;0.947;0.000;0.557;70.263;41.20;61.20;23403.2;797.70;11.64;3.16;1.25;90422.28;197291.00;24859.38;26869.7;3.37;7.34;0.93;21/05/2024 16:12:22;
22/05/2024;21;2.0TD;1;0.000116282508000000;0.164;0.982822005;171.192610;33.081;43.893;94.218610;57.42;7.66491;1.12897;0.75;0.25;44.75917;75.41880;101.96000;48.69000;28.32000;1736.1;275.0;154.0;61.0;11.01;0.926;0.17498;0.04096;0.00;0.000;1.214;0.947;0.000;0.557;80.943;57.24;62.24;19799.5;742.50;6.60;3.16;1.25;101188.12;58079.04;24859.38;27873.4;3.63;2.08;0.89;21/05/2024 16:12:22;
22/05/2024;22;2.0TD;1;0.000132681230000000;0.169;1.013386649;189.292482;33.081;43.893;112.318482;74.63;7.66491;1.12897;0.75;0.25;44.75917;75.41880;101.96000;48.69000;28.32000;1736.1;275.0;154.0;61.0;8.71;0.926;0.17498;0.04096;0.00;0.000;1.441;0.947;0.000;0.557;96.080;74.63;74.63;19066.1;736.00;4.30;3.16;1.25;83889.00;14382.00;24859.38;28665.4;2.93;0.50;0.87;21/05/2024 16:12:22;
22/05/2024;23;2.0TD;2;0.000127079323000000;0.198;1.217216632;134.710578;19.184;8.779;106.747578;67.88;7.66491;1.12897;0.75;0.25;44.75917;75.41880;101.96000;48.69000;28.32000;1736.1;275.0;154.0;61.0;9.36;0.154;0.17498;0.04096;0.00;0.000;1.337;0.947;0.000;0.557;89.104;67.88;67.88;18458.2;830.40;4.95;3.16;1.25;90831.60;19152.00;24859.38;27217.7;3.34;0.70;0.91;21/05/2024 16:12:22;
22/05/2024;24;2.0TD;2;0.000105113945000000;0.202;1.236523463;139.728354;19.184;8.779;111.765354;71.00;7.66491;1.12897;0.75;0.25;44.75917;75.41880;101.96000;48.69000;28.32000;1736.1;275.0;154.0;61.0;10.06;0.154;0.17498;0.04096;0.00;0.000;1.395;0.947;0.000;0.557;92.982;71.00;71.00;19531.2;763.70;5.65;3.16;1.25;88304.20;25695.84;24859.38;24565.8;3.59;1.05;1.01;21/05/2024 16:12:22;
*
