pvpcdata;
2024;04;10;12;05;47;
20/03/2024;1;2.0TD;3;0.000104222547000000;0.210;1.166182940;115.606604;0.557;2.195;112.854604;70.00;9.22361;1.01163;0.75;0.25;56.94417;93.83860;101.96000;97.42000;37.09000;1969.1;275.0;177.0;46.0;11.20;0.000;0.17498;0.04096;0.00;0.000;0.000;1.399;0.565;0.000;0.557;93.268;70.00;69.92;17257.5;1117.90;6.39;3.40;1.41;96133.80;25663.68;24859.38;22925.1;4.19;1.12;1.08;19/03/2024 16:10:12;
20/03/2024;2;2.0TD;3;0.000085999981000000;0.218;1.212396220;116.278452;0.557;2.195;113.526452;68.51;9.22361;1.01163;0.75;0.25;56.94417;93.83860;101.96000;97.42000;37.09000;1969.1;275.0;177.0;46.0;12.63;0.000;0.17498;0.04096;0.00;0.000;0.000;1.398;0.565;0.000;0.557;93.207;68.57;67.56;16318.7;1019.00;7.82;3.40;1.41;117889.32;26748.96;24859.38;21697.4;5.43;1.23;1.15;19/03/2024 16:10:12;
20/03/2024;3;2.0TD;3;0.000076162650000000;0.225;1.252128836;108.685428;0.557;2.195;105.933428;60.77;9.22361;1.01163;0.75;0.25;56.94417;93.83860;101.96000;97.42000;37.09000;1969.1;275.0;177.0;46.0;13.74;0.000;0.17498;0.04096;0.00;0.000;0.000;1.297;0.565;0.000;0.557;86.476;60.78;60.53;15901.2;1009.00;8.93;3.40;1.41;130045.00;31536.96;24859.38;20871.6;6.23;1.51;1.19;19/03/2024 16:10:12;
20/03/2024;4;2.0TD;3;0.000071357486000000;0.223;1.240666176;95.313860;0.557;2.195;92.561860;50.49;9.22361;1.01163;0.75;0.25;56.94417;93.83860;101.96000;97.42000;37.09000;1969.1;275.0;177.0;46.0;13.39;0.000;0.17498;0.04096;0.00;0.000;0.000;1.135;0.565;0.000;0.557;75.684;50.53;49.92;15506.3;1045.10;8.58;3.40;1.41;145127.88;31536.96;0.00;20585.6;7.05;1.53;0.00;19/03/2024 16:10:12;
20/03/2024;5;2.0TD;3;0.000069968308000000;0.223;1.236960284;86.585309;0.557;2.195;83.833309;42.65;9.22361;1.01163;0.75;0.25;56.94417;93.83860;101.96000;97.42000;37.09000;1969.1;275.0;177.0;46.0;14.20;0.000;0.17498;0.04096;0.00;0.000;0.000;1.028;0.565;0.000;0.557;68.547;42.84;39.52;15464.5;921.10;9.39;3.40;1.41;158080.76;35112.00;0.00;20570.3;7.68;1.71;0.00;19/03/2024 16:10:12;
20/03/2024;6;2.0TD;3;0.000072617975000000;0.219;1.217682755;103.191832;0.557;2.195;100.439832;57.88;9.22361;1.01163;0.75;0.25;56.94417;93.83860;101.96000;97.42000;37.09000;1969.1;275.0;177.0;46.0;12.61;0.000;0.17498;0.04096;0.00;0.000;0.000;1.236;0.565;0.000;0.557;82.395;58.00;55.99;15995.8;988.20;7.80;3.40;1.41;134441.20;31536.96;0.00;21290.3;6.31;1.48;0.00;19/03/2024 16:10:12;
20/03/2024;7;2.0TD;3;0.000083263321000000;0.205;1.138717494;113.879833;0.557;2.195;111.127833;67.82;9.22361;1.01163;0.75;0.25;56.94417;93.83860;101.96000;97.42000;37.09000;1969.1;275.0;177.0;46.0;12.35;0.000;0.17498;0.04096;0.00;0.000;0.000;1.383;0.565;0.000;0.557;92.222;68.00;65.19;14887.8;1017.40;7.54;3.40;1.41;128255.84;27195.84;24859.38;23928.6;5.36;1.14;1.04;19/03/2024 16:10:12;
20/03/2024;8;2.0TD;3;0.000102188484000000;0.191;1.059590545;132.805946;0.557;2.195;130.053946;88.11;9.22361;1.01163;0.75;0.25;56.94417;93.83860;101.96000;97.42000;37.09000;1969.1;275.0;177.0;46.0;8.78;0.000;0.17498;0.04096;0.00;0.000;0.000;1.638;0.565;0.000;0.557;109.197;88.38;84.42;17026.8;1224.20;3.97;3.40;1.41;52174.12;31576.48;24859.38;27330.2;1.91;1.16;0.91;19/03/2024 16:10:12;
20/03/2024;9;2.0TD;2;0.000112925757000000;0.181;1.111001774;153.620535;19.184;8.779;125.657535;85.06;9.22361;1.01163;0.75;0.25;56.94417;93.83860;101.96000;97.42000;37.09000;1969.1;275.0;177.0;46.0;8.92;0.154;0.17498;0.04096;0.00;0.000;0.000;1.596;0.565;0.000;0.557;106.399;85.25;82.00;18930.8;1196.60;4.11;3.40;1.41;49675.48;43104.00;24859.38;28661.3;1.73;1.50;0.87;19/03/2024 16:10:12;
20/03/2024;10;2.0TD;2;0.000116603267000000;0.163;1.001360187;125.718114;19.184;8.779;97.755114;61.76;9.22361;1.01163;0.75;0.25;56.94417;93.83860;101.96000;97.42000;37.09000;1969.1;275.0;177.0;46.0;10.21;0.154;0.17498;0.04096;0.00;0.000;0.000;1.261;0.565;0.000;0.557;84.054;61.76;61.76;22506.7;1074.80;5.40;3.40;1.41;76313.00;53448.96;24859.38;28614.3;2.67;1.87;0.87;19/03/2024 16:10:12;
20/03/2024;11;2.0TD;1;0.000119468210000000;0.167;0.998342816;147.142522;33.081;43.893;70.168522;35.89;9.22361;1.01163;0.75;0.25;56.94417;93.83860;101.96000;97.42000;37.09000;1969.1;275.0;177.0;46.0;11.74;0.926;0.17498;0.04096;0.00;0.000;0.000;0.902;0.565;0.000;0.557;60.127;35.70;40.00;23905.6;1126.30;6.93;3.40;1.41;102815.04;67922.80;24859.38;28207.2;3.64;2.41;0.88;19/03/2024 16:10:12;
20/03/2024;12;2.0TD;1;0.000118448993000000;0.169;1.010574449;147.511773;33.081;43.893;70.537773;35.00;9.22361;1.01163;0.75;0.25;56.94417;93.83860;101.96000;97.42000;37.09000;1969.1;275.0;177.0;46.0;12.84;0.926;0.17498;0.04096;0.00;0.000;0.000;0.905;0.565;0.000;0.557;60.340;35.00;35.02;25455.2;1348.10;8.03;3.40;1.41;137919.48;61158.72;24859.38;27879.8;4.95;2.19;0.89;19/03/2024 16:10:12;
20/03/2024;13;2.0TD;1;0.000119487666000000;0.166;0.994405665;146.940142;33.081;43.893;69.966142;33.26;9.22361;1.01163;0.75;0.25;56.94417;93.83860;101.96000;97.42000;37.09000;1969.1;275.0;177.0;46.0;14.25;0.926;0.17498;0.04096;0.00;0.000;0.000;0.900;0.565;0.000;0.557;60.005;33.26;33.26;26084.8;1839.50;9.44;3.40;1.41;174668.96;61343.04;24859.38;27645.7;6.32;2.22;0.90;19/03/2024 16:10:12;
20/03/2024;14;2.0TD;1;0.000126120973000000;0.161;0.966979228;139.450043;33.081;43.893;62.476043;27.00;9.22361;1.01163;0.75;0.25;56.94417;93.83860;101.96000;97.42000;37.09000;1969.1;275.0;177.0;46.0;14.41;0.926;0.17498;0.04096;0.00;0.000;0.000;0.807;0.565;0.000;0.557;53.812;27.00;27.00;26406.1;1772.20;9.60;3.40;1.41;184108.72;56321.40;24859.38;27631.9;6.66;2.04;0.90;19/03/2024 16:10:12;
20/03/2024;15;2.0TD;2;0.000126670241000000;0.167;1.023618922;89.646265;19.184;8.779;61.683265;27.28;9.22361;1.01163;0.75;0.25;56.94417;93.83860;101.96000;97.42000;37.09000;1969.1;275.0;177.0;46.0;13.96;0.154;0.17498;0.04096;0.00;0.000;0.000;0.793;0.565;0.000;0.557;52.856;27.28;27.28;26455.2;1705.90;9.15;3.40;1.41;176299.16;48360.32;24859.38;27280.9;6.46;1.77;0.91;19/03/2024 16:10:12;
20/03/2024;16;2.0TD;2;0.000119490062000000;0.172;1.052805386;91.933418;19.184;8.779;63.970418;28.69;9.22361;1.01163;0.75;0.25;56.94417;93.83860;101.96000;97.42000;37.09000;1969.1;275.0;177.0;46.0;14.25;0.154;0.17498;0.04096;0.00;0.000;0.000;0.819;0.565;0.000;0.557;54.582;28.69;28.69;25652.6;1384.60;9.44;3.40;1.41;173386.00;53753.28;24859.38;26705.7;6.49;2.01;0.93;19/03/2024 16:10:12;
20/03/2024;17;2.0TD;2;0.000114131264000000;0.179;1.098059398;98.706853;19.184;8.779;70.743853;34.15;9.22361;1.01163;0.75;0.25;56.94417;93.83860;101.96000;97.42000;37.09000;1969.1;275.0;177.0;46.0;14.13;0.154;0.17498;0.04096;0.00;0.000;0.000;0.900;0.565;0.000;0.557;60.003;34.15;34.15;24096.3;1504.10;9.32;3.40;1.41;151770.24;71584.60;24859.38;26608.7;5.70;2.69;0.93;19/03/2024 16:10:12;
20/03/2024;18;2.0TD;2;0.000115226806000000;0.181;1.107777033;96.656181;19.184;8.779;68.693181;35.59;9.22361;1.01163;0.75;0.25;56.94417;93.83860;101.96000;97.42000;37.09000;1969.1;275.0;177.0;46.0;10.88;0.154;0.17498;0.04096;0.00;0.000;0.000;0.872;0.565;0.000;0.557;58.165;35.43;38.80;23384.5;1133.30;6.07;3.40;1.41;64193.04;72886.32;24859.38;26692.7;2.40;2.73;0.93;19/03/2024 16:10:12;
20/03/2024;19;2.0TD;1;0.000122280980000000;0.170;1.016777489;174.049213;33.081;43.893;97.075213;61.07;9.22361;1.01163;0.75;0.25;56.94417;93.83860;101.96000;97.42000;37.09000;1969.1;275.0;177.0;46.0;9.06;0.926;0.17498;0.04096;0.00;0.000;0.000;1.245;0.565;0.000;0.557;82.970;61.02;61.89;21001.8;1191.10;4.25;3.40;1.41;48368.48;39655.68;24859.38;26578.5;1.82;1.49;0.94;19/03/2024 16:10:12;
20/03/2024;20;2.0TD;1;0.000145875777000000;0.177;1.061519898;216.810154;33.081;43.893;139.836154;97.01;9.22361;1.01163;0.75;0.25;56.94417;93.83860;101.96000;97.42000;37.09000;1969.1;275.0;177.0;46.0;8.42;0.926;0.17498;0.04096;0.00;0.000;0.000;1.782;0.565;0.000;0.557;118.807;97.01;97.01;20050.9;1481.10;3.61;3.40;1.41;35579.92;41408.00;24859.38;28243.1;1.26;1.47;0.88;19/03/2024 16:10:12;
20/03/2024;21;2.0TD;1;0.000173120333000000;0.182;1.088837374;221.700761;33.081;43.893;144.726761;100.76;9.22361;1.01163;0.75;0.25;56.94417;93.83860;101.96000;97.42000;37.09000;1969.1;275.0;177.0;46.0;8.25;0.926;0.17498;0.04096;0.00;0.000;0.000;1.837;0.565;0.000;0.557;122.442;100.76;100.76;19255.3;1454.30;3.44;3.40;1.41;33741.68;44160.00;24859.38;29828.0;1.13;1.48;0.83;19/03/2024 16:10:12;
20/03/2024;22;2.0TD;1;0.000177258411000000;0.184;1.100153949;195.921325;33.081;43.893;118.947325;79.17;9.22361;1.01163;0.75;0.25;56.94417;93.83860;101.96000;97.42000;37.09000;1969.1;275.0;177.0;46.0;8.19;0.926;0.17498;0.04096;0.00;0.000;0.000;1.507;0.565;0.000;0.557;100.462;79.25;78.25;17407.5;1432.20;3.38;3.40;1.41;54703.28;18832.80;24859.38;29088.1;1.88;0.65;0.85;19/03/2024 16:10:12;
20/03/2024;23;2.0TD;2;0.000157748969000000;0.197;1.208685450;135.003849;19.184;8.779;107.040849;68.00;9.22361;1.01163;0.75;0.25;56.94417;93.83860;101.96000;97.42000;37.09000;1969.1;275.0;177.0;46.0;9.26;0.154;0.17498;0.04096;0.00;0.000;0.000;1.341;0.565;0.000;0.557;89.424;68.00;68.00;17490.0;1161.70;4.45;3.40;1.41;65196.56;28664.16;24859.38;26646.2;2.45;1.08;0.93;19/03/2024 16:10:12;
20/03/2024;24;2.0TD;2;0.000129431113000000;0.202;1.240738582;114.132298;19.184;8.779;86.169298;50.18;9.22361;1.01163;0.75;0.25;56.94417;93.83860;101.96000;97.42000;37.09000;1969.1;275.0;177.0;46.0;9.61;0.154;0.17498;0.04096;0.00;0.000;0.000;1.075;0.565;0.000;0.557;71.688;50.00;54.01;19297.8;907.20;4.80;3.40;1.41;49393.40;41496.00;24859.38;24121.4;2.05;1.72;1.03;19/03/2024 16:10:12;
*
