pvpcdata;
2024;12;11;12;05;40;
23/11/2024;1;2.0TD;3;0.000110334886000000;0.220;1.222336414;187.458686;0.557;2.195;184.706686;130.89;3.73285;0.95303;0.75;0.25;78.18542;93.11680;101.96000;84.74000;75.52000;2186.7;275.0;200.0;46.0;12.96;0.000;0.17498;0.04096;0.00;0.000;2.271;0.947;0.000;0.557;151.398;131.63;125.44;15257.5;2071.40;8.72;3.21;1.03;85818.96;94272.00;24859.38;23501.6;3.65;4.01;1.06;22/11/2024 16:09:07;
23/11/2024;2;2.0TD;3;0.000092258089000000;0.232;1.288114165;168.925297;0.557;2.195;166.173297;114.27;3.73285;0.95303;0.75;0.25;78.18542;93.11680;101.96000;84.74000;75.52000;2186.7;275.0;200.0;46.0;13.31;0.000;0.17498;0.04096;0.00;0.000;2.023;0.947;0.000;0.557;134.880;114.28;114.18;14320.6;1515.40;9.07;3.21;1.03;124293.40;48880.00;24859.38;21831.1;5.69;2.24;1.14;22/11/2024 16:09:07;
23/11/2024;3;2.0TD;3;0.000080641957000000;0.240;1.330714212;165.132384;0.557;2.195;162.380384;104.00;3.73285;0.95303;0.75;0.25;78.18542;93.11680;101.96000;84.74000;75.52000;2186.7;275.0;200.0;46.0;19.71;0.000;0.17498;0.04096;0.00;0.000;1.964;0.947;0.000;0.557;130.951;104.00;104.00;14401.0;1246.30;15.47;3.21;1.03;216583.92;81680.00;24859.38;20891.0;10.37;3.91;1.19;22/11/2024 16:09:07;
23/11/2024;4;2.0TD;3;0.000074317245000000;0.242;1.345869427;157.374694;0.557;2.195;154.622694;97.00;3.73285;0.95303;0.75;0.25;78.18542;93.11680;101.96000;84.74000;75.52000;2186.7;275.0;200.0;46.0;20.35;0.000;0.17498;0.04096;0.00;0.000;1.867;0.947;0.000;0.557;124.494;97.00;97.00;14253.4;1109.40;16.11;3.21;1.03;229752.64;97760.00;0.00;20335.3;11.30;4.81;0.00;22/11/2024 16:09:07;
23/11/2024;5;2.0TD;3;0.000071399976000000;0.243;1.350282993;145.713063;0.557;2.195;142.961063;84.99;3.73285;0.95303;0.75;0.25;78.18542;93.11680;101.96000;84.74000;75.52000;2186.7;275.0;200.0;46.0;23.02;0.000;0.17498;0.04096;0.00;0.000;1.725;0.947;0.000;0.557;115.012;84.99;84.99;14508.2;1327.10;18.78;3.21;1.03;257327.08;123400.00;0.00;20275.1;12.69;6.09;0.00;22/11/2024 16:09:07;
23/11/2024;6;2.0TD;3;0.000071934324000000;0.243;1.347980714;145.309088;0.557;2.195;142.557088;84.78;3.73285;0.95303;0.75;0.25;78.18542;93.11680;101.96000;84.74000;75.52000;2186.7;275.0;200.0;46.0;22.91;0.000;0.17498;0.04096;0.00;0.000;1.720;0.947;0.000;0.557;114.687;84.78;84.78;15156.7;1302.50;18.67;3.21;1.03;257689.56;120480.00;0.00;20259.0;12.72;5.95;0.00;22/11/2024 16:09:07;
23/11/2024;7;2.0TD;3;0.000075172970000000;0.232;1.286352012;144.335809;0.557;2.195;141.583809;85.95;3.73285;0.95303;0.75;0.25;78.18542;93.11680;101.96000;84.74000;75.52000;2186.7;275.0;200.0;46.0;21.97;0.000;0.17498;0.04096;0.00;0.000;1.724;0.947;0.000;0.557;114.921;85.95;85.95;13915.9;1410.90;17.73;3.21;1.03;255885.52;112000.00;0.00;20751.6;12.33;5.40;0.00;22/11/2024 16:09:07;
23/11/2024;8;2.0TD;3;0.000082849486000000;0.222;1.234602021;142.863982;0.557;2.195;140.111982;93.00;3.73285;0.95303;0.75;0.25;78.18542;93.11680;101.96000;84.74000;75.52000;2186.7;275.0;200.0;46.0;14.66;0.000;0.17498;0.04096;0.00;0.000;1.720;0.947;0.000;0.557;114.657;93.00;93.00;14840.1;1425.80;10.42;3.21;1.03;142431.92;86760.00;0.00;22005.8;6.47;3.94;0.00;22/11/2024 16:09:07;
23/11/2024;9;2.0TD;3;0.000096553515000000;0.210;1.164210580;173.267527;0.557;2.195;170.515527;99.25;3.73285;0.95303;0.75;0.25;78.18542;93.11680;101.96000;84.74000;75.52000;2186.7;275.0;200.0;46.0;34.28;0.000;0.17498;0.04096;0.00;0.000;2.114;0.947;0.000;0.557;140.921;99.25;99.25;15010.8;1292.80;30.04;3.21;1.03;93116.88;601598.88;0.00;23128.9;4.03;26.01;0.00;22/11/2024 16:09:07;
23/11/2024;10;2.0TD;3;0.000118179412000000;0.187;1.041582685;212.891267;0.557;2.195;210.139267;85.76;3.73285;0.95303;0.75;0.25;78.18542;93.11680;101.96000;84.74000;75.52000;2186.7;275.0;200.0;46.0;83.34;0.000;0.17498;0.04096;0.00;0.000;2.656;0.947;0.000;0.557;177.033;85.62;87.62;17285.6;1330.40;79.10;3.21;1.03;111657.92;1862017.48;0.00;24952.3;4.47;74.62;0.00;22/11/2024 16:09:07;
23/11/2024;11;2.0TD;3;0.000130278790000000;0.177;0.983496326;116.112310;0.557;2.195;113.360310;67.13;3.73285;0.95303;0.75;0.25;78.18542;93.11680;101.96000;84.74000;75.52000;2186.7;275.0;200.0;46.0;22.46;0.000;0.17498;0.04096;0.00;0.000;1.445;0.947;0.000;0.557;96.312;67.04;68.81;20968.7;1146.30;18.22;3.21;1.03;131358.64;345728.00;0.00;26191.4;5.02;13.20;0.00;22/11/2024 16:09:07;
23/11/2024;12;2.0TD;3;0.000130740543000000;0.174;0.965129710;75.870978;0.557;2.195;73.118978;40.09;3.73285;0.95303;0.75;0.25;78.18542;93.11680;101.96000;84.74000;75.52000;2186.7;275.0;200.0;46.0;15.98;0.000;0.17498;0.04096;0.00;0.000;0.934;0.947;0.000;0.557;62.281;40.00;41.77;22685.7;1225.50;11.74;3.21;1.03;158090.08;151824.00;0.00;26400.5;5.99;5.75;0.00;22/11/2024 16:09:07;
23/11/2024;13;2.0TD;3;0.000129391901000000;0.172;0.957567777;76.519934;0.557;2.195;73.767934;42.65;3.73285;0.95303;0.75;0.25;78.18542;93.11680;101.96000;84.74000;75.52000;2186.7;275.0;200.0;46.0;14.07;0.000;0.17498;0.04096;0.00;0.000;0.944;0.947;0.000;0.557;62.941;42.50;45.50;23931.7;1237.90;9.83;3.21;1.03;154747.88;101136.00;0.00;26029.0;5.95;3.89;0.00;22/11/2024 16:09:07;
23/11/2024;14;2.0TD;3;0.000136404027000000;0.169;0.938496539;72.378719;0.557;2.195;69.626719;37.20;3.73285;0.95303;0.75;0.25;78.18542;93.11680;101.96000;84.74000;75.52000;2186.7;275.0;200.0;46.0;16.19;0.000;0.17498;0.04096;0.00;0.000;0.893;0.947;0.000;0.557;59.560;36.95;41.95;24196.3;1265.20;11.95;3.21;1.03;160401.04;153984.00;0.00;26309.3;6.10;5.85;0.00;22/11/2024 16:09:07;
23/11/2024;15;2.0TD;3;0.000137259647000000;0.175;0.974205653;65.602659;0.557;2.195;62.850659;30.87;3.73285;0.95303;0.75;0.25;78.18542;93.11680;101.96000;84.74000;75.52000;2186.7;275.0;200.0;46.0;16.54;0.000;0.17498;0.04096;0.00;0.000;0.802;0.947;0.000;0.557;53.489;30.52;37.47;24177.7;1263.00;12.30;3.21;1.03;166945.80;154224.00;0.00;26111.4;6.39;5.91;0.00;22/11/2024 16:09:07;
23/11/2024;16;2.0TD;3;0.000125309465000000;0.188;1.044812845;79.385036;0.557;2.195;76.633036;37.25;3.73285;0.95303;0.75;0.25;78.18542;93.11680;101.96000;84.74000;75.52000;2186.7;275.0;200.0;46.0;21.01;0.000;0.17498;0.04096;0.00;0.000;0.968;0.947;0.000;0.557;64.505;36.94;42.94;23455.1;1291.80;16.77;3.21;1.03;160408.64;264122.24;0.00;25316.9;6.34;10.43;0.00;22/11/2024 16:09:07;
23/11/2024;17;2.0TD;3;0.000118705530000000;0.195;1.083790317;146.173418;0.557;2.195;143.421418;59.05;3.73285;0.95303;0.75;0.25;78.18542;93.11680;101.96000;84.74000;75.52000;2186.7;275.0;200.0;46.0;53.89;0.000;0.17498;0.04096;0.00;0.000;1.800;0.947;0.000;0.557;120.017;58.90;61.25;19482.5;1349.50;49.65;3.21;1.03;139607.60;1080554.16;0.00;24577.3;5.68;43.97;0.00;22/11/2024 16:09:07;
23/11/2024;18;2.0TD;3;0.000122482044000000;0.200;1.111967956;165.535508;0.557;2.195;162.783508;85.38;3.73285;0.95303;0.75;0.25;78.18542;93.11680;101.96000;84.74000;75.52000;2186.7;275.0;200.0;46.0;42.96;0.000;0.17498;0.04096;0.00;0.000;2.035;0.947;0.000;0.557;135.652;84.53;99.38;17135.6;1037.70;38.72;3.21;1.03;112646.52;831852.32;0.00;24394.1;4.62;34.10;0.00;22/11/2024 16:09:07;
23/11/2024;19;2.0TD;3;0.000140572531000000;0.199;1.103585070;150.986676;0.557;2.195;148.234676;101.31;3.73285;0.95303;0.75;0.25;78.18542;93.11680;101.96000;84.74000;75.52000;2186.7;275.0;200.0;46.0;15.19;0.000;0.17498;0.04096;0.00;0.000;1.854;0.947;0.000;0.557;123.631;101.00;106.16;16865.9;1062.30;10.95;3.21;1.03;96409.68;186672.00;0.00;25856.8;3.73;7.22;0.00;22/11/2024 16:09:07;
23/11/2024;20;2.0TD;3;0.000147859384000000;0.204;1.135573423;147.718323;0.557;2.195;144.966323;102.18;3.73285;0.95303;0.75;0.25;78.18542;93.11680;101.96000;84.74000;75.52000;2186.7;275.0;200.0;46.0;11.14;0.000;0.17498;0.04096;0.00;0.000;1.806;0.947;0.000;0.557;120.403;101.80;108.33;17373.7;1069.60;6.90;3.21;1.03;94500.88;88400.00;0.00;26497.7;3.57;3.34;0.00;22/11/2024 16:09:07;
23/11/2024;21;2.0TD;3;0.000154223348000000;0.206;1.142286182;135.421555;0.557;2.195;132.669555;92.84;3.73285;0.95303;0.75;0.25;78.18542;93.11680;101.96000;84.74000;75.52000;2186.7;275.0;200.0;46.0;10.24;0.000;0.17498;0.04096;0.00;0.000;1.650;0.947;0.000;0.557;110.007;92.00;105.56;18651.8;1227.00;6.00;3.21;1.03;64002.80;98440.00;0.00;27062.2;2.37;3.64;0.00;22/11/2024 16:09:07;
23/11/2024;22;2.0TD;3;0.000157451661000000;0.206;1.142578746;128.406253;0.557;2.195;125.654253;85.34;3.73285;0.95303;0.75;0.25;78.18542;93.11680;101.96000;84.74000;75.52000;2186.7;275.0;200.0;46.0;12.01;0.000;0.17498;0.04096;0.00;0.000;1.563;0.947;0.000;0.557;104.190;84.99;90.00;18656.5;1393.40;7.77;3.21;1.03;69869.04;112720.00;24859.38;26705.7;2.62;4.22;0.93;22/11/2024 16:09:07;
23/11/2024;23;2.0TD;3;0.000147645163000000;0.211;1.174445736;124.992669;0.557;2.195;122.240669;78.97;3.73285;0.95303;0.75;0.25;78.18542;93.11680;101.96000;84.74000;75.52000;2186.7;275.0;200.0;46.0;15.18;0.000;0.17498;0.04096;0.00;0.000;1.514;0.947;0.000;0.557;100.941;78.78;82.38;18535.7;1017.10;10.94;3.21;1.03;73587.44;175760.00;24859.38;25065.0;2.94;7.01;0.99;22/11/2024 16:09:07;
23/11/2024;24;2.0TD;3;0.000130384388000000;0.218;1.211621693;85.957140;0.557;2.195;83.205140;40.55;3.73285;0.95303;0.75;0.25;78.18542;93.11680;101.96000;84.74000;75.52000;2186.7;275.0;200.0;46.0;21.46;0.000;0.17498;0.04096;0.00;0.000;1.025;0.947;0.000;0.557;68.312;40.00;52.01;18382.7;887.70;17.22;3.21;1.03;103349.92;273159.60;24859.38;23318.9;4.43;11.71;1.07;22/11/2024 16:09:07;
*
