pvpcdata;
2024;07;09;11;18;14;
23/06/2024;1;2.0TD;3;0.000099833808000000;0.181;1.004890804;130.694436;0.557;2.195;127.942436;76.99;12.76135;1.07188;0.75;0.25;26.76042;77.80580;101.96000;48.69000;52.19000;1832.3;275.0;154.0;62.0;14.32;0.000;0.17498;0.04096;0.00;0.000;1.625;0.947;0.000;0.557;108.334;77.00;76.90;15160.3;925.10;9.98;3.20;1.14;153555.16;39413.96;24859.38;21826.2;7.04;1.81;1.14;22/06/2024 16:11:03;
23/06/2024;2;2.0TD;3;0.000086662688000000;0.182;1.009467750;109.454668;0.557;2.195;106.702668;56.99;12.76135;1.07188;0.75;0.25;26.76042;77.80580;101.96000;48.69000;52.19000;1832.3;275.0;154.0;62.0;16.53;0.000;0.17498;0.04096;0.00;0.000;1.354;0.947;0.000;0.557;90.273;56.99;56.99;16677.2;980.80;12.19;3.20;1.14;199679.36;49126.00;0.00;20404.1;9.79;2.41;0.00;22/06/2024 16:11:03;
23/06/2024;3;2.0TD;3;0.000076547240000000;0.184;1.020300011;98.504430;0.557;2.195;95.752430;46.07;12.76135;1.07188;0.75;0.25;26.76042;77.80580;101.96000;48.69000;52.19000;1832.3;275.0;154.0;62.0;18.19;0.000;0.17498;0.04096;0.00;0.000;1.213;0.947;0.000;0.557;80.872;46.19;44.19;16094.5;1045.70;13.85;3.20;1.14;220055.32;50593.40;0.00;19538.3;11.26;2.59;0.00;22/06/2024 16:11:03;
23/06/2024;4;2.0TD;3;0.000070394118000000;0.184;1.023692416;86.857422;0.557;2.195;84.105422;32.48;12.76135;1.07188;0.75;0.25;26.76042;77.80580;101.96000;48.69000;52.19000;1832.3;275.0;154.0;62.0;22.09;0.000;0.17498;0.04096;0.00;0.000;1.066;0.947;0.000;0.557;71.035;35.01;15.01;14691.4;2129.20;17.75;3.20;1.14;281997.20;63960.00;0.00;19485.3;14.47;3.28;0.00;22/06/2024 16:11:03;
23/06/2024;5;2.0TD;3;0.000067172751000000;0.184;1.020374591;91.124558;0.557;2.195;88.372558;32.64;12.76135;1.07188;0.75;0.25;26.76042;77.80580;101.96000;48.69000;52.19000;1832.3;275.0;154.0;62.0;25.48;0.000;0.17498;0.04096;0.00;0.000;1.120;0.947;0.000;0.557;74.639;35.00;15.00;14362.6;1921.40;21.14;3.20;1.14;341824.80;63920.00;0.00;19191.6;17.81;3.33;0.00;22/06/2024 16:11:03;
23/06/2024;6;2.0TD;3;0.000065524947000000;0.184;1.020722916;90.714894;0.557;2.195;87.962894;32.67;12.76135;1.07188;0.75;0.25;26.76042;77.80580;101.96000;48.69000;52.19000;1832.3;275.0;154.0;62.0;25.11;0.000;0.17498;0.04096;0.00;0.000;1.114;0.947;0.000;0.557;74.293;35.00;15.00;14347.9;1893.00;20.77;3.20;1.14;322466.56;74466.80;0.00;19107.2;16.88;3.90;0.00;22/06/2024 16:11:03;
23/06/2024;7;2.0TD;3;0.000063132068000000;0.183;1.014143264;88.863735;0.557;2.195;86.111735;32.64;12.76135;1.07188;0.75;0.25;26.76042;77.80580;101.96000;48.69000;52.19000;1832.3;275.0;154.0;62.0;23.66;0.000;0.17498;0.04096;0.00;0.000;1.092;0.947;0.000;0.557;72.791;35.00;15.00;14380.2;1919.50;19.32;3.20;1.14;293926.36;75938.16;0.00;19147.8;15.35;3.97;0.00;22/06/2024 16:11:03;
23/06/2024;8;2.0TD;3;0.000061599480000000;0.173;0.958713034;94.875883;0.557;2.195;92.123883;27.89;12.76135;1.07188;0.75;0.25;26.76042;77.80580;101.96000;48.69000;52.19000;1832.3;275.0;154.0;62.0;34.07;0.000;0.17498;0.04096;0.00;0.000;1.178;0.947;0.000;0.557;78.537;30.65;10.65;14204.9;2270.60;29.73;3.20;1.14;332065.44;235256.40;0.00;19079.8;17.40;12.33;0.00;22/06/2024 16:11:03;
23/06/2024;9;2.0TD;3;0.000071385625000000;0.158;0.875611845;73.770964;0.557;2.195;71.018964;8.63;12.76135;1.07188;0.75;0.25;26.76042;77.80580;101.96000;48.69000;52.19000;1832.3;275.0;154.0;62.0;36.38;0.000;0.17498;0.04096;0.00;0.000;0.920;0.947;0.000;0.557;61.329;9.76;0.00;18395.2;2398.80;32.04;3.20;1.14;359969.60;270198.72;0.00;19670.7;18.30;13.74;0.00;22/06/2024 16:11:03;
23/06/2024;10;2.0TD;3;0.000087447098000000;0.146;0.813825303;55.803760;0.557;2.195;53.051760;-0.09;12.76135;1.07188;0.75;0.25;26.76042;77.80580;101.96000;48.69000;52.19000;1832.3;275.0;154.0;62.0;30.29;0.000;0.17498;0.04096;0.00;0.000;0.694;0.947;0.000;0.557;46.293;0.00;-1.00;20430.4;2145.10;25.95;3.20;1.14;399152.96;128833.40;0.00;20344.8;19.62;6.33;0.00;22/06/2024 16:11:03;
23/06/2024;11;2.0TD;3;0.000102002495000000;0.142;0.787753149;42.204656;0.557;2.195;39.452656;-0.36;12.76135;1.07188;0.75;0.25;26.76042;77.80580;101.96000;48.69000;52.19000;1832.3;275.0;154.0;62.0;18.99;0.000;0.17498;0.04096;0.00;0.000;0.518;0.947;0.000;0.557;34.547;-0.01;-3.72;21830.5;2333.70;14.65;3.20;1.14;303987.40;7955.00;0.00;21297.0;14.27;0.37;0.00;22/06/2024 16:11:03;
23/06/2024;12;2.0TD;3;0.000110418541000000;0.141;0.781092911;41.382819;0.557;2.195;38.630819;-0.56;12.76135;1.07188;0.75;0.25;26.76042;77.80580;101.96000;48.69000;52.19000;1832.3;275.0;154.0;62.0;18.51;0.000;0.17498;0.04096;0.00;0.000;0.508;0.947;0.000;0.557;33.857;-0.11;-5.00;22366.6;2316.50;14.17;3.20;1.14;301624.64;7955.00;0.00;21842.2;13.81;0.36;0.00;22/06/2024 16:11:03;
23/06/2024;13;2.0TD;3;0.000115561628000000;0.143;0.792760251;48.644575;0.557;2.195;45.892575;-0.88;12.76135;1.07188;0.75;0.25;26.76042;77.80580;101.96000;48.69000;52.19000;1832.3;275.0;154.0;62.0;25.03;0.000;0.17498;0.04096;0.00;0.000;0.602;0.947;0.000;0.557;40.151;-0.50;-4.72;22694.2;2258.70;20.69;3.20;1.14;449063.04;8803.08;0.00;22126.7;20.30;0.40;0.00;22/06/2024 16:11:03;
23/06/2024;14;2.0TD;3;0.000123836521000000;0.140;0.777492571;42.991702;0.557;2.195;40.239702;-1.59;12.76135;1.07188;0.75;0.25;26.76042;77.80580;101.96000;48.69000;52.19000;1832.3;275.0;154.0;62.0;20.96;0.000;0.17498;0.04096;0.00;0.000;0.529;0.947;0.000;0.557;35.298;-1.00;-6.99;20685.6;2774.70;16.62;3.20;1.14;370893.04;9337.84;0.00;22877.6;16.21;0.41;0.00;22/06/2024 16:11:03;
23/06/2024;15;2.0TD;3;0.000124409645000000;0.138;0.769252446;42.321380;0.557;2.195;39.569380;-2.49;12.76135;1.07188;0.75;0.25;26.76042;77.80580;101.96000;48.69000;52.19000;1832.3;275.0;154.0;62.0;21.34;0.000;0.17498;0.04096;0.00;0.000;0.522;0.947;0.000;0.557;34.771;-1.99;-7.00;20611.6;2593.10;17.00;3.20;1.14;377560.72;9295.56;0.00;22760.8;16.59;0.41;0.00;22/06/2024 16:11:03;
23/06/2024;16;2.0TD;3;0.000111193511000000;0.146;0.811382790;43.692832;0.557;2.195;40.940832;-2.39;12.76135;1.07188;0.75;0.25;26.76042;77.80580;101.96000;48.69000;52.19000;1832.3;275.0;154.0;62.0;22.18;0.000;0.17498;0.04096;0.00;0.000;0.536;0.947;0.000;0.557;35.725;-2.00;-6.18;18921.2;2791.00;17.84;3.20;1.14;377648.08;9325.76;0.00;21694.5;17.41;0.43;0.00;22/06/2024 16:11:03;
23/06/2024;17;2.0TD;3;0.000102959345000000;0.150;0.834718397;50.957682;0.557;2.195;48.205682;-1.25;12.76135;1.07188;0.75;0.25;26.76042;77.80580;101.96000;48.69000;52.19000;1832.3;275.0;154.0;62.0;27.14;0.000;0.17498;0.04096;0.00;0.000;0.629;0.947;0.000;0.557;41.918;-0.85;-5.00;20607.8;2232.30;22.80;3.20;1.14;470845.20;9355.96;0.00;21057.5;22.36;0.44;0.00;22/06/2024 16:11:03;
23/06/2024;18;2.0TD;3;0.000099667751000000;0.158;0.876870976;42.675190;0.557;2.195;39.923190;-1.14;12.76135;1.07188;0.75;0.25;26.76042;77.80580;101.96000;48.69000;52.19000;1832.3;275.0;154.0;62.0;19.70;0.000;0.17498;0.04096;0.00;0.000;0.517;0.947;0.000;0.557;34.476;-0.66;-5.66;20850.1;2226.20;15.36;3.20;1.14;317210.04;9836.80;0.00;21294.1;14.90;0.46;0.00;22/06/2024 16:11:03;
23/06/2024;19;2.0TD;3;0.000100146484000000;0.165;0.918486759;48.901127;0.557;2.195;46.149127;-0.47;12.76135;1.07188;0.75;0.25;26.76042;77.80580;101.96000;48.69000;52.19000;1832.3;275.0;154.0;62.0;24.09;0.000;0.17498;0.04096;0.00;0.000;0.594;0.947;0.000;0.557;39.613;-0.01;-5.00;21731.5;2192.60;19.75;3.20;1.14;316701.24;116343.36;0.00;21929.3;14.44;5.31;0.00;22/06/2024 16:11:03;
23/06/2024;20;2.0TD;3;0.000102340630000000;0.168;0.933773236;55.601646;0.557;2.195;52.849646;1.00;12.76135;1.07188;0.75;0.25;26.76042;77.80580;101.96000;48.69000;52.19000;1832.3;275.0;154.0;62.0;28.17;0.000;0.17498;0.04096;0.00;0.000;0.679;0.947;0.000;0.557;45.248;1.00;1.00;22232.2;1831.00;23.83;3.20;1.14;250595.56;299053.60;0.00;23062.4;10.87;12.97;0.00;22/06/2024 16:11:03;
23/06/2024;21;2.0TD;3;0.000109232779000000;0.170;0.945460087;80.980522;0.557;2.195;78.228522;35.40;12.76135;1.07188;0.75;0.25;26.76042;77.80580;101.96000;48.69000;52.19000;1832.3;275.0;154.0;62.0;15.06;0.000;0.17498;0.04096;0.00;0.000;1.003;0.947;0.000;0.557;66.862;35.01;44.01;21787.1;984.30;10.72;3.20;1.14;63612.76;194478.08;0.00;24067.4;2.64;8.08;0.00;22/06/2024 16:11:03;
23/06/2024;22;2.0TD;3;0.000120558387000000;0.170;0.942071747;122.268652;0.557;2.195;119.516652;77.27;12.76135;1.07188;0.75;0.25;26.76042;77.80580;101.96000;48.69000;52.19000;1832.3;275.0;154.0;62.0;7.95;0.000;0.17498;0.04096;0.00;0.000;1.532;0.947;0.000;0.557;102.151;77.00;81.00;17719.2;1280.20;3.61;3.20;1.14;27025.32;36881.84;24859.38;24595.4;1.10;1.50;1.01;22/06/2024 16:11:03;
23/06/2024;23;2.0TD;3;0.000127542663000000;0.171;0.947325392;142.700534;0.557;2.195;139.948534;95.47;12.76135;1.07188;0.75;0.25;26.76042;77.80580;101.96000;48.69000;52.19000;1832.3;275.0;154.0;62.0;6.85;0.000;0.17498;0.04096;0.00;0.000;1.793;0.947;0.000;0.557;119.512;95.62;93.62;17156.9;1427.90;2.51;3.20;1.14;18512.48;18577.44;24859.38;24719.9;0.75;0.75;1.01;22/06/2024 16:11:03;
23/06/2024;24;2.0TD;3;0.000112674361000000;0.175;0.974778357;126.823757;0.557;2.195;124.071757;80.36;12.76135;1.07188;0.75;0.25;26.76042;77.80580;101.96000;48.69000;52.19000;1832.3;275.0;154.0;62.0;8.25;0.000;0.17498;0.04096;0.00;0.000;1.584;0.947;0.000;0.557;105.593;80.15;83.33;16931.5;1225.20;3.91;3.20;1.14;25673.24;40013.92;24859.38;23148.0;1.11;1.73;1.07;22/06/2024 16:11:03;
*
