pvpcdata;
2024;11;12;10;29;05;
06/10/2024;1;2.0TD;3;0.000089496690000000;0.190;1.052943878;107.138841;0.557;2.195;104.386841;47.46;17.78628;1.16065;0.75;0.25;21.96167;93.10680;101.96000;84.74000;75.42000;1792.1;275.0;200.0;45.0;16.58;0.000;0.17498;0.04096;0.00;0.000;1.316;0.947;0.000;0.557;87.720;47.40;48.69;17383.3;865.10;12.34;3.19;1.05;187624.32;59126.00;24859.38;22019.3;8.52;2.69;1.13;05/10/2024 16:21:18;
06/10/2024;2;2.0TD;3;0.000077076295000000;0.198;1.102258524;89.378223;0.557;2.195;86.626223;30.83;17.78628;1.16065;0.75;0.25;21.96167;93.10680;101.96000;84.74000;75.42000;1792.1;275.0;200.0;45.0;18.03;0.000;0.17498;0.04096;0.00;0.000;1.085;0.947;0.000;0.557;72.309;30.83;30.83;18094.7;1174.00;13.79;3.19;1.05;223187.56;65845.12;0.00;20956.9;10.65;3.14;0.00;05/10/2024 16:21:18;
06/10/2024;3;2.0TD;3;0.000069142999000000;0.206;1.143580989;85.071189;0.557;2.195;82.319189;25.00;17.78628;1.16065;0.75;0.25;21.96167;93.10680;101.96000;84.74000;75.42000;1792.1;275.0;200.0;45.0;19.87;0.000;0.17498;0.04096;0.00;0.000;1.024;0.947;0.000;0.557;68.258;25.00;25.00;17226.0;1126.30;15.63;3.19;1.05;242575.36;71576.32;0.00;20102.1;12.07;3.56;0.00;05/10/2024 16:21:18;
06/10/2024;4;2.0TD;3;0.000063936155000000;0.201;1.114887040;70.769475;0.557;2.195;68.017475;10.26;17.78628;1.16065;0.75;0.25;21.96167;93.10680;101.96000;84.74000;75.42000;1792.1;275.0;200.0;45.0;23.16;0.000;0.17498;0.04096;0.00;0.000;0.850;0.947;0.000;0.557;56.634;10.39;8.18;17300.0;1081.40;18.92;3.19;1.05;288818.72;83166.08;0.00;19659.0;14.69;4.23;0.00;05/10/2024 16:21:18;
06/10/2024;5;2.0TD;3;0.000061178553000000;0.205;1.141366441;65.881991;0.557;2.195;63.129991;4.88;17.78628;1.16065;0.75;0.25;21.96167;93.10680;101.96000;84.74000;75.42000;1792.1;275.0;200.0;45.0;24.36;0.000;0.17498;0.04096;0.00;0.000;0.786;0.947;0.000;0.557;52.390;5.00;3.00;17162.7;1122.80;20.12;3.19;1.05;298270.60;92919.60;0.00;19441.1;15.34;4.78;0.00;05/10/2024 16:21:18;
06/10/2024;6;2.0TD;3;0.000060564179000000;0.202;1.122661317;65.542117;0.557;2.195;62.790117;4.54;17.78628;1.16065;0.75;0.25;21.96167;93.10680;101.96000;84.74000;75.42000;1792.1;275.0;200.0;45.0;24.55;0.000;0.17498;0.04096;0.00;0.000;0.784;0.947;0.000;0.557;52.238;4.69;2.32;16921.6;1141.40;20.31;3.19;1.05;298927.00;93237.60;0.00;19310.3;15.48;4.83;0.00;05/10/2024 16:21:18;
06/10/2024;7;2.0TD;3;0.000061691976000000;0.198;1.098285836;70.404299;0.557;2.195;67.652299;10.21;17.78628;1.16065;0.75;0.25;21.96167;93.10680;101.96000;84.74000;75.42000;1792.1;275.0;200.0;45.0;23.05;0.000;0.17498;0.04096;0.00;0.000;0.847;0.947;0.000;0.557;56.471;10.39;7.39;17087.1;1111.40;18.81;3.19;1.05;288551.60;84513.92;0.00;19837.4;14.55;4.26;0.00;05/10/2024 16:21:18;
06/10/2024;8;2.0TD;3;0.000065169157000000;0.188;1.042804521;70.539321;0.557;2.195;67.787321;10.39;17.78628;1.16065;0.75;0.25;21.96167;93.10680;101.96000;84.74000;75.42000;1792.1;275.0;200.0;45.0;23.45;0.000;0.17498;0.04096;0.00;0.000;0.856;0.947;0.000;0.557;57.060;10.39;10.39;17584.7;1035.40;19.21;3.19;1.05;286464.00;103477.92;0.00;20300.1;14.11;5.10;0.00;05/10/2024 16:21:18;
06/10/2024;9;2.0TD;3;0.000068401813000000;0.182;1.012306775;69.884912;0.557;2.195;67.132912;10.39;17.78628;1.16065;0.75;0.25;21.96167;93.10680;101.96000;84.74000;75.42000;1792.1;275.0;200.0;45.0;23.19;0.000;0.17498;0.04096;0.00;0.000;0.852;0.947;0.000;0.557;56.796;10.39;10.39;17776.8;1009.70;18.95;3.19;1.05;286110.60;103477.92;0.00;20559.5;13.92;5.03;0.00;05/10/2024 16:21:18;
06/10/2024;10;2.0TD;3;0.000082084370000000;0.167;0.925963357;74.731433;0.557;2.195;71.979433;10.65;17.78628;1.16065;0.75;0.25;21.96167;93.10680;101.96000;84.74000;75.42000;1792.1;275.0;200.0;45.0;27.74;0.000;0.17498;0.04096;0.00;0.000;0.925;0.947;0.000;0.557;61.679;10.39;15.68;20559.9;1078.60;23.50;3.19;1.05;187806.32;318747.60;0.00;21556.9;8.71;14.79;0.00;05/10/2024 16:21:18;
06/10/2024;11;2.0TD;3;0.000094127381000000;0.152;0.846103425;52.450471;0.557;2.195;49.698471;3.32;17.78628;1.16065;0.75;0.25;21.96167;93.10680;101.96000;84.74000;75.42000;1792.1;275.0;200.0;45.0;16.81;0.000;0.17498;0.04096;0.00;0.000;0.647;0.947;0.000;0.557;43.141;3.32;3.32;23038.1;1469.60;12.57;3.19;1.05;151411.40;135065.28;0.00;22797.1;6.64;5.92;0.00;05/10/2024 16:21:18;
06/10/2024;12;2.0TD;3;0.000098573412000000;0.151;0.838692412;43.328242;0.557;2.195;40.576242;0.03;17.78628;1.16065;0.75;0.25;21.96167;93.10680;101.96000;84.74000;75.42000;1792.1;275.0;200.0;45.0;12.33;0.000;0.17498;0.04096;0.00;0.000;0.529;0.947;0.000;0.557;35.253;0.01;0.44;23103.9;1363.90;8.09;3.19;1.05;154216.16;31005.00;0.00;22907.7;6.73;1.35;0.00;05/10/2024 16:21:18;
06/10/2024;13;2.0TD;3;0.000100178837000000;0.147;0.817524927;42.278806;0.557;2.195;39.526806;0.00;17.78628;1.16065;0.75;0.25;21.96167;93.10680;101.96000;84.74000;75.42000;1792.1;275.0;200.0;45.0;11.58;0.000;0.17498;0.04096;0.00;0.000;0.517;0.947;0.000;0.557;34.461;0.00;0.00;23441.4;1379.50;7.34;3.19;1.05;154339.48;13932.16;0.00;22930.0;6.73;0.61;0.00;05/10/2024 16:21:18;
06/10/2024;14;2.0TD;3;0.000105537548000000;0.144;0.799778819;42.186863;0.557;2.195;39.434863;-0.01;17.78628;1.16065;0.75;0.25;21.96167;93.10680;101.96000;84.74000;75.42000;1792.1;275.0;200.0;45.0;11.60;0.000;0.17498;0.04096;0.00;0.000;0.517;0.947;0.000;0.557;34.471;-0.01;0.00;22841.4;2137.30;7.36;3.19;1.05;154814.64;15664.00;0.00;23176.1;6.68;0.68;0.00;05/10/2024 16:21:18;
06/10/2024;15;2.0TD;3;0.000105947098000000;0.145;0.804711376;42.162939;0.557;2.195;39.410939;-0.01;17.78628;1.16065;0.75;0.25;21.96167;93.10680;101.96000;84.74000;75.42000;1792.1;275.0;200.0;45.0;11.55;0.000;0.17498;0.04096;0.00;0.000;0.516;0.947;0.000;0.557;34.420;-0.01;0.00;22857.7;1434.00;7.31;3.19;1.05;154823.24;14009.60;0.00;23087.3;6.71;0.61;0.00;05/10/2024 16:21:18;
06/10/2024;16;2.0TD;3;0.000094516433000000;0.155;0.863021950;43.046524;0.557;2.195;40.294524;-0.01;17.78628;1.16065;0.75;0.25;21.96167;93.10680;101.96000;84.74000;75.42000;1792.1;275.0;200.0;45.0;12.01;0.000;0.17498;0.04096;0.00;0.000;0.523;0.947;0.000;0.557;34.887;-0.01;0.00;22279.7;1277.80;7.77;3.19;1.05;154822.12;15776.00;0.00;21964.6;7.05;0.72;0.00;05/10/2024 16:21:18;
06/10/2024;17;2.0TD;3;0.000088415135000000;0.170;0.943979741;43.534730;0.557;2.195;40.782730;0.00;17.78628;1.16065;0.75;0.25;21.96167;93.10680;101.96000;84.74000;75.42000;1792.1;275.0;200.0;45.0;11.97;0.000;0.17498;0.04096;0.00;0.000;0.523;0.947;0.000;0.557;34.857;0.00;0.00;22199.4;1281.20;7.73;3.19;1.05;154458.80;13974.40;0.00;21775.7;7.09;0.64;0.00;05/10/2024 16:21:18;
06/10/2024;18;2.0TD;3;0.000088874944000000;0.179;0.993388387;46.780616;0.557;2.195;44.028616;0.60;17.78628;1.16065;0.75;0.25;21.96167;93.10680;101.96000;84.74000;75.42000;1792.1;275.0;200.0;45.0;13.82;0.000;0.17498;0.04096;0.00;0.000;0.560;0.947;0.000;0.557;37.344;0.44;3.32;22575.8;1345.90;9.58;3.19;1.05;154026.00;59660.00;0.00;22300.2;6.91;2.68;0.00;05/10/2024 16:21:18;
06/10/2024;19;2.0TD;3;0.000093786232000000;0.178;0.991473203;71.990168;0.557;2.195;69.238168;18.72;17.78628;1.16065;0.75;0.25;21.96167;93.10680;101.96000;84.74000;75.42000;1792.1;275.0;200.0;45.0;16.81;0.000;0.17498;0.04096;0.00;0.000;0.882;0.947;0.000;0.557;58.776;17.76;37.75;22718.3;1142.10;12.57;3.19;1.05;136700.92;152832.00;0.00;23024.5;5.94;6.64;0.00;05/10/2024 16:21:18;
06/10/2024;20;2.0TD;3;0.000105241623000000;0.174;0.968971862;116.295450;0.557;2.195;113.543450;59.34;17.78628;1.16065;0.75;0.25;21.96167;93.10680;101.96000;84.74000;75.42000;1792.1;275.0;200.0;45.0;13.56;0.000;0.17498;0.04096;0.00;0.000;1.451;0.947;0.000;0.557;96.715;59.03;65.02;19256.7;1050.20;9.32;3.19;1.05;113957.84;109020.40;0.00;23916.2;4.76;4.56;0.00;05/10/2024 16:21:18;
06/10/2024;21;2.0TD;3;0.000130573043000000;0.167;0.927119490;132.572621;0.557;2.195;129.820621;78.06;17.78628;1.16065;0.75;0.25;21.96167;93.10680;101.96000;84.74000;75.42000;1792.1;275.0;200.0;45.0;9.15;0.000;0.17498;0.04096;0.00;0.000;1.669;0.947;0.000;0.557;111.243;78.05;78.16;18266.7;1150.90;4.91;3.19;1.05;80872.08;45428.96;0.00;25738.0;3.14;1.77;0.00;05/10/2024 16:21:18;
06/10/2024;22;2.0TD;3;0.000135783051000000;0.165;0.918496664;141.622370;0.557;2.195;138.870370;85.82;17.78628;1.16065;0.75;0.25;21.96167;93.10680;101.96000;84.74000;75.42000;1792.1;275.0;200.0;45.0;9.23;0.000;0.17498;0.04096;0.00;0.000;1.788;0.947;0.000;0.557;119.202;85.23;94.50;18195.2;1247.10;4.99;3.19;1.05;73875.00;29032.64;24859.38;25612.9;2.88;1.13;0.97;05/10/2024 16:21:18;
06/10/2024;23;2.0TD;3;0.000120552216000000;0.168;0.933133505;118.893288;0.557;2.195;116.141288;64.00;17.78628;1.16065;0.75;0.25;21.96167;93.10680;101.96000;84.74000;75.42000;1792.1;275.0;200.0;45.0;11.58;0.000;0.17498;0.04096;0.00;0.000;1.492;0.947;0.000;0.557;99.436;63.50;71.49;17866.9;1196.60;7.34;3.19;1.05;94193.48;61286.40;24859.38;24556.8;3.84;2.50;1.01;05/10/2024 16:21:18;
06/10/2024;24;2.0TD;3;0.000102198024000000;0.178;0.988896467;111.587460;0.557;2.195;108.835460;55.00;17.78628;1.16065;0.75;0.25;21.96167;93.10680;101.96000;84.74000;75.42000;1792.1;275.0;200.0;45.0;13.64;0.000;0.17498;0.04096;0.00;0.000;1.386;0.947;0.000;0.557;92.390;54.90;56.61;17152.6;1104.70;9.40;3.19;1.05;103114.16;86257.04;24859.38;22796.5;4.52;3.78;1.09;05/10/2024 16:21:18;
*
