pvpcdata;
2024;10;09;11;29;36;
14/09/2024;1;2.0TD;3;0.000097366476000000;0.166;0.922907464;99.209553;0.557;2.195;96.457553;55.50;11.26875;1.24448;0.75;0.25;45.61000;90.68500;101.96000;73.51000;91.63000;1790.3;275.0;234.0;48.0;10.24;0.000;0.17498;0.04096;0.00;0.000;1.241;0.947;0.000;0.557;82.725;55.20;60.20;19152.1;1243.10;6.11;3.08;1.05;38418.76;84162.24;24859.38;24127.4;1.59;3.49;1.03;13/09/2024 16:15:19;
14/09/2024;2;2.0TD;3;0.000084944138000000;0.171;0.950656036;99.052902;0.557;2.195;96.300902;54.25;11.26875;1.24448;0.75;0.25;45.61000;90.68500;101.96000;73.51000;91.63000;1790.3;275.0;234.0;48.0;11.01;0.000;0.17498;0.04096;0.00;0.000;1.234;0.947;0.000;0.557;82.238;54.00;58.46;19170.4;1124.30;6.88;3.08;1.05;65165.56;67819.20;24859.38;22930.6;2.84;2.96;1.08;13/09/2024 16:15:19;
14/09/2024;3;2.0TD;3;0.000076092399000000;0.175;0.972162049;95.182404;0.557;2.195;92.430404;50.04;11.26875;1.24448;0.75;0.25;45.61000;90.68500;101.96000;73.51000;91.63000;1790.3;275.0;234.0;48.0;11.70;0.000;0.17498;0.04096;0.00;0.000;1.180;0.947;0.000;0.557;78.664;49.86;52.55;18136.8;1302.70;7.57;3.08;1.05;68181.28;72567.60;24859.38;21884.4;3.12;3.32;1.14;13/09/2024 16:15:19;
14/09/2024;4;2.0TD;3;0.000070816514000000;0.176;0.975011069;89.458685;0.557;2.195;86.706685;46.18;11.26875;1.24448;0.75;0.25;45.61000;90.68500;101.96000;73.51000;91.63000;1790.3;275.0;234.0;48.0;10.70;0.000;0.17498;0.04096;0.00;0.000;1.106;0.947;0.000;0.557;73.730;45.98;48.98;17956.1;1313.50;6.57;3.08;1.05;71308.92;67642.00;0.00;21133.5;3.37;3.20;0.00;13/09/2024 16:15:19;
14/09/2024;5;2.0TD;3;0.000067996022000000;0.178;0.990256450;94.580839;0.557;2.195;91.828839;49.43;11.26875;1.24448;0.75;0.25;45.61000;90.68500;101.96000;73.51000;91.63000;1790.3;275.0;234.0;48.0;11.61;0.000;0.17498;0.04096;0.00;0.000;1.169;0.947;0.000;0.557;77.953;49.08;54.08;16932.0;1262.40;7.48;3.08;1.05;68823.84;85706.40;0.00;20664.9;3.33;4.15;0.00;13/09/2024 16:15:19;
14/09/2024;6;2.0TD;3;0.000067234728000000;0.177;0.984698150;94.502886;0.557;2.195;91.750886;49.28;11.26875;1.24448;0.75;0.25;45.61000;90.68500;101.96000;73.51000;91.63000;1790.3;275.0;234.0;48.0;11.76;0.000;0.17498;0.04096;0.00;0.000;1.169;0.947;0.000;0.557;77.953;48.88;54.87;16994.6;1230.40;7.63;3.08;1.05;68963.48;87707.24;0.00;20520.6;3.36;4.27;0.00;13/09/2024 16:15:19;
14/09/2024;7;2.0TD;3;0.000068442006000000;0.173;0.962503476;99.229108;0.557;2.195;96.477108;55.45;11.26875;1.24448;0.75;0.25;45.61000;90.68500;101.96000;73.51000;91.63000;1790.3;275.0;234.0;48.0;9.82;0.000;0.17498;0.04096;0.00;0.000;1.234;0.947;0.000;0.557;82.248;55.07;60.11;15363.5;1263.90;5.69;3.08;1.05;64361.32;55540.80;0.00;21086.1;3.05;2.63;0.00;13/09/2024 16:15:19;
14/09/2024;8;2.0TD;3;0.000070953201000000;0.168;0.934917142;109.062395;0.557;2.195;106.310395;65.28;11.26875;1.24448;0.75;0.25;45.61000;90.68500;101.96000;73.51000;91.63000;1790.3;275.0;234.0;48.0;8.63;0.000;0.17498;0.04096;0.00;0.000;1.365;0.947;0.000;0.557;91.019;65.00;69.00;15341.1;1166.90;4.50;3.08;1.05;58917.96;39950.00;0.00;21960.0;2.68;1.82;0.00;13/09/2024 16:15:19;
14/09/2024;9;2.0TD;3;0.000076176360000000;0.161;0.894437124;117.925724;0.557;2.195;115.173724;69.07;11.26875;1.24448;0.75;0.25;45.61000;90.68500;101.96000;73.51000;91.63000;1790.3;275.0;234.0;48.0;12.90;0.000;0.17498;0.04096;0.00;0.000;1.488;0.947;0.000;0.557;99.202;68.86;71.99;16466.7;1176.20;8.77;3.08;1.05;44693.08;153791.52;0.00;22627.9;1.98;6.80;0.00;13/09/2024 16:15:19;
14/09/2024;10;2.0TD;3;0.000090637665000000;0.145;0.804250869;105.691134;0.557;2.195;102.939134;56.34;11.26875;1.24448;0.75;0.25;45.61000;90.68500;101.96000;73.51000;91.63000;1790.3;275.0;234.0;48.0;16.47;0.000;0.17498;0.04096;0.00;0.000;1.349;0.947;0.000;0.557;89.903;56.18;59.18;19802.3;1104.20;12.34;3.08;1.05;111261.60;181555.20;0.00;23736.6;4.69;7.65;0.00;13/09/2024 16:15:19;
14/09/2024;11;2.0TD;3;0.000100540262000000;0.138;0.769133468;46.036028;0.557;2.195;43.284028;10.17;11.26875;1.24448;0.75;0.25;45.61000;90.68500;101.96000;73.51000;91.63000;1790.3;275.0;234.0;48.0;11.55;0.000;0.17498;0.04096;0.00;0.000;0.571;0.947;0.000;0.557;38.035;10.00;14.10;24473.7;1064.90;7.42;3.08;1.05;151510.60;32245.60;0.00;24753.7;6.12;1.30;0.00;13/09/2024 16:15:19;
14/09/2024;12;2.0TD;3;0.000103144388000000;0.138;0.767876700;33.881050;0.557;2.195;31.129050;0.51;11.26875;1.24448;0.75;0.25;45.61000;90.68500;101.96000;73.51000;91.63000;1790.3;275.0;234.0;48.0;10.69;0.000;0.17498;0.04096;0.00;0.000;0.410;0.947;0.000;0.557;27.354;0.44;1.90;24899.8;1346.70;6.56;3.08;1.05;160585.24;2992.96;0.00;24935.0;6.44;0.12;0.00;13/09/2024 16:15:19;
14/09/2024;13;2.0TD;3;0.000105405565000000;0.134;0.746669594;33.633285;0.557;2.195;30.881285;0.44;11.26875;1.24448;0.75;0.25;45.61000;90.68500;101.96000;73.51000;91.63000;1790.3;275.0;234.0;48.0;10.64;0.000;0.17498;0.04096;0.00;0.000;0.408;0.947;0.000;0.557;27.232;0.44;0.44;25137.3;1266.20;6.51;3.08;1.05;160565.12;2018.56;0.00;24961.4;6.43;0.08;0.00;13/09/2024 16:15:19;
14/09/2024;14;2.0TD;3;0.000113263032000000;0.131;0.730271452;34.505022;0.557;2.195;31.753022;0.84;11.26875;1.24448;0.75;0.25;45.61000;90.68500;101.96000;73.51000;91.63000;1790.3;275.0;234.0;48.0;11.07;0.000;0.17498;0.04096;0.00;0.000;0.421;0.947;0.000;0.557;28.075;0.79;1.90;25817.2;1164.20;6.94;3.08;1.05;173515.88;1975.32;0.00;25283.9;6.86;0.08;0.00;13/09/2024 16:15:19;
14/09/2024;15;2.0TD;3;0.000114327645000000;0.131;0.726917005;34.172508;0.557;2.195;31.420508;0.48;11.26875;1.24448;0.75;0.25;45.61000;90.68500;101.96000;73.51000;91.63000;1790.3;275.0;234.0;48.0;11.14;0.000;0.17498;0.04096;0.00;0.000;0.417;0.947;0.000;0.557;27.781;0.44;1.44;25601.3;1183.90;7.01;3.08;1.05;173783.08;1865.28;0.00;25048.2;6.94;0.07;0.00;13/09/2024 16:15:19;
14/09/2024;16;2.0TD;3;0.000104594313000000;0.141;0.783451713;34.090904;0.557;2.195;31.338904;0.44;11.26875;1.24448;0.75;0.25;45.61000;90.68500;101.96000;73.51000;91.63000;1790.3;275.0;234.0;48.0;10.87;0.000;0.17498;0.04096;0.00;0.000;0.412;0.947;0.000;0.557;27.466;0.44;0.44;24972.1;1323.80;6.74;3.08;1.05;160569.44;2569.60;0.00;24205.4;6.63;0.11;0.00;13/09/2024 16:15:19;
14/09/2024;17;2.0TD;3;0.000099513920000000;0.146;0.810352822;34.345127;0.557;2.195;31.593127;0.44;11.26875;1.24448;0.75;0.25;45.61000;90.68500;101.96000;73.51000;91.63000;1790.3;275.0;234.0;48.0;10.97;0.000;0.17498;0.04096;0.00;0.000;0.414;0.947;0.000;0.557;27.568;0.44;0.44;24583.8;1582.70;6.84;3.08;1.05;160557.96;2996.72;0.00;23910.2;6.72;0.13;0.00;13/09/2024 16:15:19;
14/09/2024;18;2.0TD;3;0.000099817914000000;0.153;0.850579748;48.338362;0.557;2.195;45.586362;11.39;11.26875;1.24448;0.75;0.25;45.61000;90.68500;101.96000;73.51000;91.63000;1790.3;275.0;234.0;48.0;11.81;0.000;0.17498;0.04096;0.00;0.000;0.593;0.947;0.000;0.557;39.537;11.25;14.25;24989.5;1196.50;7.68;3.08;1.05;150142.08;35209.20;0.00;24122.5;6.22;1.46;0.00;13/09/2024 16:15:19;
14/09/2024;19;2.0TD;3;0.000102083646000000;0.155;0.862169544;100.268851;0.557;2.195;97.516851;55.20;11.26875;1.24448;0.75;0.25;45.61000;90.68500;101.96000;73.51000;91.63000;1790.3;275.0;234.0;48.0;12.22;0.000;0.17498;0.04096;0.00;0.000;1.266;0.947;0.000;0.557;84.430;55.20;55.20;22857.8;1066.80;8.09;3.08;1.05;77945.88;120389.12;0.00;24528.9;3.18;4.91;0.00;13/09/2024 16:15:19;
14/09/2024;20;2.0TD;3;0.000104261791000000;0.158;0.876769796;141.281425;0.557;2.195;138.529425;89.73;11.26875;1.24448;0.75;0.25;45.61000;90.68500;101.96000;73.51000;91.63000;1790.3;275.0;234.0;48.0;12.36;0.000;0.17498;0.04096;0.00;0.000;1.794;0.947;0.000;0.557;119.628;89.55;92.55;17910.4;1160.80;8.23;3.08;1.05;58537.68;142467.52;0.00;24422.4;2.40;5.83;0.00;13/09/2024 16:15:19;
14/09/2024;21;2.0TD;3;0.000117140530000000;0.159;0.885265596;148.708549;0.557;2.195;145.956549;101.74;11.26875;1.24448;0.75;0.25;45.61000;90.68500;101.96000;73.51000;91.63000;1790.3;275.0;234.0;48.0;6.56;0.000;0.17498;0.04096;0.00;0.000;1.889;0.947;0.000;0.557;125.933;101.72;101.94;17279.6;1609.40;2.43;3.08;1.05;55871.84;6470.88;0.00;25670.3;2.18;0.25;0.00;13/09/2024 16:15:19;
14/09/2024;22;2.0TD;3;0.000131709192000000;0.157;0.869545316;155.645123;0.557;2.195;152.893123;106.91;11.26875;1.24448;0.75;0.25;45.61000;90.68500;101.96000;73.51000;91.63000;1790.3;275.0;234.0;48.0;7.51;0.000;0.17498;0.04096;0.00;0.000;1.982;0.947;0.000;0.557;132.146;106.85;107.56;17725.9;1705.70;3.38;3.08;1.05;59493.00;3387.76;24859.38;26010.4;2.29;0.13;0.96;13/09/2024 16:15:19;
14/09/2024;23;2.0TD;3;0.000122501165000000;0.162;0.901196142;133.549246;0.557;2.195;130.797246;88.31;11.26875;1.24448;0.75;0.25;45.61000;90.68500;101.96000;73.51000;91.63000;1790.3;275.0;234.0;48.0;6.82;0.000;0.17498;0.04096;0.00;0.000;1.688;0.947;0.000;0.557;112.562;87.99;92.78;17559.4;1267.80;2.69;3.08;1.05;37625.48;3196.00;24859.38;24472.0;1.54;0.13;1.02;13/09/2024 16:15:19;
14/09/2024;24;2.0TD;3;0.000109318774000000;0.167;0.926672723;127.572189;0.557;2.195;124.820189;81.23;11.26875;1.24448;0.75;0.25;45.61000;90.68500;101.96000;73.51000;91.63000;1790.3;275.0;234.0;48.0;8.38;0.000;0.17498;0.04096;0.00;0.000;1.604;0.947;0.000;0.557;106.958;80.98;83.99;16365.0;1459.60;4.25;3.08;1.05;41127.32;32111.52;24859.38;23069.4;1.78;1.39;1.08;13/09/2024 16:15:19;
*
