pvpcdata;
2024;03;11;12;38;44;
28/02/2024;1;2.0TD;3;0.000108596885000000;0.230;1.275811815;49.961187;0.557;2.195;47.209187;3.05;21.90259;0.77420;0.75;0.25;9.34625;96.95660;101.96000;97.42000;68.27000;2583.3;275.0;177.0;48.0;16.46;0.000;0.17498;0.04096;0.00;0.000;0.000;0.576;0.565;0.000;0.557;38.381;3.20;0.17;24134.0;1259.00;11.43;3.48;1.55;243038.64;20922.00;24859.38;25258.2;9.62;0.83;0.98;27/02/2024 16:06:15;
28/02/2024;2;2.0TD;3;0.000089145458000000;0.238;1.321397731;51.298254;0.557;2.195;48.546254;3.09;21.90259;0.77420;0.75;0.25;9.34625;96.95660;101.96000;97.42000;68.27000;2583.3;275.0;177.0;48.0;17.24;0.000;0.17498;0.04096;0.00;0.000;0.000;0.588;0.565;0.000;0.557;39.213;3.20;1.20;22618.1;1305.80;12.21;3.48;1.55;243102.12;20618.00;24859.38;23637.5;10.28;0.87;1.05;27/02/2024 16:06:15;
28/02/2024;3;2.0TD;3;0.000078802568000000;0.242;1.346291745;54.266996;0.557;2.195;51.514996;3.09;21.90259;0.77420;0.75;0.25;9.34625;96.95660;101.96000;97.42000;68.27000;2583.3;275.0;177.0;48.0;19.47;0.000;0.17498;0.04096;0.00;0.000;0.000;0.622;0.565;0.000;0.557;41.477;3.20;1.20;21763.4;1245.00;14.44;3.48;1.55;243077.68;58174.48;24859.38;22579.6;10.77;2.58;1.10;27/02/2024 16:06:15;
28/02/2024;4;2.0TD;3;0.000073772869000000;0.246;1.364809172;53.484700;0.557;2.195;50.732700;3.16;21.90259;0.77420;0.75;0.25;9.34625;96.95660;101.96000;97.42000;68.27000;2583.3;275.0;177.0;48.0;18.65;0.000;0.17498;0.04096;0.00;0.000;0.000;0.611;0.565;0.000;0.557;40.716;3.20;2.51;21307.2;1234.90;13.62;3.48;1.55;243076.08;58211.16;0.00;22123.2;10.99;2.63;0.00;27/02/2024 16:06:15;
28/02/2024;5;2.0TD;3;0.000072094173000000;0.246;1.367023660;53.610546;0.557;2.195;50.858546;3.19;21.90259;0.77420;0.75;0.25;9.34625;96.95660;101.96000;97.42000;68.27000;2583.3;275.0;177.0;48.0;18.72;0.000;0.17498;0.04096;0.00;0.000;0.000;0.612;0.565;0.000;0.557;40.817;3.20;3.05;21182.9;1202.40;13.69;3.48;1.55;243065.12;58137.80;0.00;21996.0;11.05;2.64;0.00;27/02/2024 16:06:15;
28/02/2024;6;2.0TD;3;0.000074668574000000;0.242;1.345470221;51.063878;0.557;2.195;48.311878;3.19;21.90259;0.77420;0.75;0.25;9.34625;96.95660;101.96000;97.42000;68.27000;2583.3;275.0;177.0;48.0;16.83;0.000;0.17498;0.04096;0.00;0.000;0.000;0.583;0.565;0.000;0.557;38.898;3.20;3.05;21744.3;1259.60;11.80;3.48;1.55;243155.32;24347.40;0.00;22665.2;10.73;1.07;0.00;27/02/2024 16:06:15;
28/02/2024;7;2.0TD;3;0.000086354716000000;0.225;1.251682992;50.378105;0.557;2.195;47.626105;3.20;21.90259;0.77420;0.75;0.25;9.34625;96.95660;101.96000;97.42000;68.27000;2583.3;275.0;177.0;48.0;16.80;0.000;0.17498;0.04096;0.00;0.000;0.000;0.583;0.565;0.000;0.557;38.878;3.20;3.20;24046.5;1481.60;11.77;3.48;1.55;254230.12;21528.80;24859.38;25538.4;9.95;0.84;0.97;27/02/2024 16:06:15;
28/02/2024;8;2.0TD;3;0.000110553685000000;0.212;1.179600371;51.730681;0.557;2.195;48.978681;5.66;21.90259;0.77420;0.75;0.25;9.34625;96.95660;101.96000;97.42000;68.27000;2583.3;275.0;177.0;48.0;15.85;0.000;0.17498;0.04096;0.00;0.000;0.000;0.606;0.565;0.000;0.557;40.411;5.68;5.22;26421.6;1072.40;10.82;3.48;1.55;268594.52;26878.40;24859.38;29617.7;9.07;0.91;0.84;27/02/2024 16:06:15;
28/02/2024;9;2.0TD;2;0.000119741111000000;0.202;1.240386780;76.518334;19.184;8.779;48.555334;5.83;21.90259;0.77420;0.75;0.25;9.34625;96.95660;101.96000;97.42000;68.27000;2583.3;275.0;177.0;48.0;15.51;0.154;0.17498;0.04096;0.00;0.000;0.000;0.606;0.565;0.000;0.557;40.395;5.90;4.40;28220.4;1320.80;10.48;3.48;1.55;270677.72;35771.40;24859.38;31640.2;8.55;1.13;0.79;27/02/2024 16:06:15;
28/02/2024;10;2.0TD;2;0.000122078732000000;0.192;1.180744221;71.177116;19.184;8.779;43.214116;3.20;21.90259;0.77420;0.75;0.25;9.34625;96.95660;101.96000;97.42000;68.27000;2583.3;275.0;177.0;48.0;14.06;0.154;0.17498;0.04096;0.00;0.000;0.000;0.544;0.565;0.000;0.557;36.253;3.20;3.20;32137.4;1548.00;9.03;3.48;1.55;243883.52;16867.20;24859.38;31629.7;7.71;0.53;0.79;27/02/2024 16:06:15;
28/02/2024;11;2.0TD;1;0.000124868157000000;0.186;1.112882995;118.131109;33.081;43.893;41.157109;0.41;21.90259;0.77420;0.75;0.25;9.34625;96.95660;101.96000;97.42000;68.27000;2583.3;275.0;177.0;48.0;14.55;0.926;0.17498;0.04096;0.00;0.000;0.000;0.521;0.565;0.000;0.557;34.702;0.43;0.00;33361.9;1471.20;9.52;3.48;1.55;254675.80;18574.40;24859.38;31308.1;8.13;0.59;0.79;27/02/2024 16:06:15;
28/02/2024;12;2.0TD;1;0.000123000832000000;0.185;1.107183576;120.212816;33.081;43.893;43.238816;-0.19;21.90259;0.77420;0.75;0.25;9.34625;96.95660;101.96000;97.42000;68.27000;2583.3;275.0;177.0;48.0;16.91;0.926;0.17498;0.04096;0.00;0.000;0.000;0.547;0.565;0.000;0.557;36.488;0.00;-5.00;33689.0;1449.30;11.88;3.48;1.55;291951.88;50379.32;24859.38;30900.2;9.45;1.63;0.80;27/02/2024 16:06:15;
28/02/2024;13;2.0TD;1;0.000122709819000000;0.182;1.088951882;120.259375;33.081;43.893;43.285375;-0.19;21.90259;0.77420;0.75;0.25;9.34625;96.95660;101.96000;97.42000;68.27000;2583.3;275.0;177.0;48.0;17.04;0.926;0.17498;0.04096;0.00;0.000;0.000;0.549;0.565;0.000;0.557;36.620;0.00;-5.01;33738.9;1326.40;12.01;3.48;1.55;291952.04;50429.76;24859.38;30556.2;9.55;1.65;0.81;27/02/2024 16:06:15;
28/02/2024;14;2.0TD;1;0.000128857984000000;0.177;1.062757933;119.862059;33.081;43.893;42.888059;-0.26;21.90259;0.77420;0.75;0.25;9.34625;96.95660;101.96000;97.42000;68.27000;2583.3;275.0;177.0;48.0;16.93;0.926;0.17498;0.04096;0.00;0.000;0.000;0.547;0.565;0.000;0.557;36.438;0.00;-6.99;33646.1;1368.00;11.90;3.48;1.55;291952.12;47430.72;24859.38;30599.4;9.54;1.55;0.81;27/02/2024 16:06:15;
28/02/2024;15;2.0TD;2;0.000129683360000000;0.179;1.098692314;69.904101;19.184;8.779;41.941101;-0.23;21.90259;0.77420;0.75;0.25;9.34625;96.95660;101.96000;97.42000;68.27000;2583.3;275.0;177.0;48.0;16.82;0.154;0.17498;0.04096;0.00;0.000;0.000;0.534;0.565;0.000;0.557;35.573;0.00;-5.99;33348.1;1407.80;11.79;3.48;1.55;282184.68;50718.48;24859.38;30355.2;9.30;1.67;0.82;27/02/2024 16:06:15;
28/02/2024;16;2.0TD;2;0.000123844910000000;0.185;1.135775554;70.465931;19.184;8.779;42.502931;-0.20;21.90259;0.77420;0.75;0.25;9.34625;96.95660;101.96000;97.42000;68.27000;2583.3;275.0;177.0;48.0;17.08;0.154;0.17498;0.04096;0.00;0.000;0.000;0.538;0.565;0.000;0.557;35.867;0.00;-5.00;33254.6;1434.50;12.05;3.48;1.55;282184.60;50846.80;24859.38;29715.5;9.50;1.71;0.84;27/02/2024 16:06:15;
28/02/2024;17;2.0TD;2;0.000119101487000000;0.192;1.177662144;71.165196;19.184;8.779;43.202196;-0.20;21.90259;0.77420;0.75;0.25;9.34625;96.95660;101.96000;97.42000;68.27000;2583.3;275.0;177.0;48.0;17.45;0.154;0.17498;0.04096;0.00;0.000;0.000;0.544;0.565;0.000;0.557;36.243;0.00;-5.00;32361.8;1386.70;12.42;3.48;1.55;272416.96;69022.40;24859.38;29498.0;9.24;2.34;0.84;27/02/2024 16:06:15;
28/02/2024;18;2.0TD;2;0.000121299649000000;0.195;1.197587531;72.790381;19.184;8.779;44.827381;3.20;21.90259;0.77420;0.75;0.25;9.34625;96.95660;101.96000;97.42000;68.27000;2583.3;275.0;177.0;48.0;15.30;0.154;0.17498;0.04096;0.00;0.000;0.000;0.563;0.565;0.000;0.557;37.512;3.20;3.20;31105.8;1470.90;10.27;3.48;1.55;214629.16;64364.80;24859.38;29587.0;7.25;2.18;0.84;27/02/2024 16:06:15;
28/02/2024;19;2.0TD;1;0.000132915657000000;0.198;1.184561466;128.495730;33.081;43.893;51.521730;10.69;21.90259;0.77420;0.75;0.25;9.34625;96.95660;101.96000;97.42000;68.27000;2583.3;275.0;177.0;48.0;12.45;0.926;0.17498;0.04096;0.00;0.000;0.000;0.645;0.565;0.000;0.557;43.006;10.54;14.00;28572.6;1310.30;7.42;3.48;1.55;138550.76;58943.36;24859.38;29967.6;4.62;1.97;0.83;27/02/2024 16:06:15;
28/02/2024;20;2.0TD;1;0.000161608341000000;0.199;1.190211034;143.997444;33.081;43.893;67.023444;25.14;21.90259;0.77420;0.75;0.25;9.34625;96.95660;101.96000;97.42000;68.27000;2583.3;275.0;177.0;48.0;10.70;0.926;0.17498;0.04096;0.00;0.000;0.000;0.838;0.565;0.000;0.557;55.899;25.00;27.98;26672.1;1331.10;5.67;3.48;1.55;126132.12;31698.96;24859.38;32239.9;3.91;0.98;0.77;27/02/2024 16:06:15;
28/02/2024;21;2.0TD;1;0.000180543346000000;0.198;1.185765125;193.784334;33.081;43.893;116.810334;66.96;21.90259;0.77420;0.75;0.25;9.34625;96.95660;101.96000;97.42000;68.27000;2583.3;275.0;177.0;48.0;9.86;0.926;0.17498;0.04096;0.00;0.000;0.000;1.463;0.565;0.000;0.557;97.504;66.96;66.96;27102.1;1579.20;4.83;3.48;1.55;88819.32;45007.20;24859.38;32901.5;2.70;1.37;0.76;27/02/2024 16:06:15;
28/02/2024;22;2.0TD;1;0.000182211622000000;0.197;1.180667605;174.193685;33.081;43.893;97.219685;50.00;21.90259;0.77420;0.75;0.25;9.34625;96.95660;101.96000;97.42000;68.27000;2583.3;275.0;177.0;48.0;10.78;0.926;0.17498;0.04096;0.00;0.000;0.000;1.218;0.565;0.000;0.557;81.219;50.00;50.00;26347.8;1491.70;5.75;3.48;1.55;106486.24;52348.80;24859.38;31980.2;3.33;1.64;0.78;27/02/2024 16:06:15;
28/02/2024;23;2.0TD;2;0.000164811854000000;0.203;1.247282274;88.320461;19.184;8.779;60.357461;19.90;21.90259;0.77420;0.75;0.25;9.34625;96.95660;101.96000;97.42000;68.27000;2583.3;275.0;177.0;48.0;11.07;0.154;0.17498;0.04096;0.00;0.000;0.000;0.753;0.565;0.000;0.557;50.172;19.71;24.00;24427.4;1151.10;6.04;3.48;1.55;113536.56;38966.80;24859.38;29401.4;3.86;1.33;0.85;27/02/2024 16:06:15;
28/02/2024;24;2.0TD;2;0.000136523358000000;0.209;1.279948292;77.353615;19.184;8.779;49.390615;11.43;21.90259;0.77420;0.75;0.25;9.34625;96.95660;101.96000;97.42000;68.27000;2583.3;275.0;177.0;48.0;10.36;0.154;0.17498;0.04096;0.00;0.000;0.000;0.613;0.565;0.000;0.557;40.852;11.29;14.28;22556.7;1074.90;5.33;3.48;1.55;98416.84;17364.48;24859.38;26396.4;3.73;0.66;0.94;27/02/2024 16:06:15;
*
