pvpcdata;
2024;06;11;12;31;07;
18/05/2024;1;2.0TD;3;0.000087655295000000;0.192;1.068751721;119.797171;0.557;2.195;117.045171;71.28;10.60730;1.09442;0.75;0.25;32.98958;75.41880;101.96000;48.69000;28.32000;1790.9;275.0;154.0;61.0;12.11;0.000;0.17498;0.04096;0.00;0.000;1.473;0.947;0.000;0.557;98.192;71.37;70.00;15725.1;1171.40;7.70;3.16;1.25;145519.56;7980.24;24859.38;23162.1;6.28;0.34;1.07;17/05/2024 16:08:22;
18/05/2024;2;2.0TD;3;0.000074145102000000;0.195;1.081808163;112.775958;0.557;2.195;110.023958;63.23;10.60730;1.09442;0.75;0.25;32.98958;75.41880;101.96000;48.69000;28.32000;1790.9;275.0;154.0;61.0;14.13;0.000;0.17498;0.04096;0.00;0.000;1.381;0.947;0.000;0.557;92.070;63.23;63.22;16566.8;1034.20;9.72;3.16;1.25;162539.40;24128.00;24859.38;21767.0;7.47;1.11;1.14;17/05/2024 16:08:22;
18/05/2024;3;2.0TD;3;0.000065172110000000;0.198;1.099905606;94.979141;0.557;2.195;92.227141;45.54;10.60730;1.09442;0.75;0.25;32.98958;75.41880;101.96000;48.69000;28.32000;1790.9;275.0;154.0;61.0;16.96;0.000;0.17498;0.04096;0.00;0.000;1.155;0.947;0.000;0.557;76.984;45.13;51.39;16530.5;1151.10;12.55;3.16;1.25;197560.28;38352.00;24859.38;20783.2;9.51;1.85;1.20;17/05/2024 16:08:22;
18/05/2024;4;2.0TD;3;0.000060239078000000;0.197;1.096142342;95.582053;0.557;2.195;92.830053;45.29;10.60730;1.09442;0.75;0.25;32.98958;75.41880;101.96000;48.69000;28.32000;1790.9;275.0;154.0;61.0;17.77;0.000;0.17498;0.04096;0.00;0.000;1.163;0.947;0.000;0.557;77.552;44.98;49.98;15813.6;1051.80;13.36;3.16;1.25;223632.76;44552.24;0.00;20073.0;11.14;2.22;0.00;17/05/2024 16:08:22;
18/05/2024;5;2.0TD;3;0.000058109355000000;0.197;1.095726507;99.544123;0.557;2.195;96.792123;47.78;10.60730;1.09442;0.75;0.25;32.98958;75.41880;101.96000;48.69000;28.32000;1790.9;275.0;154.0;61.0;18.54;0.000;0.17498;0.04096;0.00;0.000;1.213;0.947;0.000;0.557;80.862;47.78;47.78;15610.1;801.30;14.13;3.16;1.25;224053.96;55610.40;0.00;19798.8;11.32;2.81;0.00;17/05/2024 16:08:22;
18/05/2024;6;2.0TD;3;0.000057464366000000;0.198;1.099780341;100.208411;0.557;2.195;97.456411;48.16;10.60730;1.09442;0.75;0.25;32.98958;75.41880;101.96000;48.69000;28.32000;1790.9;275.0;154.0;61.0;18.64;0.000;0.17498;0.04096;0.00;0.000;1.220;0.947;0.000;0.557;81.349;48.16;48.11;15505.5;810.70;14.23;3.16;1.25;223374.16;56569.20;0.00;19676.5;11.35;2.87;0.00;17/05/2024 16:08:22;
18/05/2024;7;2.0TD;3;0.000056823811000000;0.195;1.083583981;102.063978;0.557;2.195;99.311978;50.75;10.60730;1.09442;0.75;0.25;32.98958;75.41880;101.96000;48.69000;28.32000;1790.9;275.0;154.0;61.0;17.78;0.000;0.17498;0.04096;0.00;0.000;1.247;0.947;0.000;0.557;83.106;50.85;48.84;16094.2;817.30;13.37;3.16;1.25;217868.56;51887.20;0.00;20176.3;10.80;2.57;0.00;17/05/2024 16:08:22;
18/05/2024;8;2.0TD;3;0.000057959610000000;0.191;1.061158451;93.473159;0.557;2.195;90.721159;43.89;10.60730;1.09442;0.75;0.25;32.98958;75.41880;101.96000;48.69000;28.32000;1790.9;275.0;154.0;61.0;17.81;0.000;0.17498;0.04096;0.00;0.000;1.143;0.947;0.000;0.557;76.172;43.48;50.44;16281.4;1029.10;13.40;3.16;1.25;225414.36;48707.04;0.00;20463.2;11.02;2.38;0.00;17/05/2024 16:08:22;
18/05/2024;9;2.0TD;3;0.000072617040000000;0.172;0.956674471;81.447414;0.557;2.195;78.695414;31.88;10.60730;1.09442;0.75;0.25;32.98958;75.41880;101.96000;48.69000;28.32000;1790.9;275.0;154.0;61.0;20.93;0.000;0.17498;0.04096;0.00;0.000;1.007;0.947;0.000;0.557;67.146;31.96;30.95;17251.4;1464.40;16.52;3.16;1.25;261499.24;103092.96;0.00;22071.5;11.85;4.67;0.00;17/05/2024 16:08:22;
18/05/2024;10;2.0TD;3;0.000091609356000000;0.159;0.881054593;67.536922;0.557;2.195;64.784922;20.34;10.60730;1.09442;0.75;0.25;32.98958;75.41880;101.96000;48.69000;28.32000;1790.9;275.0;154.0;61.0;21.39;0.000;0.17498;0.04096;0.00;0.000;0.838;0.947;0.000;0.557;55.897;20.60;16.80;22806.1;1704.70;16.98;3.16;1.25;303948.36;95826.12;0.00;23544.4;12.91;4.07;0.00;17/05/2024 16:08:22;
18/05/2024;11;2.0TD;3;0.000103677789000000;0.152;0.846162767;51.486505;0.557;2.195;48.734505;9.24;10.60730;1.09442;0.75;0.25;32.98958;75.41880;101.96000;48.69000;28.32000;1790.9;275.0;154.0;61.0;19.10;0.000;0.17498;0.04096;0.00;0.000;0.635;0.947;0.000;0.557;42.304;9.43;5.60;26257.3;1402.70;14.69;3.16;1.25;241825.96;115007.36;0.00;24285.1;9.96;4.74;0.00;17/05/2024 16:08:22;
18/05/2024;12;2.0TD;3;0.000106258880000000;0.151;0.837081881;37.514799;0.557;2.195;34.762799;0.67;10.60730;1.09442;0.75;0.25;32.98958;75.41880;101.96000;48.69000;28.32000;1790.9;275.0;154.0;61.0;15.75;0.000;0.17498;0.04096;0.00;0.000;0.453;0.947;0.000;0.557;30.202;0.71;0.00;27333.0;1839.60;11.34;3.16;1.25;256578.92;18017.72;0.00;24205.3;10.60;0.74;0.00;17/05/2024 16:08:22;
18/05/2024;13;2.0TD;3;0.000107703649000000;0.149;0.828734443;36.673074;0.557;2.195;33.921074;-0.31;10.60730;1.09442;0.75;0.25;32.98958;75.41880;101.96000;48.69000;28.32000;1790.9;275.0;154.0;61.0;16.06;0.000;0.17498;0.04096;0.00;0.000;0.443;0.947;0.000;0.557;29.522;0.00;-3.80;27342.8;2411.40;11.65;3.16;1.25;267947.08;13777.20;0.00;24184.5;11.08;0.57;0.00;17/05/2024 16:08:22;
18/05/2024;14;2.0TD;3;0.000114439138000000;0.146;0.812041559;36.584508;0.557;2.195;33.832508;-0.30;10.60730;1.09442;0.75;0.25;32.98958;75.41880;101.96000;48.69000;28.32000;1790.9;275.0;154.0;61.0;16.05;0.000;0.17498;0.04096;0.00;0.000;0.443;0.947;0.000;0.557;29.522;0.00;-3.80;27578.1;2380.30;11.64;3.16;1.25;270858.88;12751.92;0.00;24372.7;11.11;0.52;0.00;17/05/2024 16:08:22;
18/05/2024;15;2.0TD;3;0.000112554851000000;0.147;0.813990888;37.079712;0.557;2.195;34.327712;-0.39;10.60730;1.09442;0.75;0.25;32.98958;75.41880;101.96000;48.69000;28.32000;1790.9;275.0;154.0;61.0;16.54;0.000;0.17498;0.04096;0.00;0.000;0.449;0.947;0.000;0.557;29.928;0.00;-4.83;26897.1;2414.50;12.13;3.16;1.25;271815.56;19200.00;0.00;23992.9;11.33;0.80;0.00;17/05/2024 16:08:22;
18/05/2024;16;2.0TD;3;0.000097632663000000;0.157;0.870383489;37.954023;0.557;2.195;35.202023;-0.48;10.60730;1.09442;0.75;0.25;32.98958;75.41880;101.96000;48.69000;28.32000;1790.9;275.0;154.0;61.0;17.12;0.000;0.17498;0.04096;0.00;0.000;0.456;0.947;0.000;0.557;30.425;0.00;-5.62;25468.9;2385.50;12.71;3.16;1.25;271858.64;19188.00;0.00;22898.5;11.87;0.84;0.00;17/05/2024 16:08:22;
18/05/2024;17;2.0TD;3;0.000088207706000000;0.162;0.901695818;41.020446;0.557;2.195;38.268446;0.00;10.60730;1.09442;0.75;0.25;32.98958;75.41880;101.96000;48.69000;28.32000;1790.9;275.0;154.0;61.0;19.11;0.000;0.17498;0.04096;0.00;0.000;0.494;0.947;0.000;0.557;32.933;0.00;-0.01;23922.0;1947.10;14.70;3.16;1.25;302467.20;19188.00;0.00;21878.2;13.83;0.88;0.00;17/05/2024 16:08:22;
18/05/2024;18;2.0TD;3;0.000085242105000000;0.168;0.932068614;46.175037;0.557;2.195;43.423037;4.90;10.60730;1.09442;0.75;0.25;32.98958;75.41880;101.96000;48.69000;28.32000;1790.9;275.0;154.0;61.0;18.39;0.000;0.17498;0.04096;0.00;0.000;0.558;0.947;0.000;0.557;37.177;4.90;4.90;25299.6;2051.50;13.98;3.16;1.25;285353.28;24122.40;0.00;22143.8;12.89;1.09;0.00;17/05/2024 16:08:22;
18/05/2024;19;2.0TD;3;0.000085510464000000;0.172;0.954112010;63.754902;0.557;2.195;61.002902;15.25;10.60730;1.09442;0.75;0.25;32.98958;75.41880;101.96000;48.69000;28.32000;1790.9;275.0;154.0;61.0;22.69;0.000;0.17498;0.04096;0.00;0.000;0.781;0.947;0.000;0.557;52.050;15.25;15.25;23059.5;1305.00;18.28;3.16;1.25;251121.64;160005.72;0.00;22493.8;11.16;7.11;0.00;17/05/2024 16:08:22;
18/05/2024;20;2.0TD;3;0.000087163500000000;0.183;1.015232179;87.086009;0.557;2.195;84.334009;34.99;10.60730;1.09442;0.75;0.25;32.98958;75.41880;101.96000;48.69000;28.32000;1790.9;275.0;154.0;61.0;21.90;0.000;0.17498;0.04096;0.00;0.000;1.069;0.947;0.000;0.557;71.288;35.00;34.85;18865.2;998.10;17.49;3.16;1.25;128988.44;274636.80;0.00;23076.1;5.59;11.90;0.00;17/05/2024 16:08:22;
18/05/2024;21;2.0TD;3;0.000094186255000000;0.186;1.033490516;98.281048;0.557;2.195;95.529048;45.42;10.60730;1.09442;0.75;0.25;32.98958;75.41880;101.96000;48.69000;28.32000;1790.9;275.0;154.0;61.0;20.59;0.000;0.17498;0.04096;0.00;0.000;1.208;0.947;0.000;0.557;80.547;45.42;45.42;18811.8;910.80;16.18;3.16;1.25;92406.68;294963.60;0.00;23946.4;3.86;12.32;0.00;17/05/2024 16:08:22;
18/05/2024;22;2.0TD;3;0.000111951529000000;0.188;1.047212486;117.450142;0.557;2.195;114.698142;72.87;10.60730;1.09442;0.75;0.25;32.98958;75.41880;101.96000;48.69000;28.32000;1790.9;275.0;154.0;61.0;8.90;0.000;0.17498;0.04096;0.00;0.000;1.448;0.947;0.000;0.557;96.547;72.87;72.87;19726.1;963.30;4.49;3.16;1.25;70383.56;17258.40;24859.38;25011.9;2.81;0.69;0.99;17/05/2024 16:08:22;
18/05/2024;23;2.0TD;3;0.000113842519000000;0.193;1.072635868;120.840220;0.557;2.195;118.088220;74.42;10.60730;1.09442;0.75;0.25;32.98958;75.41880;101.96000;48.69000;28.32000;1790.9;275.0;154.0;61.0;9.75;0.000;0.17498;0.04096;0.00;0.000;1.485;0.947;0.000;0.557;98.984;74.46;73.47;19122.8;887.40;5.34;3.16;1.25;86953.56;18217.20;24859.38;24333.1;3.57;0.75;1.02;17/05/2024 16:08:22;
18/05/2024;24;2.0TD;3;0.000100442559000000;0.198;1.100864828;111.799061;0.557;2.195;109.047061;66.07;10.60730;1.09442;0.75;0.25;32.98958;75.41880;101.96000;48.69000;28.32000;1790.9;275.0;154.0;61.0;10.26;0.000;0.17498;0.04096;0.00;0.000;1.365;0.947;0.000;0.557;91.024;66.17;64.17;17477.1;890.60;5.85;3.16;1.25;87330.96;19176.00;24859.38;22455.3;3.89;0.85;1.11;17/05/2024 16:08:22;
*
