pvpcdata;
2024;04;10;12;05;34;
06/03/2024;1;2.0TD;3;0.000108489094000000;0.210;1.166182940;114.313823;0.557;2.195;111.561823;70.90;11.96809;0.79699;0.75;0.25;45.96625;93.83860;101.96000;97.42000;37.09000;2499.4;275.0;177.0;46.0;9.04;0.000;0.17498;0.04096;0.00;0.000;0.000;1.383;0.565;0.000;0.557;92.199;71.00;69.58;15604.7;1243.20;4.23;3.40;1.41;68728.04;11832.60;24859.38;24965.9;2.75;0.47;1.00;05/03/2024 16:06:14;
06/03/2024;2;2.0TD;3;0.000089123389000000;0.218;1.212396220;92.410019;0.557;2.195;89.658019;50.27;11.96809;0.79699;0.75;0.25;45.96625;93.83860;101.96000;97.42000;37.09000;2499.4;275.0;177.0;46.0;11.36;0.000;0.17498;0.04096;0.00;0.000;0.000;1.104;0.565;0.000;0.557;73.610;50.50;47.60;14883.7;1295.60;6.55;3.40;1.41;102925.00;26829.60;24859.38;23570.6;4.37;1.14;1.05;05/03/2024 16:06:14;
06/03/2024;3;2.0TD;3;0.000078800869000000;0.225;1.252128836;93.485120;0.557;2.195;90.733120;50.17;11.96809;0.79699;0.75;0.25;45.96625;93.83860;101.96000;97.42000;37.09000;2499.4;275.0;177.0;46.0;11.91;0.000;0.17498;0.04096;0.00;0.000;0.000;1.111;0.565;0.000;0.557;74.067;50.51;45.52;17610.1;1286.10;7.10;3.40;1.41;109050.36;26829.60;24859.38;22650.6;4.81;1.18;1.10;05/03/2024 16:06:14;
06/03/2024;4;2.0TD;3;0.000073791481000000;0.223;1.240666176;92.480885;0.557;2.195;89.728885;49.57;11.96809;0.79699;0.75;0.25;45.96625;93.83860;101.96000;97.42000;37.09000;2499.4;275.0;177.0;46.0;11.82;0.000;0.17498;0.04096;0.00;0.000;0.000;1.101;0.565;0.000;0.557;73.367;50.01;43.26;17354.7;1218.50;7.01;3.40;1.41;129204.88;26829.60;0.00;22264.4;5.80;1.21;0.00;05/03/2024 16:06:14;
06/03/2024;5;2.0TD;3;0.000072278021000000;0.223;1.236960284;83.304716;0.557;2.195;80.552716;41.33;11.96809;0.79699;0.75;0.25;45.96625;93.83860;101.96000;97.42000;37.09000;2499.4;275.0;177.0;46.0;12.67;0.000;0.17498;0.04096;0.00;0.000;0.000;0.988;0.565;0.000;0.557;65.864;41.64;36.64;17317.7;1151.90;7.86;3.40;1.41;141067.32;33537.00;0.00;22204.6;6.35;1.51;0.00;05/03/2024 16:06:14;
06/03/2024;6;2.0TD;3;0.000074919471000000;0.219;1.217682755;92.026505;0.557;2.195;89.274505;49.64;11.96809;0.79699;0.75;0.25;45.96625;93.83860;101.96000;97.42000;37.09000;2499.4;275.0;177.0;46.0;11.62;0.000;0.17498;0.04096;0.00;0.000;0.000;1.099;0.565;0.000;0.557;73.235;50.01;45.01;14663.6;1178.00;6.81;3.40;1.41;128693.76;27212.88;0.00;22878.1;5.63;1.19;0.00;05/03/2024 16:06:14;
06/03/2024;7;2.0TD;3;0.000086142041000000;0.205;1.138717494;108.567693;0.557;2.195;105.815693;65.68;11.96809;0.79699;0.75;0.25;45.96625;93.83860;101.96000;97.42000;37.09000;2499.4;275.0;177.0;46.0;9.94;0.000;0.17498;0.04096;0.00;0.000;0.000;1.317;0.565;0.000;0.557;87.813;65.68;65.68;16065.4;1065.10;5.13;3.40;1.41;90518.28;14710.80;24859.38;25372.8;3.57;0.58;0.98;05/03/2024 16:06:14;
06/03/2024;8;2.0TD;3;0.000107809757000000;0.191;1.059590545;155.159331;0.557;2.195;152.407331;107.05;11.96809;0.79699;0.75;0.25;45.96625;93.83860;101.96000;97.42000;37.09000;2499.4;275.0;177.0;46.0;8.12;0.000;0.17498;0.04096;0.00;0.000;0.000;1.919;0.565;0.000;0.557;127.965;106.64;113.14;19500.1;1302.00;3.31;3.40;1.41;12197.24;60159.84;24859.38;29361.6;0.42;2.05;0.85;05/03/2024 16:06:14;
06/03/2024;9;2.0TD;2;0.000119082179000000;0.181;1.111001774;183.292671;19.184;8.779;155.329671;108.85;11.96809;0.79699;0.75;0.25;45.96625;93.83860;101.96000;97.42000;37.09000;2499.4;275.0;177.0;46.0;9.67;0.154;0.17498;0.04096;0.00;0.000;0.000;1.973;0.565;0.000;0.557;131.523;108.70;110.70;20782.6;1739.50;4.86;3.40;1.41;4955.44;121912.48;24859.38;31231.4;0.16;3.90;0.80;05/03/2024 16:06:14;
06/03/2024;10;2.0TD;2;0.000122989868000000;0.163;1.001360187;82.064426;19.184;8.779;54.101426;24.66;11.96809;0.79699;0.75;0.25;45.96625;93.83860;101.96000;97.42000;37.09000;2499.4;275.0;177.0;46.0;10.13;0.154;0.17498;0.04096;0.00;0.000;0.000;0.698;0.565;0.000;0.557;46.518;25.00;18.38;26676.8;1422.70;5.32;3.40;1.41;91809.84;52717.36;24859.38;31851.7;2.88;1.66;0.78;05/03/2024 16:06:14;
06/03/2024;11;2.0TD;1;0.000125858370000000;0.167;0.998342816;119.973111;33.081;43.893;42.999111;14.06;11.96809;0.79699;0.75;0.25;45.96625;93.83860;101.96000;97.42000;37.09000;2499.4;275.0;177.0;46.0;10.43;0.926;0.17498;0.04096;0.00;0.000;0.000;0.553;0.565;0.000;0.557;36.845;14.24;11.00;28391.9;1670.70;5.62;3.40;1.41;120768.48;31750.40;24859.38;31583.9;3.82;1.01;0.79;05/03/2024 16:06:14;
06/03/2024;12;2.0TD;1;0.000124514659000000;0.169;1.010574449;110.741563;33.081;43.893;33.767563;5.90;11.96809;0.79699;0.75;0.25;45.96625;93.83860;101.96000;97.42000;37.09000;2499.4;275.0;177.0;46.0;10.75;0.926;0.17498;0.04096;0.00;0.000;0.000;0.433;0.565;0.000;0.557;28.885;5.96;4.96;29349.0;1850.80;5.94;3.40;1.41;138102.00;22428.00;24859.38;31210.8;4.42;0.72;0.80;05/03/2024 16:06:14;
06/03/2024;13;2.0TD;1;0.000125611725000000;0.166;0.994405665;108.879087;33.081;43.893;31.905087;4.07;11.96809;0.79699;0.75;0.25;45.96625;93.83860;101.96000;97.42000;37.09000;2499.4;275.0;177.0;46.0;11.08;0.926;0.17498;0.04096;0.00;0.000;0.000;0.410;0.565;0.000;0.557;27.362;4.07;4.07;29912.6;1697.10;6.27;3.40;1.41;146360.56;21423.36;24859.38;30755.4;4.76;0.70;0.81;05/03/2024 16:06:14;
06/03/2024;14;2.0TD;1;0.000132255720000000;0.161;0.966979228;108.330118;33.081;43.893;31.356118;3.90;11.96809;0.79699;0.75;0.25;45.96625;93.83860;101.96000;97.42000;37.09000;2499.4;275.0;177.0;46.0;10.90;0.926;0.17498;0.04096;0.00;0.000;0.000;0.405;0.565;0.000;0.557;27.007;3.90;3.90;29957.1;1703.60;6.09;3.40;1.41;139853.88;21860.64;24859.38;30617.5;4.57;0.71;0.81;05/03/2024 16:06:14;
06/03/2024;15;2.0TD;2;0.000132588031000000;0.167;1.023618922;58.685271;19.184;8.779;30.722271;3.87;11.96809;0.79699;0.75;0.25;45.96625;93.83860;101.96000;97.42000;37.09000;2499.4;275.0;177.0;46.0;11.03;0.154;0.17498;0.04096;0.00;0.000;0.000;0.395;0.565;0.000;0.557;26.325;3.87;3.87;29832.9;1698.80;6.22;3.40;1.41;139889.36;23936.00;24859.38;30363.7;4.61;0.79;0.82;05/03/2024 16:06:14;
06/03/2024;16;2.0TD;2;0.000124943665000000;0.172;1.052805386;59.089976;19.184;8.779;31.126976;3.90;11.96809;0.79699;0.75;0.25;45.96625;93.83860;101.96000;97.42000;37.09000;2499.4;275.0;177.0;46.0;11.23;0.154;0.17498;0.04096;0.00;0.000;0.000;0.398;0.565;0.000;0.557;26.558;3.90;3.90;29184.6;1513.40;6.42;3.40;1.41;139824.20;26190.80;24859.38;29749.5;4.70;0.88;0.84;05/03/2024 16:06:14;
06/03/2024;17;2.0TD;2;0.000119187993000000;0.179;1.098059398;62.723284;19.184;8.779;34.760284;5.87;11.96809;0.79699;0.75;0.25;45.96625;93.83860;101.96000;97.42000;37.09000;2499.4;275.0;177.0;46.0;12.14;0.154;0.17498;0.04096;0.00;0.000;0.000;0.442;0.565;0.000;0.557;29.482;5.87;5.87;27407.3;1406.80;7.33;3.40;1.41;131327.64;60736.00;24859.38;29572.6;4.44;2.05;0.84;05/03/2024 16:06:14;
06/03/2024;18;2.0TD;2;0.000120185988000000;0.181;1.107777033;76.402723;19.184;8.779;48.439723;18.61;11.96809;0.79699;0.75;0.25;45.96625;93.83860;101.96000;97.42000;37.09000;2499.4;275.0;177.0;46.0;10.76;0.154;0.17498;0.04096;0.00;0.000;0.000;0.615;0.565;0.000;0.557;41.015;18.75;15.75;26183.5;1304.40;5.95;3.40;1.41;96932.68;54537.60;24859.38;29633.7;3.27;1.84;0.84;05/03/2024 16:06:14;
06/03/2024;19;2.0TD;1;0.000127830798000000;0.170;1.016777489;151.133108;33.081;43.893;74.159108;41.60;11.96809;0.79699;0.75;0.25;45.96625;93.83860;101.96000;97.42000;37.09000;2499.4;275.0;177.0;46.0;9.03;0.926;0.17498;0.04096;0.00;0.000;0.000;0.951;0.565;0.000;0.557;63.383;41.64;40.64;24774.1;1151.30;4.22;3.40;1.41;62957.88;38168.28;24859.38;29843.5;2.11;1.28;0.83;05/03/2024 16:06:14;
06/03/2024;20;2.0TD;1;0.000153452742000000;0.177;1.061519898;244.194925;33.081;43.893;167.220925;119.40;11.96809;0.79699;0.75;0.25;45.96625;93.83860;101.96000;97.42000;37.09000;2499.4;275.0;177.0;46.0;8.74;0.926;0.17498;0.04096;0.00;0.000;0.000;2.131;0.565;0.000;0.557;142.073;119.27;121.27;21406.9;1478.60;3.93;3.40;1.41;44281.12;54384.00;24859.38;31443.4;1.41;1.73;0.79;05/03/2024 16:06:14;
06/03/2024;21;2.0TD;1;0.000179087295000000;0.182;1.088837374;225.045331;33.081;43.893;148.071331;103.50;11.96809;0.79699;0.75;0.25;45.96625;93.83860;101.96000;97.42000;37.09000;2499.4;275.0;177.0;46.0;8.09;0.926;0.17498;0.04096;0.00;0.000;0.000;1.879;0.565;0.000;0.557;125.271;103.75;98.80;22802.9;1218.50;3.28;3.40;1.41;59226.28;24560.64;24859.38;33119.8;1.79;0.74;0.75;05/03/2024 16:06:14;
06/03/2024;22;2.0TD;1;0.000183130412000000;0.184;1.100153949;197.397282;33.081;43.893;120.423282;80.05;11.96809;0.79699;0.75;0.25;45.96625;93.83860;101.96000;97.42000;37.09000;2499.4;275.0;177.0;46.0;8.33;0.926;0.17498;0.04096;0.00;0.000;0.000;1.526;0.565;0.000;0.557;101.708;80.15;78.16;21702.9;1145.50;3.52;3.40;1.41;84229.08;4605.12;24859.38;32353.3;2.60;0.14;0.77;05/03/2024 16:06:14;
06/03/2024;23;2.0TD;2;0.000163318481000000;0.197;1.208685450;119.834968;19.184;8.779;91.871968;54.46;11.96809;0.79699;0.75;0.25;45.96625;93.83860;101.96000;97.42000;37.09000;2499.4;275.0;177.0;46.0;10.11;0.154;0.17498;0.04096;0.00;0.000;0.000;1.151;0.565;0.000;0.557;76.751;54.46;54.46;23766.5;763.80;5.30;3.40;1.41;109577.64;23537.28;24859.38;29807.4;3.68;0.79;0.83;05/03/2024 16:06:14;
06/03/2024;24;2.0TD;2;0.000134638867000000;0.202;1.240738582;80.473396;19.184;8.779;52.510396;23.58;11.96809;0.79699;0.75;0.25;45.96625;93.83860;101.96000;97.42000;37.09000;2499.4;275.0;177.0;46.0;8.42;0.154;0.17498;0.04096;0.00;0.000;0.000;0.655;0.565;0.000;0.557;43.685;23.67;21.66;21926.3;978.10;3.61;3.40;1.41;39814.28;33856.40;24859.38;27303.5;1.46;1.24;0.91;05/03/2024 16:06:14;
*
