pvpcdata;
2024;02;09;12;01;45;
20/01/2024;1;2.0TD;3;0.000140723346000000;0.255;1.416276533;118.631171;0.557;2.195;115.879171;73.74;4.44169;0.70346;0.75;0.25;80.52583;98.29260;101.96000;97.42000;81.63000;2922.7;275.0;177.0;62.0;12.75;0.000;0.17498;0.03702;0.00;0.000;0.000;1.385;0.565;0.000;0.557;92.334;73.75;73.64;16796.4;1059.80;7.61;3.56;1.58;82208.76;95760.00;24859.38;26626.8;3.09;3.60;0.93;19/01/2024 16:08:57;
20/01/2024;2;2.0TD;3;0.000116280096000000;0.267;1.483686473;109.036830;0.557;2.195;106.284830;64.30;4.44169;0.70346;0.75;0.25;80.52583;98.29260;101.96000;97.42000;81.63000;2922.7;275.0;177.0;62.0;13.87;0.000;0.17498;0.03702;0.00;0.000;0.000;1.258;0.565;0.000;0.557;83.887;63.92;69.76;16506.4;1134.10;8.73;3.56;1.58;99693.64;91355.04;24859.38;24734.4;4.03;3.69;1.01;19/01/2024 16:08:57;
20/01/2024;3;2.0TD;3;0.000100083320000000;0.275;1.528401010;111.948101;0.557;2.195;109.196101;64.17;4.44169;0.70346;0.75;0.25;80.52583;98.29260;101.96000;97.42000;81.63000;2922.7;275.0;177.0;62.0;15.73;0.000;0.17498;0.03702;0.00;0.000;0.000;1.285;0.565;0.000;0.557;85.644;63.81;68.81;15708.7;1230.90;10.59;3.56;1.58;127302.16;95700.00;24859.38;23391.1;5.44;4.09;1.06;19/01/2024 16:08:57;
20/01/2024;4;2.0TD;3;0.000091236068000000;0.280;1.556703967;112.778241;0.557;2.195;110.026241;64.21;4.44169;0.70346;0.75;0.25;80.52583;98.29260;101.96000;97.42000;81.63000;2922.7;275.0;177.0;62.0;16.00;0.000;0.17498;0.03702;0.00;0.000;0.000;1.289;0.565;0.000;0.557;85.958;63.81;68.81;14814.7;1296.20;10.86;3.56;1.58;127358.60;118019.76;0.00;22586.4;5.64;5.23;0.00;19/01/2024 16:08:57;
20/01/2024;5;2.0TD;3;0.000087161948000000;0.280;1.557797024;112.609281;0.557;2.195;109.857281;63.92;4.44169;0.70346;0.75;0.25;80.52583;98.29260;101.96000;97.42000;81.63000;2922.7;275.0;177.0;62.0;16.16;0.000;0.17498;0.03702;0.00;0.000;0.000;1.287;0.565;0.000;0.557;85.826;63.68;66.42;13942.8;1346.20;11.02;3.56;1.58;149165.40;95760.00;0.00;22222.5;6.71;4.31;0.00;19/01/2024 16:08:57;
20/01/2024;6;2.0TD;3;0.000086916562000000;0.280;1.553989495;118.223361;0.557;2.195;115.471361;66.10;4.44169;0.70346;0.75;0.25;80.52583;98.29260;101.96000;97.42000;81.63000;2922.7;275.0;177.0;62.0;18.30;0.000;0.17498;0.03702;0.00;0.000;0.000;1.353;0.565;0.000;0.557;90.212;66.10;66.10;13132.3;1098.30;13.16;3.56;1.58;176007.48;114704.24;0.00;22098.7;7.96;5.19;0.00;19/01/2024 16:08:57;
20/01/2024;7;2.0TD;3;0.000089962076000000;0.272;1.509357557;122.860601;0.557;2.195;120.108601;70.22;4.44169;0.70346;0.75;0.25;80.52583;98.29260;101.96000;97.42000;81.63000;2922.7;275.0;177.0;62.0;18.33;0.000;0.17498;0.03702;0.00;0.000;0.000;1.416;0.565;0.000;0.557;94.425;70.30;69.15;12502.4;997.00;13.19;3.56;1.58;143089.48;159336.24;0.00;22925.8;6.24;6.95;0.00;19/01/2024 16:08:57;
20/01/2024;8;2.0TD;3;0.000098435258000000;0.259;1.441486180;123.934528;0.557;2.195;121.182528;75.87;4.44169;0.70346;0.75;0.25;80.52583;98.29260;101.96000;97.42000;81.63000;2922.7;275.0;177.0;62.0;14.48;0.000;0.17498;0.03702;0.00;0.000;0.000;1.444;0.565;0.000;0.557;96.253;75.93;75.06;12491.1;955.10;9.34;3.56;1.58;131471.80;95062.00;0.00;24244.0;5.42;3.92;0.00;19/01/2024 16:08:57;
20/01/2024;9;2.0TD;3;0.000113989082000000;0.247;1.370917268;126.590324;0.557;2.195;123.838324;84.41;4.44169;0.70346;0.75;0.25;80.52583;98.29260;101.96000;97.42000;81.63000;2922.7;275.0;177.0;62.0;8.95;0.000;0.17498;0.03702;0.00;0.000;0.000;1.490;0.565;0.000;0.557;99.309;84.09;90.09;13664.4;778.50;3.81;3.56;1.58;31230.80;67011.76;0.00;25791.5;1.21;2.60;0.00;19/01/2024 16:08:57;
20/01/2024;10;2.0TD;3;0.000140873042000000;0.226;1.254599966;131.860835;0.557;2.195;129.108835;88.58;4.44169;0.70346;0.75;0.25;80.52583;98.29260;101.96000;97.42000;81.63000;2922.7;275.0;177.0;62.0;10.69;0.000;0.17498;0.03702;0.00;0.000;0.000;1.580;0.565;0.000;0.557;105.309;88.31;93.31;14961.2;837.40;5.55;3.56;1.58;29530.04;124505.92;0.00;27768.9;1.06;4.48;0.00;19/01/2024 16:08:57;
20/01/2024;11;2.0TD;3;0.000160974957000000;0.207;1.152683101;122.703661;0.557;2.195;119.951661;83.00;4.44169;0.70346;0.75;0.25;80.52583;98.29260;101.96000;97.42000;81.63000;2922.7;275.0;177.0;62.0;10.43;0.000;0.17498;0.03702;0.00;0.000;0.000;1.491;0.565;0.000;0.557;99.380;82.85;85.39;15350.5;980.40;5.29;3.56;1.58;31531.84;121924.00;0.00;29012.2;1.09;4.20;0.00;19/01/2024 16:08:57;
20/01/2024;12;2.0TD;3;0.000163728350000000;0.203;1.125231391;116.052947;0.557;2.195;113.300947;76.64;4.44169;0.70346;0.75;0.25;80.52583;98.29260;101.96000;97.42000;81.63000;2922.7;275.0;177.0;62.0;11.67;0.000;0.17498;0.03702;0.00;0.000;0.000;1.413;0.565;0.000;0.557;94.182;76.64;76.64;15319.2;843.60;6.53;3.56;1.58;40319.04;151475.00;0.00;29357.4;1.37;5.16;0.00;19/01/2024 16:08:57;
20/01/2024;13;2.0TD;3;0.000161048669000000;0.202;1.120527147;113.384081;0.557;2.195;110.632081;74.65;4.44169;0.70346;0.75;0.25;80.52583;98.29260;101.96000;97.42000;81.63000;2922.7;275.0;177.0;62.0;11.55;0.000;0.17498;0.03702;0.00;0.000;0.000;1.381;0.565;0.000;0.557;92.040;74.65;74.60;16191.4;866.30;6.41;3.56;1.58;46688.16;139077.12;0.00;28997.2;1.61;4.80;0.00;19/01/2024 16:08:57;
20/01/2024;14;2.0TD;3;0.000167540276000000;0.198;1.101357987;106.472445;0.557;2.195;103.720445;69.83;4.44169;0.70346;0.75;0.25;80.52583;98.29260;101.96000;97.42000;81.63000;2922.7;275.0;177.0;62.0;10.99;0.000;0.17498;0.03702;0.00;0.000;0.000;1.299;0.565;0.000;0.557;86.578;69.84;69.59;16802.9;897.40;5.85;3.56;1.58;43417.04;127600.00;0.00;29210.3;1.49;4.37;0.00;19/01/2024 16:08:57;
20/01/2024;15;2.0TD;3;0.000168688441000000;0.200;1.110389156;112.188401;0.557;2.195;109.436401;73.40;4.44169;0.70346;0.75;0.25;80.52583;98.29260;101.96000;97.42000;81.63000;2922.7;275.0;177.0;62.0;11.97;0.000;0.17498;0.03702;0.00;0.000;0.000;1.368;0.565;0.000;0.557;91.197;73.41;73.26;16291.1;950.60;6.83;3.56;1.58;41720.00;156829.92;0.00;29050.3;1.44;5.40;0.00;19/01/2024 16:08:57;
20/01/2024;16;2.0TD;3;0.000155887234000000;0.210;1.169392658;119.857011;0.557;2.195;117.105011;79.19;4.44169;0.70346;0.75;0.25;80.52583;98.29260;101.96000;97.42000;81.63000;2922.7;275.0;177.0;62.0;11.68;0.000;0.17498;0.03702;0.00;0.000;0.000;1.452;0.565;0.000;0.557;96.781;79.21;78.77;16360.2;982.60;6.54;3.56;1.58;33018.92;149869.68;0.00;27980.1;1.18;5.36;0.00;19/01/2024 16:08:57;
20/01/2024;17;2.0TD;3;0.000146646059000000;0.224;1.245315452;132.593921;0.557;2.195;129.841921;87.94;4.44169;0.70346;0.75;0.25;80.52583;98.29260;101.96000;97.42000;81.63000;2922.7;275.0;177.0;62.0;12.09;0.000;0.17498;0.03702;0.00;0.000;0.000;1.591;0.565;0.000;0.557;106.080;87.97;87.47;15628.8;1030.60;6.95;3.56;1.58;29421.04;160187.04;0.00;27277.7;1.08;5.87;0.00;19/01/2024 16:08:57;
20/01/2024;18;2.0TD;3;0.000146620893000000;0.236;1.311061555;139.726757;0.557;2.195;136.974757;95.01;4.44169;0.70346;0.75;0.25;80.52583;98.29260;101.96000;97.42000;81.63000;2922.7;275.0;177.0;62.0;9.69;0.000;0.17498;0.03702;0.00;0.000;0.000;1.662;0.565;0.000;0.557;110.821;95.07;94.07;14736.2;908.10;4.55;3.56;1.58;26528.76;98366.00;0.00;27473.3;0.97;3.58;0.00;19/01/2024 16:08:57;
20/01/2024;19;2.0TD;3;0.000164388608000000;0.238;1.323447877;142.940645;0.557;2.195;140.188645;99.88;4.44169;0.70346;0.75;0.25;80.52583;98.29260;101.96000;97.42000;81.63000;2922.7;275.0;177.0;62.0;7.20;0.000;0.17498;0.03702;0.00;0.000;0.000;1.699;0.565;0.000;0.557;113.238;99.94;98.79;15489.1;897.90;2.06;3.56;1.58;24488.88;35923.04;0.00;29316.8;0.84;1.23;0.00;19/01/2024 16:08:57;
20/01/2024;20;2.0TD;3;0.000179040154000000;0.243;1.349194888;143.644808;0.557;2.195;140.892808;99.40;4.44169;0.70346;0.75;0.25;80.52583;98.29260;101.96000;97.42000;81.63000;2922.7;275.0;177.0;62.0;7.79;0.000;0.17498;0.03702;0.00;0.000;0.000;1.700;0.565;0.000;0.557;113.349;99.58;96.25;16481.4;946.10;2.65;3.56;1.58;39803.28;40857.60;0.00;30486.9;1.31;1.34;0.00;19/01/2024 16:08:57;
20/01/2024;21;2.0TD;3;0.000188444285000000;0.242;1.343409296;143.846927;0.557;2.195;141.094927;99.72;4.44169;0.70346;0.75;0.25;80.52583;98.29260;101.96000;97.42000;81.63000;2922.7;275.0;177.0;62.0;7.72;0.000;0.17498;0.03702;0.00;0.000;0.000;1.704;0.565;0.000;0.557;113.603;99.94;96.05;16874.0;995.80;2.58;3.56;1.58;40422.28;39580.80;0.00;31001.9;1.30;1.28;0.00;19/01/2024 16:08:57;
20/01/2024;22;2.0TD;3;0.000194763695000000;0.240;1.335242505;144.010321;0.557;2.195;141.258321;99.35;4.44169;0.70346;0.75;0.25;80.52583;98.29260;101.96000;97.42000;81.63000;2922.7;275.0;177.0;62.0;8.40;0.000;0.17498;0.03702;0.00;0.000;0.000;1.709;0.565;0.000;0.557;113.918;99.58;95.71;16513.5;1039.00;3.26;3.56;1.58;40638.92;34580.72;24859.38;30744.8;1.32;1.12;0.81;19/01/2024 16:08:57;
20/01/2024;23;2.0TD;3;0.000185102057000000;0.244;1.353832945;138.706273;0.557;2.195;135.954273;94.24;4.44169;0.70346;0.75;0.25;80.52583;98.29260;101.96000;97.42000;81.63000;2922.7;275.0;177.0;62.0;8.95;0.000;0.17498;0.03702;0.00;0.000;0.000;1.639;0.565;0.000;0.557;109.288;94.46;90.79;15114.6;978.00;3.81;3.56;1.58;43643.24;40474.56;24859.38;28608.3;1.53;1.41;0.87;19/01/2024 16:08:57;
20/01/2024;24;2.0TD;3;0.000164445359000000;0.250;1.390216917;128.625751;0.557;2.195;125.873751;85.45;4.44169;0.70346;0.75;0.25;80.52583;98.29260;101.96000;97.42000;81.63000;2922.7;275.0;177.0;62.0;9.28;0.000;0.17498;0.03702;0.00;0.000;0.000;1.510;0.565;0.000;0.557;100.699;85.78;81.49;13610.0;1136.10;4.14;3.56;1.58;24081.68;59498.88;24859.38;26216.0;0.92;2.27;0.95;19/01/2024 16:08:57;
*
