pvpcdata;
2024;05;13;12;31;11;
03/04/2024;1;2.0TD;3;0.000096876105000000;0.192;1.067886941;46.904017;0.557;2.195;44.152017;3.17;16.58749;0.88283;0.75;0.25;9.03083;75.38080;101.96000;48.69000;27.94000;2170.3;275.0;154.0;50.0;16.95;0.000;0.17498;0.04096;0.00;0.000;0.556;0.947;0.000;0.557;37.040;3.25;2.22;24743.1;2064.50;12.18;3.35;1.42;237145.68;28447.08;24859.38;23835.6;9.95;1.19;1.04;02/04/2024 16:12:06;
03/04/2024;2;2.0TD;3;0.000080038311000000;0.194;1.080103136;45.692160;0.557;2.195;42.940160;1.55;16.58749;0.88283;0.75;0.25;9.03083;75.38080;101.96000;48.69000;27.94000;2170.3;275.0;154.0;50.0;17.51;0.000;0.17498;0.04096;0.00;0.000;0.539;0.947;0.000;0.557;35.963;1.68;0.15;23396.4;2212.50;12.74;3.35;1.42;237945.72;23002.92;24859.38;22432.0;10.61;1.03;1.11;02/04/2024 16:12:06;
03/04/2024;3;2.0TD;3;0.000070708327000000;0.195;1.085765930;46.638713;0.557;2.195;43.886713;1.24;16.58749;0.88283;0.75;0.25;9.03083;75.38080;101.96000;48.69000;27.94000;2170.3;275.0;154.0;50.0;18.57;0.000;0.17498;0.04096;0.00;0.000;0.551;0.947;0.000;0.557;36.725;1.35;0.15;22687.8;2232.60;13.80;3.35;1.42;247765.32;22988.48;24859.38;21426.8;11.56;1.07;1.16;02/04/2024 16:12:06;
03/04/2024;4;2.0TD;3;0.000066139232000000;0.197;1.093853060;48.790156;0.557;2.195;46.038156;0.86;16.58749;0.88283;0.75;0.25;9.03083;75.38080;101.96000;48.69000;27.94000;2170.3;275.0;154.0;50.0;20.66;0.000;0.17498;0.04096;0.00;0.000;0.577;0.947;0.000;0.557;38.461;1.00;-0.55;22022.3;2168.90;15.89;3.35;1.42;275749.80;58983.68;0.00;21062.3;13.09;2.80;0.00;02/04/2024 16:12:06;
03/04/2024;5;2.0TD;3;0.000064520928000000;0.199;1.102880705;47.674073;0.557;2.195;44.922073;-0.07;16.58749;0.88283;0.75;0.25;9.03083;75.38080;101.96000;48.69000;27.94000;2170.3;275.0;154.0;50.0;20.61;0.000;0.17498;0.04096;0.00;0.000;0.562;0.947;0.000;0.557;37.466;0.09;-1.65;20565.9;2194.70;15.84;3.35;1.42;275852.04;56392.20;0.00;20971.5;13.15;2.69;0.00;02/04/2024 16:12:06;
03/04/2024;6;2.0TD;3;0.000066436488000000;0.195;1.081624433;48.216113;0.557;2.195;45.464113;0.83;16.58749;0.88283;0.75;0.25;9.03083;75.38080;101.96000;48.69000;27.94000;2170.3;275.0;154.0;50.0;20.28;0.000;0.17498;0.04096;0.00;0.000;0.571;0.947;0.000;0.557;38.045;1.00;-0.97;21927.6;2133.20;15.51;3.35;1.42;275752.72;60406.56;0.00;21671.6;12.72;2.79;0.00;02/04/2024 16:12:06;
03/04/2024;7;2.0TD;3;0.000074656260000000;0.182;1.013494741;49.941320;0.557;2.195;47.189320;3.07;16.58749;0.88283;0.75;0.25;9.03083;75.38080;101.96000;48.69000;27.94000;2170.3;275.0;154.0;50.0;19.89;0.000;0.17498;0.04096;0.00;0.000;0.599;0.947;0.000;0.557;39.923;3.25;0.95;24961.9;2085.60;15.12;3.35;1.42;283542.80;58548.80;24859.38;24257.3;11.69;2.41;1.02;02/04/2024 16:12:06;
03/04/2024;8;2.0TD;3;0.000092338919000000;0.170;0.943545615;71.603321;0.557;2.195;68.851321;27.73;16.58749;0.88283;0.75;0.25;9.03083;75.38080;101.96000;48.69000;27.94000;2170.3;275.0;154.0;50.0;13.87;0.000;0.17498;0.04096;0.00;0.000;0.883;0.947;0.000;0.557;58.847;28.07;23.07;26828.9;1937.80;9.10;3.35;1.42;188215.56;39143.52;24859.38;27736.5;6.79;1.41;0.90;02/04/2024 16:12:06;
03/04/2024;9;2.0TD;2;0.000104423843000000;0.186;1.143330082;105.346277;19.184;8.779;77.383277;34.43;16.58749;0.88283;0.75;0.25;9.03083;75.38080;101.96000;48.69000;27.94000;2170.3;275.0;154.0;50.0;13.32;0.154;0.17498;0.04096;0.00;0.000;0.979;0.947;0.000;0.557;65.247;34.90;27.08;28789.1;1834.70;8.55;3.35;1.42;176991.20;48259.60;24859.38;29247.8;6.05;1.65;0.85;02/04/2024 16:12:06;
03/04/2024;10;2.0TD;2;0.000112946384000000;0.152;0.935173585;72.251966;19.184;8.779;44.288966;5.25;16.58749;0.88283;0.75;0.25;9.03083;75.38080;101.96000;48.69000;27.94000;2170.3;275.0;154.0;50.0;16.10;0.154;0.17498;0.04096;0.00;0.000;0.577;0.947;0.000;0.557;38.445;5.50;1.51;29283.8;1981.50;11.33;3.35;1.42;246083.52;63903.12;24859.38;29557.8;8.33;2.16;0.84;02/04/2024 16:12:06;
03/04/2024;11;2.0TD;1;0.000119551342000000;0.160;0.955831769;116.814528;33.081;43.893;39.840528;1.87;16.58749;0.88283;0.75;0.25;9.03083;75.38080;101.96000;48.69000;27.94000;2170.3;275.0;154.0;50.0;14.67;0.926;0.17498;0.04096;0.00;0.000;0.515;0.947;0.000;0.557;34.345;2.00;0.00;29050.8;2086.70;9.90;3.35;1.42;198735.36;66481.92;24859.38;29308.5;6.78;2.27;0.85;02/04/2024 16:12:06;
03/04/2024;12;2.0TD;1;0.000121375863000000;0.163;0.973579295;115.253311;33.081;43.893;38.279311;0.23;16.58749;0.88283;0.75;0.25;9.03083;75.38080;101.96000;48.69000;27.94000;2170.3;275.0;154.0;50.0;14.90;0.926;0.17498;0.04096;0.00;0.000;0.494;0.947;0.000;0.557;32.914;0.44;-2.46;29401.6;2387.40;10.13;3.35;1.42;207035.52;63179.08;24859.38;29122.5;7.11;2.17;0.85;02/04/2024 16:12:06;
03/04/2024;13;2.0TD;1;0.000124855473000000;0.163;0.973158799;114.071703;33.081;43.893;37.097703;-0.34;16.58749;0.88283;0.75;0.25;9.03083;75.38080;101.96000;48.69000;27.94000;2170.3;275.0;154.0;50.0;14.47;0.926;0.17498;0.04096;0.00;0.000;0.478;0.947;0.000;0.557;31.898;0.00;-4.69;30093.2;2682.80;9.70;3.35;1.42;207573.24;47433.12;24859.38;28855.5;7.19;1.64;0.86;02/04/2024 16:12:06;
03/04/2024;14;2.0TD;1;0.000132052812000000;0.156;0.936338236;113.579067;33.081;43.893;36.605067;-0.49;16.58749;0.88283;0.75;0.25;9.03083;75.38080;101.96000;48.69000;27.94000;2170.3;275.0;154.0;50.0;14.39;0.926;0.17498;0.04096;0.00;0.000;0.475;0.947;0.000;0.557;31.665;0.00;-6.47;30184.3;2820.90;9.62;3.35;1.42;208115.40;43890.00;24859.38;28771.5;7.23;1.53;0.86;02/04/2024 16:12:06;
03/04/2024;15;2.0TD;2;0.000131640103000000;0.179;1.096449966;64.970964;19.184;8.779;37.007964;-0.43;16.58749;0.88283;0.75;0.25;9.03083;75.38080;101.96000;48.69000;27.94000;2170.3;275.0;154.0;50.0;14.83;0.154;0.17498;0.04096;0.00;0.000;0.471;0.947;0.000;0.557;31.389;0.00;-5.67;29987.5;2749.90;10.06;3.35;1.42;208590.64;53975.04;24859.38;28575.3;7.30;1.89;0.87;02/04/2024 16:12:06;
03/04/2024;16;2.0TD;2;0.000120901454000000;0.186;1.142287318;64.889445;19.184;8.779;36.926445;-0.49;16.58749;0.88283;0.75;0.25;9.03083;75.38080;101.96000;48.69000;27.94000;2170.3;275.0;154.0;50.0;14.64;0.154;0.17498;0.04096;0.00;0.000;0.467;0.947;0.000;0.557;31.135;0.00;-6.47;29703.0;2754.60;9.87;3.35;1.42;201209.36;50450.40;24859.38;28027.1;7.18;1.80;0.89;02/04/2024 16:12:06;
03/04/2024;17;2.0TD;2;0.000113000353000000;0.190;1.162851762;64.736717;19.184;8.779;36.773717;-0.41;16.58749;0.88283;0.75;0.25;9.03083;75.38080;101.96000;48.69000;27.94000;2170.3;275.0;154.0;50.0;14.33;0.154;0.17498;0.04096;0.00;0.000;0.464;0.947;0.000;0.557;30.902;0.00;-5.00;28422.6;2873.60;9.56;3.35;1.42;194744.80;47850.00;24859.38;27995.9;6.96;1.71;0.89;02/04/2024 16:12:06;
03/04/2024;18;2.0TD;2;0.000110758364000000;0.191;1.172652197;65.335726;19.184;8.779;37.372726;-0.38;16.58749;0.88283;0.75;0.25;9.03083;75.38080;101.96000;48.69000;27.94000;2170.3;275.0;154.0;50.0;14.77;0.154;0.17498;0.04096;0.00;0.000;0.471;0.947;0.000;0.557;31.379;0.00;-5.00;28654.6;2732.90;10.00;3.35;1.42;185366.48;69110.08;24859.38;27939.1;6.63;2.47;0.89;02/04/2024 16:12:06;
03/04/2024;19;2.0TD;1;0.000111965419000000;0.168;1.004349417;115.334954;33.081;43.893;38.360954;0.24;16.58749;0.88283;0.75;0.25;9.03083;75.38080;101.96000;48.69000;27.94000;2170.3;275.0;154.0;50.0;14.82;0.926;0.17498;0.04096;0.00;0.000;0.493;0.947;0.000;0.557;32.843;0.40;-2.00;27671.6;2166.10;10.05;3.35;1.42;176000.16;79632.00;24859.38;27914.4;6.30;2.85;0.89;02/04/2024 16:12:06;
03/04/2024;20;2.0TD;1;0.000118909058000000;0.166;0.994319166;124.620588;33.081;43.893;47.646588;6.57;16.58749;0.88283;0.75;0.25;9.03083;75.38080;101.96000;48.69000;27.94000;2170.3;275.0;154.0;50.0;16.39;0.926;0.17498;0.04096;0.00;0.000;0.613;0.947;0.000;0.557;40.863;6.76;3.76;28697.1;1898.30;11.62;3.35;1.42;232279.72;80039.52;24859.38;29038.5;8.00;2.76;0.86;02/04/2024 16:12:06;
03/04/2024;21;2.0TD;1;0.000139207605000000;0.168;1.008031937;158.425978;33.081;43.893;81.451978;34.66;16.58749;0.88283;0.75;0.25;9.03083;75.38080;101.96000;48.69000;27.94000;2170.3;275.0;154.0;50.0;16.74;0.926;0.17498;0.04096;0.00;0.000;1.046;0.947;0.000;0.557;69.736;35.00;29.90;27740.4;1999.10;11.97;3.35;1.42;302867.76;37337.76;24859.38;30500.7;9.93;1.22;0.82;02/04/2024 16:12:06;
03/04/2024;22;2.0TD;1;0.000162151231000000;0.168;1.008663197;157.228778;33.081;43.893;80.254778;34.72;16.58749;0.88283;0.75;0.25;9.03083;75.38080;101.96000;48.69000;27.94000;2170.3;275.0;154.0;50.0;15.67;0.926;0.17498;0.04096;0.00;0.000;1.031;0.947;0.000;0.557;68.711;35.00;30.50;27943.0;1851.60;10.90;3.35;1.42;273764.48;36855.36;24859.38;30785.4;8.89;1.20;0.81;02/04/2024 16:12:06;
03/04/2024;23;2.0TD;2;0.000145976545000000;0.197;1.208215990;107.618901;19.184;8.779;79.655901;31.17;16.58749;0.88283;0.75;0.25;9.03083;75.38080;101.96000;48.69000;27.94000;2170.3;275.0;154.0;50.0;17.86;0.154;0.17498;0.04096;0.00;0.000;0.998;0.947;0.000;0.557;66.546;31.62;25.60;25483.2;2076.50;13.09;3.35;1.42;312895.68;37504.00;24859.38;28666.3;10.92;1.31;0.87;02/04/2024 16:12:06;
03/04/2024;24;2.0TD;2;0.000121121957000000;0.206;1.266219893;99.622655;19.184;8.779;71.659655;25.09;16.58749;0.88283;0.75;0.25;9.03083;75.38080;101.96000;48.69000;27.94000;2170.3;275.0;154.0;50.0;16.92;0.154;0.17498;0.04096;0.00;0.000;0.891;0.947;0.000;0.557;59.419;25.43;21.11;23599.7;1988.70;12.15;3.35;1.42;248191.76;41216.00;24859.38;25851.7;9.60;1.59;0.96;02/04/2024 16:12:06;
*
