pvpcdata;
2024;10;09;11;29;44;
23/09/2024;1;2.0TD;3;0.000090027633000000;0.171;0.952015892;139.507290;0.557;2.195;136.755290;102.55;0.16292;1.30529;0.75;0.25;90.03333;90.68500;101.96000;73.51000;91.63000;1706.9;275.0;234.0;48.0;10.55;0.000;0.17498;0.04096;0.00;0.000;1.752;0.947;0.000;0.557;116.785;102.55;102.55;15807.9;1516.60;6.42;3.08;1.05;92921.80;18472.88;24859.38;21223.0;4.38;0.87;1.17;22/09/2024 16:12:35;
23/09/2024;2;2.0TD;3;0.000076048835000000;0.178;0.991469477;132.611241;0.557;2.195;129.859241;95.42;0.16292;1.30529;0.75;0.25;90.03333;90.68500;101.96000;73.51000;91.63000;1706.9;275.0;234.0;48.0;11.23;0.000;0.17498;0.04096;0.00;0.000;1.654;0.947;0.000;0.557;110.237;95.58;93.50;15494.9;1310.70;7.10;3.08;1.05;128182.44;16235.68;0.00;20336.3;6.30;0.80;0.00;22/09/2024 16:12:35;
23/09/2024;3;2.0TD;3;0.000068948099000000;0.182;1.012258069;127.700093;0.557;2.195;124.948093;90.00;0.16292;1.30529;0.75;0.25;90.03333;90.68500;101.96000;73.51000;91.63000;1706.9;275.0;234.0;48.0;12.19;0.000;0.17498;0.04096;0.00;0.000;1.586;0.947;0.000;0.557;105.709;90.00;90.00;15456.6;1201.30;8.06;3.08;1.05;139933.20;18641.28;0.00;19684.7;7.11;0.95;0.00;22/09/2024 16:12:35;
23/09/2024;4;2.0TD;3;0.000065294455000000;0.182;1.013061846;132.847703;0.557;2.195;130.095703;93.06;0.16292;1.30529;0.75;0.25;90.03333;90.68500;101.96000;73.51000;91.63000;1706.9;275.0;234.0;48.0;13.42;0.000;0.17498;0.04096;0.00;0.000;1.651;0.947;0.000;0.557;110.064;93.17;91.82;14989.3;1342.40;9.29;3.08;1.05;162276.64;16747.04;0.00;19278.9;8.42;0.87;0.00;22/09/2024 16:12:35;
23/09/2024;5;2.0TD;3;0.000063415157000000;0.184;1.024040333;133.812567;0.557;2.195;131.060567;93.71;0.16292;1.30529;0.75;0.25;90.03333;90.68500;101.96000;73.51000;91.63000;1706.9;275.0;234.0;48.0;13.39;0.000;0.17498;0.04096;0.00;0.000;1.660;0.947;0.000;0.557;110.693;93.88;91.82;14884.9;1351.60;9.26;3.08;1.05;161103.52;16747.04;0.00;19200.4;8.39;0.87;0.00;22/09/2024 16:12:35;
23/09/2024;6;2.0TD;3;0.000063800106000000;0.177;0.985174231;132.954149;0.557;2.195;130.202149;95.34;0.16292;1.30529;0.75;0.25;90.03333;90.68500;101.96000;73.51000;91.63000;1706.9;275.0;234.0;48.0;11.69;0.000;0.17498;0.04096;0.00;0.000;1.659;0.947;0.000;0.557;110.622;95.58;92.57;14841.6;1284.30;7.56;3.08;1.05;132862.52;16235.68;0.00;19718.8;6.74;0.82;0.00;22/09/2024 16:12:35;
23/09/2024;7;2.0TD;3;0.000069677044000000;0.160;0.887770758;131.226694;0.557;2.195;128.474694;96.18;0.16292;1.30529;0.75;0.25;90.03333;90.68500;101.96000;73.51000;91.63000;1706.9;275.0;234.0;48.0;10.98;0.000;0.17498;0.04096;0.00;0.000;1.661;0.947;0.000;0.557;110.754;96.40;93.06;16382.0;1132.70;6.85;3.08;1.05;91855.76;35347.76;24859.38;22212.5;4.14;1.59;1.12;22/09/2024 16:12:35;
23/09/2024;8;2.0TD;3;0.000082790027000000;0.150;0.834461857;148.181054;0.557;2.195;145.429054;115.26;0.16292;1.30529;0.75;0.25;90.03333;90.68500;101.96000;73.51000;91.63000;1706.9;275.0;234.0;48.0;7.37;0.000;0.17498;0.04096;0.00;0.000;1.897;0.947;0.000;0.557;126.460;115.26;115.26;17188.4;1339.10;3.24;3.08;1.05;37020.20;18641.28;24859.38;24867.7;1.49;0.75;1.00;22/09/2024 16:12:35;
23/09/2024;9;2.0TD;2;0.000086809252000000;0.147;0.899077091;187.037042;19.184;8.779;159.074042;119.70;0.16292;1.30529;0.75;0.25;90.03333;90.68500;101.96000;73.51000;91.63000;1706.9;275.0;234.0;48.0;14.82;0.154;0.17498;0.04096;0.00;0.000;2.080;0.947;0.000;0.557;138.687;120.01;115.02;18235.9;1217.00;10.69;3.08;1.05;30962.40;224289.12;24859.38;26210.5;1.18;8.56;0.95;22/09/2024 16:12:35;
23/09/2024;10;2.0TD;2;0.000089695945000000;0.138;0.843746248;162.243639;19.184;8.779;134.280639;101.39;0.16292;1.30529;0.75;0.25;90.03333;90.68500;101.96000;73.51000;91.63000;1706.9;275.0;234.0;48.0;12.75;0.154;0.17498;0.04096;0.00;0.000;1.770;0.947;0.000;0.557;117.997;101.70;96.70;20156.0;1326.90;8.62;3.08;1.05;56706.92;150668.80;24859.38;26940.6;2.10;5.59;0.92;22/09/2024 16:12:35;
23/09/2024;11;2.0TD;1;0.000093003129000000;0.136;0.814308581;192.648389;33.081;43.893;115.674389;84.81;0.16292;1.30529;0.75;0.25;90.03333;90.68500;101.96000;73.51000;91.63000;1706.9;275.0;234.0;48.0;12.63;0.926;0.17498;0.04096;0.00;0.000;1.527;0.947;0.000;0.557;101.826;85.00;80.00;23410.1;950.00;8.50;3.08;1.05;75422.64;132772.80;24859.38;27433.0;2.75;4.84;0.91;22/09/2024 16:12:35;
23/09/2024;12;2.0TD;1;0.000094057318000000;0.139;0.833659054;169.549695;33.081;43.893;92.575695;66.54;0.16292;1.30529;0.75;0.25;90.03333;90.68500;101.96000;73.51000;91.63000;1706.9;275.0;234.0;48.0;10.66;0.926;0.17498;0.04096;0.00;0.000;1.219;0.947;0.000;0.557;81.278;66.54;66.50;25708.5;899.90;6.53;3.08;1.05;92545.24;63676.80;24859.38;27737.9;3.34;2.30;0.90;22/09/2024 16:12:35;
23/09/2024;13;2.0TD;1;0.000097573497000000;0.137;0.817742595;151.945559;33.081;43.893;74.971559;51.21;0.16292;1.30529;0.75;0.25;90.03333;90.68500;101.96000;73.51000;91.63000;1706.9;275.0;234.0;48.0;10.88;0.926;0.17498;0.04096;0.00;0.000;0.989;0.947;0.000;0.557;65.938;51.10;54.10;26326.3;965.20;6.75;3.08;1.05;107294.44;56888.80;24859.38;28013.9;3.83;2.03;0.89;22/09/2024 16:12:35;
23/09/2024;14;2.0TD;1;0.000104669451000000;0.130;0.780923016;150.083923;33.081;43.893;73.109923;50.36;0.16292;1.30529;0.75;0.25;90.03333;90.68500;101.96000;73.51000;91.63000;1706.9;275.0;234.0;48.0;10.51;0.926;0.17498;0.04096;0.00;0.000;0.970;0.947;0.000;0.557;64.699;50.24;53.24;26554.0;1064.30;6.38;3.08;1.05;108043.36;47154.00;24859.38;28209.2;3.83;1.67;0.88;22/09/2024 16:12:35;
23/09/2024;15;2.0TD;2;0.000105555314000000;0.131;0.806235983;88.792757;19.184;8.779;60.829757;40.00;0.16292;1.30529;0.75;0.25;90.03333;90.68500;101.96000;73.51000;91.63000;1706.9;275.0;234.0;48.0;10.89;0.154;0.17498;0.04096;0.00;0.000;0.807;0.947;0.000;0.557;53.784;39.90;42.90;26856.3;968.90;6.76;3.08;1.05;118553.88;45298.00;24859.38;27935.2;4.24;1.62;0.89;22/09/2024 16:12:35;
23/09/2024;16;2.0TD;2;0.000100030224000000;0.135;0.830017815;66.780053;19.184;8.779;38.817053;20.57;0.16292;1.30529;0.75;0.25;90.03333;90.68500;101.96000;73.51000;91.63000;1706.9;275.0;234.0;48.0;11.03;0.154;0.17498;0.04096;0.00;0.000;0.513;0.947;0.000;0.557;34.200;20.50;22.48;26568.0;907.80;6.90;3.08;1.05;138498.48;26918.00;24859.38;27561.9;5.02;0.98;0.90;22/09/2024 16:12:35;
23/09/2024;17;2.0TD;2;0.000098286481000000;0.140;0.857272362;90.352973;19.184;8.779;62.389973;40.68;0.16292;1.30529;0.75;0.25;90.03333;90.68500;101.96000;73.51000;91.63000;1706.9;275.0;234.0;48.0;11.14;0.154;0.17498;0.04096;0.00;0.000;0.821;0.947;0.000;0.557;54.728;40.65;41.65;26147.5;790.10;7.01;3.08;1.05;118040.84;46398.80;24859.38;27018.0;4.37;1.72;0.92;22/09/2024 16:12:35;
23/09/2024;18;2.0TD;2;0.000101777128000000;0.141;0.865556029;115.104646;19.184;8.779;87.141646;60.59;0.16292;1.30529;0.75;0.25;90.03333;90.68500;101.96000;73.51000;91.63000;1706.9;275.0;234.0;48.0;12.55;0.154;0.17498;0.04096;0.00;0.000;1.146;0.947;0.000;0.557;76.373;60.81;53.99;25315.8;845.10;8.42;3.08;1.05;99871.80;105817.60;24859.38;27388.6;3.65;3.86;0.91;22/09/2024 16:12:35;
23/09/2024;19;2.0TD;1;0.000105179158000000;0.145;0.868330129;206.247988;33.081;43.893;129.273988;95.36;0.16292;1.30529;0.75;0.25;90.03333;90.68500;101.96000;73.51000;91.63000;1706.9;275.0;234.0;48.0;12.99;0.926;0.17498;0.04096;0.00;0.000;1.694;0.947;0.000;0.557;112.903;95.58;90.58;21955.4;1022.50;8.86;3.08;1.05;64355.36;150289.60;24859.38;27047.4;2.38;5.56;0.92;22/09/2024 16:12:35;
23/09/2024;20;2.0TD;1;0.000110384511000000;0.147;0.882894577;238.484270;33.081;43.893;161.510270;116.05;0.16292;1.30529;0.75;0.25;90.03333;90.68500;101.96000;73.51000;91.63000;1706.9;275.0;234.0;48.0;19.79;0.926;0.17498;0.04096;0.00;0.000;2.112;0.947;0.000;0.557;140.811;116.05;116.10;19254.5;935.70;15.66;3.08;1.05;35341.92;362368.00;24859.38;26979.4;1.31;13.43;0.92;22/09/2024 16:12:35;
23/09/2024;21;2.0TD;1;0.000132077771000000;0.142;0.849687868;268.585665;33.081;43.893;191.611665;155.55;0.16292;1.30529;0.75;0.25;90.03333;90.68500;101.96000;73.51000;91.63000;1706.9;275.0;234.0;48.0;6.86;0.926;0.17498;0.04096;0.00;0.000;2.517;0.947;0.000;0.557;167.786;155.01;165.64;20119.7;1066.70;2.73;3.08;1.05;8689.60;43484.32;24859.38;28175.9;0.31;1.54;0.88;22/09/2024 16:12:35;
23/09/2024;22;2.0TD;1;0.000142841082000000;0.141;0.843135476;271.023923;33.081;43.893;194.049923;157.90;0.16292;1.30529;0.75;0.25;90.03333;90.68500;101.96000;73.51000;91.63000;1706.9;275.0;234.0;48.0;6.76;0.926;0.17498;0.04096;0.00;0.000;2.551;0.947;0.000;0.557;170.070;157.66;162.66;20194.5;1027.40;2.63;3.08;1.05;6878.60;41890.32;24859.38;27987.6;0.25;1.50;0.89;22/09/2024 16:12:35;
23/09/2024;23;2.0TD;2;0.000126186058000000;0.148;0.910162884;170.311609;19.184;8.779;142.348609;112.55;0.16292;1.30529;0.75;0.25;90.03333;90.68500;101.96000;73.51000;91.63000;1706.9;275.0;234.0;48.0;7.50;0.154;0.17498;0.04096;0.00;0.000;1.860;0.947;0.000;0.557;123.997;112.55;112.55;18573.0;971.30;3.37;3.08;1.05;43323.88;17556.00;24859.38;25446.4;1.70;0.69;0.98;22/09/2024 16:12:35;
23/09/2024;24;2.0TD;2;0.000105964169000000;0.155;0.951564401;163.053009;19.184;8.779;135.090009;105.08;0.16292;1.30529;0.75;0.25;90.03333;90.68500;101.96000;73.51000;91.63000;1706.9;275.0;234.0;48.0;8.04;0.154;0.17498;0.04096;0.00;0.000;1.754;0.947;0.000;0.557;116.961;105.08;105.08;18011.5;1031.90;3.91;3.08;1.05;39414.72;27268.00;24859.38;23434.4;1.68;1.16;1.06;22/09/2024 16:12:35;
*
