pvpcdata;
2024;12;11;12;05;30;
12/11/2024;1;2.0TD;3;0.000099066362000000;0.214;1.186668555;114.953829;0.557;2.195;112.201829;65.23;7.35326;1.03041;0.75;0.25;63.70375;93.11680;101.96000;84.74000;75.52000;2022.5;275.0;200.0;46.0;16.51;0.000;0.17498;0.04096;0.00;0.000;1.386;0.947;0.000;0.557;92.423;65.00;70.21;17164.3;788.60;12.27;3.21;1.03;183213.96;82317.60;24859.38;23657.2;7.74;3.48;1.05;11/11/2024 16:11:22;
12/11/2024;2;2.0TD;3;0.000082369157000000;0.229;1.272261432;100.007997;0.557;2.195;97.255997;50.39;7.35326;1.03041;0.75;0.25;63.70375;93.11680;101.96000;84.74000;75.52000;2022.5;275.0;200.0;46.0;18.26;0.000;0.17498;0.04096;0.00;0.000;1.187;0.947;0.000;0.557;79.134;49.97;57.97;17000.5;948.90;14.02;3.21;1.03;211322.68;80119.20;24859.38;22564.1;9.37;3.55;1.10;11/11/2024 16:11:22;
12/11/2024;3;2.0TD;3;0.000073061295000000;0.232;1.287350316;101.345576;0.557;2.195;98.593576;49.99;7.35326;1.03041;0.75;0.25;63.70375;93.11680;101.96000;84.74000;75.52000;2022.5;275.0;200.0;46.0;19.54;0.000;0.17498;0.04096;0.00;0.000;1.200;0.947;0.000;0.557;80.027;49.78;54.79;19355.5;838.70;15.30;3.21;1.03;220507.04;87524.36;24859.38;21759.2;10.13;4.02;1.14;11/11/2024 16:11:22;
12/11/2024;4;2.0TD;3;0.000068657534000000;0.233;1.296938210;96.356740;0.557;2.195;93.604740;45.59;7.35326;1.03041;0.75;0.25;63.70375;93.11680;101.96000;84.74000;75.52000;2022.5;275.0;200.0;46.0;19.89;0.000;0.17498;0.04096;0.00;0.000;1.139;0.947;0.000;0.557;75.916;45.38;50.38;19036.8;819.50;15.65;3.21;1.03;248544.68;86303.28;0.00;21400.7;11.61;4.03;0.00;11/11/2024 16:11:22;
12/11/2024;5;2.0TD;3;0.000067279731000000;0.232;1.289570957;80.445928;0.557;2.195;77.693928;31.52;7.35326;1.03041;0.75;0.25;63.70375;93.11680;101.96000;84.74000;75.52000;2022.5;275.0;200.0;46.0;21.30;0.000;0.17498;0.04096;0.00;0.000;0.946;0.947;0.000;0.557;63.063;31.24;37.24;18924.5;931.00;17.06;3.21;1.03;266042.96;99798.96;0.00;21443.2;12.41;4.65;0.00;11/11/2024 16:11:22;
12/11/2024;6;2.0TD;3;0.000069837664000000;0.230;1.276609011;100.923531;0.557;2.195;98.171531;50.06;7.35326;1.03041;0.75;0.25;63.70375;93.11680;101.96000;84.74000;75.52000;2022.5;275.0;200.0;46.0;19.26;0.000;0.17498;0.04096;0.00;0.000;1.197;0.947;0.000;0.557;79.814;49.84;54.84;18824.9;854.20;15.02;3.21;1.03;243205.60;85968.00;0.00;21918.7;11.10;3.92;0.00;11/11/2024 16:11:22;
12/11/2024;7;2.0TD;3;0.000080563514000000;0.208;1.155871524;119.649257;0.557;2.195;116.897257;69.89;7.35326;1.03041;0.75;0.25;63.70375;93.11680;101.96000;84.74000;75.52000;2022.5;275.0;200.0;46.0;16.13;0.000;0.17498;0.04096;0.00;0.000;1.452;0.947;0.000;0.557;96.769;70.20;65.20;16552.3;1102.10;11.89;3.21;1.03;184951.80;85906.60;24859.38;24865.2;7.44;3.45;1.00;11/11/2024 16:11:22;
12/11/2024;8;2.0TD;3;0.000103585546000000;0.192;1.068450916;152.553325;0.557;2.195;149.801325;102.37;7.35326;1.03041;0.75;0.25;63.70375;93.11680;101.96000;84.74000;75.52000;2022.5;275.0;200.0;46.0;12.12;0.000;0.17498;0.04096;0.00;0.000;1.885;0.947;0.000;0.557;125.672;102.66;97.66;17073.9;1036.20;7.88;3.21;1.03;101100.32;93341.28;24859.38;27805.8;3.64;3.36;0.89;11/11/2024 16:11:22;
12/11/2024;9;2.0TD;2;0.000111110210000000;0.189;1.158738874;180.337218;19.184;8.779;152.374218;102.35;7.35326;1.03041;0.75;0.25;63.70375;93.11680;101.96000;84.74000;75.52000;2022.5;275.0;200.0;46.0;14.43;0.154;0.17498;0.04096;0.00;0.000;1.922;0.947;0.000;0.557;128.153;102.67;97.67;18341.2;1261.00;10.19;3.21;1.03;118184.16;156190.32;24859.38;29368.0;4.02;5.32;0.85;11/11/2024 16:11:22;
12/11/2024;10;2.0TD;2;0.000111624269000000;0.170;1.043088461;142.481726;19.184;8.779;114.518726;69.72;7.35326;1.03041;0.75;0.25;63.70375;93.11680;101.96000;84.74000;75.52000;2022.5;275.0;200.0;46.0;17.24;0.154;0.17498;0.04096;0.00;0.000;1.468;0.947;0.000;0.557;97.879;69.98;64.98;24559.6;1364.60;13.00;3.21;1.03;187325.36;175974.00;24859.38;29847.6;6.28;5.90;0.83;11/11/2024 16:11:22;
12/11/2024;11;2.0TD;1;0.000113077956000000;0.165;0.988904820;112.542910;33.081;43.893;35.568910;4.11;7.35326;1.03041;0.75;0.25;63.70375;93.11680;101.96000;84.74000;75.52000;2022.5;275.0;200.0;46.0;15.74;0.926;0.17498;0.04096;0.00;0.000;0.458;0.947;0.000;0.557;30.531;4.31;0.31;28475.0;1465.10;11.50;3.21;1.03;291154.72;31248.00;24859.38;30175.7;9.65;1.04;0.82;11/11/2024 16:11:22;
12/11/2024;12;2.0TD;1;0.000111607872000000;0.164;0.981544815;110.929338;33.081;43.893;33.955338;3.16;7.35326;1.03041;0.75;0.25;63.70375;93.11680;101.96000;84.74000;75.52000;2022.5;275.0;200.0;46.0;15.35;0.926;0.17498;0.04096;0.00;0.000;0.438;0.947;0.000;0.557;29.171;3.32;0.00;28722.0;1436.10;11.11;3.21;1.03;286716.48;19911.24;24859.38;29817.9;9.62;0.67;0.83;11/11/2024 16:11:22;
12/11/2024;13;2.0TD;1;0.000112948598000000;0.163;0.973881713;111.076943;33.081;43.893;34.102943;3.16;7.35326;1.03041;0.75;0.25;63.70375;93.11680;101.96000;84.74000;75.52000;2022.5;275.0;200.0;46.0;15.50;0.926;0.17498;0.04096;0.00;0.000;0.440;0.947;0.000;0.557;29.323;3.32;0.00;29022.5;1432.50;11.26;3.21;1.03;295420.04;15512.00;24859.38;29806.4;9.91;0.52;0.83;11/11/2024 16:11:22;
12/11/2024;14;2.0TD;1;0.000119657287000000;0.162;0.968482833;110.929096;33.081;43.893;33.955096;3.16;7.35326;1.03041;0.75;0.25;63.70375;93.11680;101.96000;84.74000;75.52000;2022.5;275.0;200.0;46.0;15.40;0.926;0.17498;0.04096;0.00;0.000;0.438;0.947;0.000;0.557;29.221;3.32;0.00;29217.4;1513.10;11.16;3.21;1.03;295346.48;15536.00;24859.38;30098.9;9.81;0.52;0.83;11/11/2024 16:11:22;
12/11/2024;15;2.0TD;2;0.000121203482000000;0.167;1.022853311;61.208791;19.184;8.779;33.245791;3.15;7.35326;1.03041;0.75;0.25;63.70375;93.11680;101.96000;84.74000;75.52000;2022.5;275.0;200.0;46.0;15.46;0.154;0.17498;0.04096;0.00;0.000;0.427;0.947;0.000;0.557;28.488;3.32;0.00;29152.5;1621.70;11.22;3.21;1.03;295385.12;15320.00;24859.38;29893.0;9.88;0.51;0.83;11/11/2024 16:11:22;
12/11/2024;16;2.0TD;2;0.000115772575000000;0.173;1.061476646;61.404354;19.184;8.779;33.441354;3.18;7.35326;1.03041;0.75;0.25;63.70375;93.11680;101.96000;84.74000;75.52000;2022.5;275.0;200.0;46.0;15.45;0.154;0.17498;0.04096;0.00;0.000;0.428;0.947;0.000;0.557;28.509;3.32;0.80;28894.9;1730.70;11.21;3.21;1.03;286571.92;19732.32;24859.38;29549.7;9.70;0.67;0.84;11/11/2024 16:11:22;
12/11/2024;17;2.0TD;2;0.000113075076000000;0.175;1.076128733;117.467747;19.184;8.779;89.504747;50.09;7.35326;1.03041;0.75;0.25;63.70375;93.11680;101.96000;84.74000;75.52000;2022.5;275.0;200.0;46.0;15.49;0.154;0.17498;0.04096;0.00;0.000;1.143;0.947;0.000;0.557;76.174;49.84;54.84;27596.4;1446.60;11.25;3.21;1.03;206225.60;94505.40;24859.38;28934.9;7.13;3.27;0.86;11/11/2024 16:11:22;
12/11/2024;18;2.0TD;2;0.000120405686000000;0.179;1.096561475;177.823630;19.184;8.779;149.860630;102.67;7.35326;1.03041;0.75;0.25;63.70375;93.11680;101.96000;84.74000;75.52000;2022.5;275.0;200.0;46.0;13.08;0.154;0.17498;0.04096;0.00;0.000;1.907;0.947;0.000;0.557;127.108;102.67;102.67;21498.4;1483.60;8.84;3.21;1.03;159632.16;64692.00;24859.38;28172.4;5.67;2.30;0.88;11/11/2024 16:11:22;
12/11/2024;19;2.0TD;1;0.000142391369000000;0.179;1.073980554;238.973614;33.081;43.893;161.999614;114.31;7.35326;1.03041;0.75;0.25;63.70375;93.11680;101.96000;84.74000;75.52000;2022.5;275.0;200.0;46.0;10.81;0.926;0.17498;0.04096;0.00;0.000;2.061;0.947;0.000;0.557;137.404;115.06;107.23;18815.5;2003.70;6.57;3.21;1.03;120085.24;50993.60;24859.38;29804.6;4.03;1.71;0.83;11/11/2024 16:11:22;
12/11/2024;20;2.0TD;1;0.000157368396000000;0.183;1.098356627;245.203997;33.081;43.893;168.229997;120.33;7.35326;1.03041;0.75;0.25;63.70375;93.11680;101.96000;84.74000;75.52000;2022.5;275.0;200.0;46.0;9.52;0.926;0.17498;0.04096;0.00;0.000;2.133;0.947;0.000;0.557;142.206;120.76;115.76;19160.1;1805.40;5.28;3.21;1.03;105471.16;31328.64;24859.38;30635.0;3.44;1.02;0.81;11/11/2024 16:11:22;
12/11/2024;21;2.0TD;1;0.000169028657000000;0.186;1.115263846;254.372622;33.081;43.893;177.398622;128.50;7.35326;1.03041;0.75;0.25;63.70375;93.11680;101.96000;84.74000;75.52000;2022.5;275.0;200.0;46.0;8.61;0.926;0.17498;0.04096;0.00;0.000;2.244;0.947;0.000;0.557;149.577;128.86;125.00;18823.2;1922.80;4.37;3.21;1.03;92923.56;18141.84;24859.38;31117.3;2.99;0.58;0.80;11/11/2024 16:11:22;
12/11/2024;22;2.0TD;1;0.000168980808000000;0.191;1.141333519;245.942662;33.081;43.893;168.968662;119.96;7.35326;1.03041;0.75;0.25;63.70375;93.11680;101.96000;84.74000;75.52000;2022.5;275.0;200.0;46.0;9.56;0.926;0.17498;0.04096;0.00;0.000;2.128;0.947;0.000;0.557;141.871;120.28;117.28;17849.2;2141.70;5.32;3.21;1.03;106216.44;29404.40;24859.38;30154.7;3.52;0.98;0.82;11/11/2024 16:11:22;
12/11/2024;23;2.0TD;2;0.000150139524000000;0.201;1.234207068;196.385539;19.184;8.779;168.422539;119.47;7.35326;1.03041;0.75;0.25;63.70375;93.11680;101.96000;84.74000;75.52000;2022.5;275.0;200.0;46.0;9.21;0.154;0.17498;0.04096;0.00;0.000;2.104;0.947;0.000;0.557;140.235;119.92;116.00;16287.7;2095.20;4.97;3.21;1.03;79399.44;31297.28;24859.38;27270.0;2.91;1.15;0.91;11/11/2024 16:11:22;
12/11/2024;24;2.0TD;2;0.000123595361000000;0.213;1.303889520;190.420397;19.184;8.779;162.457397;112.96;7.35326;1.03041;0.75;0.25;63.70375;93.11680;101.96000;84.74000;75.52000;2022.5;275.0;200.0;46.0;9.51;0.154;0.17498;0.04096;0.00;0.000;2.009;0.947;0.000;0.557;133.930;113.87;106.87;14313.8;2143.30;5.27;3.21;1.03;71976.00;34365.60;24859.38;24911.1;2.89;1.38;1.00;11/11/2024 16:11:22;
*
