pvpcdata;
2024;09;10;12;18;54;
06/08/2024;1;2.0TD;3;0.000113731377000000;0.167;0.927160625;143.940260;0.557;2.195;141.188260;114.64;-4.12598;0.89468;0.75;0.25;105.55792;89.05400;101.96000;73.51000;75.32000;2530.5;275.0;234.0;57.0;6.50;0.000;0.17498;0.04096;0.00;0.000;1.815;0.947;0.000;0.557;120.984;114.76;112.76;21176.8;1411.50;2.37;3.08;1.05;20873.24;18472.88;24859.38;27138.1;0.77;0.68;0.92;05/08/2024 16:10:01;
06/08/2024;2;2.0TD;3;0.000097897038000000;0.167;0.928090279;139.722722;0.557;2.195;136.970722;109.79;-4.12598;0.89468;0.75;0.25;105.55792;89.05400;101.96000;73.51000;75.32000;2530.5;275.0;234.0;57.0;7.79;0.000;0.17498;0.04096;0.00;0.000;1.761;0.947;0.000;0.557;117.370;109.86;108.85;19396.0;1430.90;3.66;3.08;1.05;23656.56;44313.20;24859.38;25369.2;0.93;1.75;0.98;05/08/2024 16:10:01;
06/08/2024;3;2.0TD;3;0.000087603315000000;0.167;0.925472620;128.573204;0.557;2.195;125.821204;100.00;-4.12598;0.89468;0.75;0.25;105.55792;89.05400;101.96000;73.51000;75.32000;2530.5;275.0;234.0;57.0;8.17;0.000;0.17498;0.04096;0.00;0.000;1.617;0.947;0.000;0.557;107.816;100.00;100.00;18523.4;1092.60;4.04;3.08;1.05;48903.32;24386.88;24859.38;24256.3;2.02;1.01;1.02;05/08/2024 16:10:01;
06/08/2024;4;2.0TD;3;0.000081493257000000;0.169;0.938016877;139.873294;0.557;2.195;137.121294;110.23;-4.12598;0.89468;0.75;0.25;105.55792;89.05400;101.96000;73.51000;75.32000;2530.5;275.0;234.0;57.0;7.28;0.000;0.17498;0.04096;0.00;0.000;1.759;0.947;0.000;0.557;117.298;110.56;105.36;17563.6;1184.40;3.15;3.08;1.05;58424.16;15852.16;0.00;23579.4;2.48;0.67;0.00;05/08/2024 16:10:01;
06/08/2024;5;2.0TD;3;0.000077963148000000;0.169;0.937130068;139.552988;0.557;2.195;136.800988;110.03;-4.12598;0.89468;0.75;0.25;105.55792;89.05400;101.96000;73.51000;75.32000;2530.5;275.0;234.0;57.0;7.21;0.000;0.17498;0.04096;0.00;0.000;1.755;0.947;0.000;0.557;117.024;110.09;109.00;17354.2;1095.40;3.08;3.08;1.05;51465.84;19687.36;0.00;23106.1;2.23;0.85;0.00;05/08/2024 16:10:01;
06/08/2024;6;2.0TD;3;0.000076571566000000;0.165;0.916071795;142.798912;0.557;2.195;140.046912;113.19;-4.12598;0.89468;0.75;0.25;105.55792;89.05400;101.96000;73.51000;75.32000;2530.5;275.0;234.0;57.0;7.19;0.000;0.17498;0.04096;0.00;0.000;1.803;0.947;0.000;0.557;120.212;113.32;111.22;17406.0;1144.60;3.06;3.08;1.05;47833.00;23202.96;0.00;23214.9;2.06;1.00;0.00;05/08/2024 16:10:01;
06/08/2024;7;2.0TD;3;0.000077845552000000;0.162;0.897645548;150.614109;0.557;2.195;147.862109;119.75;-4.12598;0.89468;0.75;0.25;105.55792;89.05400;101.96000;73.51000;75.32000;2530.5;275.0;234.0;57.0;7.56;0.000;0.17498;0.04096;0.00;0.000;1.909;0.947;0.000;0.557;127.248;119.69;120.68;18717.8;1167.40;3.43;3.08;1.05;37879.68;22372.00;24859.38;24818.7;1.53;0.90;1.00;05/08/2024 16:10:01;
06/08/2024;8;2.0TD;3;0.000078733791000000;0.161;0.895902967;161.188959;0.557;2.195;158.436959;129.84;-4.12598;0.89468;0.75;0.25;105.55792;89.05400;101.96000;73.51000;75.32000;2530.5;275.0;234.0;57.0;6.55;0.000;0.17498;0.04096;0.00;0.000;2.047;0.947;0.000;0.557;136.466;130.00;127.50;20125.6;1401.00;2.42;3.08;1.05;16542.88;23139.04;24859.38;26694.7;0.62;0.87;0.93;05/08/2024 16:10:01;
06/08/2024;9;2.0TD;2;0.000086076251000000;0.152;0.929621926;175.036469;19.184;8.779;147.073469;120.59;-4.12598;0.89468;0.75;0.25;105.55792;89.05400;101.96000;73.51000;75.32000;2530.5;275.0;234.0;57.0;6.98;0.154;0.17498;0.04096;0.00;0.000;1.915;0.947;0.000;0.557;127.668;120.30;125.80;21231.7;1172.20;2.85;3.08;1.05;19725.48;34339.36;24859.38;27773.3;0.71;1.24;0.90;05/08/2024 16:10:01;
06/08/2024;10;2.0TD;2;0.000097433470000000;0.141;0.866045191;162.627177;19.184;8.779;134.664177;110.36;-4.12598;0.89468;0.75;0.25;105.55792;89.05400;101.96000;73.51000;75.32000;2530.5;275.0;234.0;57.0;7.71;0.154;0.17498;0.04096;0.00;0.000;1.770;0.947;0.000;0.557;118.023;110.56;106.46;22984.9;1160.80;3.58;3.08;1.05;28910.16;51753.60;24859.38;29476.6;0.98;1.76;0.84;05/08/2024 16:10:01;
06/08/2024;11;2.0TD;1;0.000105613862000000;0.147;0.878647102;208.634622;33.081;43.893;131.660622;102.22;-4.12598;0.89468;0.75;0.25;105.55792;89.05400;101.96000;73.51000;75.32000;2530.5;275.0;234.0;57.0;11.89;0.926;0.17498;0.04096;0.00;0.000;1.722;0.947;0.000;0.557;114.787;102.73;90.88;24255.6;1090.00;7.76;3.08;1.05;52491.32;161433.36;24859.38;30784.9;1.71;5.24;0.81;05/08/2024 16:10:01;
06/08/2024;12;2.0TD;1;0.000109806433000000;0.150;0.898433502;192.306283;33.081;43.893;115.332283;89.85;-4.12598;0.89468;0.75;0.25;105.55792;89.05400;101.96000;73.51000;75.32000;2530.5;275.0;234.0;57.0;9.98;0.926;0.17498;0.04096;0.00;0.000;1.504;0.947;0.000;0.557;100.289;90.00;85.99;25096.7;956.40;5.85;3.08;1.05;69928.84;91062.40;24859.38;31740.1;2.20;2.87;0.78;05/08/2024 16:10:01;
06/08/2024;13;2.0TD;1;0.000115447189000000;0.151;0.901884149;184.788103;33.081;43.893;107.814103;83.81;-4.12598;0.89468;0.75;0.25;105.55792;89.05400;101.96000;73.51000;75.32000;2530.5;275.0;234.0;57.0;9.50;0.926;0.17498;0.04096;0.00;0.000;1.405;0.947;0.000;0.557;93.670;83.78;84.50;25735.8;1092.00;5.37;3.08;1.05;73621.20;76320.16;24859.38;32539.6;2.26;2.35;0.76;05/08/2024 16:10:01;
06/08/2024;14;2.0TD;1;0.000125980348000000;0.147;0.881426816;183.877774;33.081;43.893;106.903774;83.44;-4.12598;0.89468;0.75;0.25;105.55792;89.05400;101.96000;73.51000;75.32000;2530.5;275.0;234.0;57.0;9.41;0.926;0.17498;0.04096;0.00;0.000;1.398;0.947;0.000;0.557;93.203;83.40;84.45;26275.6;1080.50;5.28;3.08;1.05;70119.32;80492.16;24859.38;33283.6;2.11;2.42;0.75;05/08/2024 16:10:01;
06/08/2024;15;2.0TD;2;0.000131124484000000;0.149;0.914496868;133.126307;19.184;8.779;105.163307;83.21;-4.12598;0.89468;0.75;0.25;105.55792;89.05400;101.96000;73.51000;75.32000;2530.5;275.0;234.0;57.0;8.76;0.154;0.17498;0.04096;0.00;0.000;1.373;0.947;0.000;0.557;91.526;83.18;83.93;26561.5;1088.50;4.63;3.08;1.05;70376.28;60733.20;24859.38;33685.2;2.09;1.80;0.74;05/08/2024 16:10:01;
06/08/2024;16;2.0TD;2;0.000127306681000000;0.147;0.902401719;132.337639;19.184;8.779;104.374639;82.46;-4.12598;0.89468;0.75;0.25;105.55792;89.05400;101.96000;73.51000;75.32000;2530.5;275.0;234.0;57.0;8.99;0.154;0.17498;0.04096;0.00;0.000;1.365;0.947;0.000;0.557;90.998;82.44;83.00;26708.0;999.10;4.86;3.08;1.05;71242.32;64518.24;24859.38;33069.7;2.15;1.95;0.75;05/08/2024 16:10:01;
06/08/2024;17;2.0TD;2;0.000125319688000000;0.148;0.909477607;132.964753;19.184;8.779;105.001753;82.36;-4.12598;0.89468;0.75;0.25;105.55792;89.05400;101.96000;73.51000;75.32000;2530.5;275.0;234.0;57.0;9.55;0.154;0.17498;0.04096;0.00;0.000;1.372;0.947;0.000;0.557;91.465;82.31;83.86;26566.7;940.60;5.42;3.08;1.05;71417.44;82096.08;24859.38;32916.0;2.17;2.49;0.76;05/08/2024 16:10:01;
06/08/2024;18;2.0TD;2;0.000126670354000000;0.152;0.935076909;134.628917;19.184;8.779;106.665917;83.32;-4.12598;0.89468;0.75;0.25;105.55792;89.05400;101.96000;73.51000;75.32000;2530.5;275.0;234.0;57.0;9.70;0.154;0.17498;0.04096;0.00;0.000;1.389;0.947;0.000;0.557;92.592;83.18;86.92;26041.0;981.60;5.57;3.08;1.05;70376.56;87744.00;24859.38;32897.6;2.14;2.67;0.76;05/08/2024 16:10:01;
06/08/2024;19;2.0TD;1;0.000127428053000000;0.152;0.909830633;194.449133;33.081;43.893;117.475133;90.24;-4.12598;0.89468;0.75;0.25;105.55792;89.05400;101.96000;73.51000;75.32000;2530.5;275.0;234.0;57.0;11.25;0.926;0.17498;0.04096;0.00;0.000;1.530;0.947;0.000;0.557;101.975;90.40;86.40;24929.0;1054.00;7.12;3.08;1.05;64627.64;143812.40;24859.38;32770.2;1.97;4.39;0.76;05/08/2024 16:10:01;
06/08/2024;20;2.0TD;1;0.000127231790000000;0.156;0.933542589;221.273945;33.081;43.893;144.299945;112.98;-4.12598;0.89468;0.75;0.25;105.55792;89.05400;101.96000;73.51000;75.32000;2530.5;275.0;234.0;57.0;11.02;0.926;0.17498;0.04096;0.00;0.000;1.872;0.947;0.000;0.557;124.827;113.32;107.32;24635.7;1485.50;6.89;3.08;1.05;34045.80;165909.12;24859.38;32594.6;1.04;5.09;0.76;05/08/2024 16:10:01;
06/08/2024;21;2.0TD;1;0.000129865578000000;0.158;0.947117590;228.284003;33.081;43.893;151.310003;123.02;-4.12598;0.89468;0.75;0.25;105.55792;89.05400;101.96000;73.51000;75.32000;2530.5;275.0;234.0;57.0;6.73;0.926;0.17498;0.04096;0.00;0.000;1.960;0.947;0.000;0.557;130.665;123.21;120.21;24127.3;1639.90;2.60;3.08;1.05;28839.76;29255.60;24859.38;31898.6;0.90;0.92;0.78;05/08/2024 16:10:01;
06/08/2024;22;2.0TD;1;0.000145424760000000;0.158;0.948065405;242.650151;33.081;43.893;165.676151;131.98;-4.12598;0.89468;0.75;0.25;105.55792;89.05400;101.96000;73.51000;75.32000;2530.5;275.0;234.0;57.0;9.99;0.926;0.17498;0.04096;0.00;0.000;2.146;0.947;0.000;0.557;143.071;132.34;127.44;23614.6;1869.30;5.86;3.08;1.05;149317.32;11186.00;24859.38;31631.2;4.72;0.35;0.79;05/08/2024 16:10:01;
06/08/2024;23;2.0TD;2;0.000146249950000000;0.163;0.999039966;186.583340;19.184;8.779;158.620340;125.75;-4.12598;0.89468;0.75;0.25;105.55792;89.05400;101.96000;73.51000;75.32000;2530.5;275.0;234.0;57.0;10.41;0.154;0.17498;0.04096;0.00;0.000;2.046;0.947;0.000;0.557;136.389;126.10;121.10;23198.4;1769.20;6.28;3.08;1.05;153976.08;13359.28;24859.38;30585.2;5.03;0.44;0.81;05/08/2024 16:10:01;
06/08/2024;24;2.0TD;2;0.000130166307000000;0.160;0.984534041;176.988133;19.184;8.779;149.025133;117.41;-4.12598;0.89468;0.75;0.25;105.55792;89.05400;101.96000;73.51000;75.32000;2530.5;275.0;234.0;57.0;10.95;0.154;0.17498;0.04096;0.00;0.000;1.927;0.947;0.000;0.557;128.470;117.86;112.01;21700.0;1789.40;6.82;3.08;1.05;161026.88;8437.44;24859.38;28502.6;5.65;0.30;0.87;05/08/2024 16:10:01;
*
