pvpcdata;
2024;09;10;12;19;06;
19/08/2024;1;2.0TD;3;0.000112981427000000;0.182;1.012220131;128.590010;0.557;2.195;125.838010;91.32;-1.16556;0.94843;0.75;0.25;93.71625;89.05400;101.96000;73.51000;75.32000;2387.1;275.0;234.0;57.0;12.93;0.000;0.17498;0.04096;0.00;0.000;1.597;0.947;0.000;0.557;106.461;91.70;86.70;18393.2;1529.00;8.80;3.08;1.05;144081.40;51263.84;24859.38;25027.6;5.76;2.05;0.99;18/08/2024 16:06:48;
19/08/2024;2;2.0TD;3;0.000098279435000000;0.182;1.008702572;111.885986;0.557;2.195;109.133986;76.45;-1.16556;0.94843;0.75;0.25;93.71625;89.05400;101.96000;73.51000;75.32000;2387.1;275.0;234.0;57.0;13.88;0.000;0.17498;0.04096;0.00;0.000;1.385;0.947;0.000;0.557;92.329;76.60;74.60;17966.3;1444.30;9.75;3.08;1.05;175695.92;53753.28;0.00;23529.2;7.47;2.28;0.00;18/08/2024 16:06:48;
19/08/2024;3;2.0TD;3;0.000087921399000000;0.181;1.003674388;111.853887;0.557;2.195;109.101887;74.49;-1.16556;0.94843;0.75;0.25;93.71625;89.05400;101.96000;73.51000;75.32000;2387.1;275.0;234.0;57.0;15.89;0.000;0.17498;0.04096;0.00;0.000;1.386;0.947;0.000;0.557;92.380;74.80;70.80;17603.5;1503.50;11.76;3.08;1.05;194932.12;70120.24;0.00;22547.6;8.65;3.11;0.00;18/08/2024 16:06:48;
19/08/2024;4;2.0TD;3;0.000082048095000000;0.179;0.995879864;112.829261;0.557;2.195;110.077261;75.50;-1.16556;0.94843;0.75;0.25;93.71625;89.05400;101.96000;73.51000;75.32000;2387.1;275.0;234.0;57.0;15.85;0.000;0.17498;0.04096;0.00;0.000;1.400;0.947;0.000;0.557;93.364;75.92;70.92;17328.6;1605.70;11.72;3.08;1.05;192998.24;64878.80;0.00;22008.0;8.77;2.95;0.00;18/08/2024 16:06:48;
19/08/2024;5;2.0TD;3;0.000078512817000000;0.176;0.980076893;112.143446;0.557;2.195;109.391446;75.33;-1.16556;0.94843;0.75;0.25;93.71625;89.05400;101.96000;73.51000;75.32000;2387.1;275.0;234.0;57.0;15.68;0.000;0.17498;0.04096;0.00;0.000;1.395;0.947;0.000;0.557;93.019;75.65;71.75;16976.5;1532.80;11.55;3.08;1.05;178388.76;69161.44;0.00;21433.6;8.32;3.23;0.00;18/08/2024 16:06:48;
19/08/2024;6;2.0TD;3;0.000076955362000000;0.172;0.953085094;116.066746;0.557;2.195;113.314746;79.61;-1.16556;0.94843;0.75;0.25;93.71625;89.05400;101.96000;73.51000;75.32000;2387.1;275.0;234.0;57.0;15.01;0.000;0.17498;0.04096;0.00;0.000;1.450;0.947;0.000;0.557;96.684;79.97;75.47;15475.4;1333.80;10.88;3.08;1.05;168955.16;67883.04;0.00;21758.9;7.76;3.12;0.00;18/08/2024 16:06:48;
19/08/2024;7;2.0TD;3;0.000078673098000000;0.166;0.919992708;121.002983;0.557;2.195;118.250983;85.47;-1.16556;0.94843;0.75;0.25;93.71625;89.05400;101.96000;73.51000;75.32000;2387.1;275.0;234.0;57.0;13.81;0.000;0.17498;0.04096;0.00;0.000;1.521;0.947;0.000;0.557;101.415;85.10;90.23;16250.1;1277.90;9.68;3.08;1.05;128320.12;73142.40;24859.38;23372.5;5.49;3.13;1.06;18/08/2024 16:06:48;
19/08/2024;8;2.0TD;3;0.000079841278000000;0.163;0.908074987;150.299411;0.557;2.195;147.547411;115.92;-1.16556;0.94843;0.75;0.25;93.71625;89.05400;101.96000;73.51000;75.32000;2387.1;275.0;234.0;57.0;8.43;0.000;0.17498;0.04096;0.00;0.000;1.903;0.947;0.000;0.557;126.867;116.02;114.65;16396.0;1280.00;4.30;3.08;1.05;47817.52;35283.84;24859.38;25107.6;1.90;1.41;0.99;18/08/2024 16:06:48;
19/08/2024;9;2.0TD;2;0.000086313029000000;0.147;0.902919539;177.887298;19.184;8.779;149.924298;116.71;-1.16556;0.94843;0.75;0.25;93.71625;89.05400;101.96000;73.51000;75.32000;2387.1;275.0;234.0;57.0;11.27;0.154;0.17498;0.04096;0.00;0.000;1.961;0.947;0.000;0.557;130.709;116.92;113.92;17537.6;1309.60;7.14;3.08;1.05;43802.88;118745.76;24859.38;26274.7;1.67;4.52;0.95;18/08/2024 16:06:48;
19/08/2024;10;2.0TD;2;0.000097981147000000;0.140;0.858609530;172.087428;19.184;8.779;144.124428;112.29;-1.16556;0.94843;0.75;0.25;93.71625;89.05400;101.96000;73.51000;75.32000;2387.1;275.0;234.0;57.0;11.47;0.154;0.17498;0.04096;0.00;0.000;1.896;0.947;0.000;0.557;126.424;112.58;107.58;20810.2;1271.00;7.34;3.08;1.05;48074.92;132081.84;24859.38;27918.2;1.72;4.73;0.89;18/08/2024 16:06:48;
19/08/2024;11;2.0TD;1;0.000106558892000000;0.147;0.879307494;188.624055;33.081;43.893;111.650055;82.18;-1.16556;0.94843;0.75;0.25;93.71625;89.05400;101.96000;73.51000;75.32000;2387.1;275.0;234.0;57.0;12.16;0.926;0.17498;0.04096;0.00;0.000;1.460;0.947;0.000;0.557;97.340;82.35;78.35;22650.6;997.10;8.03;3.08;1.05;82594.24;126809.76;24859.38;29165.1;2.83;4.35;0.85;18/08/2024 16:06:48;
19/08/2024;12;2.0TD;1;0.000110988048000000;0.147;0.879149988;177.014121;33.081;43.893;100.040121;74.28;-1.16556;0.94843;0.75;0.25;93.71625;89.05400;101.96000;73.51000;75.32000;2387.1;275.0;234.0;57.0;10.09;0.926;0.17498;0.04096;0.00;0.000;1.308;0.947;0.000;0.557;87.218;74.28;74.23;26022.3;950.50;5.96;3.08;1.05;89087.20;63010.80;24859.38;29729.2;3.00;2.12;0.84;18/08/2024 16:06:48;
19/08/2024;13;2.0TD;1;0.000116875825000000;0.146;0.874703087;171.563622;33.081;43.893;94.589622;70.01;-1.16556;0.94843;0.75;0.25;93.71625;89.05400;101.96000;73.51000;75.32000;2387.1;275.0;234.0;57.0;9.75;0.926;0.17498;0.04096;0.00;0.000;1.238;0.947;0.000;0.557;82.538;70.00;70.20;26768.3;1085.20;5.62;3.08;1.05;92330.44;54372.40;24859.38;30523.8;3.02;1.78;0.81;18/08/2024 16:06:48;
19/08/2024;14;2.0TD;1;0.000127345646000000;0.142;0.851894348;169.888190;33.081;43.893;92.914190;69.00;-1.16556;0.94843;0.75;0.25;93.71625;89.05400;101.96000;73.51000;75.32000;2387.1;275.0;234.0;57.0;9.60;0.926;0.17498;0.04096;0.00;0.000;1.220;0.947;0.000;0.557;81.360;69.00;69.00;27882.1;900.00;5.47;3.08;1.05;93607.48;53283.24;24859.38;31383.0;2.98;1.70;0.79;18/08/2024 16:06:48;
19/08/2024;15;2.0TD;2;0.000133267252000000;0.143;0.879715957;120.388194;19.184;8.779;92.425194;69.08;-1.16556;0.94843;0.75;0.25;93.71625;89.05400;101.96000;73.51000;75.32000;2387.1;275.0;234.0;57.0;9.80;0.154;0.17498;0.04096;0.00;0.000;1.213;0.947;0.000;0.557;80.861;69.00;71.40;28144.3;909.10;5.67;3.08;1.05;93541.52;62208.16;24859.38;31840.3;2.94;1.95;0.78;18/08/2024 16:06:48;
19/08/2024;16;2.0TD;2;0.000129182140000000;0.143;0.877072464;117.800442;19.184;8.779;89.837442;67.08;-1.16556;0.94843;0.75;0.25;93.71625;89.05400;101.96000;73.51000;75.32000;2387.1;275.0;234.0;57.0;9.57;0.154;0.17498;0.04096;0.00;0.000;1.179;0.947;0.000;0.557;78.597;67.10;66.60;28287.2;884.40;5.44;3.08;1.05;97152.00;51118.32;24859.38;31792.4;3.06;1.61;0.78;18/08/2024 16:06:48;
19/08/2024;17;2.0TD;2;0.000126894088000000;0.145;0.891039822;121.200278;19.184;8.779;93.237278;70.04;-1.16556;0.94843;0.75;0.25;93.71625;89.05400;101.96000;73.51000;75.32000;2387.1;275.0;234.0;57.0;9.40;0.154;0.17498;0.04096;0.00;0.000;1.221;0.947;0.000;0.557;81.429;70.00;71.00;27131.0;991.50;5.27;3.08;1.05;86947.40;53358.80;24859.38;31313.6;2.78;1.70;0.79;18/08/2024 16:06:48;
19/08/2024;18;2.0TD;2;0.000128118671000000;0.151;0.926273754;133.257559;19.184;8.779;105.294559;79.44;-1.16556;0.94843;0.75;0.25;93.71625;89.05400;101.96000;73.51000;75.32000;2387.1;275.0;234.0;57.0;9.90;0.154;0.17498;0.04096;0.00;0.000;1.372;0.947;0.000;0.557;91.480;79.44;79.44;23858.2;884.80;5.77;3.08;1.05;80291.04;76192.64;24859.38;31449.0;2.55;2.42;0.79;18/08/2024 16:06:48;
19/08/2024;19;2.0TD;1;0.000128783191000000;0.151;0.906969481;210.397848;33.081;43.893;133.423848;102.95;-1.16556;0.94843;0.75;0.25;93.71625;89.05400;101.96000;73.51000;75.32000;2387.1;275.0;234.0;57.0;9.69;0.926;0.17498;0.04096;0.00;0.000;1.739;0.947;0.000;0.557;115.919;103.00;102.00;23154.7;1125.70;5.56;3.08;1.05;48782.00;98701.68;24859.38;30961.7;1.58;3.19;0.80;18/08/2024 16:06:48;
19/08/2024;20;2.0TD;1;0.000128644183000000;0.155;0.930727310;223.549202;33.081;43.893;146.575202;116.14;-1.16556;0.94843;0.75;0.25;93.71625;89.05400;101.96000;73.51000;75.32000;2387.1;275.0;234.0;57.0;7.32;0.926;0.17498;0.04096;0.00;0.000;1.904;0.947;0.000;0.557;126.904;116.26;114.26;22187.4;1426.50;3.19;3.08;1.05;30050.20;43076.00;24859.38;30684.3;0.98;1.40;0.81;18/08/2024 16:06:48;
19/08/2024;21;2.0TD;1;0.000132414625000000;0.159;0.953914140;241.646965;33.081;43.893;164.672965;129.38;-1.16556;0.94843;0.75;0.25;93.71625;89.05400;101.96000;73.51000;75.32000;2387.1;275.0;234.0;57.0;9.03;0.926;0.17498;0.04096;0.00;0.000;2.131;0.947;0.000;0.557;142.081;129.72;124.72;21346.2;1556.60;4.90;3.08;1.05;74745.32;50166.16;24859.38;30541.9;2.45;1.64;0.81;18/08/2024 16:06:48;
19/08/2024;22;2.0TD;1;0.000151110585000000;0.158;0.947972947;272.835731;33.081;43.893;195.861731;157.10;-1.16556;0.94843;0.75;0.25;93.71625;89.05400;101.96000;73.51000;75.32000;2387.1;275.0;234.0;57.0;7.96;0.926;0.17498;0.04096;0.00;0.000;2.537;0.947;0.000;0.557;169.137;157.48;152.48;21170.9;1732.20;3.83;3.08;1.05;61764.64;29594.96;24859.38;30359.5;2.03;0.97;0.82;18/08/2024 16:06:48;
19/08/2024;23;2.0TD;2;0.000149091015000000;0.163;1.002750738;193.378743;19.184;8.779;165.415743;130.93;-1.16556;0.94843;0.75;0.25;93.71625;89.05400;101.96000;73.51000;75.32000;2387.1;275.0;234.0;57.0;8.40;0.154;0.17498;0.04096;0.00;0.000;2.133;0.947;0.000;0.557;142.231;131.30;126.30;20244.1;1623.70;4.27;3.08;1.05;87961.36;12208.72;24859.38;29296.7;3.00;0.42;0.85;18/08/2024 16:06:48;
19/08/2024;24;2.0TD;2;0.000131870952000000;0.164;1.003801251;186.135395;19.184;8.779;158.172395;123.95;-1.16556;0.94843;0.75;0.25;93.71625;89.05400;101.96000;73.51000;75.32000;2387.1;275.0;234.0;57.0;9.13;0.154;0.17498;0.04096;0.00;0.000;2.038;0.947;0.000;0.557;135.886;125.00;113.00;18698.3;1800.30;5.00;3.08;1.05;99885.44;11633.44;24859.38;27270.5;3.66;0.43;0.91;18/08/2024 16:06:48;
*
