pvpcdata;
2024;04;10;12;05;31;
02/03/2024;1;2.0TD;3;0.000119487782000000;0.225;1.247728292;45.626238;0.557;2.195;42.874238;3.06;22.41850;0.79515;0.75;0.25;4.16458;93.83860;101.96000;97.42000;37.09000;2505.2;275.0;177.0;46.0;12.25;0.000;0.17498;0.04096;0.00;0.000;0.000;0.525;0.565;0.000;0.557;34.999;3.20;0.20;23833.7;1172.70;7.44;3.40;1.41;154799.72;10561.08;24859.38;25557.9;6.06;0.41;0.97;01/03/2024 16:08:25;
02/03/2024;2;2.0TD;3;0.000099101921000000;0.232;1.286674561;45.545986;0.557;2.195;42.793986;1.90;22.41850;0.79515;0.75;0.25;4.16458;93.83860;101.96000;97.42000;37.09000;2505.2;275.0;177.0;46.0;13.15;0.000;0.17498;0.04096;0.00;0.000;0.000;0.521;0.565;0.000;0.557;34.735;2.00;0.00;22028.0;1108.40;8.34;3.40;1.41;155678.52;18420.80;24859.38;23848.4;6.53;0.77;1.04;01/03/2024 16:08:25;
02/03/2024;3;2.0TD;3;0.000086019616000000;0.238;1.322405881;45.791538;0.557;2.195;43.039538;0.47;22.41850;0.79515;0.75;0.25;4.16458;93.83860;101.96000;97.42000;37.09000;2505.2;275.0;177.0;46.0;14.61;0.000;0.17498;0.04096;0.00;0.000;0.000;0.521;0.565;0.000;0.557;34.765;0.50;0.00;21549.8;1140.20;9.80;3.40;1.41;186348.60;9452.56;24859.38;22517.3;8.28;0.42;1.10;01/03/2024 16:08:25;
02/03/2024;4;2.0TD;3;0.000079176492000000;0.240;1.334330716;44.728949;0.557;2.195;41.976949;-0.05;22.41850;0.79515;0.75;0.25;4.16458;93.83860;101.96000;97.42000;37.09000;2505.2;275.0;177.0;46.0;14.23;0.000;0.17498;0.04096;0.00;0.000;0.000;0.508;0.565;0.000;0.557;33.852;0.01;-0.99;21158.1;1368.80;9.42;3.40;1.41;186577.28;18212.48;0.00;21737.3;8.58;0.84;0.00;01/03/2024 16:08:25;
02/03/2024;5;2.0TD;3;0.000076135069000000;0.242;1.341926343;46.321830;0.557;2.195;43.569830;-0.05;22.41850;0.79515;0.75;0.25;4.16458;93.83860;101.96000;97.42000;37.09000;2505.2;275.0;177.0;46.0;15.44;0.000;0.17498;0.04096;0.00;0.000;0.000;0.526;0.565;0.000;0.557;35.080;0.01;-1.00;21061.3;1392.80;10.63;3.40;1.41;186577.32;40538.16;0.00;21368.9;8.73;1.90;0.00;01/03/2024 16:08:25;
02/03/2024;6;2.0TD;3;0.000076782011000000;0.240;1.334185820;46.100389;0.557;2.195;43.348389;-0.06;22.41850;0.79515;0.75;0.25;4.16458;93.83860;101.96000;97.42000;37.09000;2505.2;275.0;177.0;46.0;15.33;0.000;0.17498;0.04096;0.00;0.000;0.000;0.524;0.565;0.000;0.557;34.958;0.00;-1.00;21032.6;1374.30;10.52;3.40;1.41;186581.04;37556.48;0.00;21297.9;8.76;1.76;0.00;01/03/2024 16:08:25;
02/03/2024;7;2.0TD;3;0.000079978439000000;0.236;1.311681487;44.730735;0.557;2.195;41.978735;0.04;22.41850;0.79515;0.75;0.25;4.16458;93.83860;101.96000;97.42000;37.09000;2505.2;275.0;177.0;46.0;14.25;0.000;0.17498;0.04096;0.00;0.000;0.000;0.509;0.565;0.000;0.557;33.963;0.10;-1.00;21694.9;1321.60;9.44;3.40;1.41;186536.68;20280.00;0.00;21919.1;8.51;0.93;0.00;01/03/2024 16:08:25;
02/03/2024;8;2.0TD;3;0.000085860706000000;0.225;1.252748239;44.482088;0.557;2.195;41.730088;2.01;22.41850;0.79515;0.75;0.25;4.16458;93.83860;101.96000;97.42000;37.09000;2505.2;275.0;177.0;46.0;12.38;0.000;0.17498;0.04096;0.00;0.000;0.000;0.511;0.565;0.000;0.557;34.065;2.10;0.00;22483.7;1046.30;7.57;3.40;1.41;156049.80;20592.00;0.00;23328.9;6.69;0.88;0.00;01/03/2024 16:08:25;
02/03/2024;9;2.0TD;3;0.000103031329000000;0.199;1.107303307;47.357651;0.557;2.195;44.605651;2.08;22.41850;0.79515;0.75;0.25;4.16458;93.83860;101.96000;97.42000;37.09000;2505.2;275.0;177.0;46.0;15.40;0.000;0.17498;0.04096;0.00;0.000;0.000;0.558;0.565;0.000;0.557;37.202;2.17;0.00;23770.3;1039.20;10.59;3.40;1.41;209853.52;50466.24;0.00;24590.1;8.53;2.05;0.00;01/03/2024 16:08:25;
02/03/2024;10;2.0TD;3;0.000127290460000000;0.176;0.979989639;44.138237;0.557;2.195;41.386237;1.95;22.41850;0.79515;0.75;0.25;4.16458;93.83860;101.96000;97.42000;37.09000;2505.2;275.0;177.0;46.0;13.55;0.000;0.17498;0.04096;0.00;0.000;0.000;0.528;0.565;0.000;0.557;35.192;2.05;0.00;25363.4;1298.80;8.74;3.40;1.41;213478.40;15984.00;0.00;26260.4;8.13;0.61;0.00;01/03/2024 16:08:25;
02/03/2024;11;2.0TD;3;0.000140632589000000;0.169;0.939116470;44.877357;0.557;2.195;42.125357;1.65;22.41850;0.79515;0.75;0.25;4.16458;93.83860;101.96000;97.42000;37.09000;2505.2;275.0;177.0;46.0;14.68;0.000;0.17498;0.04096;0.00;0.000;0.000;0.541;0.565;0.000;0.557;36.035;1.68;1.18;27191.9;1570.60;9.87;3.40;1.41;227605.68;39389.00;0.00;27037.7;8.42;1.46;0.00;01/03/2024 16:08:25;
02/03/2024;12;2.0TD;3;0.000141081961000000;0.166;0.924869878;43.572935;0.557;2.195;40.820935;0.01;22.41850;0.79515;0.75;0.25;4.16458;93.83860;101.96000;97.42000;37.09000;2505.2;275.0;177.0;46.0;15.31;0.000;0.17498;0.04096;0.00;0.000;0.000;0.525;0.565;0.000;0.557;35.009;0.01;0.00;26980.7;1717.80;10.50;3.40;1.41;241851.56;42748.96;0.00;27112.5;8.92;1.58;0.00;01/03/2024 16:08:25;
02/03/2024;13;2.0TD;3;0.000138914900000000;0.166;0.919554015;43.336237;0.557;2.195;40.584237;0.00;22.41850;0.79515;0.75;0.25;4.16458;93.83860;101.96000;97.42000;37.09000;2505.2;275.0;177.0;46.0;15.12;0.000;0.17498;0.04096;0.00;0.000;0.000;0.522;0.565;0.000;0.557;34.806;0.00;-0.01;27211.2;1768.40;10.31;3.40;1.41;227872.00;49262.96;0.00;26879.6;8.48;1.83;0.00;01/03/2024 16:08:25;
02/03/2024;14;2.0TD;3;0.000145650312000000;0.160;0.891391632;42.409359;0.557;2.195;39.657359;0.01;22.41850;0.79515;0.75;0.25;4.16458;93.83860;101.96000;97.42000;37.09000;2505.2;275.0;177.0;46.0;14.50;0.000;0.17498;0.04096;0.00;0.000;0.000;0.513;0.565;0.000;0.557;34.187;0.01;0.00;27263.8;1716.20;9.69;3.40;1.41;213888.92;49387.44;0.00;27163.1;7.87;1.82;0.00;01/03/2024 16:08:25;
02/03/2024;15;2.0TD;3;0.000144480390000000;0.163;0.906966781;42.653807;0.557;2.195;39.901807;0.01;22.41850;0.79515;0.75;0.25;4.16458;93.83860;101.96000;97.42000;37.09000;2505.2;275.0;177.0;46.0;14.62;0.000;0.17498;0.04096;0.00;0.000;0.000;0.515;0.565;0.000;0.557;34.309;0.01;0.00;26561.9;1703.90;9.81;3.40;1.41;213889.08;49356.32;0.00;26830.4;7.97;1.84;0.00;01/03/2024 16:08:25;
02/03/2024;16;2.0TD;3;0.000129904807000000;0.178;0.990120222;42.916355;0.557;2.195;40.164355;0.01;22.41850;0.79515;0.75;0.25;4.16458;93.83860;101.96000;97.42000;37.09000;2505.2;275.0;177.0;46.0;14.41;0.000;0.17498;0.04096;0.00;0.000;0.000;0.511;0.565;0.000;0.557;34.095;0.01;0.00;25637.0;1568.70;9.60;3.40;1.41;197949.56;49356.32;0.00;25768.0;7.68;1.92;0.00;01/03/2024 16:08:25;
02/03/2024;17;2.0TD;3;0.000121089821000000;0.189;1.048180526;45.959521;0.557;2.195;43.207521;0.99;22.41850;0.79515;0.75;0.25;4.16458;93.83860;101.96000;97.42000;37.09000;2505.2;275.0;177.0;46.0;15.64;0.000;0.17498;0.04096;0.00;0.000;0.000;0.545;0.565;0.000;0.557;36.339;1.02;0.57;24762.3;1551.80;10.83;3.40;1.41;197902.28;74244.12;0.00;25135.8;7.87;2.95;0.00;01/03/2024 16:08:25;
02/03/2024;18;2.0TD;3;0.000119098644000000;0.193;1.074803669;46.565376;0.557;2.195;43.813376;2.05;22.41850;0.79515;0.75;0.25;4.16458;93.83860;101.96000;97.42000;37.09000;2505.2;275.0;177.0;46.0;14.96;0.000;0.17498;0.04096;0.00;0.000;0.000;0.551;0.565;0.000;0.557;36.725;2.10;1.15;24196.6;1383.30;10.15;3.40;1.41;197756.40;60126.56;0.00;25419.3;7.78;2.37;0.00;01/03/2024 16:08:25;
02/03/2024;19;2.0TD;3;0.000124524305000000;0.205;1.141127319;43.971891;0.557;2.195;41.219891;3.20;22.41850;0.79515;0.75;0.25;4.16458;93.83860;101.96000;97.42000;37.09000;2505.2;275.0;177.0;46.0;11.33;0.000;0.17498;0.04096;0.00;0.000;0.000;0.513;0.565;0.000;0.557;34.207;3.20;3.20;24915.6;1397.00;6.52;3.40;1.41;87851.60;85632.00;0.00;26599.4;3.30;3.22;0.00;01/03/2024 16:08:25;
02/03/2024;20;2.0TD;3;0.000144841513000000;0.216;1.197755449;46.792332;0.557;2.195;44.040332;8.12;22.41850;0.79515;0.75;0.25;4.16458;93.83860;101.96000;97.42000;37.09000;2505.2;275.0;177.0;46.0;8.39;0.000;0.17498;0.04096;0.00;0.000;0.000;0.543;0.565;0.000;0.557;36.217;8.12;8.12;27325.4;1004.00;3.58;3.40;1.41;63316.36;39265.88;0.00;28669.0;2.21;1.37;0.00;01/03/2024 16:08:25;
02/03/2024;21;2.0TD;3;0.000163957598000000;0.217;1.204506567;74.949768;0.557;2.195;72.197768;31.25;22.41850;0.79515;0.75;0.25;4.16458;93.83860;101.96000;97.42000;37.09000;2505.2;275.0;177.0;46.0;8.02;0.000;0.17498;0.04096;0.00;0.000;0.000;0.890;0.565;0.000;0.557;59.324;31.25;31.25;27518.3;1262.90;3.21;3.40;1.41;47493.60;47580.00;0.00;29649.1;1.60;1.60;0.00;01/03/2024 16:08:25;
02/03/2024;22;2.0TD;3;0.000170983136000000;0.215;1.192717850;75.114214;0.557;2.195;72.362214;30.55;22.41850;0.79515;0.75;0.25;4.16458;93.83860;101.96000;97.42000;37.09000;2505.2;275.0;177.0;46.0;8.95;0.000;0.17498;0.04096;0.00;0.000;0.000;0.893;0.565;0.000;0.557;59.557;30.60;29.60;27204.2;1338.80;4.14;3.40;1.41;47745.80;49021.20;24859.38;29409.1;1.62;1.67;0.85;01/03/2024 16:08:25;
02/03/2024;23;2.0TD;3;0.000160749091000000;0.217;1.206143949;45.321903;0.557;2.195;42.569903;5.60;22.41850;0.79515;0.75;0.25;4.16458;93.83860;101.96000;97.42000;37.09000;2505.2;275.0;177.0;46.0;9.69;0.000;0.17498;0.04096;0.00;0.000;0.000;0.525;0.565;0.000;0.557;34.979;5.60;5.60;25861.0;1027.60;4.88;3.40;1.41;65239.96;44182.08;24859.38;27498.1;2.37;1.61;0.90;01/03/2024 16:08:25;
02/03/2024;24;2.0TD;3;0.000141384939000000;0.223;1.240715731;42.998946;0.557;2.195;40.246946;4.20;22.41850;0.79515;0.75;0.25;4.16458;93.83860;101.96000;97.42000;37.09000;2505.2;275.0;177.0;46.0;9.05;0.000;0.17498;0.04096;0.00;0.000;0.000;0.494;0.565;0.000;0.557;32.908;4.20;4.20;23500.2;868.80;4.24;3.40;1.41;65744.28;16537.44;24859.38;25245.1;2.60;0.66;0.98;01/03/2024 16:08:25;
*
