pvpcdata;
2024;04;10;12;05;41;
13/03/2024;1;2.0TD;3;0.000105458720000000;0.210;1.166182940;100.978734;0.557;2.195;98.226734;55.20;12.87069;0.86264;0.75;0.25;42.35583;93.83860;101.96000;97.42000;37.09000;2309.2;275.0;177.0;46.0;12.32;0.000;0.17498;0.04096;0.00;0.000;0.000;1.218;0.565;0.000;0.557;81.179;55.09;57.09;16885.1;1020.50;7.51;3.40;1.41;132418.16;19176.00;24859.38;23516.9;5.63;0.82;1.06;12/03/2024 16:12:35;
13/03/2024;2;2.0TD;3;0.000086924864000000;0.218;1.212396220;81.149933;0.557;2.195;78.397933;35.00;12.87069;0.86264;0.75;0.25;42.35583;93.83860;101.96000;97.42000;37.09000;2309.2;275.0;177.0;46.0;15.96;0.000;0.17498;0.04096;0.00;0.000;0.000;0.965;0.565;0.000;0.557;64.366;35.00;35.00;16274.3;1092.70;11.15;3.40;1.41;183608.24;39082.24;24859.38;22198.2;8.27;1.76;1.12;12/03/2024 16:12:35;
13/03/2024;3;2.0TD;3;0.000076938626000000;0.225;1.252128836;74.587371;0.557;2.195;71.835371;25.60;12.87069;0.86264;0.75;0.25;42.35583;93.83860;101.96000;97.42000;37.09000;2309.2;275.0;177.0;46.0;19.72;0.000;0.17498;0.04096;0.00;0.000;0.000;0.880;0.565;0.000;0.557;58.641;26.10;20.33;15940.1;1513.40;14.91;3.40;1.41;245801.12;53497.92;24859.38;21735.0;11.31;2.46;1.14;12/03/2024 16:12:35;
13/03/2024;4;2.0TD;3;0.000072171840000000;0.223;1.240666176;72.855729;0.557;2.195;70.103729;23.65;12.87069;0.86264;0.75;0.25;42.35583;93.83860;101.96000;97.42000;37.09000;2309.2;275.0;177.0;46.0;20.37;0.000;0.17498;0.04096;0.00;0.000;0.000;0.860;0.565;0.000;0.557;57.321;24.10;19.10;15875.5;1553.30;15.56;3.40;1.41;287809.24;43858.08;0.00;21318.8;13.50;2.06;0.00;12/03/2024 16:12:35;
13/03/2024;5;2.0TD;3;0.000070750692000000;0.223;1.236960284;74.046931;0.557;2.195;71.294931;24.33;12.87069;0.86264;0.75;0.25;42.35583;93.83860;101.96000;97.42000;37.09000;2309.2;275.0;177.0;46.0;20.65;0.000;0.17498;0.04096;0.00;0.000;0.000;0.874;0.565;0.000;0.557;58.295;24.74;20.14;15942.8;1572.60;15.84;3.40;1.41;293556.88;43347.36;0.00;21274.0;13.80;2.04;0.00;12/03/2024 16:12:35;
13/03/2024;6;2.0TD;3;0.000073422855000000;0.219;1.217682755;74.346453;0.557;2.195;71.594453;24.51;12.87069;0.86264;0.75;0.25;42.35583;93.83860;101.96000;97.42000;37.09000;2309.2;275.0;177.0;46.0;20.90;0.000;0.17498;0.04096;0.00;0.000;0.000;0.881;0.565;0.000;0.557;58.732;25.11;18.11;16272.0;1524.80;16.09;3.40;1.41;300823.40;54710.88;0.00;22096.6;13.61;2.48;0.00;12/03/2024 16:12:35;
13/03/2024;7;2.0TD;3;0.000084318751000000;0.205;1.138717494;105.269929;0.557;2.195;102.517929;57.16;12.87069;0.86264;0.75;0.25;42.35583;93.83860;101.96000;97.42000;37.09000;2309.2;275.0;177.0;46.0;14.20;0.000;0.17498;0.04096;0.00;0.000;0.000;1.276;0.565;0.000;0.557;85.077;57.54;52.54;15139.7;1235.10;9.39;3.40;1.41;178932.32;28252.64;24859.38;24713.7;7.24;1.14;1.01;12/03/2024 16:12:35;
13/03/2024;8;2.0TD;3;0.000104283650000000;0.191;1.059590545;136.677710;0.557;2.195;133.925710;88.03;12.87069;0.86264;0.75;0.25;42.35583;93.83860;101.96000;97.42000;37.09000;2309.2;275.0;177.0;46.0;10.29;0.000;0.17498;0.04096;0.00;0.000;0.000;1.687;0.565;0.000;0.557;112.448;88.03;88.03;17486.1;1059.20;5.48;3.40;1.41;48203.96;83148.00;24859.38;28463.1;1.69;2.92;0.87;12/03/2024 16:12:35;
13/03/2024;9;2.0TD;2;0.000114884829000000;0.181;1.111001774;160.829184;19.184;8.779;132.866184;86.74;12.87069;0.86264;0.75;0.25;42.35583;93.83860;101.96000;97.42000;37.09000;2309.2;275.0;177.0;46.0;11.48;0.154;0.17498;0.04096;0.00;0.000;0.000;1.688;0.565;0.000;0.557;112.503;86.74;86.74;19048.0;1140.90;6.67;3.40;1.41;49301.64;127156.80;24859.38;30158.4;1.63;4.22;0.82;12/03/2024 16:12:35;
13/03/2024;10;2.0TD;2;0.000118337432000000;0.163;1.001360187;85.859605;19.184;8.779;57.896605;21.78;12.87069;0.86264;0.75;0.25;42.35583;93.83860;101.96000;97.42000;37.09000;2309.2;275.0;177.0;46.0;14.66;0.154;0.17498;0.04096;0.00;0.000;0.000;0.747;0.565;0.000;0.557;49.782;22.08;18.08;24606.2;2000.40;9.85;3.40;1.41;211914.88;63000.00;24859.38;30458.6;6.96;2.07;0.82;12/03/2024 16:12:35;
13/03/2024;11;2.0TD;1;0.000121040505000000;0.167;0.998342816;123.519934;33.081;43.893;46.545934;10.00;12.87069;0.86264;0.75;0.25;42.35583;93.83860;101.96000;97.42000;37.09000;2309.2;275.0;177.0;46.0;15.92;0.926;0.17498;0.04096;0.00;0.000;0.000;0.598;0.565;0.000;0.557;39.885;10.00;10.00;25885.8;1677.20;11.11;3.40;1.41;231351.64;77197.68;24859.38;30010.6;7.71;2.57;0.83;12/03/2024 16:12:35;
13/03/2024;12;2.0TD;1;0.000119742163000000;0.169;1.010574449;115.482168;33.081;43.893;38.508168;3.49;12.87069;0.86264;0.75;0.25;42.35583;93.83860;101.96000;97.42000;37.09000;2309.2;275.0;177.0;46.0;15.59;0.926;0.17498;0.04096;0.00;0.000;0.000;0.494;0.565;0.000;0.557;32.941;3.20;8.19;26781.1;1633.10;10.78;3.40;1.41;235521.64;56489.40;24859.38;29408.4;8.01;1.92;0.85;12/03/2024 16:12:35;
13/03/2024;13;2.0TD;1;0.000120613519000000;0.166;0.994405665;115.063861;33.081;43.893;38.089861;3.01;12.87069;0.86264;0.75;0.25;42.35583;93.83860;101.96000;97.42000;37.09000;2309.2;275.0;177.0;46.0;15.80;0.926;0.17498;0.04096;0.00;0.000;0.000;0.490;0.565;0.000;0.557;32.667;3.00;3.20;26719.0;1546.80;10.99;3.40;1.41;235819.20;59714.56;24859.38;29159.4;8.09;2.05;0.85;12/03/2024 16:12:35;
13/03/2024;14;2.0TD;1;0.000127598629000000;0.161;0.966979228;113.662899;33.081;43.893;36.688899;2.30;12.87069;0.86264;0.75;0.25;42.35583;93.83860;101.96000;97.42000;37.09000;2309.2;275.0;177.0;46.0;15.46;0.926;0.17498;0.04096;0.00;0.000;0.000;0.474;0.565;0.000;0.557;31.601;2.30;2.40;26755.0;1360.90;10.65;3.40;1.41;236397.24;47543.76;24859.38;29010.8;8.15;1.64;0.86;12/03/2024 16:12:35;
13/03/2024;15;2.0TD;2;0.000127774048000000;0.167;1.023618922;63.689677;19.184;8.779;35.726677;2.01;12.87069;0.86264;0.75;0.25;42.35583;93.83860;101.96000;97.42000;37.09000;2309.2;275.0;177.0;46.0;15.55;0.154;0.17498;0.04096;0.00;0.000;0.000;0.459;0.565;0.000;0.557;30.614;2.01;2.01;26701.8;1474.30;10.74;3.40;1.41;236733.32;45961.20;24859.38;28652.5;8.26;1.60;0.87;12/03/2024 16:12:35;
13/03/2024;16;2.0TD;2;0.000121038720000000;0.172;1.052805386;64.722920;19.184;8.779;36.759920;2.30;12.87069;0.86264;0.75;0.25;42.35583;93.83860;101.96000;97.42000;37.09000;2309.2;275.0;177.0;46.0;16.00;0.154;0.17498;0.04096;0.00;0.000;0.000;0.470;0.565;0.000;0.557;31.365;2.30;2.30;26287.5;1440.90;11.19;3.40;1.41;236492.40;52860.64;24859.38;28084.8;8.42;1.88;0.89;12/03/2024 16:12:35;
13/03/2024;17;2.0TD;2;0.000115636816000000;0.179;1.098059398;67.061139;19.184;8.779;39.098139;3.47;12.87069;0.86264;0.75;0.25;42.35583;93.83860;101.96000;97.42000;37.09000;2309.2;275.0;177.0;46.0;16.60;0.154;0.17498;0.04096;0.00;0.000;0.000;0.497;0.565;0.000;0.557;33.162;3.20;8.54;25626.6;1377.20;11.79;3.40;1.41;235591.76;67322.72;24859.38;27786.1;8.48;2.42;0.89;12/03/2024 16:12:35;
13/03/2024;18;2.0TD;2;0.000116558562000000;0.181;1.107777033;85.688059;19.184;8.779;57.725059;21.56;12.87069;0.86264;0.75;0.25;42.35583;93.83860;101.96000;97.42000;37.09000;2309.2;275.0;177.0;46.0;13.99;0.154;0.17498;0.04096;0.00;0.000;0.000;0.733;0.565;0.000;0.557;48.878;21.62;20.62;24121.3;1486.10;9.18;3.40;1.41;164579.16;68679.04;24859.38;28119.3;5.85;2.44;0.88;12/03/2024 16:12:35;
13/03/2024;19;2.0TD;1;0.000123666113000000;0.170;1.016777489;195.966650;33.081;43.893;118.992650;76.23;12.87069;0.86264;0.75;0.25;42.35583;93.83860;101.96000;97.42000;37.09000;2309.2;275.0;177.0;46.0;10.58;0.926;0.17498;0.04096;0.00;0.000;0.000;1.526;0.565;0.000;0.557;101.703;76.41;73.00;22292.9;1274.50;5.77;3.40;1.41;48847.40;90978.80;24859.38;28548.3;1.71;3.19;0.87;12/03/2024 16:12:35;
13/03/2024;20;2.0TD;1;0.000147845768000000;0.177;1.061519898;221.819291;33.081;43.893;144.845291;98.53;12.87069;0.86264;0.75;0.25;42.35583;93.83860;101.96000;97.42000;37.09000;2309.2;275.0;177.0;46.0;9.32;0.926;0.17498;0.04096;0.00;0.000;0.000;1.846;0.565;0.000;0.557;123.063;98.78;95.00;19826.2;1383.50;4.51;3.40;1.41;21099.12;93125.76;24859.38;30869.0;0.68;3.02;0.81;12/03/2024 16:12:35;
13/03/2024;21;2.0TD;1;0.000174019084000000;0.182;1.088837374;263.786877;33.081;43.893;186.812877;134.15;12.87069;0.86264;0.75;0.25;42.35583;93.83860;101.96000;97.42000;37.09000;2309.2;275.0;177.0;46.0;8.16;0.926;0.17498;0.04096;0.00;0.000;0.000;2.371;0.565;0.000;0.557;158.048;134.32;131.68;20818.7;1417.70;3.35;3.40;1.41;-3760.00;86036.32;24859.38;32049.4;-0.12;2.68;0.78;12/03/2024 16:12:35;
13/03/2024;22;2.0TD;1;0.000177938944000000;0.184;1.100153949;210.095997;33.081;43.893;133.121997;88.67;12.87069;0.86264;0.75;0.25;42.35583;93.83860;101.96000;97.42000;37.09000;2309.2;275.0;177.0;46.0;8.71;0.926;0.17498;0.04096;0.00;0.000;0.000;1.687;0.565;0.000;0.557;112.434;89.05;82.34;20547.1;1226.10;3.90;3.40;1.41;21090.52;76752.00;24859.38;31481.1;0.67;2.44;0.79;12/03/2024 16:12:35;
13/03/2024;23;2.0TD;2;0.000158582390000000;0.197;1.208685450;138.081158;19.184;8.779;110.118158;68.10;12.87069;0.86264;0.75;0.25;42.35583;93.83860;101.96000;97.42000;37.09000;2309.2;275.0;177.0;46.0;9.92;0.154;0.17498;0.04096;0.00;0.000;0.000;1.380;0.565;0.000;0.557;91.995;68.26;65.26;17980.7;1003.60;5.11;3.40;1.41;46774.24;73060.56;24859.38;28308.0;1.65;2.58;0.88;12/03/2024 16:12:35;
13/03/2024;24;2.0TD;2;0.000130803133000000;0.202;1.240738582;127.106507;19.184;8.779;99.143507;57.56;12.87069;0.86264;0.75;0.25;42.35583;93.83860;101.96000;97.42000;37.09000;2309.2;275.0;177.0;46.0;11.09;0.154;0.17498;0.04096;0.00;0.000;0.000;1.237;0.565;0.000;0.557;82.482;57.56;57.55;19212.8;913.60;6.28;3.40;1.41;23204.20;111860.00;24859.38;25470.5;0.91;4.39;0.98;12/03/2024 16:12:35;
*
