pvpcdata;
2024;08;09;11;56;45;
18/07/2024;1;2.0TD;3;0.000115955342000000;0.172;0.953582129;137.041079;0.557;2.195;134.289079;108.21;-3.10910;1.00295;0.75;0.25;101.36542;88.92900;101.96000;73.51000;74.07000;2273.3;275.0;234.0;61.0;6.05;0.000;0.17498;0.04096;0.00;0.000;1.719;0.947;0.000;0.557;114.581;108.13;109.12;22102.2;2059.70;1.83;3.13;1.09;9372.44;15980.00;24859.38;27433.2;0.34;0.58;0.91;17/07/2024 16:12:16;
18/07/2024;2;2.0TD;3;0.000098658676000000;0.173;0.959692767;129.415033;0.557;2.195;126.663033;100.50;-3.10910;1.00295;0.75;0.25;101.36542;88.92900;101.96000;73.51000;74.07000;2273.3;275.0;234.0;61.0;7.26;0.000;0.17498;0.04096;0.00;0.000;1.620;0.947;0.000;0.557;107.982;100.50;100.51;20607.3;1811.60;3.04;3.13;1.09;37724.80;15960.00;24859.38;25823.3;1.46;0.62;0.96;17/07/2024 16:12:16;
18/07/2024;3;2.0TD;3;0.000087554109000000;0.172;0.955494808;124.928459;0.557;2.195;122.176459;96.37;-3.10910;1.00295;0.75;0.25;101.36542;88.92900;101.96000;73.51000;74.07000;2273.3;275.0;234.0;61.0;7.71;0.000;0.17498;0.04096;0.00;0.000;1.564;0.947;0.000;0.557;104.246;96.37;96.35;19432.4;1694.10;3.49;3.13;1.09;49296.28;12640.32;24859.38;24848.3;1.98;0.51;1.00;17/07/2024 16:12:16;
18/07/2024;4;2.0TD;3;0.000081446187000000;0.168;0.934371908;123.372675;0.557;2.195;120.620675;96.08;-3.10910;1.00295;0.75;0.25;101.36542;88.92900;101.96000;73.51000;74.07000;2273.3;275.0;234.0;61.0;7.04;0.000;0.17498;0.04096;0.00;0.000;1.549;0.947;0.000;0.557;103.271;96.08;96.08;18770.9;1509.70;2.82;3.13;1.09;52633.08;14874.72;0.00;23942.3;2.20;0.62;0.00;17/07/2024 16:12:16;
18/07/2024;5;2.0TD;3;0.000077957887000000;0.168;0.931237996;123.278067;0.557;2.195;120.526067;96.18;-3.10910;1.00295;0.75;0.25;101.36542;88.92900;101.96000;73.51000;74.07000;2273.3;275.0;234.0;61.0;6.86;0.000;0.17498;0.04096;0.00;0.000;1.548;0.947;0.000;0.557;103.190;96.18;96.18;18703.0;1495.50;2.64;3.13;1.09;52492.40;9971.52;0.00;23683.9;2.22;0.42;0.00;17/07/2024 16:12:16;
18/07/2024;6;2.0TD;3;0.000076794752000000;0.165;0.918519166;124.470181;0.557;2.195;121.718181;97.48;-3.10910;1.00295;0.75;0.25;101.36542;88.92900;101.96000;73.51000;74.07000;2273.3;275.0;234.0;61.0;6.83;0.000;0.17498;0.04096;0.00;0.000;1.567;0.947;0.000;0.557;104.479;97.48;97.49;18845.8;1465.70;2.61;3.13;1.09;51199.56;11186.00;0.00;23920.0;2.14;0.47;0.00;17/07/2024 16:12:16;
18/07/2024;7;2.0TD;3;0.000078437316000000;0.162;0.898530846;136.213656;0.557;2.195;133.461656;107.46;-3.10910;1.00295;0.75;0.25;101.36542;88.92900;101.96000;73.51000;74.07000;2273.3;275.0;234.0;61.0;7.07;0.000;0.17498;0.04096;0.00;0.000;1.723;0.947;0.000;0.557;114.855;107.31;109.31;19389.7;1584.10;2.85;3.13;1.09;35046.52;13359.28;24859.38;25692.4;1.36;0.52;0.97;17/07/2024 16:12:16;
18/07/2024;8;2.0TD;3;0.000082419025000000;0.159;0.881698533;141.176151;0.557;2.195;138.424151;111.94;-3.10910;1.00295;0.75;0.25;101.36542;88.92900;101.96000;73.51000;74.07000;2273.3;275.0;234.0;61.0;7.10;0.000;0.17498;0.04096;0.00;0.000;1.792;0.947;0.000;0.557;119.434;111.94;111.95;20716.0;1369.00;2.88;3.13;1.09;12917.92;42517.44;24859.38;27869.1;0.46;1.53;0.89;17/07/2024 16:12:16;
18/07/2024;9;2.0TD;2;0.000094126079000000;0.139;0.855188390;158.706675;19.184;8.779;130.743675;107.21;-3.10910;1.00295;0.75;0.25;101.36542;88.92900;101.96000;73.51000;74.07000;2273.3;275.0;234.0;61.0;7.10;0.154;0.17498;0.04096;0.00;0.000;1.722;0.947;0.000;0.557;114.788;107.21;107.21;22280.1;1527.40;2.88;3.13;1.09;20720.60;39261.60;24859.38;29454.7;0.70;1.33;0.84;17/07/2024 16:12:16;
18/07/2024;10;2.0TD;2;0.000106638875000000;0.138;0.847406845;143.330169;19.184;8.779;115.367169;93.38;-3.10910;1.00295;0.75;0.25;101.36542;88.92900;101.96000;73.51000;74.07000;2273.3;275.0;234.0;61.0;7.72;0.154;0.17498;0.04096;0.00;0.000;1.521;0.947;0.000;0.557;101.377;93.58;89.59;24945.0;1326.60;3.50;3.13;1.09;32587.96;50007.60;24859.38;30730.6;1.06;1.63;0.81;17/07/2024 16:12:16;
18/07/2024;11;2.0TD;1;0.000116433680000000;0.144;0.863772715;193.380720;33.081;43.893;116.406720;93.67;-3.10910;1.00295;0.75;0.25;101.36542;88.92900;101.96000;73.51000;74.07000;2273.3;275.0;234.0;61.0;7.03;0.926;0.17498;0.04096;0.00;0.000;1.526;0.947;0.000;0.557;101.754;94.00;87.00;25925.5;1287.90;2.81;3.13;1.09;53657.32;10788.96;24859.38;31728.0;1.69;0.34;0.78;17/07/2024 16:12:16;
18/07/2024;12;2.0TD;1;0.000122097422000000;0.146;0.876250541;191.397660;33.081;43.893;114.423660;90.46;-3.10910;1.00295;0.75;0.25;101.36542;88.92900;101.96000;73.51000;74.07000;2273.3;275.0;234.0;61.0;8.36;0.926;0.17498;0.04096;0.00;0.000;1.498;0.947;0.000;0.557;99.846;90.98;80.00;26371.2;1319.90;4.14;3.13;1.09;61531.40;49031.44;24859.38;32749.6;1.88;1.50;0.76;17/07/2024 16:12:16;
18/07/2024;13;2.0TD;1;0.000129622167000000;0.148;0.886943832;186.259152;33.081;43.893;109.285152;86.08;-3.10910;1.00295;0.75;0.25;101.36542;88.92900;101.96000;73.51000;74.07000;2273.3;275.0;234.0;61.0;8.16;0.926;0.17498;0.04096;0.00;0.000;1.428;0.947;0.000;0.557;95.196;86.38;80.24;26937.2;1388.00;3.94;3.13;1.09;66514.84;40806.40;24859.38;33540.0;1.98;1.22;0.74;17/07/2024 16:12:16;
18/07/2024;14;2.0TD;1;0.000140871426000000;0.145;0.868901853;184.008744;33.081;43.893;107.034744;84.37;-3.10910;1.00295;0.75;0.25;101.36542;88.92900;101.96000;73.51000;74.07000;2273.3;275.0;234.0;61.0;8.18;0.926;0.17498;0.04096;0.00;0.000;1.402;0.947;0.000;0.557;93.480;84.61;80.00;27203.6;1491.30;3.96;3.13;1.09;68412.24;42692.40;24859.38;34340.7;1.99;1.24;0.72;17/07/2024 16:12:16;
18/07/2024;15;2.0TD;2;0.000146242419000000;0.145;0.892329414;132.403174;19.184;8.779;104.440174;82.84;-3.10910;1.00295;0.75;0.25;101.36542;88.92900;101.96000;73.51000;74.07000;2273.3;275.0;234.0;61.0;8.25;0.154;0.17498;0.04096;0.00;0.000;1.368;0.947;0.000;0.557;91.214;83.00;80.00;27205.7;1501.10;4.03;3.13;1.09;69604.76;44745.60;24859.38;34559.0;2.01;1.29;0.72;17/07/2024 16:12:16;
18/07/2024;16;2.0TD;2;0.000142231124000000;0.143;0.878070379;128.159666;19.184;8.779;100.196666;79.17;-3.10910;1.00295;0.75;0.25;101.36542;88.92900;101.96000;73.51000;74.07000;2273.3;275.0;234.0;61.0;8.42;0.154;0.17498;0.04096;0.00;0.000;1.315;0.947;0.000;0.557;87.661;79.21;78.51;26857.0;1491.00;4.20;3.13;1.09;69420.40;48393.84;24859.38;33916.4;2.05;1.43;0.73;17/07/2024 16:12:16;
18/07/2024;17;2.0TD;2;0.000139333449000000;0.145;0.888450673;129.253279;19.184;8.779;101.290279;79.95;-3.10910;1.00295;0.75;0.25;101.36542;88.92900;101.96000;73.51000;74.07000;2273.3;275.0;234.0;61.0;8.43;0.154;0.17498;0.04096;0.00;0.000;1.327;0.947;0.000;0.557;88.463;80.00;79.00;26457.5;1438.80;4.21;3.13;1.09;68770.28;47696.32;24859.38;33609.8;2.05;1.42;0.74;17/07/2024 16:12:16;
18/07/2024;18;2.0TD;2;0.000139359126000000;0.147;0.901643359;139.991781;19.184;8.779;112.028781;89.67;-3.10910;1.00295;0.75;0.25;101.36542;88.92900;101.96000;73.51000;74.07000;2273.3;275.0;234.0;61.0;7.78;0.154;0.17498;0.04096;0.00;0.000;1.465;0.947;0.000;0.557;97.671;90.00;84.24;26118.7;1564.80;3.56;3.13;1.09;58433.08;37004.00;24859.38;33788.6;1.73;1.10;0.74;17/07/2024 16:12:16;
18/07/2024;19;2.0TD;1;0.000138192290000000;0.146;0.873930910;208.523484;33.081;43.893;131.549484;102.53;-3.10910;1.00295;0.75;0.25;101.36542;88.92900;101.96000;73.51000;74.07000;2273.3;275.0;234.0;61.0;11.01;0.926;0.17498;0.04096;0.00;0.000;1.722;0.947;0.000;0.557;114.790;102.85;97.71;25202.5;1694.20;6.79;3.13;1.09;93166.56;107820.00;24859.38;33285.0;2.80;3.24;0.75;17/07/2024 16:12:16;
18/07/2024;20;2.0TD;1;0.000135802681000000;0.150;0.895546457;225.957794;33.081;43.893;148.983794;120.75;-3.10910;1.00295;0.75;0.25;101.36542;88.92900;101.96000;73.51000;74.07000;2273.3;275.0;234.0;61.0;7.33;0.926;0.17498;0.04096;0.00;0.000;1.943;0.947;0.000;0.557;129.551;121.22;114.22;25257.8;1807.20;3.11;3.13;1.09;35815.48;42936.32;24859.38;33338.8;1.07;1.29;0.75;17/07/2024 16:12:16;
18/07/2024;21;2.0TD;1;0.000136240352000000;0.149;0.889704318;235.871652;33.081;43.893;158.897652;129.89;-3.10910;1.00295;0.75;0.25;101.36542;88.92900;101.96000;73.51000;74.07000;2273.3;275.0;234.0;61.0;6.80;0.926;0.17498;0.04096;0.00;0.000;2.074;0.947;0.000;0.557;138.292;130.05;127.77;22873.5;1680.90;2.58;3.13;1.09;23195.00;36515.04;24859.38;32806.2;0.71;1.11;0.76;17/07/2024 16:12:16;
18/07/2024;22;2.0TD;1;0.000145180963000000;0.148;0.889175194;245.231912;33.081;43.893;168.257912;137.96;-3.10910;1.00295;0.75;0.25;101.36542;88.92900;101.96000;73.51000;74.07000;2273.3;275.0;234.0;61.0;6.88;0.926;0.17498;0.04096;0.00;0.000;2.198;0.947;0.000;0.557;146.566;138.23;134.23;22341.2;1641.10;2.66;3.13;1.09;38749.96;22677.40;24859.38;32432.0;1.19;0.70;0.77;17/07/2024 16:12:16;
18/07/2024;23;2.0TD;2;0.000151908867000000;0.155;0.948964745;180.512080;19.184;8.779;152.549080;124.13;-3.10910;1.00295;0.75;0.25;101.36542;88.92900;101.96000;73.51000;74.07000;2273.3;275.0;234.0;61.0;7.21;0.154;0.17498;0.04096;0.00;0.000;1.981;0.947;0.000;0.557;132.077;124.24;122.24;23143.8;1369.70;2.99;3.13;1.09;51502.08;18525.20;24859.38;31721.8;1.62;0.58;0.78;17/07/2024 16:12:16;
18/07/2024;24;2.0TD;2;0.000136920695000000;0.153;0.936850645;167.559161;19.184;8.779;139.596161;113.14;-3.10910;1.00295;0.75;0.25;101.36542;88.92900;101.96000;73.51000;74.07000;2273.3;275.0;234.0;61.0;7.36;0.154;0.17498;0.04096;0.00;0.000;1.816;0.947;0.000;0.557;121.072;113.22;111.96;21768.7;1384.70;3.14;3.13;1.09;54575.64;12584.36;24859.38;29354.7;1.86;0.43;0.85;17/07/2024 16:12:16;
*
