pvpcdata;
2024;10;09;11;29;35;
13/09/2024;1;2.0TD;3;0.000094467879000000;0.163;0.902956979;125.164555;0.557;2.195;122.412555;79.17;10.89500;1.24979;0.75;0.25;47.10500;90.68500;101.96000;73.51000;91.63000;1782.7;275.0;234.0;48.0;9.17;0.000;0.17498;0.04096;0.00;0.000;1.579;0.947;0.000;0.557;105.255;78.89;83.20;16195.1;1126.80;5.04;3.08;1.05;68875.32;29174.88;24859.38;24402.5;2.82;1.20;1.02;12/09/2024 16:10:32;
13/09/2024;2;2.0TD;3;0.000081387094000000;0.169;0.938944155;123.778396;0.557;2.195;121.026396;75.29;10.89500;1.24979;0.75;0.25;47.10500;90.68500;101.96000;73.51000;91.63000;1782.7;275.0;234.0;48.0;11.35;0.000;0.17498;0.04096;0.00;0.000;1.553;0.947;0.000;0.557;103.529;75.05;79.21;15449.1;960.50;7.22;3.08;1.05;102243.44;40602.24;24859.38;23241.1;4.40;1.75;1.07;12/09/2024 16:10:32;
13/09/2024;3;2.0TD;3;0.000073355845000000;0.174;0.966238778;124.427533;0.557;2.195;121.675533;74.76;10.89500;1.24979;0.75;0.25;47.10500;90.68500;101.96000;73.51000;91.63000;1782.7;275.0;234.0;48.0;11.99;0.000;0.17498;0.04096;0.00;0.000;1.555;0.947;0.000;0.557;103.641;74.76;74.76;14949.1;1068.00;7.86;3.08;1.05;108385.56;44049.60;24859.38;22549.1;4.81;1.95;1.10;12/09/2024 16:10:32;
13/09/2024;4;2.0TD;3;0.000069094346000000;0.176;0.975797514;125.458017;0.557;2.195;122.706017;74.36;10.89500;1.24979;0.75;0.25;47.10500;90.68500;101.96000;73.51000;91.63000;1782.7;275.0;234.0;48.0;13.08;0.000;0.17498;0.04096;0.00;0.000;1.565;0.947;0.000;0.557;104.341;74.76;69.76;14710.1;1266.10;8.95;3.08;1.05;134713.04;62690.88;0.00;22045.5;6.11;2.84;0.00;12/09/2024 16:10:32;
13/09/2024;5;2.0TD;3;0.000067106447000000;0.176;0.978185549;117.064905;0.557;2.195;114.312905;66.95;10.89500;1.24979;0.75;0.25;47.10500;90.68500;101.96000;73.51000;91.63000;1782.7;275.0;234.0;48.0;13.46;0.000;0.17498;0.04096;0.00;0.000;1.458;0.947;0.000;0.557;97.204;67.52;60.00;15030.6;1242.10;9.33;3.08;1.05;147529.48;58158.24;0.00;22042.8;6.69;2.64;0.00;12/09/2024 16:10:32;
13/09/2024;6;2.0TD;3;0.000067307506000000;0.172;0.953772201;111.452482;0.557;2.195;108.700482;61.83;10.89500;1.24979;0.75;0.25;47.10500;90.68500;101.96000;73.51000;91.63000;1782.7;275.0;234.0;48.0;14.19;0.000;0.17498;0.04096;0.00;0.000;1.391;0.947;0.000;0.557;92.747;62.20;57.20;15184.5;1206.50;10.06;3.08;1.05;156287.12;68860.80;0.00;22389.5;6.98;3.08;0.00;12/09/2024 16:10:32;
13/09/2024;7;2.0TD;3;0.000072713342000000;0.160;0.888174376;124.142347;0.557;2.195;121.390347;76.25;10.89500;1.24979;0.75;0.25;47.10500;90.68500;101.96000;73.51000;91.63000;1782.7;275.0;234.0;48.0;11.49;0.000;0.17498;0.04096;0.00;0.000;1.570;0.947;0.000;0.557;104.646;76.50;73.51;15239.2;1372.80;7.36;3.08;1.05;120356.48;32599.20;24859.38;24170.4;4.98;1.35;1.03;12/09/2024 16:10:32;
13/09/2024;8;2.0TD;3;0.000084686650000000;0.151;0.836621695;134.441192;0.557;2.195;131.689192;89.56;10.89500;1.24979;0.75;0.25;47.10500;90.68500;101.96000;73.51000;91.63000;1782.7;275.0;234.0;48.0;7.80;0.000;0.17498;0.04096;0.00;0.000;1.716;0.947;0.000;0.557;114.412;89.74;87.48;17001.0;1464.30;3.67;3.08;1.05;58061.96;14256.00;24859.38;26505.2;2.19;0.54;0.94;12/09/2024 16:10:32;
13/09/2024;9;2.0TD;2;0.000089141447000000;0.148;0.908099055;156.947517;19.184;8.779;128.984517;85.17;10.89500;1.24979;0.75;0.25;47.10500;90.68500;101.96000;73.51000;91.63000;1782.7;275.0;234.0;48.0;10.01;0.154;0.17498;0.04096;0.00;0.000;1.685;0.947;0.000;0.557;112.355;85.23;84.38;18497.9;1391.10;5.88;3.08;1.05;66160.56;72969.12;24859.38;27870.3;2.37;2.62;0.89;12/09/2024 16:10:32;
13/09/2024;10;2.0TD;2;0.000093709100000000;0.138;0.845681149;131.435481;19.184;8.779;103.472481;60.89;10.89500;1.24979;0.75;0.25;47.10500;90.68500;101.96000;73.51000;91.63000;1782.7;275.0;234.0;48.0;13.18;0.154;0.17498;0.04096;0.00;0.000;1.364;0.947;0.000;0.557;90.924;61.00;59.00;22444.8;1334.30;9.05;3.08;1.05;108453.56;126508.72;24859.38;28733.0;3.77;4.40;0.87;12/09/2024 16:10:32;
13/09/2024;11;2.0TD;1;0.000097741875000000;0.138;0.827314709;113.647019;33.081;43.893;36.673019;3.32;10.89500;1.24979;0.75;0.25;47.10500;90.68500;101.96000;73.51000;91.63000;1782.7;275.0;234.0;48.0;12.16;0.926;0.17498;0.04096;0.00;0.000;0.483;0.947;0.000;0.557;32.225;3.32;3.32;27896.2;1623.20;8.03;3.08;1.05;197082.72;13137.60;24859.38;29292.9;6.73;0.45;0.85;12/09/2024 16:10:32;
13/09/2024;12;2.0TD;1;0.000099062126000000;0.141;0.844428822;109.597302;33.081;43.893;32.623302;-0.05;10.89500;1.24979;0.75;0.25;47.10500;90.68500;101.96000;73.51000;91.63000;1782.7;275.0;234.0;48.0;11.95;0.926;0.17498;0.04096;0.00;0.000;0.429;0.947;0.000;0.557;28.591;0.00;-1.00;28247.4;1414.70;7.82;3.08;1.05;202661.96;1081.20;24859.38;29229.4;6.93;0.04;0.85;12/09/2024 16:10:32;
13/09/2024;13;2.0TD;1;0.000102938602000000;0.141;0.843668999;109.608712;33.081;43.893;32.634712;-0.05;10.89500;1.24979;0.75;0.25;47.10500;90.68500;101.96000;73.51000;91.63000;1782.7;275.0;234.0;48.0;11.96;0.926;0.17498;0.04096;0.00;0.000;0.429;0.947;0.000;0.557;28.601;0.00;-0.95;28422.6;1487.90;7.83;3.08;1.05;202801.52;1529.28;24859.38;29280.9;6.93;0.05;0.85;12/09/2024 16:10:32;
13/09/2024;14;2.0TD;1;0.000110931641000000;0.137;0.818986714;109.494305;33.081;43.893;32.520305;0.00;10.89500;1.24979;0.75;0.25;47.10500;90.68500;101.96000;73.51000;91.63000;1782.7;275.0;234.0;48.0;11.91;0.926;0.17498;0.04096;0.00;0.000;0.429;0.947;0.000;0.557;28.601;0.00;0.00;28467.8;1610.80;7.78;3.08;1.05;202859.92;1536.00;24859.38;29445.6;6.89;0.05;0.84;12/09/2024 16:10:32;
13/09/2024;15;2.0TD;2;0.000112507085000000;0.138;0.846165537;59.805209;19.184;8.779;31.842209;0.00;10.89500;1.24979;0.75;0.25;47.10500;90.68500;101.96000;73.51000;91.63000;1782.7;275.0;234.0;48.0;12.07;0.154;0.17498;0.04096;0.00;0.000;0.420;0.947;0.000;0.557;27.980;0.00;0.00;28435.8;1600.40;7.94;3.08;1.05;202812.40;1587.00;24859.38;28876.1;7.02;0.05;0.86;12/09/2024 16:10:32;
13/09/2024;16;2.0TD;2;0.000106342556000000;0.144;0.882376445;60.239646;19.184;8.779;32.276646;-0.05;10.89500;1.24979;0.75;0.25;47.10500;90.68500;101.96000;73.51000;91.63000;1782.7;275.0;234.0;48.0;12.35;0.154;0.17498;0.04096;0.00;0.000;0.423;0.947;0.000;0.557;28.213;0.00;-1.00;27748.0;1483.00;8.22;3.08;1.05;202861.60;1586.00;24859.38;27873.7;7.28;0.06;0.89;12/09/2024 16:10:32;
13/09/2024;17;2.0TD;2;0.000104472062000000;0.149;0.916047601;60.555363;19.184;8.779;32.592363;0.00;10.89500;1.24979;0.75;0.25;47.10500;90.68500;101.96000;73.51000;91.63000;1782.7;275.0;234.0;48.0;12.45;0.154;0.17498;0.04096;0.00;0.000;0.425;0.947;0.000;0.557;28.365;0.00;0.00;27453.2;1506.60;8.32;3.08;1.05;202831.80;1590.00;24859.38;27568.5;7.36;0.06;0.90;12/09/2024 16:10:32;
13/09/2024;18;2.0TD;2;0.000106878223000000;0.150;0.921720251;60.630879;19.184;8.779;32.667879;0.00;10.89500;1.24979;0.75;0.25;47.10500;90.68500;101.96000;73.51000;91.63000;1782.7;275.0;234.0;48.0;12.49;0.154;0.17498;0.04096;0.00;0.000;0.426;0.947;0.000;0.557;28.406;0.00;0.00;28091.2;1599.00;8.36;3.08;1.05;202782.84;5692.80;24859.38;27906.9;7.27;0.20;0.89;12/09/2024 16:10:32;
13/09/2024;19;2.0TD;1;0.000109077962000000;0.149;0.895006301;112.753689;33.081;43.893;35.779689;2.03;10.89500;1.24979;0.75;0.25;47.10500;90.68500;101.96000;73.51000;91.63000;1782.7;275.0;234.0;48.0;12.38;0.926;0.17498;0.04096;0.00;0.000;0.467;0.947;0.000;0.557;31.139;2.00;2.50;26712.0;1421.70;8.25;3.08;1.05;201143.16;10410.40;24859.38;28681.8;7.01;0.36;0.87;12/09/2024 16:10:32;
13/09/2024;20;2.0TD;1;0.000110894196000000;0.152;0.910831232;184.107525;33.081;43.893;107.133525;62.22;10.89500;1.24979;0.75;0.25;47.10500;90.68500;101.96000;73.51000;91.63000;1782.7;275.0;234.0;48.0;13.12;0.926;0.17498;0.04096;0.00;0.000;1.395;0.947;0.000;0.557;92.997;62.07;65.07;22881.9;1183.70;8.99;3.08;1.05;100445.24;132328.00;24859.38;28679.5;3.50;4.61;0.87;12/09/2024 16:10:32;
13/09/2024;21;2.0TD;1;0.000123148946000000;0.153;0.915056032;212.597759;33.081;43.893;135.623759;89.98;10.89500;1.24979;0.75;0.25;47.10500;90.68500;101.96000;73.51000;91.63000;1782.7;275.0;234.0;48.0;9.62;0.926;0.17498;0.04096;0.00;0.000;1.764;0.947;0.000;0.557;117.626;89.98;89.98;21437.1;1464.60;5.49;3.08;1.05;125453.52;10163.28;24859.38;29257.8;4.29;0.35;0.85;12/09/2024 16:10:32;
13/09/2024;22;2.0TD;1;0.000136304365000000;0.149;0.893449496;208.301082;33.081;43.893;131.327082;85.29;10.89500;1.24979;0.75;0.25;47.10500;90.68500;101.96000;73.51000;91.63000;1782.7;275.0;234.0;48.0;11.03;0.926;0.17498;0.04096;0.00;0.000;1.714;0.947;0.000;0.557;114.296;85.29;85.29;20583.7;1306.90;6.90;3.08;1.05;160912.12;16171.76;24859.38;29257.4;5.50;0.55;0.85;12/09/2024 16:10:32;
13/09/2024;23;2.0TD;2;0.000125257156000000;0.156;0.956265212;154.631528;19.184;8.779;126.668528;80.15;10.89500;1.24979;0.75;0.25;47.10500;90.68500;101.96000;73.51000;91.63000;1782.7;275.0;234.0;48.0;12.29;0.154;0.17498;0.04096;0.00;0.000;1.644;0.947;0.000;0.557;109.574;80.01;82.51;19921.0;1153.40;8.16;3.08;1.05;164940.04;30515.52;24859.38;27000.0;6.11;1.13;0.92;12/09/2024 16:10:32;
13/09/2024;24;2.0TD;2;0.000110204480000000;0.161;0.987409233;136.743883;19.184;8.779;108.780883;62.83;10.89500;1.24979;0.75;0.25;47.10500;90.68500;101.96000;73.51000;91.63000;1782.7;275.0;234.0;48.0;13.97;0.154;0.17498;0.04096;0.00;0.000;1.405;0.947;0.000;0.557;93.695;62.20;73.41;19158.1;1131.90;9.84;3.08;1.05;156024.00;65372.16;24859.38;25023.8;6.24;2.61;0.99;12/09/2024 16:10:32;
*
