pvpcdata;
2024;11;12;10;29;06;
07/10/2024;1;2.0TD;3;0.000084317501000000;0.187;1.036559840;116.545928;0.557;2.195;113.793928;64.70;9.41295;1.17375;0.75;0.25;55.45500;93.10680;101.96000;84.74000;75.42000;1772.1;275.0;200.0;45.0;16.96;0.000;0.17498;0.04096;0.00;0.000;1.438;0.947;0.000;0.557;95.866;65.08;56.54;16992.2;782.60;12.72;3.19;1.05;193749.52;63920.00;24859.38;22212.3;8.72;2.88;1.12;06/10/2024 16:11:50;
07/10/2024;2;2.0TD;3;0.000070281366000000;0.198;1.097250647;96.559989;0.557;2.195;93.807989;46.34;9.41295;1.17375;0.75;0.25;55.45500;93.10680;101.96000;84.74000;75.42000;1772.1;275.0;200.0;45.0;18.02;0.000;0.17498;0.04096;0.00;0.000;1.175;0.947;0.000;0.557;78.303;46.34;46.34;16798.2;812.30;13.78;3.19;1.05;228353.80;64175.68;0.00;21226.1;10.76;3.02;0.00;06/10/2024 16:11:50;
07/10/2024;3;2.0TD;3;0.000063745644000000;0.201;1.118494648;91.819157;0.557;2.195;89.067157;40.14;9.41295;1.17375;0.75;0.25;55.45500;93.10680;101.96000;84.74000;75.42000;1772.1;275.0;200.0;45.0;20.14;0.000;0.17498;0.04096;0.00;0.000;1.112;0.947;0.000;0.557;74.160;40.00;43.00;17223.0;869.30;15.90;3.19;1.05;258768.40;67243.84;0.00;20509.3;12.62;3.28;0.00;06/10/2024 16:11:50;
07/10/2024;4;2.0TD;3;0.000060444479000000;0.202;1.124429999;84.034642;0.557;2.195;81.282642;30.25;9.41295;1.17375;0.75;0.25;55.45500;93.10680;101.96000;84.74000;75.42000;1772.1;275.0;200.0;45.0;23.59;0.000;0.17498;0.04096;0.00;0.000;1.014;0.947;0.000;0.557;67.622;30.10;33.09;17159.2;881.00;19.35;3.19;1.05;316783.60;75169.92;0.00;20257.2;15.64;3.71;0.00;06/10/2024 16:11:50;
07/10/2024;5;2.0TD;3;0.000059139000000000;0.200;1.113419873;78.916997;0.557;2.195;76.164997;30.10;9.41295;1.17375;0.75;0.25;55.45500;93.10680;101.96000;84.74000;75.42000;1772.1;275.0;200.0;45.0;19.65;0.000;0.17498;0.04096;0.00;0.000;0.952;0.947;0.000;0.557;63.470;29.97;32.97;17355.3;804.70;15.41;3.19;1.05;236037.56;75233.84;0.00;20200.3;11.68;3.72;0.00;06/10/2024 16:11:50;
07/10/2024;6;2.0TD;3;0.000060364059000000;0.191;1.059486130;78.720924;0.557;2.195;75.968924;30.43;9.41295;1.17375;0.75;0.25;55.45500;93.10680;101.96000;84.74000;75.42000;1772.1;275.0;200.0;45.0;19.63;0.000;0.17498;0.04096;0.00;0.000;0.957;0.947;0.000;0.557;63.785;30.10;37.60;17431.9;795.90;15.39;3.19;1.05;243182.60;75169.92;0.00;20680.4;11.76;3.63;0.00;06/10/2024 16:11:50;
07/10/2024;7;2.0TD;3;0.000068193838000000;0.170;0.946954530;99.676942;0.557;2.195;96.924942;52.02;9.41295;1.17375;0.75;0.25;55.45500;93.10680;101.96000;84.74000;75.42000;1772.1;275.0;200.0;45.0;16.81;0.000;0.17498;0.04096;0.00;0.000;1.243;0.947;0.000;0.557;82.841;52.02;52.02;17297.7;898.30;12.57;3.19;1.05;204037.60;61196.48;24859.38;23087.1;8.84;2.65;1.08;06/10/2024 16:11:50;
07/10/2024;8;2.0TD;3;0.000086052669000000;0.158;0.878243131;130.694592;0.557;2.195;127.942592;84.55;9.41295;1.17375;0.75;0.25;55.45500;93.10680;101.96000;84.74000;75.42000;1772.1;275.0;200.0;45.0;11.51;0.000;0.17498;0.04096;0.00;0.000;1.657;0.947;0.000;0.557;110.485;84.50;85.50;17550.1;875.90;7.27;3.19;1.05;113309.84;50949.60;24859.38;26016.9;4.36;1.96;0.96;06/10/2024 16:11:50;
07/10/2024;9;2.0TD;2;0.000091451796000000;0.185;1.136475828;183.664689;19.184;8.779;155.701689;108.11;9.41295;1.17375;0.75;0.25;55.45500;93.10680;101.96000;84.74000;75.42000;1772.1;275.0;200.0;45.0;8.39;0.154;0.17498;0.04096;0.00;0.000;1.971;0.947;0.000;0.557;131.393;108.32;105.33;18084.3;1396.80;4.15;3.19;1.05;59481.40;29062.80;24859.38;27305.1;2.18;1.06;0.91;06/10/2024 16:11:50;
07/10/2024;10;2.0TD;2;0.000091492664000000;0.149;0.912498827;166.079499;19.184;8.779;138.116499;91.72;9.41295;1.17375;0.75;0.25;55.45500;93.10680;101.96000;84.74000;75.42000;1772.1;275.0;200.0;45.0;13.76;0.154;0.17498;0.04096;0.00;0.000;1.803;0.947;0.000;0.557;120.205;91.75;91.06;18911.3;984.20;9.52;3.19;1.05;76164.80;161296.00;24859.38;27539.1;2.77;5.86;0.90;06/10/2024 16:11:50;
07/10/2024;11;2.0TD;1;0.000093164799000000;0.145;0.870913935;184.377096;33.081;43.893;107.403096;65.98;9.41295;1.17375;0.75;0.25;55.45500;93.10680;101.96000;84.74000;75.42000;1772.1;275.0;200.0;45.0;12.72;0.926;0.17498;0.04096;0.00;0.000;1.407;0.947;0.000;0.557;93.801;65.98;65.98;20941.3;1345.60;8.48;3.19;1.05;103615.60;111840.00;24859.38;28363.6;3.65;3.94;0.88;06/10/2024 16:11:50;
07/10/2024;12;2.0TD;1;0.000093061935000000;0.143;0.854604340;174.720880;33.081;43.893;97.746880;55.80;9.41295;1.17375;0.75;0.25;55.45500;93.10680;101.96000;84.74000;75.42000;1772.1;275.0;200.0;45.0;14.74;0.926;0.17498;0.04096;0.00;0.000;1.283;0.947;0.000;0.557;85.517;56.01;51.01;26051.9;1120.60;10.50;3.19;1.05;169226.24;105039.36;24859.38;28477.9;5.94;3.69;0.87;06/10/2024 16:11:50;
07/10/2024;13;2.0TD;1;0.000095868653000000;0.141;0.844197604;160.383189;33.081;43.893;83.409189;44.56;9.41295;1.17375;0.75;0.25;55.45500;93.10680;101.96000;84.74000;75.42000;1772.1;275.0;200.0;45.0;13.75;0.926;0.17498;0.04096;0.00;0.000;1.097;0.947;0.000;0.557;73.101;44.71;40.71;27307.4;1054.30;9.51;3.19;1.05;183525.76;64607.20;24859.38;28732.5;6.39;2.25;0.87;06/10/2024 16:11:50;
07/10/2024;14;2.0TD;1;0.000102370577000000;0.139;0.832455384;143.214630;33.081;43.893;66.240630;30.02;9.41295;1.17375;0.75;0.25;55.45500;93.10680;101.96000;84.74000;75.42000;1772.1;275.0;200.0;45.0;13.57;0.926;0.17498;0.04096;0.00;0.000;0.872;0.947;0.000;0.557;58.156;30.10;27.50;28279.4;909.60;9.33;3.19;1.05;203804.72;44724.96;24859.38;29297.6;6.96;1.53;0.85;06/10/2024 16:11:50;
07/10/2024;15;2.0TD;2;0.000102854474000000;0.160;0.984054111;91.253563;19.184;8.779;63.290563;27.07;9.41295;1.17375;0.75;0.25;55.45500;93.10680;101.96000;84.74000;75.42000;1772.1;275.0;200.0;45.0;13.75;0.154;0.17498;0.04096;0.00;0.000;0.818;0.947;0.000;0.557;54.560;27.08;26.83;29109.6;901.10;9.51;3.19;1.05;208658.36;42586.20;24859.38;29042.7;7.18;1.47;0.86;06/10/2024 16:11:50;
07/10/2024;16;2.0TD;2;0.000095091995000000;0.171;1.048854928;90.510595;19.184;8.779;62.547595;26.83;9.41295;1.17375;0.75;0.25;55.45500;93.10680;101.96000;84.74000;75.42000;1772.1;275.0;200.0;45.0;12.86;0.154;0.17498;0.04096;0.00;0.000;0.801;0.947;0.000;0.557;53.413;26.83;26.83;28841.8;963.20;8.62;3.19;1.05;175651.36;44029.80;24859.38;28382.4;6.19;1.55;0.88;06/10/2024 16:11:50;
07/10/2024;17;2.0TD;2;0.000091927879000000;0.182;1.114534457;95.226874;19.184;8.779;67.263874;30.17;9.41295;1.17375;0.75;0.25;55.45500;93.10680;101.96000;84.74000;75.42000;1772.1;275.0;200.0;45.0;12.96;0.154;0.17498;0.04096;0.00;0.000;0.854;0.947;0.000;0.557;56.906;30.25;27.50;27708.8;821.60;8.72;3.19;1.05;171533.08;50339.60;24859.38;28285.0;6.06;1.78;0.88;06/10/2024 16:11:50;
07/10/2024;18;2.0TD;2;0.000095130262000000;0.188;1.151825360;120.546015;19.184;8.779;92.583015;50.24;9.41295;1.17375;0.75;0.25;55.45500;93.10680;101.96000;84.74000;75.42000;1772.1;275.0;200.0;45.0;13.60;0.154;0.17498;0.04096;0.00;0.000;1.169;0.947;0.000;0.557;77.931;50.24;50.24;26324.1;958.30;9.36;3.19;1.05;146755.96;93760.00;24859.38;28347.2;5.18;3.31;0.88;06/10/2024 16:11:50;
07/10/2024;19;2.0TD;1;0.000101414223000000;0.168;1.007205924;190.186874;33.081;43.893;113.212874;68.00;9.41295;1.17375;0.75;0.25;55.45500;93.10680;101.96000;84.74000;75.42000;1772.1;275.0;200.0;45.0;13.78;0.926;0.17498;0.04096;0.00;0.000;1.454;0.947;0.000;0.557;96.928;68.00;68.00;20535.3;1027.60;9.54;3.19;1.05;120236.40;124619.76;24859.38;28278.5;4.25;4.41;0.88;06/10/2024 16:11:50;
07/10/2024;20;2.0TD;1;0.000115548454000000;0.166;0.991786936;195.521022;33.081;43.893;118.547022;73.71;9.41295;1.17375;0.75;0.25;55.45500;93.10680;101.96000;84.74000;75.42000;1772.1;275.0;200.0;45.0;12.74;0.926;0.17498;0.04096;0.00;0.000;1.525;0.947;0.000;0.557;101.669;73.61;75.61;21051.8;1151.10;8.50;3.19;1.05;107026.48;115350.00;24859.38;29085.3;3.68;3.97;0.85;06/10/2024 16:11:50;
07/10/2024;21;2.0TD;1;0.000140213075000000;0.160;0.960150396;205.651443;33.081;43.893;128.677443;85.31;9.41295;1.17375;0.75;0.25;55.45500;93.10680;101.96000;84.74000;75.42000;1772.1;275.0;200.0;45.0;10.26;0.926;0.17498;0.04096;0.00;0.000;1.664;0.947;0.000;0.557;110.928;85.01;90.00;20155.5;1298.80;6.02;3.19;1.05;97919.76;60059.28;24859.38;30364.8;3.22;1.98;0.82;06/10/2024 16:11:50;
07/10/2024;22;2.0TD;1;0.000141967830000000;0.161;0.963575865;186.809047;33.081;43.893;109.835047;68.07;9.41295;1.17375;0.75;0.25;55.45500;93.10680;101.96000;84.74000;75.42000;1772.1;275.0;200.0;45.0;11.42;0.926;0.17498;0.04096;0.00;0.000;1.419;0.947;0.000;0.557;94.603;67.73;72.73;20507.3;1476.30;7.18;3.19;1.05;120040.60;68992.40;24859.38;29788.1;4.03;2.32;0.83;06/10/2024 16:11:50;
07/10/2024;23;2.0TD;2;0.000122912437000000;0.186;1.141533167;138.945121;19.184;8.779;110.982121;66.11;9.41295;1.17375;0.75;0.25;55.45500;93.10680;101.96000;84.74000;75.42000;1772.1;275.0;200.0;45.0;13.14;0.154;0.17498;0.04096;0.00;0.000;1.404;0.947;0.000;0.557;93.576;65.80;70.80;18957.1;1246.80;8.90;3.19;1.05;123654.16;91402.00;24859.38;26953.5;4.59;3.39;0.92;06/10/2024 16:11:50;
07/10/2024;24;2.0TD;2;0.000101411630000000;0.196;1.201624725;134.562277;19.184;8.779;106.599277;61.64;9.41295;1.17375;0.75;0.25;55.45500;93.10680;101.96000;84.74000;75.42000;1772.1;275.0;200.0;45.0;13.23;0.154;0.17498;0.04096;0.00;0.000;1.337;0.947;0.000;0.557;89.129;61.39;65.50;17040.1;1085.40;8.99;3.19;1.05;99277.12;96287.04;24859.38;24498.1;4.05;3.93;1.01;06/10/2024 16:11:50;
*
