pvpcdata;
2024;08;09;11;56;52;
25/07/2024;1;2.0TD;3;0.000114091195000000;0.172;0.953582129;137.669805;0.557;2.195;134.917805;105.35;-0.08379;0.95250;0.75;0.25;89.26417;88.92900;101.96000;73.51000;74.07000;2393.7;275.0;234.0;61.0;6.40;0.000;0.17498;0.04096;0.00;0.000;1.727;0.947;0.000;0.557;115.117;105.35;0.00;22251.0;0.00;2.18;3.13;1.09;8337.68;25951.52;24859.38;27108.1;0.31;0.96;0.92;24/07/2024 16:30:22;
25/07/2024;2;2.0TD;3;0.000097030551000000;0.173;0.959692767;131.699399;0.557;2.195;128.947399;100.00;-0.08379;0.95250;0.75;0.25;89.26417;88.92900;101.96000;73.51000;74.07000;2393.7;275.0;234.0;61.0;6.64;0.000;0.17498;0.04096;0.00;0.000;1.649;0.947;0.000;0.557;109.929;100.00;0.00;20807.5;0.00;2.42;3.13;1.09;10883.00;26044.48;24859.38;25537.1;0.43;1.02;0.97;24/07/2024 16:30:22;
25/07/2024;3;2.0TD;3;0.000086178853000000;0.172;0.955494808;132.612625;0.557;2.195;129.860625;99.60;-0.08379;0.95250;0.75;0.25;89.26417;88.92900;101.96000;73.51000;74.07000;2393.7;275.0;234.0;61.0;7.90;0.000;0.17498;0.04096;0.00;0.000;1.662;0.947;0.000;0.557;110.802;99.60;0.00;19336.0;0.00;3.68;3.13;1.09;28328.36;35475.60;24859.38;24104.9;1.18;1.47;1.03;24/07/2024 16:30:22;
25/07/2024;4;2.0TD;3;0.000080115590000000;0.168;0.934371908;132.192775;0.557;2.195;129.440775;100.84;-0.08379;0.95250;0.75;0.25;89.26417;88.92900;101.96000;73.51000;74.07000;2393.7;275.0;234.0;61.0;6.68;0.000;0.17498;0.04096;0.00;0.000;1.662;0.947;0.000;0.557;110.822;100.84;0.00;18842.2;0.00;2.46;3.13;1.09;31081.56;26526.80;0.00;23434.8;1.33;1.13;0.00;24/07/2024 16:30:22;
25/07/2024;5;2.0TD;3;0.000076758864000000;0.168;0.931237996;132.537335;0.557;2.195;129.785335;101.59;-0.08379;0.95250;0.75;0.25;89.26417;88.92900;101.96000;73.51000;74.07000;2393.7;275.0;234.0;61.0;6.22;0.000;0.17498;0.04096;0.00;0.000;1.667;0.947;0.000;0.557;111.117;101.59;0.00;18456.5;0.00;2.00;3.13;1.09;16542.48;29339.28;0.00;22988.0;0.72;1.28;0.00;24/07/2024 16:30:22;
25/07/2024;6;2.0TD;3;0.000075569103000000;0.165;0.918519166;135.716457;0.557;2.195;132.964457;103.82;-0.08379;0.95250;0.75;0.25;89.26417;88.92900;101.96000;73.51000;74.07000;2393.7;275.0;234.0;61.0;6.96;0.000;0.17498;0.04096;0.00;0.000;1.712;0.947;0.000;0.557;114.132;103.82;0.00;18322.6;0.00;2.74;3.13;1.09;33915.52;29080.48;0.00;22989.8;1.48;1.26;0.00;24/07/2024 16:30:22;
25/07/2024;7;2.0TD;3;0.000077302421000000;0.162;0.898530846;136.601132;0.557;2.195;133.849132;105.64;-0.08379;0.95250;0.75;0.25;89.26417;88.92900;101.96000;73.51000;74.07000;2393.7;275.0;234.0;61.0;6.18;0.000;0.17498;0.04096;0.00;0.000;1.728;0.947;0.000;0.557;115.188;105.64;0.00;19616.3;0.00;1.96;3.13;1.09;31711.52;15852.16;0.00;24284.8;1.31;0.65;0.00;24/07/2024 16:30:22;
25/07/2024;8;2.0TD;3;0.000081041337000000;0.159;0.881698533;141.161613;0.557;2.195;138.409613;110.61;-0.08379;0.95250;0.75;0.25;89.26417;88.92900;101.96000;73.51000;74.07000;2393.7;275.0;234.0;61.0;5.38;0.000;0.17498;0.04096;0.00;0.000;1.791;0.947;0.000;0.557;119.421;110.61;0.00;20913.6;0.00;1.16;3.13;1.09;20935.84;8820.96;0.00;25675.0;0.82;0.34;0.00;24/07/2024 16:30:22;
25/07/2024;9;2.0TD;2;0.000092344591000000;0.139;0.855188390;155.721875;19.184;8.779;127.758875;101.96;-0.08379;0.95250;0.75;0.25;89.26417;88.92900;101.96000;73.51000;74.07000;2393.7;275.0;234.0;61.0;6.73;0.154;0.17498;0.04096;0.00;0.000;1.683;0.947;0.000;0.557;112.167;101.96;0.00;21629.2;0.00;2.51;3.13;1.09;21840.20;45274.24;0.00;26772.9;0.82;1.69;0.00;24/07/2024 16:30:22;
25/07/2024;10;2.0TD;2;0.000104831814000000;0.138;0.847406845;127.199538;19.184;8.779;99.236538;75.04;-0.08379;0.95250;0.75;0.25;89.26417;88.92900;101.96000;73.51000;74.07000;2393.7;275.0;234.0;61.0;9.06;0.154;0.17498;0.04096;0.00;0.000;1.308;0.947;0.000;0.557;87.202;75.04;0.00;23161.1;0.00;4.84;3.13;1.09;42106.20;95297.28;0.00;28399.0;1.48;3.36;0.00;24/07/2024 16:30:22;
25/07/2024;11;2.0TD;1;0.000114579427000000;0.144;0.863772715;173.866889;33.081;43.893;96.892889;70.79;-0.08379;0.95250;0.75;0.25;89.26417;88.92900;101.96000;73.51000;74.07000;2393.7;275.0;234.0;61.0;10.07;0.926;0.17498;0.04096;0.00;0.000;1.270;0.947;0.000;0.557;84.696;70.79;0.00;25451.0;0.00;5.85;3.13;1.09;60008.04;113232.80;0.00;29614.7;2.03;3.82;0.00;24/07/2024 16:30:22;
25/07/2024;12;2.0TD;1;0.000120271016000000;0.146;0.876250541;170.592552;33.081;43.893;93.618552;70.02;-0.08379;0.95250;0.75;0.25;89.26417;88.92900;101.96000;73.51000;74.07000;2393.7;275.0;234.0;61.0;7.88;0.926;0.17498;0.04096;0.00;0.000;1.225;0.947;0.000;0.557;81.691;70.02;0.00;26357.7;0.00;3.66;3.13;1.09;66052.44;45510.32;0.00;30451.2;2.17;1.49;0.00;24/07/2024 16:30:22;
25/07/2024;13;2.0TD;1;0.000127673426000000;0.148;0.886943832;172.201267;33.081;43.893;95.227267;70.92;-0.08379;0.95250;0.75;0.25;89.26417;88.92900;101.96000;73.51000;74.07000;2393.7;275.0;234.0;61.0;8.22;0.926;0.17498;0.04096;0.00;0.000;1.244;0.947;0.000;0.557;82.950;70.92;0.00;26784.8;0.00;4.00;3.13;1.09;64867.48;60775.68;0.00;31429.5;2.06;1.93;0.00;24/07/2024 16:30:22;
25/07/2024;14;2.0TD;1;0.000138909266000000;0.145;0.868901853;171.895166;33.081;43.893;94.921166;71.05;-0.08379;0.95250;0.75;0.25;89.26417;88.92900;101.96000;73.51000;74.07000;2393.7;275.0;234.0;61.0;8.04;0.926;0.17498;0.04096;0.00;0.000;1.244;0.947;0.000;0.557;82.900;71.05;0.00;27199.2;0.00;3.82;3.13;1.09;64734.48;58267.20;0.00;32216.1;2.01;1.81;0.00;24/07/2024 16:30:22;
25/07/2024;15;2.0TD;2;0.000144281734000000;0.145;0.892329414;121.754051;19.184;8.779;93.791051;70.79;-0.08379;0.95250;0.75;0.25;89.26417;88.92900;101.96000;73.51000;74.07000;2393.7;275.0;234.0;61.0;8.10;0.154;0.17498;0.04096;0.00;0.000;1.229;0.947;0.000;0.557;81.913;70.79;0.00;27430.9;0.00;3.88;3.13;1.09;65015.52;60775.68;0.00;32430.8;2.00;1.87;0.00;24/07/2024 16:30:22;
25/07/2024;16;2.0TD;2;0.000140109376000000;0.143;0.878070379;113.061158;19.184;8.779;85.098158;63.37;-0.08379;0.95250;0.75;0.25;89.26417;88.92900;101.96000;73.51000;74.07000;2393.7;275.0;234.0;61.0;8.17;0.154;0.17498;0.04096;0.00;0.000;1.117;0.947;0.000;0.557;74.451;63.37;0.00;27051.4;0.00;3.95;3.13;1.09;72609.48;53707.20;0.00;31943.2;2.27;1.68;0.00;24/07/2024 16:30:22;
25/07/2024;17;2.0TD;2;0.000137166530000000;0.145;0.888450673;108.316331;19.184;8.779;80.353331;59.10;-0.08379;0.95250;0.75;0.25;89.26417;88.92900;101.96000;73.51000;74.07000;2393.7;275.0;234.0;61.0;8.23;0.154;0.17498;0.04096;0.00;0.000;1.053;0.947;0.000;0.557;70.177;59.10;0.00;27868.6;0.00;4.01;3.13;1.09;76838.60;50752.96;0.00;31780.0;2.42;1.60;0.00;24/07/2024 16:30:22;
25/07/2024;18;2.0TD;2;0.000137236562000000;0.147;0.901643359;108.561063;19.184;8.779;80.598063;59.33;-0.08379;0.95250;0.75;0.25;89.26417;88.92900;101.96000;73.51000;74.07000;2393.7;275.0;234.0;61.0;8.09;0.154;0.17498;0.04096;0.00;0.000;1.054;0.947;0.000;0.557;70.268;59.33;0.00;27793.4;0.00;3.87;3.13;1.09;76690.88;45829.76;0.00;31645.4;2.42;1.45;0.00;24/07/2024 16:30:22;
25/07/2024;19;2.0TD;1;0.000136284484000000;0.146;0.873930910;174.071808;33.081;43.893;97.097808;70.92;-0.08379;0.95250;0.75;0.25;89.26417;88.92900;101.96000;73.51000;74.07000;2393.7;275.0;234.0;61.0;9.97;0.926;0.17498;0.04096;0.00;0.000;1.271;0.947;0.000;0.557;84.727;70.92;0.00;25652.8;0.00;5.75;3.13;1.09;65014.32;114666.48;0.00;31272.8;2.08;3.67;0.00;24/07/2024 16:30:22;
25/07/2024;20;2.0TD;1;0.000133842520000000;0.150;0.895546457;191.234069;33.081;43.893;114.260069;86.93;-0.08379;0.95250;0.75;0.25;89.26417;88.92900;101.96000;73.51000;74.07000;2393.7;275.0;234.0;61.0;8.37;0.926;0.17498;0.04096;0.00;0.000;1.490;0.947;0.000;0.557;99.356;86.93;0.00;23080.7;0.00;4.15;3.13;1.09;34296.52;93809.76;0.00;30853.1;1.11;3.04;0.00;24/07/2024 16:30:22;
25/07/2024;21;2.0TD;1;0.000134195985000000;0.149;0.889704318;211.315748;33.081;43.893;134.341748;106.44;-0.08379;0.95250;0.75;0.25;89.26417;88.92900;101.96000;73.51000;74.07000;2393.7;275.0;234.0;61.0;6.16;0.926;0.17498;0.04096;0.00;0.000;1.754;0.947;0.000;0.557;116.920;106.44;0.00;23949.7;0.00;1.94;3.13;1.09;36149.16;23768.32;0.00;30927.4;1.17;0.77;0.00;24/07/2024 16:30:22;
25/07/2024;22;2.0TD;1;0.000143550697000000;0.148;0.889175194;225.533903;33.081;43.893;148.559903;116.52;-0.08379;0.95250;0.75;0.25;89.26417;88.92900;101.96000;73.51000;74.07000;2393.7;275.0;234.0;61.0;8.38;0.926;0.17498;0.04096;0.00;0.000;1.941;0.947;0.000;0.557;129.407;116.52;0.00;23872.1;0.00;4.16;3.13;1.09;97394.48;6544.00;24859.38;30896.5;3.15;0.21;0.80;24/07/2024 16:30:22;
25/07/2024;23;2.0TD;2;0.000149659676000000;0.155;0.948964745;173.803212;19.184;8.779;145.840212;113.97;-0.08379;0.95250;0.75;0.25;89.26417;88.92900;101.96000;73.51000;74.07000;2393.7;275.0;234.0;61.0;8.61;0.154;0.17498;0.04096;0.00;0.000;1.894;0.947;0.000;0.557;126.268;113.97;0.00;23676.4;0.00;4.39;3.13;1.09;100726.48;7990.00;24859.38;30489.6;3.30;0.26;0.82;24/07/2024 16:30:22;
25/07/2024;24;2.0TD;2;0.000134659389000000;0.153;0.936850645;167.323321;19.184;8.779;139.360321;107.74;-0.08379;0.95250;0.75;0.25;89.26417;88.92900;101.96000;73.51000;74.07000;2393.7;275.0;234.0;61.0;9.52;0.154;0.17498;0.04096;0.00;0.000;1.813;0.947;0.000;0.557;120.867;107.74;0.00;21946.6;0.00;5.30;3.13;1.09;117379.04;7990.00;24859.38;28351.3;4.14;0.28;0.88;24/07/2024 16:30:22;
*
