pvpcdata;
2024;03;11;12;38;23;
04/02/2024;1;2.0TD;3;0.000124065934000000;0.239;1.328083095;117.070905;0.557;2.195;114.318905;65.84;8.46436;0.77131;0.75;0.25;63.09917;96.95660;101.96000;97.42000;68.27000;2593.0;275.0;177.0;48.0;17.18;0.000;0.17498;0.03702;0.00;0.000;0.000;1.384;0.565;0.000;0.557;92.267;66.62;56.62;12150.9;1026.70;12.15;3.48;1.55;216192.12;38790.40;24859.38;23026.0;9.39;1.68;1.08;03/02/2024 16:04:23;
04/02/2024;2;2.0TD;3;0.000103701287000000;0.250;1.388929256;117.070842;0.557;2.195;114.318842;63.99;8.46436;0.77131;0.75;0.25;63.09917;96.95660;101.96000;97.42000;68.27000;2593.0;275.0;177.0;48.0;18.23;0.000;0.17498;0.03702;0.00;0.000;0.000;1.372;0.565;0.000;0.557;91.455;64.78;54.78;11771.7;1008.50;13.20;3.48;1.55;236299.32;46475.52;0.00;21427.7;11.03;2.17;0.00;03/02/2024 16:04:23;
04/02/2024;3;2.0TD;3;0.000089469933000000;0.259;1.436496778;117.983327;0.557;2.195;115.231327;64.12;8.46436;0.77131;0.75;0.25;63.09917;96.95660;101.96000;97.42000;68.27000;2593.0;275.0;177.0;48.0;18.17;0.000;0.17498;0.03702;0.00;0.000;0.000;1.373;0.565;0.000;0.557;91.526;64.91;55.00;11277.0;979.00;13.14;3.48;1.55;236263.12;30132.48;0.00;20281.2;11.65;1.49;0.00;03/02/2024 16:04:23;
04/02/2024;4;2.0TD;3;0.000081232367000000;0.265;1.470951862;118.507184;0.557;2.195;115.755184;63.20;8.46436;0.77131;0.75;0.25;63.09917;96.95660;101.96000;97.42000;68.27000;2593.0;275.0;177.0;48.0;19.07;0.000;0.17498;0.03702;0.00;0.000;0.000;1.373;0.565;0.000;0.557;91.506;63.92;54.92;11144.9;969.10;14.04;3.48;1.55;237494.12;36899.52;0.00;19549.0;12.15;1.89;0.00;03/02/2024 16:04:23;
04/02/2024;5;2.0TD;3;0.000077455879000000;0.269;1.496748697;117.365636;0.557;2.195;114.613636;61.11;8.46436;0.77131;0.75;0.25;63.09917;96.95660;101.96000;97.42000;68.27000;2593.0;275.0;177.0;48.0;19.99;0.000;0.17498;0.03702;0.00;0.000;0.000;1.355;0.565;0.000;0.557;90.318;61.75;53.75;11128.2;969.50;14.96;3.48;1.55;240638.44;48037.76;0.00;19293.9;12.47;2.49;0.00;03/02/2024 16:04:23;
04/02/2024;6;2.0TD;3;0.000076943381000000;0.268;1.489292628;116.643854;0.557;2.195;113.891854;61.11;8.46436;0.77131;0.75;0.25;63.09917;96.95660;101.96000;97.42000;68.27000;2593.0;275.0;177.0;48.0;19.50;0.000;0.17498;0.03702;0.00;0.000;0.000;1.347;0.565;0.000;0.557;89.820;61.75;53.75;11008.3;951.40;14.47;3.48;1.55;240635.48;39070.08;0.00;19329.1;12.45;2.02;0.00;03/02/2024 16:04:23;
04/02/2024;7;2.0TD;3;0.000078627707000000;0.262;1.452909590;116.335879;0.557;2.195;113.583879;59.50;8.46436;0.77131;0.75;0.25;63.09917;96.95660;101.96000;97.42000;68.27000;2593.0;275.0;177.0;48.0;21.29;0.000;0.17498;0.03702;0.00;0.000;0.000;1.350;0.565;0.000;0.557;90.003;60.00;53.90;10985.3;977.70;16.26;3.48;1.55;276224.68;45773.28;0.00;19797.7;13.95;2.31;0.00;03/02/2024 16:04:23;
04/02/2024;8;2.0TD;3;0.000083240511000000;0.253;1.404379336;115.143687;0.557;2.195;112.391687;59.70;8.46436;0.77131;0.75;0.25;63.09917;96.95660;101.96000;97.42000;68.27000;2593.0;275.0;177.0;48.0;20.79;0.000;0.17498;0.03702;0.00;0.000;0.000;1.345;0.565;0.000;0.557;89.698;59.80;58.60;11008.7;993.80;15.76;3.48;1.55;275922.36;45709.44;0.00;20412.6;13.52;2.24;0.00;03/02/2024 16:04:23;
04/02/2024;9;2.0TD;3;0.000092669447000000;0.244;1.356199395;117.166504;0.557;2.195;114.414504;63.25;8.46436;0.77131;0.75;0.25;63.09917;96.95660;101.96000;97.42000;68.27000;2593.0;275.0;177.0;48.0;19.48;0.000;0.17498;0.03702;0.00;0.000;0.000;1.380;0.565;0.000;0.557;91.973;63.92;54.92;11531.8;926.60;14.45;3.48;1.55;268081.32;41049.12;0.00;21394.7;12.53;1.92;0.00;03/02/2024 16:04:23;
04/02/2024;10;2.0TD;3;0.000115593321000000;0.217;1.206996028;102.499844;0.557;2.195;99.747844;52.93;8.46436;0.77131;0.75;0.25;63.09917;96.95660;101.96000;97.42000;68.27000;2593.0;275.0;177.0;48.0;19.94;0.000;0.17498;0.03702;0.00;0.000;0.000;1.229;0.565;0.000;0.557;81.962;53.00;51.99;14657.1;1142.50;14.91;3.48;1.55;267974.88;73995.20;0.00;22939.1;11.68;3.23;0.00;03/02/2024 16:04:23;
04/02/2024;11;2.0TD;3;0.000135264779000000;0.201;1.114165619;81.266263;0.557;2.195;78.514263;44.72;8.46436;0.77131;0.75;0.25;63.09917;96.95660;101.96000;97.42000;68.27000;2593.0;275.0;177.0;48.0;11.81;0.000;0.17498;0.03702;0.00;0.000;0.000;0.981;0.565;0.000;0.557;65.374;44.70;45.25;18517.5;710.20;6.78;3.48;1.55;81833.08;84912.80;0.00;24577.7;3.33;3.45;0.00;03/02/2024 16:04:23;
04/02/2024;12;2.0TD;3;0.000141431625000000;0.198;1.098464363;74.744701;0.557;2.195;71.992701;40.00;8.46436;0.77131;0.75;0.25;63.09917;96.95660;101.96000;97.42000;68.27000;2593.0;275.0;177.0;48.0;11.33;0.000;0.17498;0.03702;0.00;0.000;0.000;0.901;0.565;0.000;0.557;60.094;40.00;40.00;20591.5;641.00;6.30;3.48;1.55;76802.32;79643.04;0.00;24842.8;3.09;3.21;0.00;03/02/2024 16:04:23;
04/02/2024;13;2.0TD;3;0.000139017313000000;0.196;1.087548009;67.400672;0.557;2.195;64.648672;34.31;8.46436;0.77131;0.75;0.25;63.09917;96.95660;101.96000;97.42000;68.27000;2593.0;275.0;177.0;48.0;11.07;0.000;0.17498;0.03702;0.00;0.000;0.000;0.811;0.565;0.000;0.557;54.054;34.28;35.28;20900.2;702.00;6.04;3.48;1.55;80919.00;68290.64;0.00;24686.3;3.28;2.77;0.00;03/02/2024 16:04:23;
04/02/2024;14;2.0TD;3;0.000143983856000000;0.188;1.043943450;67.824788;0.557;2.195;65.072788;35.65;8.46436;0.77131;0.75;0.25;63.09917;96.95660;101.96000;97.42000;68.27000;2593.0;275.0;177.0;48.0;10.44;0.000;0.17498;0.03702;0.00;0.000;0.000;0.822;0.565;0.000;0.557;54.775;35.65;35.70;21154.2;645.70;5.41;3.48;1.55;71787.40;63468.80;0.00;24978.3;2.87;2.54;0.00;03/02/2024 16:04:23;
04/02/2024;15;2.0TD;3;0.000143452366000000;0.189;1.052289626;67.203022;0.557;2.195;64.451022;35.02;8.46436;0.77131;0.75;0.25;63.09917;96.95660;101.96000;97.42000;68.27000;2593.0;275.0;177.0;48.0;10.51;0.000;0.17498;0.03702;0.00;0.000;0.000;0.813;0.565;0.000;0.557;54.206;35.00;35.70;21036.8;676.90;5.48;3.48;1.55;72203.20;64524.32;0.00;24967.4;2.89;2.58;0.00;03/02/2024 16:04:23;
04/02/2024;16;2.0TD;3;0.000129620731000000;0.199;1.107686596;65.164835;0.557;2.195;62.412835;32.00;8.46436;0.77131;0.75;0.25;63.09917;96.95660;101.96000;97.42000;68.27000;2593.0;275.0;177.0;48.0;11.41;0.000;0.17498;0.03702;0.00;0.000;0.000;0.781;0.565;0.000;0.557;52.054;32.00;32.00;20572.0;693.70;6.38;3.48;1.55;74194.28;79227.96;0.00;24047.5;3.09;3.29;0.00;03/02/2024 16:04:23;
04/02/2024;17;2.0TD;3;0.000121777836000000;0.209;1.163320712;79.960038;0.557;2.195;77.208038;43.35;8.46436;0.77131;0.75;0.25;63.09917;96.95660;101.96000;97.42000;68.27000;2593.0;275.0;177.0;48.0;11.69;0.000;0.17498;0.03702;0.00;0.000;0.000;0.958;0.565;0.000;0.557;63.861;43.35;43.35;19317.6;582.20;6.66;3.48;1.55;66929.68;89856.00;0.00;23550.0;2.84;3.82;0.00;03/02/2024 16:04:23;
04/02/2024;18;2.0TD;3;0.000121767896000000;0.216;1.201505013;93.937498;0.557;2.195;91.185498;54.93;8.46436;0.77131;0.75;0.25;63.09917;96.95660;101.96000;97.42000;68.27000;2593.0;275.0;177.0;48.0;11.07;0.000;0.17498;0.03702;0.00;0.000;0.000;1.125;0.565;0.000;0.557;74.988;54.93;55.00;14547.0;683.40;6.04;3.48;1.55;60633.08;80783.36;0.00;23419.5;2.59;3.45;0.00;03/02/2024 16:04:23;
04/02/2024;19;2.0TD;3;0.000137327054000000;0.221;1.228858544;118.360033;0.557;2.195;115.608033;77.53;8.46436;0.77131;0.75;0.25;63.09917;96.95660;101.96000;97.42000;68.27000;2593.0;275.0;177.0;48.0;7.87;0.000;0.17498;0.03702;0.00;0.000;0.000;1.420;0.565;0.000;0.557;94.683;77.50;78.19;13173.9;530.70;2.84;3.48;1.55;43073.84;27480.56;0.00;24845.0;1.73;1.11;0.00;03/02/2024 16:04:23;
04/02/2024;20;2.0TD;3;0.000164688490000000;0.217;1.208087497;130.918011;0.557;2.195;128.166011;89.00;8.46436;0.77131;0.75;0.25;63.09917;96.95660;101.96000;97.42000;68.27000;2593.0;275.0;177.0;48.0;6.87;0.000;0.17498;0.03702;0.00;0.000;0.000;1.580;0.565;0.000;0.557;105.313;89.00;89.00;15067.7;593.00;1.84;3.48;1.55;35888.84;13423.20;0.00;26782.1;1.34;0.50;0.00;03/02/2024 16:04:23;
04/02/2024;21;2.0TD;3;0.000181728924000000;0.214;1.189550833;180.604304;0.557;2.195;177.852304;129.96;8.46436;0.77131;0.75;0.25;63.09917;96.95660;101.96000;97.42000;68.27000;2593.0;275.0;177.0;48.0;6.48;0.000;0.17498;0.03702;0.00;0.000;0.000;2.198;0.565;0.000;0.557;146.501;129.81;133.57;15439.7;651.70;1.45;3.48;1.55;8452.36;31704.32;0.00;27629.0;0.31;1.15;0.00;03/02/2024 16:04:23;
04/02/2024;22;2.0TD;3;0.000184025206000000;0.215;1.196254890;169.315225;0.557;2.195;166.563225;119.83;8.46436;0.77131;0.75;0.25;63.09917;96.95660;101.96000;97.42000;68.27000;2593.0;275.0;177.0;48.0;7.34;0.000;0.17498;0.03702;0.00;0.000;0.000;2.056;0.565;0.000;0.557;137.089;119.77;121.27;15223.0;596.10;2.31;3.48;1.55;13912.92;24785.44;24859.38;27480.4;0.51;0.90;0.90;03/02/2024 16:04:23;
04/02/2024;23;2.0TD;3;0.000165535843000000;0.222;1.231517986;125.476328;0.557;2.195;122.724328;82.99;8.46436;0.77131;0.75;0.25;63.09917;96.95660;101.96000;97.42000;68.27000;2593.0;275.0;177.0;48.0;8.07;0.000;0.17498;0.03702;0.00;0.000;0.000;1.506;0.565;0.000;0.557;100.429;82.94;83.94;13515.1;649.40;3.04;3.48;1.55;40037.40;13231.44;24859.38;25749.9;1.55;0.51;0.97;03/02/2024 16:04:23;
04/02/2024;24;2.0TD;3;0.000137657729000000;0.229;1.271996328;117.046633;0.557;2.195;114.294633;75.10;8.46436;0.77131;0.75;0.25;63.09917;96.95660;101.96000;97.42000;68.27000;2593.0;275.0;177.0;48.0;8.64;0.000;0.17498;0.03702;0.00;0.000;0.000;1.395;0.565;0.000;0.557;92.998;75.00;77.73;12348.9;480.40;3.61;3.48;1.55;37486.08;22266.20;24859.38;23422.0;1.60;0.95;1.06;03/02/2024 16:04:23;
*
