pvpcdata;
2024;06;11;12;31;09;
20/05/2024;1;2.0TD;3;0.000085292273000000;0.188;1.045738066;102.872992;0.557;2.195;100.120992;49.12;10.67585;1.10835;0.75;0.25;32.71542;75.41880;101.96000;48.69000;28.32000;1768.4;275.0;154.0;61.0;20.34;0.000;0.17498;0.04096;0.00;0.000;1.264;0.947;0.000;0.557;84.277;49.12;49.22;16356.7;610.40;15.93;3.16;1.25;274988.36;39246.88;24859.38;21284.0;12.92;1.84;1.17;19/05/2024 16:08:41;
20/05/2024;2;2.0TD;3;0.000071687323000000;0.192;1.068210600;99.398084;0.557;2.195;96.646084;44.00;10.67585;1.10835;0.75;0.25;32.71542;75.41880;101.96000;48.69000;28.32000;1768.4;275.0;154.0;61.0;22.31;0.000;0.17498;0.04096;0.00;0.000;1.216;0.947;0.000;0.557;81.079;44.00;44.00;15797.0;574.40;17.90;3.16;1.25;309612.32;51519.52;0.00;20180.1;15.34;2.55;0.00;19/05/2024 16:08:41;
20/05/2024;3;2.0TD;3;0.000064090542000000;0.195;1.082745163;103.450981;0.557;2.195;100.698981;46.66;10.67585;1.10835;0.75;0.25;32.71542;75.41880;101.96000;48.69000;28.32000;1768.4;275.0;154.0;61.0;22.79;0.000;0.17498;0.04096;0.00;0.000;1.264;0.947;0.000;0.557;84.267;46.62;47.92;15730.3;533.90;18.38;3.16;1.25;312502.44;46086.32;0.00;19514.1;16.01;2.36;0.00;19/05/2024 16:08:41;
20/05/2024;4;2.0TD;3;0.000060657214000000;0.195;1.084900465;106.799371;0.557;2.195;104.047371;48.16;10.67585;1.10835;0.75;0.25;32.71542;75.41880;101.96000;48.69000;28.32000;1768.4;275.0;154.0;61.0;24.05;0.000;0.17498;0.04096;0.00;0.000;1.306;0.947;0.000;0.557;87.069;48.16;48.16;15408.0;645.50;19.64;3.16;1.25;334167.32;43051.36;0.00;19209.3;17.40;2.24;0.00;19/05/2024 16:08:41;
20/05/2024;5;2.0TD;3;0.000059472653000000;0.193;1.072964236;106.891272;0.557;2.195;104.139272;48.40;10.67585;1.10835;0.75;0.25;32.71542;75.41880;101.96000;48.69000;28.32000;1768.4;275.0;154.0;61.0;24.03;0.000;0.17498;0.04096;0.00;0.000;1.309;0.947;0.000;0.557;87.292;48.40;48.40;15289.1;668.40;19.62;3.16;1.25;333749.24;43038.80;0.00;19207.7;17.38;2.24;0.00;19/05/2024 16:08:41;
20/05/2024;6;2.0TD;3;0.000061268257000000;0.188;1.044611549;107.299480;0.557;2.195;104.547480;50.40;10.67585;1.10835;0.75;0.25;32.71542;75.41880;101.96000;48.69000;28.32000;1768.4;275.0;154.0;61.0;22.73;0.000;0.17498;0.04096;0.00;0.000;1.320;0.947;0.000;0.557;88.003;50.50;48.28;15372.3;758.80;18.32;3.16;1.25;329171.16;36817.92;0.00;19982.2;16.47;1.84;0.00;19/05/2024 16:08:41;
20/05/2024;7;2.0TD;3;0.000068049397000000;0.174;0.965809676;110.310275;0.557;2.195;107.558275;55.88;10.67585;1.10835;0.75;0.25;32.71542;75.41880;101.96000;48.69000;28.32000;1768.4;275.0;154.0;61.0;20.81;0.000;0.17498;0.04096;0.00;0.000;1.374;0.947;0.000;0.557;91.617;55.99;53.59;16384.8;820.20;16.40;3.16;1.25;317229.76;25024.00;24859.38;22377.4;14.18;1.12;1.11;19/05/2024 16:08:41;
20/05/2024;8;2.0TD;3;0.000081798210000000;0.164;0.909721226;111.272802;0.557;2.195;108.520802;58.82;10.67585;1.10835;0.75;0.25;32.71542;75.41880;101.96000;48.69000;28.32000;1768.4;275.0;154.0;61.0;19.46;0.000;0.17498;0.04096;0.00;0.000;1.398;0.947;0.000;0.557;93.231;58.82;58.81;16496.1;703.40;15.05;3.16;1.25;243447.12;105843.88;24859.38;24860.1;9.79;4.26;1.00;19/05/2024 16:08:41;
20/05/2024;9;2.0TD;2;0.000095981337000000;0.179;1.097100627;120.998986;19.184;8.779;93.035986;50.55;10.67585;1.10835;0.75;0.25;32.71542;75.41880;101.96000;48.69000;28.32000;1768.4;275.0;154.0;61.0;13.47;0.154;0.17498;0.04096;0.00;0.000;1.184;0.947;0.000;0.557;78.911;49.98;62.50;21088.9;1007.80;9.06;3.16;1.25;106618.12;108938.40;24859.38;26540.5;4.02;4.10;0.94;19/05/2024 16:08:41;
20/05/2024;10;2.0TD;2;0.000102915962000000;0.147;0.901129802;100.260623;19.184;8.779;72.297623;33.64;10.67585;1.10835;0.75;0.25;32.71542;75.41880;101.96000;48.69000;28.32000;1768.4;275.0;154.0;61.0;14.74;0.154;0.17498;0.04096;0.00;0.000;0.945;0.947;0.000;0.557;63.032;33.80;30.81;25500.8;1470.10;10.33;3.16;1.25;155743.08;101718.40;24859.38;27328.2;5.70;3.72;0.91;19/05/2024 16:08:41;
20/05/2024;11;2.0TD;1;0.000108393850000000;0.145;0.871033070;126.922254;33.081;43.893;49.948254;13.51;10.67585;1.10835;0.75;0.25;32.71542;75.41880;101.96000;48.69000;28.32000;1768.4;275.0;154.0;61.0;14.98;0.926;0.17498;0.04096;0.00;0.000;0.654;0.947;0.000;0.557;43.623;13.50;13.64;28260.8;1152.20;10.57;3.16;1.25;231113.92;34026.00;24859.38;27451.3;8.42;1.24;0.91;19/05/2024 16:08:41;
20/05/2024;12;2.0TD;1;0.000110748554000000;0.145;0.866367581;121.854484;33.081;43.893;44.880484;8.33;10.67585;1.10835;0.75;0.25;32.71542;75.41880;101.96000;48.69000;28.32000;1768.4;275.0;154.0;61.0;15.80;0.926;0.17498;0.04096;0.00;0.000;0.588;0.947;0.000;0.557;39.197;8.33;8.33;29222.8;1283.80;11.39;3.16;1.25;257747.64;28195.20;24859.38;27277.1;9.45;1.03;0.91;19/05/2024 16:08:41;
20/05/2024;13;2.0TD;1;0.000115078363000000;0.143;0.855639026;116.101096;33.081;43.893;39.127096;3.26;10.67585;1.10835;0.75;0.25;32.71542;75.41880;101.96000;48.69000;28.32000;1768.4;275.0;154.0;61.0;15.98;0.926;0.17498;0.04096;0.00;0.000;0.513;0.947;0.000;0.557;34.232;3.26;3.23;29352.4;1596.30;11.57;3.16;1.25;268712.72;23040.00;24859.38;27357.1;9.82;0.84;0.91;19/05/2024 16:08:41;
20/05/2024;14;2.0TD;1;0.000122358816000000;0.140;0.837740526;113.823280;33.081;43.893;36.849280;1.09;10.67585;1.10835;0.75;0.25;32.71542;75.41880;101.96000;48.69000;28.32000;1768.4;275.0;154.0;61.0;16.27;0.926;0.17498;0.04096;0.00;0.000;0.485;0.947;0.000;0.557;32.324;1.09;1.06;29838.9;1459.80;11.86;3.16;1.25;279244.96;20441.60;24859.38;27370.4;10.20;0.75;0.91;19/05/2024 16:08:41;
20/05/2024;15;2.0TD;2;0.000121372192000000;0.161;0.985518053;64.734110;19.184;8.779;36.771110;0.78;10.67585;1.10835;0.75;0.25;32.71542;75.41880;101.96000;48.69000;28.32000;1768.4;275.0;154.0;61.0;16.71;0.154;0.17498;0.04096;0.00;0.000;0.475;0.947;0.000;0.557;31.672;0.78;0.75;29487.7;1446.90;12.30;3.16;1.25;288035.60;19753.20;24859.38;27041.2;10.65;0.73;0.92;19/05/2024 16:08:41;
20/05/2024;16;2.0TD;2;0.000110784347000000;0.170;1.040890793;66.503888;19.184;8.779;38.540888;0.54;10.67585;1.10835;0.75;0.25;32.71542;75.41880;101.96000;48.69000;28.32000;1768.4;275.0;154.0;61.0;18.20;0.154;0.17498;0.04096;0.00;0.000;0.494;0.947;0.000;0.557;32.941;0.54;0.51;29170.3;1460.10;13.79;3.16;1.25;316302.32;19778.00;24859.38;26171.7;12.09;0.76;0.95;19/05/2024 16:08:41;
20/05/2024;17;2.0TD;2;0.000104232661000000;0.176;1.079001900;71.608981;19.184;8.779;43.645981;3.25;10.67585;1.10835;0.75;0.25;32.71542;75.41880;101.96000;48.69000;28.32000;1768.4;275.0;154.0;61.0;19.60;0.154;0.17498;0.04096;0.00;0.000;0.557;0.947;0.000;0.557;37.114;3.25;3.22;28247.4;1601.00;15.19;3.16;1.25;345196.80;22968.00;24859.38;25878.7;13.34;0.89;0.96;19/05/2024 16:08:41;
20/05/2024;18;2.0TD;2;0.000103801317000000;0.176;1.080611788;73.064869;19.184;8.779;45.101869;5.00;10.67585;1.10835;0.75;0.25;32.71542;75.41880;101.96000;48.69000;28.32000;1768.4;275.0;154.0;61.0;19.07;0.154;0.17498;0.04096;0.00;0.000;0.575;0.947;0.000;0.557;38.352;5.00;4.99;27794.6;1505.00;14.66;3.16;1.25;334874.08;24835.20;24859.38;26235.3;12.76;0.95;0.95;19/05/2024 16:08:41;
20/05/2024;19;2.0TD;1;0.000105389612000000;0.154;0.922311831;135.914469;33.081;43.893;58.940469;15.17;10.67585;1.10835;0.75;0.25;32.71542;75.41880;101.96000;48.69000;28.32000;1768.4;275.0;154.0;61.0;20.66;0.926;0.17498;0.04096;0.00;0.000;0.766;0.947;0.000;0.557;51.075;15.17;15.17;26739.2;1206.20;16.25;3.16;1.25;292186.44;110233.20;24859.38;26302.9;11.11;4.19;0.95;19/05/2024 16:08:41;
20/05/2024;20;2.0TD;1;0.000110409371000000;0.158;0.945930887;152.825235;33.081;43.893;75.851235;33.61;10.67585;1.10835;0.75;0.25;32.71542;75.41880;101.96000;48.69000;28.32000;1768.4;275.0;154.0;61.0;16.43;0.926;0.17498;0.04096;0.00;0.000;0.983;0.947;0.000;0.557;65.502;33.80;30.06;21796.4;1169.20;12.02;3.16;1.25;184008.84;114526.56;24859.38;26886.2;6.84;4.26;0.92;19/05/2024 16:08:41;
20/05/2024;21;2.0TD;1;0.000122883997000000;0.158;0.943815887;168.013563;33.081;43.893;91.039563;49.52;10.67585;1.10835;0.75;0.25;32.71542;75.41880;101.96000;48.69000;28.32000;1768.4;275.0;154.0;61.0;13.44;0.926;0.17498;0.04096;0.00;0.000;1.179;0.947;0.000;0.557;78.618;49.12;60.76;22186.0;785.30;9.03;3.16;1.25;116380.64;106227.72;24859.38;27405.7;4.25;3.88;0.91;19/05/2024 16:08:41;
20/05/2024;22;2.0TD;1;0.000139175574000000;0.163;0.974339374;175.338132;33.081;43.893;98.364132;59.31;10.67585;1.10835;0.75;0.25;32.71542;75.41880;101.96000;48.69000;28.32000;1768.4;275.0;154.0;61.0;9.52;0.926;0.17498;0.04096;0.00;0.000;1.269;0.947;0.000;0.557;84.578;59.31;59.31;18224.8;835.60;5.11;3.16;1.25;105297.68;13824.00;24859.38;28189.4;3.74;0.49;0.88;19/05/2024 16:08:41;
20/05/2024;23;2.0TD;2;0.000131150841000000;0.190;1.167333569;126.059376;19.184;8.779;98.096376;57.63;10.67585;1.10835;0.75;0.25;32.71542;75.41880;101.96000;48.69000;28.32000;1768.4;275.0;154.0;61.0;9.86;0.154;0.17498;0.04096;0.00;0.000;1.237;0.947;0.000;0.557;82.434;57.63;57.63;19161.4;861.90;5.45;3.16;1.25;106942.64;12800.00;24859.38;26566.5;4.03;0.48;0.94;19/05/2024 16:08:41;
20/05/2024;24;2.0TD;2;0.000107061373000000;0.196;1.202205165;117.689228;19.184;8.779;89.726228;49.11;10.67585;1.10835;0.75;0.25;32.71542;75.41880;101.96000;48.69000;28.32000;1768.4;275.0;154.0;61.0;11.08;0.154;0.17498;0.04096;0.00;0.000;1.125;0.947;0.000;0.557;75.022;49.00;52.00;19279.0;756.50;6.67;3.16;1.25;116749.88;19200.00;24859.38;24124.8;4.84;0.80;1.03;19/05/2024 16:08:41;
*
