pvpcdata;
2024;07;09;11;18;03;
11/06/2024;1;2.0TD;3;0.000092817865000000;0.167;0.929425735;135.180453;0.557;2.195;132.428453;98.22;3.08218;1.16323;0.75;0.25;65.47708;77.80580;101.96000;48.69000;52.19000;1688.4;275.0;154.0;62.0;8.25;0.000;0.17498;0.04096;0.00;0.000;1.702;0.947;0.000;0.557;113.477;98.30;97.30;17026.7;1420.00;3.91;3.20;1.14;59645.96;6515.76;24859.38;23259.9;2.56;0.28;1.07;10/06/2024 16:08:43;
11/06/2024;2;2.0TD;3;0.000078587209000000;0.169;0.939567350;133.734570;0.557;2.195;130.982570;95.01;3.08218;1.16323;0.75;0.25;65.47708;77.80580;101.96000;48.69000;52.19000;1688.4;275.0;154.0;62.0;10.05;0.000;0.17498;0.04096;0.00;0.000;1.681;0.947;0.000;0.557;112.046;95.09;94.09;16470.7;1337.90;5.71;3.20;1.14;65402.20;36411.60;24859.38;22195.2;2.95;1.64;1.12;10/06/2024 16:08:43;
11/06/2024;3;2.0TD;3;0.000070050542000000;0.171;0.947557935;123.864643;0.557;2.195;121.112643;84.75;3.08218;1.16323;0.75;0.25;65.47708;77.80580;101.96000;48.69000;52.19000;1688.4;275.0;154.0;62.0;11.82;0.000;0.17498;0.04096;0.00;0.000;1.551;0.947;0.000;0.557;103.426;84.83;83.83;17698.5;1551.70;7.48;3.20;1.14;89008.60;45964.80;24859.38;21352.4;4.17;2.15;1.16;10/06/2024 16:08:43;
11/06/2024;4;2.0TD;3;0.000065693848000000;0.170;0.943768276;114.425787;0.557;2.195;111.673787;78.12;3.08218;1.16323;0.75;0.25;65.47708;77.80580;101.96000;48.69000;52.19000;1688.4;275.0;154.0;62.0;10.59;0.000;0.17498;0.04096;0.00;0.000;1.432;0.947;0.000;0.557;95.447;78.20;77.20;17572.5;1530.10;6.25;3.20;1.14;111867.00;18960.48;0.00;20925.2;5.35;0.91;0.00;10/06/2024 16:08:43;
11/06/2024;5;2.0TD;3;0.000063746197000000;0.170;0.943326651;114.460887;0.557;2.195;111.708887;78.12;3.08218;1.16323;0.75;0.25;65.47708;77.80580;101.96000;48.69000;52.19000;1688.4;275.0;154.0;62.0;10.62;0.000;0.17498;0.04096;0.00;0.000;1.432;0.947;0.000;0.557;95.477;78.20;77.20;17393.5;1508.20;6.28;3.20;1.14;111864.56;18641.28;0.00;20783.2;5.38;0.90;0.00;10/06/2024 16:08:43;
11/06/2024;6;2.0TD;3;0.000063991285000000;0.167;0.925210812;123.368079;0.557;2.195;120.616079;85.32;3.08218;1.16323;0.75;0.25;65.47708;77.80580;101.96000;48.69000;52.19000;1688.4;275.0;154.0;62.0;11.18;0.000;0.17498;0.04096;0.00;0.000;1.550;0.947;0.000;0.557;103.355;85.41;84.41;17168.6;1608.70;6.84;3.20;1.14;103578.64;42096.92;0.00;21297.2;4.86;1.98;0.00;10/06/2024 16:08:43;
11/06/2024;7;2.0TD;3;0.000066685775000000;0.162;0.900973050;109.863627;0.557;2.195;107.111627;72.48;3.08218;1.16323;0.75;0.25;65.47708;77.80580;101.96000;48.69000;52.19000;1688.4;275.0;154.0;62.0;13.01;0.000;0.17498;0.04096;0.00;0.000;1.383;0.947;0.000;0.557;92.178;71.48;82.20;15831.2;1632.80;8.67;3.20;1.14;123678.92;52348.80;24859.38;23174.9;5.34;2.26;1.07;10/06/2024 16:08:43;
11/06/2024;8;2.0TD;3;0.000075295009000000;0.160;0.887163954;155.325270;0.557;2.195;152.573270;91.37;3.08218;1.16323;0.75;0.25;65.47708;77.80580;101.96000;48.69000;52.19000;1688.4;275.0;154.0;62.0;32.88;0.000;0.17498;0.04096;0.00;0.000;1.973;0.947;0.000;0.557;131.528;90.34;103.89;17054.1;1400.40;28.54;3.20;1.14;79313.44;614460.00;24859.38;25179.1;3.15;24.40;0.99;10/06/2024 16:08:43;
11/06/2024;9;2.0TD;2;0.000086945224000000;0.149;0.913426128;171.558908;19.184;8.779;143.595908;98.05;3.08218;1.16323;0.75;0.25;65.47708;77.80580;101.96000;48.69000;52.19000;1688.4;275.0;154.0;62.0;19.59;0.154;0.17498;0.04096;0.00;0.000;1.875;0.947;0.000;0.557;124.974;98.13;97.13;21993.6;1941.30;15.25;3.20;1.14;67978.36;317900.00;24859.38;26921.5;2.53;11.81;0.92;10/06/2024 16:08:43;
11/06/2024;10;2.0TD;2;0.000093847548000000;0.145;0.890010118;141.811129;19.184;8.779;113.848129;70.13;3.08218;1.16323;0.75;0.25;65.47708;77.80580;101.96000;48.69000;52.19000;1688.4;275.0;154.0;62.0;22.35;0.154;0.17498;0.04096;0.00;0.000;1.491;0.947;0.000;0.557;99.430;70.00;73.00;23794.5;1065.00;18.01;3.20;1.14;89067.84;388134.88;24859.38;27880.9;3.19;13.92;0.89;10/06/2024 16:08:43;
11/06/2024;11;2.0TD;1;0.000099350768000000;0.145;0.868967323;151.952814;33.081;43.893;74.978814;45.02;3.08218;1.16323;0.75;0.25;65.47708;77.80580;101.96000;48.69000;52.19000;1688.4;275.0;154.0;62.0;13.25;0.926;0.17498;0.04096;0.00;0.000;0.982;0.947;0.000;0.557;65.483;44.80;49.80;25210.1;1134.50;8.91;3.20;1.14;117156.96;111992.40;24859.38;28516.9;4.11;3.93;0.87;10/06/2024 16:08:43;
11/06/2024;12;2.0TD;1;0.000102668566000000;0.147;0.883202996;147.041570;33.081;43.893;70.067570;42.56;3.08218;1.16323;0.75;0.25;65.47708;77.80580;101.96000;48.69000;52.19000;1688.4;275.0;154.0;62.0;11.38;0.926;0.17498;0.04096;0.00;0.000;0.916;0.947;0.000;0.557;61.087;42.30;47.99;26265.7;1259.10;7.04;3.20;1.14;120108.40;57672.00;24859.38;28771.8;4.17;2.00;0.86;10/06/2024 16:08:43;
11/06/2024;13;2.0TD;1;0.000108400964000000;0.147;0.882742918;145.563087;33.081;43.893;68.589087;41.49;3.08218;1.16323;0.75;0.25;65.47708;77.80580;101.96000;48.69000;52.19000;1688.4;275.0;154.0;62.0;11.18;0.926;0.17498;0.04096;0.00;0.000;0.897;0.947;0.000;0.557;59.798;41.20;47.38;27060.3;1342.50;6.84;3.20;1.14;120970.72;53570.88;24859.38;29126.2;4.15;1.84;0.85;10/06/2024 16:08:43;
11/06/2024;14;2.0TD;1;0.000117656427000000;0.143;0.856936271;144.697528;33.081;43.893;67.723528;40.24;3.08218;1.16323;0.75;0.25;65.47708;77.80580;101.96000;48.69000;52.19000;1688.4;275.0;154.0;62.0;11.89;0.926;0.17498;0.04096;0.00;0.000;0.889;0.947;0.000;0.557;59.250;40.00;45.00;27602.4;1370.30;7.55;3.20;1.14;142874.24;54110.16;24859.38;29406.1;4.86;1.84;0.85;10/06/2024 16:08:43;
11/06/2024;15;2.0TD;2;0.000118928573000000;0.145;0.888221186;89.431959;19.184;8.779;61.468959;35.19;3.08218;1.16323;0.75;0.25;65.47708;77.80580;101.96000;48.69000;52.19000;1688.4;275.0;154.0;62.0;12.23;0.154;0.17498;0.04096;0.00;0.000;0.805;0.947;0.000;0.557;53.684;35.02;39.01;27455.1;1241.50;7.89;3.20;1.14;151822.40;51580.80;24859.38;28950.0;5.24;1.78;0.86;10/06/2024 16:08:43;
11/06/2024;16;2.0TD;2;0.000110772272000000;0.147;0.904734716;90.983402;19.184;8.779;63.020402;35.20;3.08218;1.16323;0.75;0.25;65.47708;77.80580;101.96000;48.69000;52.19000;1688.4;275.0;154.0;62.0;13.46;0.154;0.17498;0.04096;0.00;0.000;0.824;0.947;0.000;0.557;54.943;35.01;38.01;26291.1;1738.40;9.12;3.20;1.14;178742.64;52821.20;24859.38;28092.1;6.36;1.88;0.88;10/06/2024 16:08:43;
11/06/2024;17;2.0TD;2;0.000106388974000000;0.147;0.903002071;91.821859;19.184;8.779;63.858859;35.01;3.08218;1.16323;0.75;0.25;65.47708;77.80580;101.96000;48.69000;52.19000;1688.4;275.0;154.0;62.0;14.37;0.154;0.17498;0.04096;0.00;0.000;0.835;0.947;0.000;0.557;55.674;35.01;35.01;25574.8;1981.00;10.03;3.20;1.14;200806.72;53524.80;24859.38;27828.5;7.22;1.92;0.89;10/06/2024 16:08:43;
11/06/2024;18;2.0TD;2;0.000106323186000000;0.149;0.914561391;91.583912;19.184;8.779;63.620912;35.36;3.08218;1.16323;0.75;0.25;65.47708;77.80580;101.96000;48.69000;52.19000;1688.4;275.0;154.0;62.0;13.72;0.154;0.17498;0.04096;0.00;0.000;0.831;0.947;0.000;0.557;55.370;35.13;40.32;26033.2;1189.60;9.38;3.20;1.14;142657.16;95400.00;24859.38;28044.6;5.09;3.40;0.89;10/06/2024 16:08:43;
11/06/2024;19;2.0TD;1;0.000106237707000000;0.149;0.890132466;155.318198;33.081;43.893;78.344198;43.28;3.08218;1.16323;0.75;0.25;65.47708;77.80580;101.96000;48.69000;52.19000;1688.4;275.0;154.0;62.0;17.65;0.926;0.17498;0.04096;0.00;0.000;1.023;0.947;0.000;0.557;68.184;43.00;49.61;25056.7;1123.70;13.31;3.20;1.14;125177.60;222740.00;24859.38;28010.0;4.47;7.95;0.89;10/06/2024 16:08:43;
11/06/2024;20;2.0TD;1;0.000107195504000000;0.152;0.910098930;182.340160;33.081;43.893;105.366160;66.17;3.08218;1.16323;0.75;0.25;65.47708;77.80580;101.96000;48.69000;52.19000;1688.4;275.0;154.0;62.0;17.69;0.926;0.17498;0.04096;0.00;0.000;1.372;0.947;0.000;0.557;91.463;66.05;69.05;23757.3;949.30;13.35;3.20;1.14;112150.36;233078.56;24859.38;27729.4;4.04;8.41;0.90;10/06/2024 16:08:43;
11/06/2024;21;2.0TD;1;0.000112998670000000;0.152;0.908457325;191.123008;33.081;43.893;114.149008;71.37;3.08218;1.16323;0.75;0.25;65.47708;77.80580;101.96000;48.69000;52.19000;1688.4;275.0;154.0;62.0;20.00;0.926;0.17498;0.04096;0.00;0.000;1.486;0.947;0.000;0.557;99.087;71.12;76.66;19351.6;928.50;15.66;3.20;1.14;189429.60;222670.00;24859.38;27904.8;6.79;7.98;0.89;10/06/2024 16:08:43;
11/06/2024;22;2.0TD;1;0.000122938435000000;0.149;0.892381660;198.034571;33.081;43.893;121.060571;85.26;3.08218;1.16323;0.75;0.25;65.47708;77.80580;101.96000;48.69000;52.19000;1688.4;275.0;154.0;62.0;12.29;0.926;0.17498;0.04096;0.00;0.000;1.580;0.947;0.000;0.557;105.361;85.41;82.98;20167.1;1303.90;7.95;3.20;1.14;180410.28;17450.16;24859.38;28043.8;6.43;0.62;0.89;10/06/2024 16:08:43;
11/06/2024;23;2.0TD;2;0.000126972655000000;0.153;0.938562577;140.195652;19.184;8.779;112.232652;77.44;3.08218;1.16323;0.75;0.25;65.47708;77.80580;101.96000;48.69000;52.19000;1688.4;275.0;154.0;62.0;12.98;0.154;0.17498;0.04096;0.00;0.000;1.460;0.947;0.000;0.557;97.339;77.29;80.29;19385.3;1024.40;8.64;3.20;1.14;187442.04;18345.04;24859.38;26684.9;7.02;0.69;0.93;10/06/2024 16:08:43;
11/06/2024;24;2.0TD;2;0.000110645789000000;0.155;0.948714657;134.199531;19.184;8.779;106.236531;70.27;3.08218;1.16323;0.75;0.25;65.47708;77.80580;101.96000;48.69000;52.19000;1688.4;275.0;154.0;62.0;14.87;0.154;0.17498;0.04096;0.00;0.000;1.380;0.947;0.000;0.557;91.979;70.13;73.13;17166.6;862.40;10.53;3.20;1.14;196994.84;31960.00;24859.38;24101.3;8.17;1.33;1.03;10/06/2024 16:08:43;
*
