pvpcdata;
2024;12;11;12;05;34;
16/11/2024;1;2.0TD;3;0.000107937701000000;0.220;1.222336414;145.724360;0.557;2.195;142.972360;104.92;-4.76174;0.99290;0.75;0.25;112.16375;93.11680;101.96000;84.74000;75.52000;2098.9;275.0;200.0;46.0;13.52;0.000;0.17498;0.04096;0.00;0.000;1.758;0.947;0.000;0.557;117.190;104.59;109.34;14733.8;1112.60;9.28;3.21;1.03;129465.36;61704.00;24859.38;23296.0;5.56;2.65;1.07;15/11/2024 16:04:40;
16/11/2024;2;2.0TD;3;0.000090568751000000;0.232;1.288114165;141.440037;0.557;2.195;138.688037;99.37;-4.76174;0.99290;0.75;0.25;112.16375;93.11680;101.96000;84.74000;75.52000;2098.9;275.0;200.0;46.0;14.52;0.000;0.17498;0.04096;0.00;0.000;1.689;0.947;0.000;0.557;112.571;99.00;105.00;14074.5;917.40;10.28;3.21;1.03;164610.12;36562.24;24859.38;21975.2;7.49;1.66;1.13;15/11/2024 16:04:40;
16/11/2024;3;2.0TD;3;0.000079362589000000;0.240;1.330714212;138.815289;0.557;2.195;136.063289;95.00;-4.76174;0.99290;0.75;0.25;112.16375;93.11680;101.96000;84.74000;75.52000;2098.9;275.0;200.0;46.0;16.09;0.000;0.17498;0.04096;0.00;0.000;1.646;0.947;0.000;0.557;109.728;94.50;101.97;13356.0;952.50;11.85;3.21;1.03;172411.20;49538.00;24859.38;20823.4;8.28;2.38;1.19;15/11/2024 16:04:40;
16/11/2024;4;2.0TD;3;0.000073226305000000;0.242;1.345869427;145.767628;0.557;2.195;143.015628;92.50;-4.76174;0.99290;0.75;0.25;112.16375;93.11680;101.96000;84.74000;75.52000;2098.9;275.0;200.0;46.0;23.93;0.000;0.17498;0.04096;0.00;0.000;1.727;0.947;0.000;0.557;115.149;92.28;95.63;13806.9;988.80;19.69;3.21;1.03;337641.84;59893.04;0.00;20191.5;16.72;2.97;0.00;15/11/2024 16:04:40;
16/11/2024;5;2.0TD;3;0.000070457480000000;0.243;1.350282993;145.782094;0.557;2.195;143.030094;92.72;-4.76174;0.99290;0.75;0.25;112.16375;93.11680;101.96000;84.74000;75.52000;2098.9;275.0;200.0;46.0;23.63;0.000;0.17498;0.04096;0.00;0.000;1.726;0.947;0.000;0.557;115.068;92.37;97.37;13412.3;1006.30;19.39;3.21;1.03;336483.56;49154.48;0.00;19890.7;16.92;2.47;0.00;15/11/2024 16:04:40;
16/11/2024;6;2.0TD;3;0.000070994398000000;0.243;1.347980714;145.453942;0.557;2.195;142.701942;92.19;-4.76174;0.99290;0.75;0.25;112.16375;93.11680;101.96000;84.74000;75.52000;2098.9;275.0;200.0;46.0;23.90;0.000;0.17498;0.04096;0.00;0.000;1.722;0.947;0.000;0.557;114.804;91.98;95.00;13981.1;1018.90;19.66;3.21;1.03;341136.52;49969.44;0.00;19898.2;17.14;2.51;0.00;15/11/2024 16:04:40;
16/11/2024;7;2.0TD;3;0.000074176449000000;0.232;1.286352012;137.461909;0.557;2.195;134.709909;94.43;-4.76174;0.99290;0.75;0.25;112.16375;93.11680;101.96000;84.74000;75.52000;2098.9;275.0;200.0;46.0;16.28;0.000;0.17498;0.04096;0.00;0.000;1.640;0.947;0.000;0.557;109.342;93.99;99.66;12814.1;1070.40;12.04;3.21;1.03;172680.28;74240.00;0.00;20504.9;8.42;3.62;0.00;15/11/2024 16:04:40;
16/11/2024;8;2.0TD;3;0.000081416350000000;0.222;1.234602021;144.841833;0.557;2.195;142.089833;104.50;-4.76174;0.99290;0.75;0.25;112.16375;93.11680;101.96000;84.74000;75.52000;2098.9;275.0;200.0;46.0;13.04;0.000;0.17498;0.04096;0.00;0.000;1.744;0.947;0.000;0.557;116.276;104.52;104.28;13308.5;1011.30;8.80;3.21;1.03;144571.12;45766.72;0.00;21617.2;6.69;2.12;0.00;15/11/2024 16:04:40;
16/11/2024;9;2.0TD;3;0.000094326018000000;0.210;1.164210580;157.265925;0.557;2.195;154.513925;114.36;-4.76174;0.99290;0.75;0.25;112.16375;93.11680;101.96000;84.74000;75.52000;2098.9;275.0;200.0;46.0;14.43;0.000;0.17498;0.04096;0.00;0.000;1.915;0.947;0.000;0.557;127.697;114.32;115.00;14264.4;882.30;10.19;3.21;1.03;93632.60;137357.44;0.00;22658.4;4.13;6.06;0.00;15/11/2024 16:04:40;
16/11/2024;10;2.0TD;3;0.000114845851000000;0.187;1.041582685;154.859473;0.557;2.195;152.107473;115.92;-4.76174;0.99290;0.75;0.25;112.16375;93.11680;101.96000;84.74000;75.52000;2098.9;275.0;200.0;46.0;13.31;0.000;0.17498;0.04096;0.00;0.000;1.922;0.947;0.000;0.557;128.144;116.00;114.81;15132.2;1153.50;9.07;3.21;1.03;112283.60;106957.44;0.00;24182.5;4.64;4.42;0.00;15/11/2024 16:04:40;
16/11/2024;11;2.0TD;3;0.000125725598000000;0.177;0.983496326;150.112940;0.557;2.195;147.360940;112.27;-4.76174;0.99290;0.75;0.25;112.16375;93.11680;101.96000;84.74000;75.52000;2098.9;275.0;200.0;46.0;14.06;0.000;0.17498;0.04096;0.00;0.000;1.878;0.947;0.000;0.557;125.200;112.20;113.60;17346.9;964.50;9.82;3.21;1.03;138429.08;107538.48;0.00;25057.9;5.52;4.29;0.00;15/11/2024 16:04:40;
16/11/2024;12;2.0TD;3;0.000125695574000000;0.174;0.965129710;140.762109;0.557;2.195;138.010109;104.00;-4.76174;0.99290;0.75;0.25;112.16375;93.11680;101.96000;84.74000;75.52000;2098.9;275.0;200.0;46.0;14.80;0.000;0.17498;0.04096;0.00;0.000;1.763;0.947;0.000;0.557;117.555;104.00;104.00;17315.8;973.30;10.56;3.21;1.03;150772.28;114016.32;0.00;25064.8;6.02;4.55;0.00;15/11/2024 16:04:40;
16/11/2024;13;2.0TD;3;0.000124318164000000;0.172;0.957567777;136.517586;0.557;2.195;133.765586;101.44;-4.76174;0.99290;0.75;0.25;112.16375;93.11680;101.96000;84.74000;75.52000;2098.9;275.0;200.0;46.0;13.99;0.000;0.17498;0.04096;0.00;0.000;1.712;0.947;0.000;0.557;114.134;101.49;100.50;17446.3;956.60;9.75;3.21;1.03;154722.52;87991.92;0.00;24897.3;6.21;3.53;0.00;15/11/2024 16:04:40;
16/11/2024;14;2.0TD;3;0.000130573553000000;0.169;0.938496539;134.418175;0.557;2.195;131.666175;99.44;-4.76174;0.99290;0.75;0.25;112.16375;93.11680;101.96000;84.74000;75.52000;2098.9;275.0;200.0;46.0;14.51;0.000;0.17498;0.04096;0.00;0.000;1.689;0.947;0.000;0.557;112.631;99.54;97.50;16868.5;894.90;10.27;3.21;1.03;165933.40;92534.56;0.00;25171.9;6.59;3.68;0.00;15/11/2024 16:04:40;
16/11/2024;15;2.0TD;3;0.000131321994000000;0.175;0.974205653;135.822464;0.557;2.195;133.070464;101.51;-4.76174;0.99290;0.75;0.25;112.16375;93.11680;101.96000;84.74000;75.52000;2098.9;275.0;200.0;46.0;13.05;0.000;0.17498;0.04096;0.00;0.000;1.699;0.947;0.000;0.557;113.251;101.51;101.51;16775.1;1003.30;8.81;3.21;1.03;133114.48;87903.84;0.00;25078.6;5.31;3.51;0.00;15/11/2024 16:04:40;
16/11/2024;16;2.0TD;3;0.000120261569000000;0.188;1.044812845;147.557865;0.557;2.195;144.805865;109.04;-4.76174;0.99290;0.75;0.25;112.16375;93.11680;101.96000;84.74000;75.52000;2098.9;275.0;200.0;46.0;14.03;0.000;0.17498;0.04096;0.00;0.000;1.828;0.947;0.000;0.557;121.890;109.05;108.90;15390.8;1148.30;9.79;3.21;1.03;117802.28;118550.88;0.00;24139.7;4.88;4.91;0.00;15/11/2024 16:04:40;
16/11/2024;17;2.0TD;3;0.000114567628000000;0.195;1.083790317;160.058763;0.557;2.195;157.306763;120.49;-4.76174;0.99290;0.75;0.25;112.16375;93.11680;101.96000;84.74000;75.52000;2098.9;275.0;200.0;46.0;12.18;0.000;0.17498;0.04096;0.00;0.000;1.975;0.947;0.000;0.557;131.637;120.64;118.60;15311.9;1233.90;7.94;3.21;1.03;85691.80;101207.04;0.00;23543.2;3.64;4.30;0.00;15/11/2024 16:04:40;
16/11/2024;18;2.0TD;3;0.000118324737000000;0.200;1.111967956;171.339351;0.557;2.195;168.587351;131.14;-4.76174;0.99290;0.75;0.25;112.16375;93.11680;101.96000;84.74000;75.52000;2098.9;275.0;200.0;46.0;10.25;0.000;0.17498;0.04096;0.00;0.000;2.107;0.947;0.000;0.557;140.489;131.22;130.15;15831.9;1281.80;6.01;3.21;1.03;66113.04;75713.60;0.00;23613.5;2.80;3.21;0.00;15/11/2024 16:04:40;
16/11/2024;19;2.0TD;3;0.000136381249000000;0.199;1.103585070;173.036928;0.557;2.195;170.284928;134.06;-4.76174;0.99290;0.75;0.25;112.16375;93.11680;101.96000;84.74000;75.52000;2098.9;275.0;200.0;46.0;8.84;0.000;0.17498;0.04096;0.00;0.000;2.130;0.947;0.000;0.557;142.022;134.00;135.01;16767.3;1000.60;4.60;3.21;1.03;65637.44;49411.04;0.00;25012.8;2.62;1.98;0.00;15/11/2024 16:04:40;
16/11/2024;20;2.0TD;3;0.000144194487000000;0.204;1.135573423;175.556652;0.557;2.195;172.804652;135.85;-4.76174;0.99290;0.75;0.25;112.16375;93.11680;101.96000;84.74000;75.52000;2098.9;275.0;200.0;46.0;8.53;0.000;0.17498;0.04096;0.00;0.000;2.153;0.947;0.000;0.557;143.525;135.74;137.46;16923.3;1194.50;4.29;3.21;1.03;65095.24;45394.56;0.00;25756.9;2.53;1.76;0.00;15/11/2024 16:04:40;
16/11/2024;21;2.0TD;3;0.000150600810000000;0.206;1.142286182;178.733279;0.557;2.195;175.981279;138.27;-4.76174;0.99290;0.75;0.25;112.16375;93.11680;101.96000;84.74000;75.52000;2098.9;275.0;200.0;46.0;8.47;0.000;0.17498;0.04096;0.00;0.000;2.189;0.947;0.000;0.557;145.921;138.20;139.21;17323.9;1300.60;4.23;3.21;1.03;62522.56;47952.00;0.00;26132.7;2.39;1.83;0.00;15/11/2024 16:04:40;
16/11/2024;22;2.0TD;3;0.000153665683000000;0.206;1.142578746;179.957369;0.557;2.195;177.205369;138.93;-4.76174;0.99290;0.75;0.25;112.16375;93.11680;101.96000;84.74000;75.52000;2098.9;275.0;200.0;46.0;8.81;0.000;0.17498;0.04096;0.00;0.000;2.204;0.947;0.000;0.557;146.936;139.00;138.00;17045.9;1189.20;4.57;3.21;1.03;61811.76;31429.04;24859.38;25814.1;2.39;1.22;0.96;15/11/2024 16:04:40;
16/11/2024;23;2.0TD;3;0.000143582174000000;0.211;1.174445736;171.287426;0.557;2.195;168.535426;131.69;-4.76174;0.99290;0.75;0.25;112.16375;93.11680;101.96000;84.74000;75.52000;2098.9;275.0;200.0;46.0;8.40;0.000;0.17498;0.04096;0.00;0.000;2.088;0.947;0.000;0.557;139.170;131.79;130.49;15494.6;1295.70;4.16;3.21;1.03;25920.60;49354.08;24859.38;24069.8;1.08;2.05;1.03;15/11/2024 16:04:40;
16/11/2024;24;2.0TD;3;0.000126850488000000;0.218;1.211621693;170.517443;0.557;2.195;167.765443;129.79;-4.76174;0.99290;0.75;0.25;112.16375;93.11680;101.96000;84.74000;75.52000;2098.9;275.0;200.0;46.0;8.89;0.000;0.17498;0.04096;0.00;0.000;2.066;0.947;0.000;0.557;137.738;130.00;127.40;14171.8;1242.80;4.65;3.21;1.03;27732.24;51350.88;24859.38;22332.2;1.24;2.30;1.11;15/11/2024 16:04:40;
*
