pvpcdata;
2024;02;09;12;01;53;
28/01/2024;1;2.0TD;3;0.000143029880000000;0.253;1.403985161;113.102625;0.557;2.195;110.350625;61.93;11.53815;0.80287;0.75;0.25;52.14000;98.29260;101.96000;97.42000;81.63000;2560.8;275.0;177.0;62.0;14.22;0.000;0.17498;0.03702;0.00;0.000;0.000;1.321;0.565;0.000;0.557;88.069;62.03;60.03;13943.3;741.40;9.08;3.56;1.58;164303.16;19598.88;24859.38;22997.0;7.14;0.85;1.08;27/01/2024 16:08:28;
28/01/2024;2;2.0TD;3;0.000120804239000000;0.261;1.452409565;111.809754;0.557;2.195;109.057754;58.20;11.53815;0.80287;0.75;0.25;52.14000;98.29260;101.96000;97.42000;81.63000;2560.8;275.0;177.0;62.0;16.39;0.000;0.17498;0.03702;0.00;0.000;0.000;1.297;0.565;0.000;0.557;86.485;58.20;58.15;13563.5;773.60;11.25;3.56;1.58;215035.44;22691.60;0.00;21129.8;10.18;1.07;0.00;27/01/2024 16:08:28;
28/01/2024;3;2.0TD;3;0.000104029509000000;0.273;1.516806716;107.497156;0.557;2.195;104.745156;52.74;11.53815;0.80287;0.75;0.25;52.14000;98.29260;101.96000;97.42000;81.63000;2560.8;275.0;177.0;62.0;17.71;0.000;0.17498;0.03702;0.00;0.000;0.000;1.234;0.565;0.000;0.557;82.282;52.90;50.00;14008.5;795.70;12.57;3.56;1.58;224392.60;29914.56;0.00;20229.2;11.09;1.48;0.00;27/01/2024 16:08:28;
28/01/2024;4;2.0TD;3;0.000093685746000000;0.278;1.543038231;102.395275;0.557;2.195;99.643275;47.21;11.53815;0.80287;0.75;0.25;52.14000;98.29260;101.96000;97.42000;81.63000;2560.8;275.0;177.0;62.0;18.99;0.000;0.17498;0.03702;0.00;0.000;0.000;1.170;0.565;0.000;0.557;77.968;47.21;47.21;13748.2;1070.50;13.85;3.56;1.58;237108.72;34261.12;0.00;19594.0;12.10;1.75;0.00;27/01/2024 16:08:28;
28/01/2024;5;2.0TD;3;0.000088492099000000;0.280;1.555036841;99.288491;0.557;2.195;96.536491;44.00;11.53815;0.80287;0.75;0.25;52.14000;98.29260;101.96000;97.42000;81.63000;2560.8;275.0;177.0;62.0;19.69;0.000;0.17498;0.03702;0.00;0.000;0.000;1.131;0.565;0.000;0.557;75.419;44.00;44.00;13765.4;1077.80;14.55;3.56;1.58;243791.64;37521.04;0.00;19332.0;12.61;1.94;0.00;27/01/2024 16:08:28;
28/01/2024;6;2.0TD;3;0.000087198816000000;0.278;1.542115227;98.112697;0.557;2.195;95.360697;43.20;11.53815;0.80287;0.75;0.25;52.14000;98.29260;101.96000;97.42000;81.63000;2560.8;275.0;177.0;62.0;19.70;0.000;0.17498;0.03702;0.00;0.000;0.000;1.119;0.565;0.000;0.557;74.617;43.20;43.20;13459.7;1080.40;14.56;3.56;1.58;244690.08;37073.60;0.00;19357.1;12.64;1.92;0.00;27/01/2024 16:08:28;
28/01/2024;7;2.0TD;3;0.000088492611000000;0.274;1.522126391;101.694832;0.557;2.195;98.942832;47.05;11.53815;0.80287;0.75;0.25;52.14000;98.29260;101.96000;97.42000;81.63000;2560.8;275.0;177.0;62.0;18.85;0.000;0.17498;0.03702;0.00;0.000;0.000;1.165;0.565;0.000;0.557;77.663;47.05;47.05;13210.4;991.60;13.71;3.56;1.58;236806.92;32918.80;0.00;19667.2;12.04;1.67;0.00;27/01/2024 16:08:28;
28/01/2024;8;2.0TD;3;0.000092865223000000;0.263;1.460912261;102.968693;0.557;2.195;100.216693;51.07;11.53815;0.80287;0.75;0.25;52.14000;98.29260;101.96000;97.42000;81.63000;2560.8;275.0;177.0;62.0;16.49;0.000;0.17498;0.03702;0.00;0.000;0.000;1.190;0.565;0.000;0.557;79.348;51.40;46.40;13139.5;924.30;11.35;3.56;1.58;201591.48;32554.16;0.00;20631.4;9.77;1.58;0.00;27/01/2024 16:08:28;
28/01/2024;9;2.0TD;3;0.000101408185000000;0.251;1.395861991;103.350081;0.557;2.195;100.598081;54.70;11.53815;0.80287;0.75;0.25;52.14000;98.29260;101.96000;97.42000;81.63000;2560.8;275.0;177.0;62.0;13.91;0.000;0.17498;0.03702;0.00;0.000;0.000;1.206;0.565;0.000;0.557;80.414;55.29;45.29;13155.4;822.50;8.77;3.56;1.58;158065.76;29076.40;0.00;21342.9;7.41;1.36;0.00;27/01/2024 16:08:28;
28/01/2024;10;2.0TD;3;0.000124245340000000;0.231;1.283658855;100.441863;0.557;2.195;97.689863;54.56;11.53815;0.80287;0.75;0.25;52.14000;98.29260;101.96000;97.42000;81.63000;2560.8;275.0;177.0;62.0;13.01;0.000;0.17498;0.03702;0.00;0.000;0.000;1.190;0.565;0.000;0.557;79.358;55.10;45.16;14999.1;855.40;7.87;3.56;1.58;94389.48;83786.80;0.00;22634.4;4.17;3.70;0.00;27/01/2024 16:08:28;
28/01/2024;11;2.0TD;3;0.000147492944000000;0.211;1.171838328;83.646962;0.557;2.195;80.894962;42.00;11.53815;0.80287;0.75;0.25;52.14000;98.29260;101.96000;97.42000;81.63000;2560.8;275.0;177.0;62.0;13.20;0.000;0.17498;0.03702;0.00;0.000;0.000;1.002;0.565;0.000;0.557;66.800;42.00;41.99;18064.9;881.10;8.06;3.56;1.58;111751.48;80658.24;0.00;23860.2;4.68;3.38;0.00;27/01/2024 16:08:28;
28/01/2024;12;2.0TD;3;0.000156952583000000;0.205;1.136389187;76.713856;0.557;2.195;73.961856;37.00;11.53815;0.80287;0.75;0.25;52.14000;98.29260;101.96000;97.42000;81.63000;2560.8;275.0;177.0;62.0;12.86;0.000;0.17498;0.03702;0.00;0.000;0.000;0.921;0.565;0.000;0.557;61.379;37.00;36.98;19835.1;870.70;7.72;3.56;1.58;115465.36;71676.80;0.00;24244.1;4.76;2.96;0.00;27/01/2024 16:08:28;
28/01/2024;13;2.0TD;3;0.000156695633000000;0.203;1.126373776;82.318581;0.557;2.195;79.566581;42.00;11.53815;0.80287;0.75;0.25;52.14000;98.29260;101.96000;97.42000;81.63000;2560.8;275.0;177.0;62.0;12.55;0.000;0.17498;0.03702;0.00;0.000;0.000;0.992;0.565;0.000;0.557;66.140;42.00;41.99;20536.7;818.60;7.41;3.56;1.58;111375.44;67430.88;0.00;24146.1;4.61;2.79;0.00;27/01/2024 16:08:28;
28/01/2024;14;2.0TD;3;0.000162210901000000;0.201;1.114322345;79.187404;0.557;2.195;76.435404;39.93;11.53815;0.80287;0.75;0.25;52.14000;98.29260;101.96000;97.42000;81.63000;2560.8;275.0;177.0;62.0;12.16;0.000;0.17498;0.03702;0.00;0.000;0.000;0.955;0.565;0.000;0.557;63.643;39.93;39.91;20256.5;954.00;7.02;3.56;1.58;113367.84;59459.52;0.00;24608.7;4.61;2.42;0.00;27/01/2024 16:08:28;
28/01/2024;15;2.0TD;3;0.000162737030000000;0.202;1.120638267;80.080427;0.557;2.195;77.328427;40.09;11.53815;0.80287;0.75;0.25;52.14000;98.29260;101.96000;97.42000;81.63000;2560.8;275.0;177.0;62.0;12.68;0.000;0.17498;0.03702;0.00;0.000;0.000;0.965;0.565;0.000;0.557;64.333;40.09;40.08;19912.1;863.80;7.54;3.56;1.58;112743.44;72631.56;0.00;24583.4;4.59;2.95;0.00;27/01/2024 16:08:28;
28/01/2024;16;2.0TD;3;0.000148288133000000;0.214;1.186670832;79.163750;0.557;2.195;76.411750;38.03;11.53815;0.80287;0.75;0.25;52.14000;98.29260;101.96000;97.42000;81.63000;2560.8;275.0;177.0;62.0;13.37;0.000;0.17498;0.03702;0.00;0.000;0.000;0.944;0.565;0.000;0.557;62.942;38.03;38.01;19412.7;914.80;8.23;3.56;1.58;114646.40;81136.00;0.00;23778.9;4.82;3.41;0.00;27/01/2024 16:08:28;
28/01/2024;17;2.0TD;3;0.000140771683000000;0.223;1.241221564;87.564768;0.557;2.195;84.812768;43.12;11.53815;0.80287;0.75;0.25;52.14000;98.29260;101.96000;97.42000;81.63000;2560.8;275.0;177.0;62.0;14.59;0.000;0.17498;0.03702;0.00;0.000;0.000;1.040;0.565;0.000;0.557;69.348;43.12;43.11;17177.5;818.00;9.45;3.56;1.58;110994.76;108489.92;0.00;23229.5;4.78;4.67;0.00;27/01/2024 16:08:28;
28/01/2024;18;2.0TD;3;0.000142264415000000;0.230;1.275150791;105.820015;0.557;2.195;103.068015;60.63;11.53815;0.80287;0.75;0.25;52.14000;98.29260;101.96000;97.42000;81.63000;2560.8;275.0;177.0;62.0;11.31;0.000;0.17498;0.03702;0.00;0.000;0.000;1.257;0.565;0.000;0.557;83.795;60.80;57.55;14306.5;784.20;6.17;3.56;1.58;98273.04;44900.00;0.00;23213.9;4.23;1.93;0.00;27/01/2024 16:08:28;
28/01/2024;19;2.0TD;3;0.000163940800000000;0.230;1.277051424;114.298405;0.557;2.195;111.546405;71.14;11.53815;0.80287;0.75;0.25;52.14000;98.29260;101.96000;97.42000;81.63000;2560.8;275.0;177.0;62.0;7.59;0.000;0.17498;0.03702;0.00;0.000;0.000;1.360;0.565;0.000;0.557;90.688;71.14;71.14;15052.2;660.20;2.45;3.56;1.58;53350.72;8309.60;0.00;25143.2;2.12;0.33;0.00;27/01/2024 16:08:28;
28/01/2024;20;2.0TD;3;0.000185149086000000;0.230;1.278311548;114.910945;0.557;2.195;112.158945;71.79;11.53815;0.80287;0.75;0.25;52.14000;98.29260;101.96000;97.42000;81.63000;2560.8;275.0;177.0;62.0;7.43;0.000;0.17498;0.03702;0.00;0.000;0.000;1.368;0.565;0.000;0.557;91.186;71.55;76.80;14761.8;718.40;2.29;3.56;1.58;53263.64;8437.44;0.00;26889.2;1.98;0.31;0.00;27/01/2024 16:08:28;
28/01/2024;21;2.0TD;3;0.000198909214000000;0.229;1.272914785;112.623535;0.557;2.195;109.871535;70.09;11.53815;0.80287;0.75;0.25;52.14000;98.29260;101.96000;97.42000;81.63000;2560.8;275.0;177.0;62.0;7.37;0.000;0.17498;0.03702;0.00;0.000;0.000;1.341;0.565;0.000;0.557;89.399;69.87;74.94;15448.6;711.50;2.23;3.56;1.58;53960.88;8437.44;0.00;27961.9;1.93;0.30;0.00;27/01/2024 16:08:28;
28/01/2024;22;2.0TD;3;0.000202142663000000;0.228;1.268499258;106.175552;0.557;2.195;103.423552;63.25;11.53815;0.80287;0.75;0.25;52.14000;98.29260;101.96000;97.42000;81.63000;2560.8;275.0;177.0;62.0;9.11;0.000;0.17498;0.03702;0.00;0.000;0.000;1.263;0.565;0.000;0.557;84.221;63.11;66.11;15543.6;784.80;3.97;3.56;1.58;56667.88;29557.92;24859.38;28011.5;2.02;1.06;0.89;27/01/2024 16:08:28;
28/01/2024;23;2.0TD;3;0.000185542594000000;0.231;1.280642631;101.591617;0.557;2.195;98.839617;60.34;11.53815;0.80287;0.75;0.25;52.14000;98.29260;101.96000;97.42000;81.63000;2560.8;275.0;177.0;62.0;8.15;0.000;0.17498;0.03702;0.00;0.000;0.000;1.204;0.565;0.000;0.557;80.292;60.34;60.35;14990.7;902.00;3.01;3.56;1.58;13980.16;39900.00;24859.38;26193.0;0.53;1.52;0.95;27/01/2024 16:08:28;
28/01/2024;24;2.0TD;3;0.000157396274000000;0.236;1.311806445;97.789441;0.557;2.195;95.037441;56.00;11.53815;0.80287;0.75;0.25;52.14000;98.29260;101.96000;97.42000;81.63000;2560.8;275.0;177.0;62.0;9.14;0.000;0.17498;0.03702;0.00;0.000;0.000;1.153;0.565;0.000;0.557;76.891;56.00;56.00;14019.5;857.00;4.00;3.56;1.58;14768.64;55860.00;24859.38;23843.4;0.62;2.34;1.04;27/01/2024 16:08:28;
*
