pvpcdata;
2024;07;09;11;17;56;
03/06/2024;1;2.0TD;3;0.000088328420000000;0.176;0.978840255;55.582042;0.557;2.195;52.830042;9.66;12.31260;1.11667;0.75;0.25;28.55542;77.80580;101.96000;48.69000;52.19000;1758.8;275.0;154.0;62.0;19.12;0.000;0.17498;0.04096;0.00;0.000;0.674;0.947;0.000;0.557;44.923;9.16;18.16;20360.5;1205.70;14.78;3.20;1.14;234951.96;65425.60;24859.38;22012.8;10.67;2.97;1.13;02/06/2024 16:08:45;
03/06/2024;2;2.0TD;3;0.000075329407000000;0.175;0.974696426;59.962168;0.557;2.195;57.210168;14.40;12.31260;1.11667;0.75;0.25;28.55542;77.80580;101.96000;48.69000;52.19000;1758.8;275.0;154.0;62.0;18.09;0.000;0.17498;0.04096;0.00;0.000;0.730;0.947;0.000;0.557;48.689;14.10;19.11;19979.1;1287.50;13.75;3.20;1.14;223461.12;63576.36;0.00;20872.7;10.71;3.05;0.00;02/06/2024 16:08:45;
03/06/2024;3;2.0TD;3;0.000067286666000000;0.177;0.985462199;61.183582;0.557;2.195;58.431582;14.41;12.31260;1.11667;0.75;0.25;28.55542;77.80580;101.96000;48.69000;52.19000;1758.8;275.0;154.0;62.0;19.02;0.000;0.17498;0.04096;0.00;0.000;0.745;0.947;0.000;0.557;49.644;14.10;19.11;19447.2;1292.10;14.68;3.20;1.14;235715.08;61426.08;0.00;20234.9;11.65;3.04;0.00;02/06/2024 16:08:45;
03/06/2024;4;2.0TD;3;0.000063195290000000;0.176;0.979047095;61.838362;0.557;2.195;59.086362;12.72;12.31260;1.11667;0.75;0.25;28.55542;77.80580;101.96000;48.69000;52.19000;1758.8;275.0;154.0;62.0;21.30;0.000;0.17498;0.04096;0.00;0.000;0.754;0.947;0.000;0.557;50.243;12.50;15.51;19100.4;1520.20;16.96;3.20;1.14;275212.68;64333.84;0.00;20016.0;13.75;3.21;0.00;02/06/2024 16:08:45;
03/06/2024;5;2.0TD;3;0.000061227856000000;0.174;0.965782926;63.847553;0.557;2.195;61.095553;14.67;12.31260;1.11667;0.75;0.25;28.55542;77.80580;101.96000;48.69000;52.19000;1758.8;275.0;154.0;62.0;21.12;0.000;0.17498;0.04096;0.00;0.000;0.781;0.947;0.000;0.557;52.040;14.32;19.33;18189.0;1371.00;16.78;3.20;1.14;269232.20;62445.60;0.00;19765.6;13.62;3.16;0.00;02/06/2024 16:08:45;
03/06/2024;6;2.0TD;3;0.000061516962000000;0.169;0.941448571;58.994349;0.557;2.195;56.242349;10.58;12.31260;1.11667;0.75;0.25;28.55542;77.80580;101.96000;48.69000;52.19000;1758.8;275.0;154.0;62.0;21.34;0.000;0.17498;0.04096;0.00;0.000;0.722;0.947;0.000;0.557;48.111;10.15;16.66;17537.9;1246.50;17.00;3.20;1.14;279074.52;66906.00;0.00;20353.9;13.71;3.29;0.00;02/06/2024 16:08:45;
03/06/2024;7;2.0TD;3;0.000064700587000000;0.162;0.899812727;81.189911;0.557;2.195;78.437911;35.44;12.31260;1.11667;0.75;0.25;28.55542;77.80580;101.96000;48.69000;52.19000;1758.8;275.0;154.0;62.0;15.58;0.000;0.17498;0.04096;0.00;0.000;1.013;0.947;0.000;0.557;67.502;35.01;40.00;17238.2;1636.50;11.24;3.20;1.14;186029.28;43321.28;24859.38;22616.8;8.23;1.92;1.10;02/06/2024 16:08:45;
03/06/2024;8;2.0TD;3;0.000071336218000000;0.157;0.871457422;83.048384;0.557;2.195;80.296384;38.62;12.31260;1.11667;0.75;0.25;28.55542;77.80580;101.96000;48.69000;52.19000;1758.8;275.0;154.0;62.0;14.27;0.000;0.17498;0.04096;0.00;0.000;1.041;0.947;0.000;0.557;69.400;37.94;47.94;19594.3;1421.00;9.93;3.20;1.14;149107.76;76956.88;24859.38;25256.2;5.90;3.05;0.98;02/06/2024 16:08:45;
03/06/2024;9;2.0TD;2;0.000082401536000000;0.145;0.889843355;111.813073;19.184;8.779;83.850073;43.07;12.31260;1.11667;0.75;0.25;28.55542;77.80580;101.96000;48.69000;52.19000;1758.8;275.0;154.0;62.0;13.44;0.154;0.17498;0.04096;0.00;0.000;1.098;0.947;0.000;0.557;73.231;41.93;61.92;23909.0;1447.20;9.10;3.20;1.14;143545.44;75046.88;24859.38;26740.7;5.37;2.81;0.93;02/06/2024 16:08:45;
03/06/2024;10;2.0TD;2;0.000089191967000000;0.138;0.844050831;104.785403;19.184;8.779;76.822403;35.01;12.31260;1.11667;0.75;0.25;28.55542;77.80580;101.96000;48.69000;52.19000;1758.8;275.0;154.0;62.0;15.86;0.154;0.17498;0.04096;0.00;0.000;1.013;0.947;0.000;0.557;67.506;35.00;35.10;25211.2;1338.40;11.52;3.20;1.14;190122.96;103474.08;24859.38;27652.5;6.88;3.74;0.90;02/06/2024 16:08:45;
03/06/2024;11;2.0TD;1;0.000094591858000000;0.143;0.858426315;134.002276;33.081;43.893;57.028276;17.03;12.31260;1.11667;0.75;0.25;28.55542;77.80580;101.96000;48.69000;52.19000;1758.8;275.0;154.0;62.0;15.72;0.926;0.17498;0.04096;0.00;0.000;0.748;0.947;0.000;0.557;49.893;16.90;19.56;26972.8;1336.20;11.38;3.20;1.14;260705.56;32441.20;24859.38;27952.0;9.33;1.16;0.89;02/06/2024 16:08:45;
03/06/2024;12;2.0TD;1;0.000097948802000000;0.147;0.882706063;123.954552;33.081;43.893;46.980552;6.17;12.31260;1.11667;0.75;0.25;28.55542;77.80580;101.96000;48.69000;52.19000;1758.8;275.0;154.0;62.0;17.78;0.926;0.17498;0.04096;0.00;0.000;0.614;0.947;0.000;0.557;40.959;5.44;22.10;27972.1;1279.00;13.44;3.20;1.14;327043.48;23650.40;24859.38;27938.6;11.71;0.85;0.89;02/06/2024 16:08:45;
03/06/2024;13;2.0TD;1;0.000103097480000000;0.146;0.872388224;122.704563;33.081;43.893;45.730563;5.17;12.31260;1.11667;0.75;0.25;28.55542;77.80580;101.96000;48.69000;52.19000;1758.8;275.0;154.0;62.0;17.74;0.926;0.17498;0.04096;0.00;0.000;0.599;0.947;0.000;0.557;39.904;4.46;21.12;28408.8;1259.90;13.40;3.20;1.14;329564.32;22386.00;24859.38;28112.3;11.72;0.80;0.88;02/06/2024 16:08:45;
03/06/2024;14;2.0TD;1;0.000111989565000000;0.140;0.836378011;126.272736;33.081;43.893;49.298736;8.72;12.31260;1.11667;0.75;0.25;28.55542;77.80580;101.96000;48.69000;52.19000;1758.8;275.0;154.0;62.0;17.48;0.926;0.17498;0.04096;0.00;0.000;0.649;0.947;0.000;0.557;43.244;8.30;18.30;28518.2;1243.90;13.14;3.20;1.14;319247.08;26863.20;24859.38;28226.2;11.31;0.95;0.88;02/06/2024 16:08:45;
03/06/2024;15;2.0TD;2;0.000113485952000000;0.140;0.860203636;69.631716;19.184;8.779;41.668716;3.62;12.31260;1.11667;0.75;0.25;28.55542;77.80580;101.96000;48.69000;52.19000;1758.8;275.0;154.0;62.0;16.76;0.154;0.17498;0.04096;0.00;0.000;0.548;0.947;0.000;0.557;36.551;3.25;9.15;27308.8;1820.80;12.42;3.20;1.14;300366.52;21054.00;24859.38;27878.8;10.77;0.76;0.89;02/06/2024 16:08:45;
03/06/2024;16;2.0TD;2;0.000105531761000000;0.141;0.866758629;66.181371;19.184;8.779;38.218371;1.54;12.31260;1.11667;0.75;0.25;28.55542;77.80580;101.96000;48.69000;52.19000;1758.8;275.0;154.0;62.0;15.83;0.154;0.17498;0.04096;0.00;0.000;0.502;0.947;0.000;0.557;33.495;1.31;4.81;26997.7;1881.80;11.49;3.20;1.14;268361.08;19164.00;24859.38;27173.4;9.88;0.71;0.91;02/06/2024 16:08:45;
03/06/2024;17;2.0TD;2;0.000101074009000000;0.144;0.883979346;69.081226;19.184;8.779;41.118226;3.74;12.31260;1.11667;0.75;0.25;28.55542;77.80580;101.96000;48.69000;52.19000;1758.8;275.0;154.0;62.0;16.04;0.154;0.17498;0.04096;0.00;0.000;0.539;0.947;0.000;0.557;35.942;3.25;10.96;26774.1;1829.60;11.70;3.20;1.14;266741.64;20974.80;24859.38;26708.4;9.99;0.79;0.93;02/06/2024 16:08:45;
03/06/2024;18;2.0TD;2;0.000100828757000000;0.146;0.895223337;78.612195;19.184;8.779;50.649195;12.36;12.31260;1.11667;0.75;0.25;28.55542;77.80580;101.96000;48.69000;52.19000;1758.8;275.0;154.0;62.0;15.55;0.154;0.17498;0.04096;0.00;0.000;0.663;0.947;0.000;0.557;44.196;11.86;21.85;26825.3;1420.90;11.21;3.20;1.14;247722.08;30508.80;24859.38;27034.5;9.16;1.13;0.92;02/06/2024 16:08:45;
03/06/2024;19;2.0TD;1;0.000101105270000000;0.145;0.867581625;153.504088;33.081;43.893;76.530088;35.39;12.31260;1.11667;0.75;0.25;28.55542;77.80580;101.96000;48.69000;52.19000;1758.8;275.0;154.0;62.0;14.05;0.926;0.17498;0.04096;0.00;0.000;1.003;0.947;0.000;0.557;66.838;35.00;42.78;25713.4;1344.70;9.71;3.20;1.14;160065.60;82269.28;24859.38;27506.9;5.82;2.99;0.90;02/06/2024 16:08:45;
03/06/2024;20;2.0TD;1;0.000102659168000000;0.149;0.891159822;169.880422;33.081;43.893;92.906422;50.28;12.31260;1.11667;0.75;0.25;28.55542;77.80580;101.96000;48.69000;52.19000;1758.8;275.0;154.0;62.0;12.97;0.926;0.17498;0.04096;0.00;0.000;1.213;0.947;0.000;0.557;80.858;49.22;69.77;23541.3;1277.80;8.63;3.20;1.14;118371.92;94250.04;24859.38;27514.1;4.30;3.43;0.90;02/06/2024 16:08:45;
03/06/2024;21;2.0TD;1;0.000109509795000000;0.151;0.906075337;199.793187;33.081;43.893;122.819187;75.86;12.31260;1.11667;0.75;0.25;28.55542;77.80580;101.96000;48.69000;52.19000;1758.8;275.0;154.0;62.0;12.85;0.926;0.17498;0.04096;0.00;0.000;1.601;0.947;0.000;0.557;106.706;75.37;83.33;22752.9;1488.80;8.51;3.20;1.14;77091.56;139370.96;24859.38;28387.3;2.72;4.91;0.88;02/06/2024 16:08:45;
03/06/2024;22;2.0TD;1;0.000120537969000000;0.149;0.894949767;223.608811;33.081;43.893;146.634811;102.24;12.31260;1.11667;0.75;0.25;28.55542;77.80580;101.96000;48.69000;52.19000;1758.8;275.0;154.0;62.0;7.07;0.926;0.17498;0.04096;0.00;0.000;1.914;0.947;0.000;0.557;127.619;102.15;104.00;21810.8;1156.20;2.73;3.20;1.14;48317.20;4596.48;24859.38;28478.8;1.70;0.16;0.87;02/06/2024 16:08:45;
03/06/2024;23;2.0TD;2;0.000123925703000000;0.153;0.939462700;151.625138;19.184;8.779;123.662138;81.63;12.31260;1.11667;0.75;0.25;28.55542;77.80580;101.96000;48.69000;52.19000;1758.8;275.0;154.0;62.0;8.39;0.154;0.17498;0.04096;0.00;0.000;1.609;0.947;0.000;0.557;107.252;81.31;88.85;21087.7;932.70;4.05;3.20;1.14;71160.72;12608.00;24859.38;26853.1;2.65;0.47;0.93;02/06/2024 16:08:45;
03/06/2024;24;2.0TD;2;0.000106421283000000;0.151;0.928381630;132.831191;19.184;8.779;104.868191;63.77;12.31260;1.11667;0.75;0.25;28.55542;77.80580;101.96000;48.69000;52.19000;1758.8;275.0;154.0;62.0;10.35;0.154;0.17498;0.04096;0.00;0.000;1.367;0.947;0.000;0.557;91.110;63.30;73.29;19254.0;951.40;6.01;3.20;1.14;90138.48;31340.40;24859.38;24332.7;3.70;1.29;1.02;02/06/2024 16:08:45;
*
