pvpcdata;
2024;12;11;12;05;35;
17/11/2024;1;2.0TD;3;0.000105458211000000;0.225;1.251022213;177.685127;0.557;2.195;174.933127;127.44;-5.22611;0.97584;0.75;0.25;114.02125;93.11680;101.96000;84.74000;75.52000;2135.6;275.0;200.0;46.0;16.60;0.000;0.17498;0.04096;0.00;0.000;2.142;0.947;0.000;0.557;142.802;129.34;109.32;13766.6;1447.60;12.36;3.21;1.03;198574.16;43439.68;24859.38;21592.1;9.20;2.01;1.15;16/11/2024 16:06:42;
17/11/2024;2;2.0TD;3;0.000089386075000000;0.234;1.300356239;169.123030;0.557;2.195;166.371030;116.10;-5.22611;0.97584;0.75;0.25;114.02125;93.11680;101.96000;84.74000;75.52000;2135.6;275.0;200.0;46.0;20.08;0.000;0.17498;0.04096;0.00;0.000;2.022;0.947;0.000;0.557;134.822;117.74;100.70;12523.9;1334.40;15.84;3.21;1.03;301520.64;17856.00;0.00;20163.3;14.95;0.89;0.00;16/11/2024 16:06:42;
17/11/2024;3;2.0TD;3;0.000078014533000000;0.242;1.347077912;163.431469;0.557;2.195;160.679469;107.51;-5.22611;0.97584;0.75;0.25;114.02125;93.11680;101.96000;84.74000;75.52000;2135.6;275.0;200.0;46.0;23.30;0.000;0.17498;0.04096;0.00;0.000;1.941;0.947;0.000;0.557;129.371;108.06;101.24;12160.5;1058.70;19.06;3.21;1.03;326785.84;34816.00;0.00;18971.3;17.23;1.84;0.00;16/11/2024 16:06:42;
17/11/2024;4;2.0TD;3;0.000071631151000000;0.247;1.371549336;164.292811;0.557;2.195;161.540811;107.10;-5.22611;0.97584;0.75;0.25;114.02125;93.11680;101.96000;84.74000;75.52000;2135.6;275.0;200.0;46.0;23.88;0.000;0.17498;0.04096;0.00;0.000;1.943;0.947;0.000;0.557;129.543;107.74;100.50;12112.8;1183.00;19.64;3.21;1.03;327665.76;34240.00;0.00;18431.1;17.78;1.86;0.00;16/11/2024 16:06:42;
17/11/2024;5;2.0TD;3;0.000068727292000000;0.249;1.383285496;156.449635;0.557;2.195;153.697635;99.73;-5.22611;0.97584;0.75;0.25;114.02125;93.11680;101.96000;84.74000;75.52000;2135.6;275.0;200.0;46.0;24.86;0.000;0.17498;0.04096;0.00;0.000;1.846;0.947;0.000;0.557;123.056;100.00;97.20;11936.6;1252.30;20.62;3.21;1.03;346444.28;26940.48;0.00;18103.8;19.14;1.49;0.00;16/11/2024 16:06:42;
17/11/2024;6;2.0TD;3;0.000068628188000000;0.247;1.372808949;159.329751;0.557;2.195;156.577751;102.70;-5.22611;0.97584;0.75;0.25;114.02125;93.11680;101.96000;84.74000;75.52000;2135.6;275.0;200.0;46.0;24.36;0.000;0.17498;0.04096;0.00;0.000;1.883;0.947;0.000;0.557;125.563;103.00;100.00;11936.1;1305.00;20.12;3.21;1.03;339346.64;25792.00;0.00;18148.5;18.70;1.42;0.00;16/11/2024 16:06:42;
17/11/2024;7;2.0TD;3;0.000070465634000000;0.238;1.324847691;151.438961;0.557;2.195;148.686961;97.18;-5.22611;0.97584;0.75;0.25;114.02125;93.11680;101.96000;84.74000;75.52000;2135.6;275.0;200.0;46.0;24.50;0.000;0.17498;0.04096;0.00;0.000;1.802;0.947;0.000;0.557;120.102;97.31;95.90;12178.9;1267.40;20.26;3.21;1.03;351806.04;25600.00;0.00;18627.7;18.89;1.37;0.00;16/11/2024 16:06:42;
17/11/2024;8;2.0TD;3;0.000074474383000000;0.228;1.266046099;160.546995;0.557;2.195;157.794995;106.99;-5.22611;0.97584;0.75;0.25;114.02125;93.11680;101.96000;84.74000;75.52000;2135.6;275.0;200.0;46.0;22.96;0.000;0.17498;0.04096;0.00;0.000;1.927;0.947;0.000;0.557;128.497;107.74;100.37;12358.7;1394.10;18.72;3.21;1.03;327569.36;31424.00;0.00;19173.9;17.08;1.64;0.00;16/11/2024 16:06:42;
17/11/2024;9;2.0TD;3;0.000082867531000000;0.216;1.199504572;159.696928;0.557;2.195;156.944928;104.42;-5.22611;0.97584;0.75;0.25;114.02125;93.11680;101.96000;84.74000;75.52000;2135.6;275.0;200.0;46.0;26.09;0.000;0.17498;0.04096;0.00;0.000;1.936;0.947;0.000;0.557;129.066;105.00;99.00;13110.4;1409.10;21.85;3.21;1.03;294009.72;139392.00;0.00;19835.7;14.82;7.03;0.00;16/11/2024 16:06:42;
17/11/2024;10;2.0TD;3;0.000102551892000000;0.188;1.046213844;139.258609;0.557;2.195;136.506609;96.15;-5.22611;0.97584;0.75;0.25;114.02125;93.11680;101.96000;84.74000;75.52000;2135.6;275.0;200.0;46.0;20.41;0.000;0.17498;0.04096;0.00;0.000;1.724;0.947;0.000;0.557;114.904;95.98;99.26;16043.6;863.20;16.17;3.21;1.03;191610.08;150633.60;0.00;21166.4;9.05;7.12;0.00;16/11/2024 16:06:42;
17/11/2024;11;2.0TD;3;0.000116911103000000;0.170;0.944774162;123.625347;0.557;2.195;120.873347;87.91;-5.22611;0.97584;0.75;0.25;114.02125;93.11680;101.96000;84.74000;75.52000;2135.6;275.0;200.0;46.0;17.23;0.000;0.17498;0.04096;0.00;0.000;1.550;0.947;0.000;0.557;103.310;87.79;90.10;18709.0;999.50;12.99;3.21;1.03;166735.28;123684.48;0.00;22365.4;7.46;5.53;0.00;16/11/2024 16:06:42;
17/11/2024;12;2.0TD;3;0.000120941196000000;0.166;0.921727506;123.258745;0.557;2.195;120.506745;89.26;-5.22611;0.97584;0.75;0.25;114.02125;93.11680;101.96000;84.74000;75.52000;2135.6;275.0;200.0;46.0;15.92;0.000;0.17498;0.04096;0.00;0.000;1.550;0.947;0.000;0.557;103.350;89.09;92.34;18701.9;1041.80;11.68;3.21;1.03;164028.40;100576.80;0.00;22663.9;7.24;4.44;0.00;16/11/2024 16:06:42;
17/11/2024;13;2.0TD;3;0.000120796159000000;0.164;0.909176680;125.380044;0.557;2.195;122.628044;92.78;-5.22611;0.97584;0.75;0.25;114.02125;93.11680;101.96000;84.74000;75.52000;2135.6;275.0;200.0;46.0;14.37;0.000;0.17498;0.04096;0.00;0.000;1.580;0.947;0.000;0.557;105.350;92.68;94.58;19274.6;1055.80;10.13;3.21;1.03;166682.32;63936.00;0.00;22775.0;7.32;2.81;0.00;16/11/2024 16:06:42;
17/11/2024;14;2.0TD;3;0.000127705849000000;0.160;0.890578686;119.329161;0.557;2.195;116.577161;87.96;-5.22611;0.97584;0.75;0.25;114.02125;93.11680;101.96000;84.74000;75.52000;2135.6;275.0;200.0;46.0;14.41;0.000;0.17498;0.04096;0.00;0.000;1.507;0.947;0.000;0.557;100.497;87.79;91.57;19760.2;938.50;10.17;3.21;1.03;173774.00;63632.48;0.00;23336.5;7.45;2.73;0.00;16/11/2024 16:06:42;
17/11/2024;15;2.0TD;3;0.000128059890000000;0.164;0.913039513;124.671168;0.557;2.195;121.919168;92.82;-5.22611;0.97584;0.75;0.25;114.02125;93.11680;101.96000;84.74000;75.52000;2135.6;275.0;200.0;46.0;13.73;0.000;0.17498;0.04096;0.00;0.000;1.571;0.947;0.000;0.557;104.741;92.73;94.58;19513.6;1001.90;9.49;3.21;1.03;159354.16;63936.00;0.00;23525.0;6.77;2.72;0.00;16/11/2024 16:06:42;
17/11/2024;16;2.0TD;3;0.000114881443000000;0.176;0.980341367;133.509738;0.557;2.195;130.757738;96.11;-5.22611;0.97584;0.75;0.25;114.02125;93.11680;101.96000;84.74000;75.52000;2135.6;275.0;200.0;46.0;16.79;0.000;0.17498;0.04096;0.00;0.000;1.668;0.947;0.000;0.557;111.188;96.11;96.11;18101.5;919.90;12.55;3.21;1.03;154827.88;128271.36;0.00;22550.7;6.87;5.69;0.00;16/11/2024 16:06:42;
17/11/2024;17;2.0TD;3;0.000109385539000000;0.188;1.046829035;148.931305;0.557;2.195;146.179305;109.71;-5.22611;0.97584;0.75;0.25;114.02125;93.11680;101.96000;84.74000;75.52000;2135.6;275.0;200.0;46.0;14.87;0.000;0.17498;0.04096;0.00;0.000;1.846;0.947;0.000;0.557;123.046;109.90;106.27;16348.0;914.70;10.63;3.21;1.03;132928.76;100931.04;0.00;22009.8;6.04;4.59;0.00;16/11/2024 16:06:42;
17/11/2024;18;2.0TD;3;0.000114229428000000;0.204;1.133247959;180.541326;0.557;2.195;177.789326;134.64;-5.22611;0.97584;0.75;0.25;114.02125;93.11680;101.96000;84.74000;75.52000;2135.6;275.0;200.0;46.0;14.19;0.000;0.17498;0.04096;0.00;0.000;2.215;0.947;0.000;0.557;147.665;135.01;130.01;14903.1;1192.60;9.95;3.21;1.03;87634.60;137280.00;0.00;22603.0;3.88;6.07;0.00;16/11/2024 16:06:42;
17/11/2024;19;2.0TD;3;0.000135845194000000;0.203;1.129440273;179.319381;0.557;2.195;176.567381;139.95;-5.22611;0.97584;0.75;0.25;114.02125;93.11680;101.96000;84.74000;75.52000;2135.6;275.0;200.0;46.0;8.00;0.000;0.17498;0.04096;0.00;0.000;2.202;0.947;0.000;0.557;146.772;140.30;136.30;16081.1;1520.20;3.76;3.21;1.03;43721.24;46312.76;0.00;23927.6;1.83;1.94;0.00;16/11/2024 16:06:42;
17/11/2024;20;2.0TD;3;0.000149349412000000;0.203;1.128855705;184.509123;0.557;2.195;181.757123;145.00;-5.22611;0.97584;0.75;0.25;114.02125;93.11680;101.96000;84.74000;75.52000;2135.6;275.0;200.0;46.0;7.20;0.000;0.17498;0.04096;0.00;0.000;2.266;0.947;0.000;0.557;151.086;145.43;140.43;16802.3;1576.20;2.96;3.21;1.03;38305.88;35777.88;0.00;25011.8;1.53;1.43;0.00;16/11/2024 16:06:42;
17/11/2024;21;2.0TD;3;0.000159764672000000;0.203;1.126512113;189.822774;0.557;2.195;187.070774;149.64;-5.22611;0.97584;0.75;0.25;114.02125;93.11680;101.96000;84.74000;75.52000;2135.6;275.0;200.0;46.0;6.91;0.000;0.17498;0.04096;0.00;0.000;2.333;0.947;0.000;0.557;155.503;150.00;146.00;17446.3;1706.50;2.67;3.21;1.03;33192.64;35582.20;0.00;25758.4;1.29;1.38;0.00;16/11/2024 16:06:42;
17/11/2024;22;2.0TD;3;0.000159820582000000;0.202;1.123150661;194.743317;0.557;2.195;191.991317;153.91;-5.22611;0.97584;0.75;0.25;114.02125;93.11680;101.96000;84.74000;75.52000;2135.6;275.0;200.0;46.0;6.80;0.000;0.17498;0.04096;0.00;0.000;2.396;0.947;0.000;0.557;159.726;154.43;149.43;17263.5;2008.20;2.56;3.21;1.03;12656.12;27920.48;24859.38;25524.2;0.50;1.09;0.97;16/11/2024 16:06:42;
17/11/2024;23;2.0TD;3;0.000142351558000000;0.205;1.141018949;183.196596;0.557;2.195;180.444596;143.67;-5.22611;0.97584;0.75;0.25;114.02125;93.11680;101.96000;84.74000;75.52000;2135.6;275.0;200.0;46.0;7.21;0.000;0.17498;0.04096;0.00;0.000;2.246;0.947;0.000;0.557;149.746;144.14;139.24;16336.7;1734.90;2.97;3.21;1.03;20971.20;25905.60;24859.38;24154.5;0.87;1.07;1.03;16/11/2024 16:06:42;
17/11/2024;24;2.0TD;3;0.000118543264000000;0.212;1.179527264;179.274410;0.557;2.195;176.522410;138.67;-5.22611;0.97584;0.75;0.25;114.02125;93.11680;101.96000;84.74000;75.52000;2135.6;275.0;200.0;46.0;8.17;0.000;0.17498;0.04096;0.00;0.000;2.185;0.947;0.000;0.557;145.645;139.20;134.20;14473.5;1698.80;3.93;3.21;1.03;25775.24;36658.80;24859.38;22231.8;1.16;1.65;1.12;16/11/2024 16:06:42;
*
