pvpcdata;
2024;04;10;12;05;55;
29/03/2024;1;2.0TD;3;0.000112832496000000;0.215;1.193007206;58.268264;0.557;2.195;55.516264;1.78;22.44653;0.93320;0.75;0.25;4.05250;93.83860;101.96000;97.42000;37.09000;2134.6;275.0;177.0;46.0;20.56;0.000;0.17498;0.04096;0.00;0.000;0.000;0.685;0.947;0.000;0.557;45.692;2.00;0.00;21996.7;2770.20;15.75;3.40;1.41;267084.96;40944.60;24859.38;21138.3;12.64;1.94;1.18;28/03/2024 16:08:38;
29/03/2024;2;2.0TD;3;0.000096144097000000;0.225;1.248549942;58.153113;0.557;2.195;55.401113;0.51;22.44653;0.93320;0.75;0.25;4.05250;93.83860;101.96000;97.42000;37.09000;2134.6;275.0;177.0;46.0;21.37;0.000;0.17498;0.04096;0.00;0.000;0.000;0.678;0.947;0.000;0.557;45.225;0.58;-0.01;20997.4;2875.20;16.56;3.40;1.41;267244.96;58501.92;0.00;19666.2;13.59;2.97;0.00;28/03/2024 16:08:38;
29/03/2024;3;2.0TD;3;0.000085938486000000;0.226;1.257494303;59.195076;0.557;2.195;56.443076;0.39;22.44653;0.93320;0.75;0.25;4.05250;93.83860;101.96000;97.42000;37.09000;2134.6;275.0;177.0;46.0;22.29;0.000;0.17498;0.04096;0.00;0.000;0.000;0.691;0.947;0.000;0.557;46.038;0.52;-0.79;19940.7;2677.00;17.48;3.40;1.41;267249.56;58665.88;0.00;18649.3;14.33;3.15;0.00;28/03/2024 16:08:38;
29/03/2024;4;2.0TD;3;0.000077003690000000;0.228;1.266291748;59.984657;0.557;2.195;57.232657;0.36;22.44653;0.93320;0.75;0.25;4.05250;93.83860;101.96000;97.42000;37.09000;2134.6;275.0;177.0;46.0;22.88;0.000;0.17498;0.04096;0.00;0.000;0.000;0.699;0.947;0.000;0.557;46.606;0.50;-0.89;19239.5;2856.90;18.07;3.40;1.41;267260.60;58877.28;0.00;18046.5;14.81;3.26;0.00;28/03/2024 16:08:38;
29/03/2024;5;2.0TD;3;0.000073221897000000;0.228;1.268888144;60.408317;0.557;2.195;57.656317;0.43;22.44653;0.93320;0.75;0.25;4.05250;93.83860;101.96000;97.42000;37.09000;2134.6;275.0;177.0;46.0;23.15;0.000;0.17498;0.04096;0.00;0.000;0.000;0.704;0.947;0.000;0.557;46.951;0.57;-0.79;19143.2;2816.50;18.34;3.40;1.41;267255.44;59095.04;0.00;17791.1;15.02;3.32;0.00;28/03/2024 16:08:38;
29/03/2024;6;2.0TD;3;0.000073048863000000;0.224;1.246116937;60.345360;0.557;2.195;57.593360;0.72;22.44653;0.93320;0.75;0.25;4.05250;93.83860;101.96000;97.42000;37.09000;2134.6;275.0;177.0;46.0;22.96;0.000;0.17498;0.04096;0.00;0.000;0.000;0.706;0.947;0.000;0.557;47.053;1.00;-1.50;19021.2;2636.90;18.15;3.40;1.41;267230.36;60139.80;0.00;18035.6;14.82;3.33;0.00;28/03/2024 16:08:38;
29/03/2024;7;2.0TD;3;0.000075816082000000;0.207;1.151888894;60.109121;0.557;2.195;57.357121;1.75;22.44653;0.93320;0.75;0.25;4.05250;93.83860;101.96000;97.42000;37.09000;2134.6;275.0;177.0;46.0;22.39;0.000;0.17498;0.04096;0.00;0.000;0.000;0.713;0.947;0.000;0.557;47.520;2.00;-0.01;18899.4;2669.30;17.58;3.40;1.41;267138.12;59275.20;0.00;18563.6;14.39;3.19;0.00;28/03/2024 16:08:38;
29/03/2024;8;2.0TD;3;0.000078949087000000;0.192;1.066893399;60.291507;0.557;2.195;57.539507;2.79;22.44653;0.93320;0.75;0.25;4.05250;93.83860;101.96000;97.42000;37.09000;2134.6;275.0;177.0;46.0;22.09;0.000;0.17498;0.04096;0.00;0.000;0.000;0.724;0.947;0.000;0.557;48.271;3.10;0.45;19308.0;2537.30;17.28;3.40;1.41;266726.60;61882.80;0.00;19013.8;14.03;3.25;0.00;28/03/2024 16:08:38;
29/03/2024;9;2.0TD;2;0.000089313082000000;0.183;1.124422558;83.715895;19.184;8.779;55.752895;1.29;22.44653;0.93320;0.75;0.25;4.05250;93.83860;101.96000;97.42000;37.09000;2134.6;275.0;177.0;46.0;22.31;0.154;0.17498;0.04096;0.00;0.000;0.000;0.707;0.947;0.000;0.557;47.128;1.47;0.00;19899.5;2785.90;17.50;3.40;1.41;271928.28;73574.28;0.00;19745.0;13.77;3.73;0.00;28/03/2024 16:08:38;
29/03/2024;10;2.0TD;2;0.000108681687000000;0.163;1.000090545;83.197822;19.184;8.779;55.234822;0.84;22.44653;0.93320;0.75;0.25;4.05250;93.83860;101.96000;97.42000;37.09000;2134.6;275.0;177.0;46.0;23.12;0.154;0.17498;0.04096;0.00;0.000;0.000;0.712;0.947;0.000;0.557;47.493;1.00;-0.40;21000.9;2876.20;18.31;3.40;1.41;316669.72;67699.80;0.00;20991.7;15.09;3.23;0.00;28/03/2024 16:08:38;
29/03/2024;11;2.0TD;1;0.000123343843000000;0.160;0.955443205;128.984222;33.081;43.893;52.010222;0.80;22.44653;0.93320;0.75;0.25;4.05250;93.83860;101.96000;97.42000;37.09000;2134.6;275.0;177.0;46.0;19.77;0.926;0.17498;0.04096;0.00;0.000;0.000;0.673;0.947;0.000;0.557;44.836;0.90;0.00;22188.5;2650.80;14.96;3.40;1.41;254305.64;71877.60;0.00;21802.7;11.66;3.30;0.00;28/03/2024 16:08:38;
29/03/2024;12;2.0TD;1;0.000128194269000000;0.158;0.947731211;126.401375;33.081;43.893;49.427375;0.68;22.44653;0.93320;0.75;0.25;4.05250;93.83860;101.96000;97.42000;37.09000;2134.6;275.0;177.0;46.0;17.77;0.926;0.17498;0.04096;0.00;0.000;0.000;0.640;0.947;0.000;0.557;42.683;0.77;0.00;23202.5;2900.80;12.96;3.40;1.41;254318.28;30680.16;0.00;21984.8;11.57;1.40;0.00;28/03/2024 16:08:38;
29/03/2024;13;2.0TD;1;0.000128866303000000;0.157;0.942066798;126.770584;33.081;43.893;49.796584;0.47;22.44653;0.93320;0.75;0.25;4.05250;93.83860;101.96000;97.42000;37.09000;2134.6;275.0;177.0;46.0;18.33;0.926;0.17498;0.04096;0.00;0.000;0.000;0.646;0.947;0.000;0.557;43.039;0.53;0.00;23860.6;2766.00;13.52;3.40;1.41;254345.68;43828.80;0.00;22052.8;11.53;1.99;0.00;28/03/2024 16:08:38;
29/03/2024;14;2.0TD;1;0.000132137524000000;0.154;0.921910568;126.196022;33.081;43.893;49.222022;0.40;22.44653;0.93320;0.75;0.25;4.05250;93.83860;101.96000;97.42000;37.09000;2134.6;275.0;177.0;46.0;18.02;0.926;0.17498;0.04096;0.00;0.000;0.000;0.640;0.947;0.000;0.557;42.653;0.50;-0.53;24440.2;2704.10;13.21;3.40;1.41;254353.52;42511.52;0.00;22468.9;11.32;1.89;0.00;28/03/2024 16:08:38;
29/03/2024;15;2.0TD;2;0.000130085238000000;0.161;0.984882209;75.523828;19.184;8.779;47.560828;0.37;22.44653;0.93320;0.75;0.25;4.05250;93.83860;101.96000;97.42000;37.09000;2134.6;275.0;177.0;46.0;17.16;0.154;0.17498;0.04096;0.00;0.000;0.000;0.614;0.947;0.000;0.557;40.965;0.47;-0.53;24436.7;2870.50;12.35;3.40;1.41;254374.52;22493.16;0.00;22421.5;11.35;1.00;0.00;28/03/2024 16:08:38;
29/03/2024;16;2.0TD;2;0.000118078436000000;0.164;1.007369417;76.178672;19.184;8.779;48.215672;0.29;22.44653;0.93320;0.75;0.25;4.05250;93.83860;101.96000;97.42000;37.09000;2134.6;275.0;177.0;46.0;17.69;0.154;0.17498;0.04096;0.00;0.000;0.000;0.621;0.947;0.000;0.557;41.422;0.40;-0.79;23471.1;2823.90;12.88;3.40;1.41;254379.96;20746.64;0.00;21353.9;11.91;0.97;0.00;28/03/2024 16:08:38;
29/03/2024;17;2.0TD;2;0.000110236848000000;0.170;1.043052427;79.444636;19.184;8.779;51.481636;0.29;22.44653;0.93320;0.75;0.25;4.05250;93.83860;101.96000;97.42000;37.09000;2134.6;275.0;177.0;46.0;20.23;0.154;0.17498;0.04096;0.00;0.000;0.000;0.660;0.947;0.000;0.557;44.001;0.40;-0.79;23115.2;2773.90;15.42;3.40;1.41;254383.32;66519.04;0.00;20808.1;12.23;3.20;0.00;28/03/2024 16:08:38;
29/03/2024;18;2.0TD;2;0.000109511970000000;0.174;1.069521061;78.166056;19.184;8.779;50.203056;0.41;22.44653;0.93320;0.75;0.25;4.05250;93.83860;101.96000;97.42000;37.09000;2134.6;275.0;177.0;46.0;18.89;0.154;0.17498;0.04096;0.00;0.000;0.000;0.641;0.947;0.000;0.557;42.762;0.50;-0.53;22773.3;2544.90;14.08;3.40;1.41;254355.44;39214.88;0.00;20844.3;12.20;1.88;0.00;28/03/2024 16:08:38;
29/03/2024;19;2.0TD;1;0.000115405259000000;0.172;1.027966235;131.449027;33.081;43.893;54.475027;2.95;22.44653;0.93320;0.75;0.25;4.05250;93.83860;101.96000;97.42000;37.09000;2134.6;275.0;177.0;46.0;19.24;0.926;0.17498;0.04096;0.00;0.000;0.000;0.697;0.947;0.000;0.557;46.480;3.20;0.40;21758.1;2152.10;14.43;3.40;1.41;253929.56;58729.28;0.00;21662.7;11.72;2.71;0.00;28/03/2024 16:08:38;
29/03/2024;20;2.0TD;1;0.000134088788000000;0.181;1.086492543;131.399675;33.081;43.893;54.425675;6.69;22.44653;0.93320;0.75;0.25;4.05250;93.83860;101.96000;97.42000;37.09000;2134.6;275.0;177.0;46.0;15.11;0.926;0.17498;0.04096;0.00;0.000;0.000;0.691;0.947;0.000;0.557;46.084;6.82;5.42;22479.4;2394.90;10.30;3.40;1.41;227809.16;11491.20;0.00;23242.5;9.80;0.49;0.00;28/03/2024 16:08:38;
29/03/2024;21;2.0TD;1;0.000158924984000000;0.188;1.125196365;142.577021;33.081;43.893;65.603021;17.47;22.44653;0.93320;0.75;0.25;4.05250;93.83860;101.96000;97.42000;37.09000;2134.6;275.0;177.0;46.0;13.33;0.926;0.17498;0.04096;0.00;0.000;0.000;0.828;0.947;0.000;0.557;55.221;17.47;17.46;23080.1;2168.00;8.52;3.40;1.41;203844.76;6703.20;0.00;24713.9;8.25;0.27;0.00;28/03/2024 16:08:38;
29/03/2024;22;2.0TD;1;0.000166152913000000;0.190;1.136264720;149.006364;33.081;43.893;72.032364;21.42;22.44653;0.93320;0.75;0.25;4.05250;93.83860;101.96000;97.42000;37.09000;2134.6;275.0;177.0;46.0;14.61;0.926;0.17498;0.04096;0.00;0.000;0.000;0.908;0.947;0.000;0.557;60.531;21.42;21.42;23365.1;2007.40;9.80;3.40;1.41;199011.28;20670.00;24859.38;24965.4;7.97;0.83;1.00;28/03/2024 16:08:38;
29/03/2024;23;2.0TD;2;0.000148854781000000;0.205;1.258078385;91.260925;19.184;8.779;63.297925;15.58;22.44653;0.93320;0.75;0.25;4.05250;93.83860;101.96000;97.42000;37.09000;2134.6;275.0;177.0;46.0;13.34;0.154;0.17498;0.04096;0.00;0.000;0.000;0.788;0.947;0.000;0.557;52.529;16.00;11.69;22486.9;2405.30;8.53;3.40;1.41;167351.52;10981.60;24859.38;23820.7;7.03;0.46;1.04;28/03/2024 16:08:38;
29/03/2024;24;2.0TD;2;0.000125359649000000;0.211;1.296905854;91.981787;19.184;8.779;64.018787;14.62;22.44653;0.93320;0.75;0.25;4.05250;93.83860;101.96000;97.42000;37.09000;2134.6;275.0;177.0;46.0;14.63;0.154;0.17498;0.04096;0.00;0.000;0.000;0.793;0.947;0.000;0.557;52.864;15.14;10.14;21878.7;2521.70;9.82;3.40;1.41;172816.16;18891.80;24859.38;22062.6;7.83;0.86;1.13;28/03/2024 16:08:38;
*
