pvpcdata;
2025;01;13;09;30;26;
11/12/2024;1;2.0TD;3;0.000127970169000000;0.243;1.348737522;165.913739;0.557;2.195;163.161739;129.25;-11.11693;0.78753;0.75;0.25;139.09250;94.62480;101.96000;84.74000;90.60000;2681.8;275.0;200.0;53.0;7.08;0.000;0.17498;0.04096;0.00;0.000;1.969;0.947;0.000;0.557;131.264;129.00;133.00;21919.1;1447.20;2.91;3.25;0.92;6684.00;43680.00;24859.38;25764.0;0.26;1.70;0.96;10/12/2024 16:07:21;
11/12/2024;2;2.0TD;3;0.000105264515000000;0.252;1.400536512;149.681052;0.557;2.195;146.929052;114.69;-11.11693;0.78753;0.75;0.25;139.09250;94.62480;101.96000;84.74000;90.60000;2681.8;275.0;200.0;53.0;7.94;0.000;0.17498;0.04096;0.00;0.000;1.760;0.947;0.000;0.557;117.355;114.49;117.80;20210.1;1320.00;3.77;3.25;0.92;8270.24;57730.00;24859.38;24044.4;0.34;2.40;1.03;10/12/2024 16:07:21;
11/12/2024;3;2.0TD;3;0.000092473956000000;0.260;1.444592299;152.052515;0.557;2.195;149.300515;114.55;-11.11693;0.78753;0.75;0.25;139.09250;94.62480;101.96000;84.74000;90.60000;2681.8;275.0;200.0;53.0;9.20;0.000;0.17498;0.04096;0.00;0.000;1.777;0.947;0.000;0.557;118.492;114.49;115.49;18758.5;1303.70;5.03;3.25;0.92;25878.56;64901.60;24859.38;23008.0;1.12;2.82;1.08;10/12/2024 16:07:21;
11/12/2024;4;2.0TD;3;0.000086038215000000;0.263;1.460802795;149.498041;0.557;2.195;146.746041;113.08;-11.11693;0.78753;0.75;0.25;139.09250;94.62480;101.96000;84.74000;90.60000;2681.8;275.0;200.0;53.0;8.40;0.000;0.17498;0.04096;0.00;0.000;1.743;0.947;0.000;0.557;116.188;113.05;113.49;18058.6;1218.80;4.23;3.25;0.92;27786.72;67040.00;0.00;22444.1;1.24;2.99;0.00;10/12/2024 16:07:21;
11/12/2024;5;2.0TD;3;0.000083719964000000;0.265;1.472448074;149.794933;0.557;2.195;147.042933;113.13;-11.11693;0.78753;0.75;0.25;139.09250;94.62480;101.96000;84.74000;90.60000;2681.8;275.0;200.0;53.0;8.40;0.000;0.17498;0.04096;0.00;0.000;1.744;0.947;0.000;0.557;116.239;113.12;113.23;17895.0;1220.50;4.23;3.25;0.92;27748.60;67040.00;0.00;22397.0;1.24;2.99;0.00;10/12/2024 16:07:21;
11/12/2024;6;2.0TD;3;0.000086000721000000;0.256;1.421267780;149.385570;0.557;2.195;146.633570;114.16;-11.11693;0.78753;0.75;0.25;139.09250;94.62480;101.96000;84.74000;90.60000;2681.8;275.0;200.0;53.0;7.87;0.000;0.17498;0.04096;0.00;0.000;1.751;0.947;0.000;0.557;116.746;114.16;114.16;18556.3;1384.90;3.70;3.25;0.92;26947.40;58625.48;0.00;23146.6;1.16;2.53;0.00;10/12/2024 16:07:21;
11/12/2024;7;2.0TD;3;0.000097557020000000;0.231;1.283836550;160.127315;0.557;2.195;157.375315;123.88;-11.11693;0.78753;0.75;0.25;139.09250;94.62480;101.96000;84.74000;90.60000;2681.8;275.0;200.0;53.0;9.08;0.000;0.17498;0.04096;0.00;0.000;1.918;0.947;0.000;0.557;127.843;123.45;130.25;20220.4;1364.90;4.91;3.25;0.92;22379.04;79680.00;24859.38;25835.3;0.87;3.08;0.96;10/12/2024 16:07:21;
11/12/2024;8;2.0TD;3;0.000123816546000000;0.209;1.162627752;195.302747;0.557;2.195;192.550747;156.09;-11.11693;0.78753;0.75;0.25;139.09250;94.62480;101.96000;84.74000;90.60000;2681.8;275.0;200.0;53.0;7.82;0.000;0.17498;0.04096;0.00;0.000;2.389;0.947;0.000;0.557;159.264;155.64;163.64;24707.5;1461.20;3.65;3.25;0.92;984.40;83584.00;24859.38;29990.9;0.03;2.79;0.83;10/12/2024 16:07:21;
11/12/2024;9;2.0TD;2;0.000138542593000000;0.195;1.196026682;231.003625;19.184;8.779;203.040625;165.96;-11.11693;0.78753;0.75;0.25;139.09250;94.62480;101.96000;84.74000;90.60000;2681.8;275.0;200.0;53.0;8.28;0.154;0.17498;0.04096;0.00;0.000;2.549;0.947;0.000;0.557;169.908;165.50;174.52;26641.6;1438.40;4.11;3.25;0.92;2914.28;104256.00;24859.38;32098.3;0.09;3.25;0.77;10/12/2024 16:07:21;
11/12/2024;10;2.0TD;2;0.000143593986000000;0.189;1.161211046;219.505517;19.184;8.779;191.542517;157.71;-11.11693;0.78753;0.75;0.25;139.09250;94.62480;101.96000;84.74000;90.60000;2681.8;275.0;200.0;53.0;7.85;0.154;0.17498;0.04096;0.00;0.000;2.416;0.947;0.000;0.557;161.095;157.50;160.60;27828.3;1990.10;3.68;3.25;0.92;1814.36;94656.00;24859.38;32954.0;0.06;2.87;0.75;10/12/2024 16:07:21;
11/12/2024;11;2.0TD;1;0.000148075481000000;0.181;1.082170652;245.433579;33.081;43.893;168.459579;139.51;-11.11693;0.78753;0.75;0.25;139.09250;94.62480;101.96000;84.74000;90.60000;2681.8;275.0;200.0;53.0;7.10;0.926;0.17498;0.04096;0.00;0.000;2.140;0.947;0.000;0.557;142.641;139.50;139.61;28458.5;2270.60;2.93;3.25;0.92;1186.88;69832.00;24859.38;32767.6;0.04;2.13;0.76;10/12/2024 16:07:21;
11/12/2024;12;2.0TD;1;0.000145699972000000;0.178;1.067781928;227.604239;33.081;43.893;150.630239;125.00;-11.11693;0.78753;0.75;0.25;139.09250;94.62480;101.96000;84.74000;90.60000;2681.8;275.0;200.0;53.0;7.06;0.926;0.17498;0.04096;0.00;0.000;1.918;0.947;0.000;0.557;127.869;125.00;125.00;26691.0;1827.40;2.89;3.25;0.92;11775.04;57936.00;24859.38;32744.6;0.36;1.77;0.76;10/12/2024 16:07:21;
11/12/2024;13;2.0TD;1;0.000145381286000000;0.177;1.058400518;220.497936;33.081;43.893;143.523936;119.13;-11.11693;0.78753;0.75;0.25;139.09250;94.62480;101.96000;84.74000;90.60000;2681.8;275.0;200.0;53.0;7.09;0.926;0.17498;0.04096;0.00;0.000;1.829;0.947;0.000;0.557;121.940;119.31;116.41;26822.6;1787.10;2.92;3.25;0.92;12668.20;57851.04;24859.38;32603.4;0.39;1.77;0.76;10/12/2024 16:07:21;
11/12/2024;14;2.0TD;1;0.000152769203000000;0.176;1.055466585;223.480636;33.081;43.893;146.506636;121.54;-11.11693;0.78753;0.75;0.25;139.09250;94.62480;101.96000;84.74000;90.60000;2681.8;275.0;200.0;53.0;7.28;0.926;0.17498;0.04096;0.00;0.000;1.869;0.947;0.000;0.557;124.580;121.60;120.70;26792.9;1775.10;3.11;3.25;0.92;12308.80;64320.00;24859.38;32610.8;0.38;1.97;0.76;10/12/2024 16:07:21;
11/12/2024;15;2.0TD;2;0.000155112360000000;0.176;1.078819132;183.182620;19.184;8.779;155.219620;130.00;-11.11693;0.78753;0.75;0.25;139.09250;94.62480;101.96000;84.74000;90.60000;2681.8;275.0;200.0;53.0;6.89;0.154;0.17498;0.04096;0.00;0.000;1.980;0.947;0.000;0.557;131.989;130.00;130.00;26702.7;1914.20;2.72;3.25;0.92;10990.00;52800.00;24859.38;32499.8;0.34;1.62;0.76;10/12/2024 16:07:21;
11/12/2024;16;2.0TD;2;0.000149616174000000;0.182;1.119511766;191.726113;19.184;8.779;163.763113;134.76;-11.11693;0.78753;0.75;0.25;139.09250;94.62480;101.96000;84.74000;90.60000;2681.8;275.0;200.0;53.0;8.59;0.154;0.17498;0.04096;0.00;0.000;2.078;0.947;0.000;0.557;138.547;134.76;134.76;26812.1;2027.20;4.42;3.25;0.92;10242.56;107200.00;24859.38;32175.6;0.32;3.33;0.77;10/12/2024 16:07:21;
11/12/2024;17;2.0TD;2;0.000147267405000000;0.186;1.142920730;199.264656;19.184;8.779;171.301656;141.42;-11.11693;0.78753;0.75;0.25;139.09250;94.62480;101.96000;84.74000;90.60000;2681.8;275.0;200.0;53.0;7.73;0.154;0.17498;0.04096;0.00;0.000;2.167;0.947;0.000;0.557;144.436;141.00;150.00;27338.8;1353.30;3.56;3.25;0.92;343.88;88512.00;24859.38;32014.0;0.01;2.76;0.78;10/12/2024 16:07:21;
11/12/2024;18;2.0TD;2;0.000156525286000000;0.195;1.199212954;221.830805;19.184;8.779;193.867805;158.98;-11.11693;0.78753;0.75;0.25;139.09250;94.62480;101.96000;84.74000;90.60000;2681.8;275.0;200.0;53.0;7.70;0.154;0.17498;0.04096;0.00;0.000;2.433;0.947;0.000;0.557;162.232;158.66;165.19;27792.7;1416.20;3.53;3.25;0.92;1315.16;89792.00;24859.38;32845.4;0.04;2.73;0.76;10/12/2024 16:07:21;
11/12/2024;19;2.0TD;1;0.000179767842000000;0.205;1.227794844;282.511419;33.081;43.893;205.537419;167.89;-11.11693;0.78753;0.75;0.25;139.09250;94.62480;101.96000;84.74000;90.60000;2681.8;275.0;200.0;53.0;6.23;0.926;0.17498;0.04096;0.00;0.000;2.559;0.947;0.000;0.557;170.570;167.62;172.84;28051.5;1544.10;2.06;3.25;0.92;2083.48;43872.00;24859.38;34297.1;0.06;1.28;0.72;10/12/2024 16:07:21;
11/12/2024;20;2.0TD;1;0.000193216765000000;0.207;1.240148422;285.400537;33.081;43.893;208.426537;170.26;-11.11693;0.78753;0.75;0.25;139.09250;94.62480;101.96000;84.74000;90.60000;2681.8;275.0;200.0;53.0;5.94;0.926;0.17498;0.04096;0.00;0.000;2.590;0.947;0.000;0.557;172.681;170.00;175.00;28236.4;1567.20;1.77;3.25;0.92;2516.20;34440.00;24859.38;34779.0;0.07;0.99;0.71;10/12/2024 16:07:21;
11/12/2024;21;2.0TD;1;0.000205207401000000;0.211;1.263928399;297.119840;33.081;43.893;220.145840;179.31;-11.11693;0.78753;0.75;0.25;139.09250;94.62480;101.96000;84.74000;90.60000;2681.8;275.0;200.0;53.0;5.86;0.926;0.17498;0.04096;0.00;0.000;2.727;0.947;0.000;0.557;181.788;179.07;183.68;28587.5;1566.50;1.69;3.25;0.92;2595.08;31560.00;24859.38;35025.2;0.07;0.90;0.71;10/12/2024 16:07:21;
11/12/2024;22;2.0TD;1;0.000207263562000000;0.216;1.294154037;281.078959;33.081;43.893;204.104959;165.44;-11.11693;0.78753;0.75;0.25;139.09250;94.62480;101.96000;84.74000;90.60000;2681.8;275.0;200.0;53.0;6.00;0.926;0.17498;0.04096;0.00;0.000;2.518;0.947;0.000;0.557;167.849;165.20;170.30;27909.2;1401.30;1.83;3.25;0.92;1576.40;36000.00;24859.38;34082.2;0.05;1.06;0.73;10/12/2024 16:07:21;
11/12/2024;23;2.0TD;2;0.000189459123000000;0.221;1.356414658;212.934088;19.184;8.779;184.971088;150.23;-11.11693;0.78753;0.75;0.25;139.09250;94.62480;101.96000;84.74000;90.60000;2681.8;275.0;200.0;53.0;5.87;0.154;0.17498;0.04096;0.00;0.000;2.272;0.947;0.000;0.557;151.491;150.00;155.00;27085.1;1314.10;1.70;3.25;0.92;920.92;27000.00;24859.38;31168.9;0.03;0.87;0.80;10/12/2024 16:07:21;
11/12/2024;24;2.0TD;2;0.000159693491000000;0.230;1.411207257;197.615021;19.184;8.779;169.652021;136.18;-11.11693;0.78753;0.75;0.25;139.09250;94.62480;101.96000;84.74000;90.60000;2681.8;275.0;200.0;53.0;6.56;0.154;0.17498;0.04096;0.00;0.000;2.069;0.947;0.000;0.557;137.928;136.10;137.54;23491.1;1324.80;2.39;3.25;0.92;335.72;42280.00;24859.38;28243.0;0.01;1.50;0.88;10/12/2024 16:07:21;
*
