pvpcdata;
2024;12;11;12;05;37;
19/11/2024;1;2.0TD;3;0.000101685649000000;0.214;1.186668555;175.235081;0.557;2.195;172.483081;139.22;-10.09340;1.01087;0.75;0.25;133.49042;93.11680;101.96000;84.74000;75.52000;2061.6;275.0;200.0;46.0;9.21;0.000;0.17498;0.04096;0.00;0.000;2.131;0.947;0.000;0.557;142.078;139.31;138.31;16452.6;1559.30;4.97;3.21;1.03;59139.52;29343.36;24859.38;22828.0;2.59;1.29;1.09;18/11/2024 16:08:33;
19/11/2024;2;2.0TD;3;0.000084310043000000;0.229;1.272261432;171.040593;0.557;2.195;168.288593;134.47;-10.09340;1.01087;0.75;0.25;133.49042;93.11680;101.96000;84.74000;75.52000;2061.6;275.0;200.0;46.0;8.89;0.000;0.17498;0.04096;0.00;0.000;2.054;0.947;0.000;0.557;136.931;135.01;129.02;15404.1;1526.40;4.65;3.21;1.03;63809.56;12784.00;24859.38;21844.5;2.92;0.59;1.14;18/11/2024 16:08:33;
19/11/2024;3;2.0TD;3;0.000074741182000000;0.232;1.287350316;170.776251;0.557;2.195;168.024251;133.50;-10.09340;1.01087;0.75;0.25;133.49042;93.11680;101.96000;84.74000;75.52000;2061.6;275.0;200.0;46.0;9.32;0.000;0.17498;0.04096;0.00;0.000;2.046;0.947;0.000;0.557;136.383;133.50;133.50;15365.8;1396.50;5.08;3.21;1.03;65180.44;15852.16;24859.38;20839.4;3.13;0.76;1.19;18/11/2024 16:08:33;
19/11/2024;4;2.0TD;3;0.000070209350000000;0.233;1.296938210;168.934902;0.557;2.195;166.182902;132.62;-10.09340;1.01087;0.75;0.25;133.49042;93.11680;101.96000;84.74000;75.52000;2061.6;275.0;200.0;46.0;8.62;0.000;0.17498;0.04096;0.00;0.000;2.022;0.947;0.000;0.557;134.779;132.62;132.62;14747.6;1400.00;4.38;3.21;1.03;73685.40;15852.16;0.00;20428.7;3.61;0.78;0.00;18/11/2024 16:08:33;
19/11/2024;5;2.0TD;3;0.000068767809000000;0.232;1.289570957;159.731371;0.557;2.195;156.979371;124.89;-10.09340;1.01087;0.75;0.25;133.49042;93.11680;101.96000;84.74000;75.52000;2061.6;275.0;200.0;46.0;9.10;0.000;0.17498;0.04096;0.00;0.000;1.911;0.947;0.000;0.557;127.418;125.33;120.32;15364.5;1472.30;4.86;3.21;1.03;84034.68;15832.32;0.00;20562.8;4.09;0.77;0.00;18/11/2024 16:08:33;
19/11/2024;6;2.0TD;3;0.000071335673000000;0.230;1.276609011;159.389204;0.557;2.195;156.637204;124.98;-10.09340;1.01087;0.75;0.25;133.49042;93.11680;101.96000;84.74000;75.52000;2061.6;275.0;200.0;46.0;8.94;0.000;0.17498;0.04096;0.00;0.000;1.910;0.947;0.000;0.557;127.347;125.48;119.75;15569.3;1503.70;4.70;3.21;1.03;83747.12;15832.32;0.00;21203.1;3.95;0.75;0.00;18/11/2024 16:08:33;
19/11/2024;7;2.0TD;3;0.000082516998000000;0.208;1.155871524;168.422339;0.557;2.195;165.670339;136.00;-10.09340;1.01087;0.75;0.25;133.49042;93.11680;101.96000;84.74000;75.52000;2061.6;275.0;200.0;46.0;7.57;0.000;0.17498;0.04096;0.00;0.000;2.057;0.947;0.000;0.557;137.144;136.00;136.00;16421.1;1303.60;3.33;3.21;1.03;26738.88;26706.64;24859.38;23556.5;1.14;1.13;1.06;18/11/2024 16:08:33;
19/11/2024;8;2.0TD;3;0.000106721087000000;0.192;1.068450916;173.525454;0.557;2.195;170.773454;142.36;-10.09340;1.01087;0.75;0.25;133.49042;93.11680;101.96000;84.74000;75.52000;2061.6;275.0;200.0;46.0;7.24;0.000;0.17498;0.04096;0.00;0.000;2.149;0.947;0.000;0.557;143.266;142.36;142.36;18267.1;1329.00;3.00;3.21;1.03;7636.48;48303.36;24859.38;26954.8;0.28;1.79;0.92;18/11/2024 16:08:33;
19/11/2024;9;2.0TD;2;0.000115421988000000;0.189;1.158738874;202.367090;19.184;8.779;174.404090;145.61;-10.09340;1.01087;0.75;0.25;133.49042;93.11680;101.96000;84.74000;75.52000;2061.6;275.0;200.0;46.0;7.20;0.154;0.17498;0.04096;0.00;0.000;2.200;0.947;0.000;0.557;146.681;145.61;145.61;20644.1;1300.30;2.96;3.21;1.03;6580.52;53766.24;24859.38;28763.3;0.23;1.87;0.86;18/11/2024 16:08:33;
19/11/2024;10;2.0TD;2;0.000116392691000000;0.170;1.043088461;191.764545;19.184;8.779;163.801545;139.31;-10.09340;1.01087;0.75;0.25;133.49042;93.11680;101.96000;84.74000;75.52000;2061.6;275.0;200.0;46.0;6.92;0.154;0.17498;0.04096;0.00;0.000;2.100;0.947;0.000;0.557;140.001;139.31;139.31;21106.1;1476.50;2.68;3.21;1.03;8495.68;44049.60;24859.38;28872.1;0.29;1.53;0.86;18/11/2024 16:08:33;
19/11/2024;11;2.0TD;1;0.000118104649000000;0.165;0.988904820;241.083263;33.081;43.893;164.109263;139.16;-10.09340;1.01087;0.75;0.25;133.49042;93.11680;101.96000;84.74000;75.52000;2061.6;275.0;200.0;46.0;7.15;0.926;0.17498;0.04096;0.00;0.000;2.113;0.947;0.000;0.557;140.866;139.33;136.55;21913.1;1443.90;2.91;3.21;1.03;13841.32;45428.16;24859.38;28968.4;0.48;1.57;0.86;18/11/2024 16:08:33;
19/11/2024;12;2.0TD;1;0.000116496328000000;0.164;0.981544815;242.703529;33.081;43.893;165.729529;137.34;-10.09340;1.01087;0.75;0.25;133.49042;93.11680;101.96000;84.74000;75.52000;2061.6;275.0;200.0;46.0;10.46;0.926;0.17498;0.04096;0.00;0.000;2.136;0.947;0.000;0.557;142.379;139.00;121.61;21053.6;2216.60;6.22;3.21;1.03;14726.48;141784.00;24859.38;29169.4;0.50;4.86;0.85;18/11/2024 16:08:33;
19/11/2024;13;2.0TD;1;0.000117540330000000;0.163;0.973881713;234.933033;33.081;43.893;157.959033;129.67;-10.09340;1.01087;0.75;0.25;133.49042;93.11680;101.96000;84.74000;75.52000;2061.6;275.0;200.0;46.0;11.67;0.926;0.17498;0.04096;0.00;0.000;2.037;0.947;0.000;0.557;135.820;130.53;120.53;20974.9;1968.60;7.43;3.21;1.03;39829.12;150803.40;24859.38;29019.6;1.37;5.20;0.86;18/11/2024 16:08:33;
19/11/2024;14;2.0TD;1;0.000124773476000000;0.162;0.968482833;209.940870;33.081;43.893;132.966870;108.42;-10.09340;1.01087;0.75;0.25;133.49042;93.11680;101.96000;84.74000;75.52000;2061.6;275.0;200.0;46.0;11.85;0.926;0.17498;0.04096;0.00;0.000;1.716;0.947;0.000;0.557;114.429;108.50;107.50;21139.4;1848.30;7.61;3.21;1.03;66984.80;129796.32;24859.38;29111.6;2.30;4.46;0.85;18/11/2024 16:08:33;
19/11/2024;15;2.0TD;2;0.000126645387000000;0.167;1.022853311;147.732584;19.184;8.779;119.769584;96.63;-10.09340;1.01087;0.75;0.25;133.49042;93.11680;101.96000;84.74000;75.52000;2061.6;275.0;200.0;46.0;12.79;0.154;0.17498;0.04096;0.00;0.000;1.539;0.947;0.000;0.557;102.630;96.63;96.63;21406.6;1749.40;8.55;3.21;1.03;96192.68;127285.92;24859.38;29055.5;3.31;4.38;0.86;18/11/2024 16:08:33;
19/11/2024;16;2.0TD;2;0.000121348564000000;0.173;1.061476646;156.243829;19.184;8.779;128.280829;100.00;-10.09340;1.01087;0.75;0.25;133.49042;93.11680;101.96000;84.74000;75.52000;2061.6;275.0;200.0;46.0;16.05;0.154;0.17498;0.04096;0.00;0.000;1.640;0.947;0.000;0.557;109.361;100.00;100.00;20821.5;1673.60;11.81;3.21;1.03;92848.08;217752.00;24859.38;28406.5;3.27;7.67;0.88;18/11/2024 16:08:33;
19/11/2024;17;2.0TD;2;0.000118789743000000;0.175;1.076128733;199.382952;19.184;8.779;171.419952;133.71;-10.09340;1.01087;0.75;0.25;133.49042;93.11680;101.96000;84.74000;75.52000;2061.6;275.0;200.0;46.0;18.32;0.154;0.17498;0.04096;0.00;0.000;2.188;0.947;0.000;0.557;145.889;134.02;130.00;20230.9;1718.40;14.08;3.21;1.03;14523.24;357320.16;24859.38;28163.9;0.52;12.69;0.88;18/11/2024 16:08:33;
19/11/2024;18;2.0TD;2;0.000126968246000000;0.179;1.096561475;216.736605;19.184;8.779;188.773605;146.75;-10.09340;1.01087;0.75;0.25;133.49042;93.11680;101.96000;84.74000;75.52000;2061.6;275.0;200.0;46.0;19.29;0.154;0.17498;0.04096;0.00;0.000;2.402;0.947;0.000;0.557;160.113;146.98;143.98;21140.8;1756.80;15.05;3.21;1.03;-2149.04;407554.40;24859.38;28592.5;-0.08;14.25;0.87;18/11/2024 16:08:33;
19/11/2024;19;2.0TD;1;0.000149030913000000;0.179;1.073980554;253.612158;33.081;43.893;176.638158;147.48;-10.09340;1.01087;0.75;0.25;133.49042;93.11680;101.96000;84.74000;75.52000;2061.6;275.0;200.0;46.0;7.65;0.926;0.17498;0.04096;0.00;0.000;2.247;0.947;0.000;0.557;149.820;147.48;147.48;21442.2;2135.10;3.41;3.21;1.03;26328.72;50880.00;24859.38;29909.9;0.88;1.70;0.83;18/11/2024 16:08:33;
19/11/2024;20;2.0TD;1;0.000163880851000000;0.183;1.098356627;253.742971;33.081;43.893;176.768971;147.44;-10.09340;1.01087;0.75;0.25;133.49042;93.11680;101.96000;84.74000;75.52000;2061.6;275.0;200.0;46.0;7.30;0.926;0.17498;0.04096;0.00;0.000;2.241;0.947;0.000;0.557;149.424;147.48;146.98;21937.4;2167.90;3.06;3.21;1.03;28983.60;39840.00;24859.38;30651.8;0.95;1.30;0.81;18/11/2024 16:08:33;
19/11/2024;21;2.0TD;1;0.000175821363000000;0.186;1.115263846;254.179384;33.081;43.893;177.205384;147.44;-10.09340;1.01087;0.75;0.25;133.49042;93.11680;101.96000;84.74000;75.52000;2061.6;275.0;200.0;46.0;7.29;0.926;0.17498;0.04096;0.00;0.000;2.241;0.947;0.000;0.557;149.414;147.48;146.98;22397.7;2165.00;3.05;3.21;1.03;29886.52;39840.00;24859.38;31027.5;0.96;1.28;0.80;18/11/2024 16:08:33;
19/11/2024;22;2.0TD;1;0.000175806471000000;0.191;1.141333519;254.285698;33.081;43.893;177.311698;146.49;-10.09340;1.01087;0.75;0.25;133.49042;93.11680;101.96000;84.74000;75.52000;2061.6;275.0;200.0;46.0;7.71;0.926;0.17498;0.04096;0.00;0.000;2.233;0.947;0.000;0.557;148.876;146.50;146.35;22180.7;2275.10;3.47;3.21;1.03;32470.40;46720.00;24859.38;29965.3;1.08;1.56;0.83;18/11/2024 16:08:33;
19/11/2024;23;2.0TD;2;0.000156347457000000;0.201;1.234207068;198.274793;19.184;8.779;170.311793;139.38;-10.09340;1.01087;0.75;0.25;133.49042;93.11680;101.96000;84.74000;75.52000;2061.6;275.0;200.0;46.0;8.63;0.154;0.17498;0.04096;0.00;0.000;2.127;0.947;0.000;0.557;141.808;139.83;134.83;19344.8;1936.00;4.39;3.21;1.03;21667.68;73200.00;24859.38;27248.6;0.80;2.69;0.91;18/11/2024 16:08:33;
19/11/2024;24;2.0TD;2;0.000128451016000000;0.213;1.303889520;184.607783;19.184;8.779;156.644783;125.03;-10.09340;1.01087;0.75;0.25;133.49042;93.11680;101.96000;84.74000;75.52000;2061.6;275.0;200.0;46.0;10.50;0.154;0.17498;0.04096;0.00;0.000;1.937;0.947;0.000;0.557;129.138;125.48;120.48;17833.2;1748.30;6.26;3.21;1.03;45411.56;84800.00;24859.38;24744.5;1.84;3.43;1.00;18/11/2024 16:08:33;
*
