pvpcdata;
2024;10;09;11;29;46;
25/09/2024;1;2.0TD;3;0.000090029817000000;0.162;0.902739836;136.651062;0.557;2.195;133.899062;92.22;8.36500;1.29625;0.75;0.25;57.22500;90.68500;101.96000;73.51000;91.63000;1718.8;275.0;234.0;48.0;8.72;0.000;0.17498;0.04096;0.00;0.000;1.728;0.947;0.000;0.557;115.231;92.40;89.40;17543.3;1120.70;4.59;3.08;1.05;26079.48;54500.16;24859.38;22957.4;1.14;2.37;1.08;24/09/2024 16:16:43;
25/09/2024;2;2.0TD;3;0.000077303523000000;0.170;0.944899601;122.132425;0.557;2.195;119.380425;75.81;8.36500;1.29625;0.75;0.25;57.22500;90.68500;101.96000;73.51000;91.63000;1718.8;275.0;234.0;48.0;12.13;0.000;0.17498;0.04096;0.00;0.000;1.531;0.947;0.000;0.557;102.034;75.49;80.49;17350.6;1170.10;8.00;3.08;1.05;53538.92;98198.40;24859.38;22076.8;2.43;4.45;1.13;24/09/2024 16:16:43;
25/09/2024;3;2.0TD;3;0.000070023261000000;0.173;0.961780103;120.115988;0.557;2.195;117.363988;73.09;8.36500;1.29625;0.75;0.25;57.22500;90.68500;101.96000;73.51000;91.63000;1718.8;275.0;234.0;48.0;12.90;0.000;0.17498;0.04096;0.00;0.000;1.501;0.947;0.000;0.557;100.054;73.08;73.18;16682.9;1209.70;8.77;3.08;1.05;61464.04;101505.92;24859.38;21422.1;2.87;4.74;1.16;24/09/2024 16:16:43;
25/09/2024;4;2.0TD;3;0.000066231328000000;0.176;0.976852288;120.654880;0.557;2.195;117.902880;72.45;8.36500;1.29625;0.75;0.25;57.22500;90.68500;101.96000;73.51000;91.63000;1718.8;275.0;234.0;48.0;13.74;0.000;0.17498;0.04096;0.00;0.000;1.504;0.947;0.000;0.557;100.257;72.72;67.59;16189.3;911.00;9.61;3.08;1.05;98934.84;104753.60;0.00;21199.4;4.67;4.94;0.00;24/09/2024 16:16:43;
25/09/2024;5;2.0TD;3;0.000064317142000000;0.176;0.979712855;108.572656;0.557;2.195;105.820656;60.92;8.36500;1.29625;0.75;0.25;57.22500;90.68500;101.96000;73.51000;91.63000;1718.8;275.0;234.0;48.0;15.15;0.000;0.17498;0.04096;0.00;0.000;1.350;0.947;0.000;0.557;89.983;60.80;62.93;16607.2;973.90;11.02;3.08;1.05;112186.88;120548.52;0.00;21118.3;5.31;5.71;0.00;24/09/2024 16:16:43;
25/09/2024;6;2.0TD;3;0.000064761152000000;0.172;0.957003679;107.795490;0.557;2.195;105.043490;60.75;8.36500;1.29625;0.75;0.25;57.22500;90.68500;101.96000;73.51000;91.63000;1718.8;275.0;234.0;48.0;14.97;0.000;0.17498;0.04096;0.00;0.000;1.344;0.947;0.000;0.557;89.627;60.70;61.70;16885.6;930.50;10.84;3.08;1.05;112852.32;120751.52;0.00;21550.4;5.24;5.60;0.00;24/09/2024 16:16:43;
25/09/2024;7;2.0TD;3;0.000070698703000000;0.160;0.887493253;104.412719;0.557;2.195;101.660719;61.12;8.36500;1.29625;0.75;0.25;57.22500;90.68500;101.96000;73.51000;91.63000;1718.8;275.0;234.0;48.0;12.64;0.000;0.17498;0.04096;0.00;0.000;1.315;0.947;0.000;0.557;87.638;60.70;69.28;18780.6;970.00;8.51;3.08;1.05;111031.20;67072.00;24859.38;23850.9;4.66;2.81;1.04;24/09/2024 16:16:43;
25/09/2024;8;2.0TD;3;0.000084666713000000;0.151;0.839458813;125.825611;0.557;2.195;123.073611;84.36;8.36500;1.29625;0.75;0.25;57.22500;90.68500;101.96000;73.51000;91.63000;1718.8;275.0;234.0;48.0;8.40;0.000;0.17498;0.04096;0.00;0.000;1.604;0.947;0.000;0.557;106.927;84.24;85.84;18970.1;1502.90;4.27;3.08;1.05;59656.00;29284.20;24859.38;26668.4;2.24;1.10;0.93;24/09/2024 16:16:43;
25/09/2024;9;2.0TD;2;0.000088530442000000;0.154;0.944077072;163.065878;19.184;8.779;135.102878;88.17;8.36500;1.29625;0.75;0.25;57.22500;90.68500;101.96000;73.51000;91.63000;1718.8;275.0;234.0;48.0;14.43;0.154;0.17498;0.04096;0.00;0.000;1.756;0.947;0.000;0.557;117.073;88.09;89.09;19954.9;1741.10;10.30;3.08;1.05;59099.68;203320.00;24859.38;27890.6;2.12;7.29;0.89;24/09/2024 16:16:43;
25/09/2024;10;2.0TD;2;0.000091084820000000;0.140;0.859617545;141.520168;19.184;8.779;113.557168;70.92;8.36500;1.29625;0.75;0.25;57.22500;90.68500;101.96000;73.51000;91.63000;1718.8;275.0;234.0;48.0;14.48;0.154;0.17498;0.04096;0.00;0.000;1.494;0.947;0.000;0.557;99.611;70.76;73.76;22591.2;1242.20;10.35;3.08;1.05;77088.20;192000.00;24859.38;28402.2;2.71;6.76;0.88;24/09/2024 16:16:43;
25/09/2024;11;2.0TD;1;0.000094168181000000;0.144;0.864337368;178.470310;33.081;43.893;101.496310;61.73;8.36500;1.29625;0.75;0.25;57.22500;90.68500;101.96000;73.51000;91.63000;1718.8;275.0;234.0;48.0;12.17;0.926;0.17498;0.04096;0.00;0.000;1.331;0.947;0.000;0.557;88.720;61.50;66.50;25068.0;1212.50;8.04;3.08;1.05;91630.96;116547.20;24859.38;28989.1;3.16;4.02;0.86;24/09/2024 16:16:43;
25/09/2024;12;2.0TD;1;0.000095061593000000;0.149;0.893543203;165.767055;33.081;43.893;88.793055;52.25;8.36500;1.29625;0.75;0.25;57.22500;90.68500;101.96000;73.51000;91.63000;1718.8;275.0;234.0;48.0;10.38;0.926;0.17498;0.04096;0.00;0.000;1.159;0.947;0.000;0.557;77.278;52.10;56.10;27936.8;1092.80;6.25;3.08;1.05;102694.72;55968.00;24859.38;29387.9;3.49;1.90;0.85;24/09/2024 16:16:43;
25/09/2024;13;2.0TD;1;0.000098628348000000;0.144;0.863393782;152.082806;33.081;43.893;75.108806;40.00;8.36500;1.29625;0.75;0.25;57.22500;90.68500;101.96000;73.51000;91.63000;1718.8;275.0;234.0;48.0;11.18;0.926;0.17498;0.04096;0.00;0.000;0.985;0.947;0.000;0.557;65.654;40.00;40.00;28544.0;1276.60;7.05;3.08;1.05;140717.32;43966.80;24859.38;29745.4;4.73;1.48;0.84;24/09/2024 16:16:43;
25/09/2024;14;2.0TD;1;0.000105507927000000;0.138;0.824143632;144.883639;33.081;43.893;67.909639;34.27;8.36500;1.29625;0.75;0.25;57.22500;90.68500;101.96000;73.51000;91.63000;1718.8;275.0;234.0;48.0;11.02;0.926;0.17498;0.04096;0.00;0.000;0.895;0.947;0.000;0.557;59.674;34.27;34.27;28339.5;1336.50;6.89;3.08;1.05;147605.12;33346.48;24859.38;29859.8;4.94;1.12;0.83;24/09/2024 16:16:43;
25/09/2024;15;2.0TD;2;0.000106067630000000;0.136;0.835031316;99.972394;19.184;8.779;72.009394;36.23;8.36500;1.29625;0.75;0.25;57.22500;90.68500;101.96000;73.51000;91.63000;1718.8;275.0;234.0;48.0;13.49;0.154;0.17498;0.04096;0.00;0.000;0.951;0.947;0.000;0.557;63.388;36.23;36.23;28584.4;1483.60;9.36;3.08;1.05;209256.40;40652.80;24859.38;29375.1;7.12;1.38;0.85;24/09/2024 16:16:43;
25/09/2024;16;2.0TD;2;0.000100700323000000;0.141;0.863783371;76.415053;19.184;8.779;48.452053;15.00;8.36500;1.29625;0.75;0.25;57.22500;90.68500;101.96000;73.51000;91.63000;1718.8;275.0;234.0;48.0;14.11;0.154;0.17498;0.04096;0.00;0.000;0.637;0.947;0.000;0.557;42.464;15.00;15.00;28812.8;1390.60;9.98;3.08;1.05;241425.00;21226.40;24859.38;28800.3;8.38;0.74;0.86;24/09/2024 16:16:43;
25/09/2024;17;2.0TD;2;0.000098949810000000;0.147;0.904273924;75.702919;19.184;8.779;47.739919;14.04;8.36500;1.29625;0.75;0.25;57.22500;90.68500;101.96000;73.51000;91.63000;1718.8;275.0;234.0;48.0;14.24;0.154;0.17498;0.04096;0.00;0.000;0.624;0.947;0.000;0.557;41.621;14.00;15.00;28603.7;1260.90;10.11;3.08;1.05;242747.92;20777.40;24859.38;28525.1;8.51;0.73;0.87;24/09/2024 16:16:43;
25/09/2024;18;2.0TD;2;0.000102419094000000;0.149;0.913513895;98.183619;19.184;8.779;70.220619;34.43;8.36500;1.29625;0.75;0.25;57.22500;90.68500;101.96000;73.51000;91.63000;1718.8;275.0;234.0;48.0;13.05;0.154;0.17498;0.04096;0.00;0.000;0.917;0.947;0.000;0.557;61.114;34.23;40.33;27930.5;936.80;8.92;3.08;1.05;146608.40;82449.36;24859.38;28457.7;5.15;2.90;0.87;24/09/2024 16:16:43;
25/09/2024;19;2.0TD;1;0.000105598845000000;0.158;0.945445200;162.935294;33.081;43.893;85.961294;42.59;8.36500;1.29625;0.75;0.25;57.22500;90.68500;101.96000;73.51000;91.63000;1718.8;275.0;234.0;48.0;17.04;0.926;0.17498;0.04096;0.00;0.000;1.113;0.947;0.000;0.557;74.232;41.91;56.91;25474.2;1216.90;12.91;3.08;1.05;98777.08;244449.60;24859.38;28504.5;3.47;8.58;0.87;24/09/2024 16:16:43;
25/09/2024;20;2.0TD;1;0.000110207032000000;0.157;0.939518099;181.914538;33.081;43.893;104.940538;61.12;8.36500;1.29625;0.75;0.25;57.22500;90.68500;101.96000;73.51000;91.63000;1718.8;275.0;234.0;48.0;14.73;0.926;0.17498;0.04096;0.00;0.000;1.361;0.947;0.000;0.557;90.700;60.80;66.32;22032.5;1348.40;10.60;3.08;1.05;83126.88;198951.00;24859.38;28971.8;2.87;6.87;0.86;24/09/2024 16:16:43;
25/09/2024;21;2.0TD;1;0.000131067000000000;0.151;0.901605280;192.470578;33.081;43.893;115.496578;74.00;8.36500;1.29625;0.75;0.25;57.22500;90.68500;101.96000;73.51000;91.63000;1718.8;275.0;234.0;48.0;11.35;0.926;0.17498;0.04096;0.00;0.000;1.505;0.947;0.000;0.557;100.344;74.00;74.00;23067.4;1205.00;7.22;3.08;1.05;112901.88;81789.40;24859.38;30427.5;3.71;2.69;0.82;24/09/2024 16:16:43;
25/09/2024;22;2.0TD;1;0.000141381054000000;0.144;0.864540325;191.686942;33.081;43.893;114.712942;73.08;8.36500;1.29625;0.75;0.25;57.22500;90.68500;101.96000;73.51000;91.63000;1718.8;275.0;234.0;48.0;12.20;0.926;0.17498;0.04096;0.00;0.000;1.504;0.947;0.000;0.557;100.273;73.08;73.08;22947.8;1012.70;8.07;3.08;1.05;144966.00;73589.60;24859.38;30138.1;4.81;2.44;0.82;24/09/2024 16:16:43;
25/09/2024;23;2.0TD;2;0.000125079414000000;0.151;0.927659335;125.987398;19.184;8.779;98.024398;57.56;8.36500;1.29625;0.75;0.25;57.22500;90.68500;101.96000;73.51000;91.63000;1718.8;275.0;234.0;48.0;13.61;0.154;0.17498;0.04096;0.00;0.000;1.277;0.947;0.000;0.557;85.164;57.30;63.03;22196.1;1067.40;9.48;3.08;1.05;167227.92;66010.56;24859.38;27217.6;6.14;2.43;0.91;24/09/2024 16:16:43;
25/09/2024;24;2.0TD;2;0.000105545662000000;0.158;0.967227320;109.054904;19.184;8.779;81.091904;40.00;8.36500;1.29625;0.75;0.25;57.22500;90.68500;101.96000;73.51000;91.63000;1718.8;275.0;234.0;48.0;16.26;0.154;0.17498;0.04096;0.00;0.000;1.050;0.947;0.000;0.557;70.027;40.00;40.00;22173.7;1207.90;12.13;3.08;1.05;196141.40;82154.80;24859.38;24984.9;7.85;3.29;0.99;24/09/2024 16:16:43;
*
