pvpcdata;
2024;10;09;11;29;37;
15/09/2024;1;2.0TD;3;0.000098401089000000;0.173;0.961172107;115.020959;0.557;2.195;112.268959;61.64;14.54219;1.21265;0.75;0.25;32.51625;90.68500;101.96000;73.51000;91.63000;1837.3;275.0;234.0;48.0;13.28;0.000;0.17498;0.04096;0.00;0.000;1.436;0.947;0.000;0.557;95.711;61.70;60.70;16935.1;999.90;9.15;3.08;1.05;149154.12;31114.88;24859.38;22428.9;6.65;1.39;1.11;14/09/2024 16:14:45;
15/09/2024;2;2.0TD;3;0.000086600062000000;0.180;1.001126804;115.451395;0.557;2.195;112.699395;60.19;14.54219;1.21265;0.75;0.25;32.51625;90.68500;101.96000;73.51000;91.63000;1837.3;275.0;234.0;48.0;14.53;0.000;0.17498;0.04096;0.00;0.000;1.433;0.947;0.000;0.557;95.508;60.50;55.50;17105.7;1129.20;10.40;3.08;1.05;182601.04;38216.20;0.00;21241.9;8.60;1.80;0.00;14/09/2024 16:14:45;
15/09/2024;3;2.0TD;3;0.000077660757000000;0.184;1.023396550;112.262483;0.557;2.195;109.510483;54.93;14.54219;1.21265;0.75;0.25;32.51625;90.68500;101.96000;73.51000;91.63000;1837.3;275.0;234.0;48.0;16.82;0.000;0.17498;0.04096;0.00;0.000;1.387;0.947;0.000;0.557;92.492;55.30;50.29;16761.0;1327.50;12.69;3.08;1.05;217686.60;42400.40;0.00;20490.1;10.62;2.07;0.00;14/09/2024 16:14:45;
15/09/2024;4;2.0TD;3;0.000072007960000000;0.188;1.046997618;111.667795;0.557;2.195;108.915795;53.43;14.54219;1.21265;0.75;0.25;32.51625;90.68500;101.96000;73.51000;91.63000;1837.3;275.0;234.0;48.0;17.52;0.000;0.17498;0.04096;0.00;0.000;1.375;0.947;0.000;0.557;91.680;54.05;46.06;16498.3;1390.90;13.39;3.08;1.05;220228.72;45205.84;0.00;19822.5;11.11;2.28;0.00;14/09/2024 16:14:45;
15/09/2024;5;2.0TD;3;0.000068902260000000;0.191;1.059085873;112.148878;0.557;2.195;109.396878;53.45;14.54219;1.21265;0.75;0.25;32.51625;90.68500;101.96000;73.51000;91.63000;1837.3;275.0;234.0;48.0;17.67;0.000;0.17498;0.04096;0.00;0.000;1.378;0.947;0.000;0.557;91.853;54.05;46.39;16231.0;1386.20;13.54;3.08;1.05;219995.76;44440.72;0.00;19533.9;11.26;2.28;0.00;14/09/2024 16:14:45;
15/09/2024;6;2.0TD;3;0.000067424249000000;0.188;1.044580814;112.005187;0.557;2.195;109.253187;53.54;14.54219;1.21265;0.75;0.25;32.51625;90.68500;101.96000;73.51000;91.63000;1837.3;275.0;234.0;48.0;17.69;0.000;0.17498;0.04096;0.00;0.000;1.379;0.947;0.000;0.557;91.964;54.16;46.46;15829.0;1383.50;13.56;3.08;1.05;219710.52;44568.24;0.00;19491.0;11.27;2.29;0.00;14/09/2024 16:14:45;
15/09/2024;7;2.0TD;3;0.000067679566000000;0.182;1.012412440;110.865949;0.557;2.195;108.113949;53.45;14.54219;1.21265;0.75;0.25;32.51625;90.68500;101.96000;73.51000;91.63000;1837.3;275.0;234.0;48.0;17.29;0.000;0.17498;0.04096;0.00;0.000;1.372;0.947;0.000;0.557;91.467;54.05;46.39;15973.5;1369.20;13.16;3.08;1.05;219722.88;39850.00;0.00;19722.2;11.14;2.02;0.00;14/09/2024 16:14:45;
15/09/2024;8;2.0TD;3;0.000068089643000000;0.181;1.003341116;110.630400;0.557;2.195;107.878400;53.54;14.54219;1.21265;0.75;0.25;32.51625;90.68500;101.96000;73.51000;91.63000;1837.3;275.0;234.0;48.0;17.08;0.000;0.17498;0.04096;0.00;0.000;1.370;0.947;0.000;0.557;91.345;54.05;46.39;16180.0;1164.50;12.95;3.08;1.05;221098.60;41061.44;0.00;20246.1;10.92;2.03;0.00;14/09/2024 16:14:45;
15/09/2024;9;2.0TD;3;0.000069929277000000;0.169;0.939356135;93.607805;0.557;2.195;90.855805;32.01;14.54219;1.21265;0.75;0.25;32.51625;90.68500;101.96000;73.51000;91.63000;1837.3;275.0;234.0;48.0;25.19;0.000;0.17498;0.04096;0.00;0.000;1.166;0.947;0.000;0.557;77.721;32.48;26.57;16994.1;1469.20;21.06;3.08;1.05;268395.96;171842.00;0.00;20908.7;12.84;8.22;0.00;14/09/2024 16:14:45;
15/09/2024;10;2.0TD;3;0.000083014707000000;0.150;0.832009341;59.440056;0.557;2.195;56.688056;6.12;14.54219;1.21265;0.75;0.25;32.51625;90.68500;101.96000;73.51000;91.63000;1837.3;275.0;234.0;48.0;23.08;0.000;0.17498;0.04096;0.00;0.000;0.739;0.947;0.000;0.557;49.294;6.00;8.29;20510.8;1143.10;18.95;3.08;1.05;274740.64;134237.40;0.00;21577.9;12.73;6.22;0.00;14/09/2024 16:14:45;
15/09/2024;11;2.0TD;3;0.000094035201000000;0.141;0.784084304;42.570575;0.557;2.195;39.818575;-0.04;14.54219;1.21265;0.75;0.25;32.51625;90.68500;101.96000;73.51000;91.63000;1837.3;275.0;234.0;48.0;15.06;0.000;0.17498;0.04096;0.00;0.000;0.523;0.947;0.000;0.557;34.898;0.00;-0.95;23473.7;1090.00;10.93;3.08;1.05;237145.44;7622.40;0.00;22397.3;10.59;0.34;0.00;14/09/2024 16:14:45;
15/09/2024;12;2.0TD;3;0.000099352639000000;0.140;0.776951276;41.703477;0.557;2.195;38.951477;-0.35;14.54219;1.21265;0.75;0.25;32.51625;90.68500;101.96000;73.51000;91.63000;1837.3;275.0;234.0;48.0;14.65;0.000;0.17498;0.04096;0.00;0.000;0.513;0.947;0.000;0.557;34.168;-0.01;-7.01;23811.1;1219.00;10.52;3.08;1.05;237881.72;1018.88;0.00;22712.0;10.47;0.04;0.00;14/09/2024 16:14:45;
15/09/2024;13;2.0TD;3;0.000102470513000000;0.139;0.770301148;42.374350;0.557;2.195;39.622350;-0.35;14.54219;1.21265;0.75;0.25;32.51625;90.68500;101.96000;73.51000;91.63000;1837.3;275.0;234.0;48.0;15.26;0.000;0.17498;0.04096;0.00;0.000;0.522;0.947;0.000;0.557;34.787;-0.25;-3.00;24094.2;979.20;11.13;3.08;1.05;251656.88;491.84;0.00;22658.9;11.11;0.02;0.00;14/09/2024 16:14:45;
15/09/2024;14;2.0TD;3;0.000110193708000000;0.138;0.768407531;42.003853;0.557;2.195;39.251853;-0.26;14.54219;1.21265;0.75;0.25;32.51625;90.68500;101.96000;73.51000;91.63000;1837.3;275.0;234.0;48.0;14.88;0.000;0.17498;0.04096;0.00;0.000;0.517;0.947;0.000;0.557;34.492;-0.01;-5.01;24621.9;1334.00;10.75;3.08;1.05;251363.64;1096.16;0.00;23489.9;10.70;0.05;0.00;14/09/2024 16:14:45;
15/09/2024;15;2.0TD;3;0.000112425494000000;0.138;0.765362240;41.137835;0.557;2.195;38.385835;-0.49;14.54219;1.21265;0.75;0.25;32.51625;90.68500;101.96000;73.51000;91.63000;1837.3;275.0;234.0;48.0;14.36;0.000;0.17498;0.04096;0.00;0.000;0.506;0.947;0.000;0.557;33.731;-0.36;-3.36;23660.2;1074.60;10.23;3.08;1.05;238245.68;753.60;0.00;23364.6;10.20;0.03;0.00;14/09/2024 16:14:45;
15/09/2024;16;2.0TD;3;0.000102830051000000;0.142;0.787909586;41.702151;0.557;2.195;38.950151;-0.55;14.54219;1.21265;0.75;0.25;32.51625;90.68500;101.96000;73.51000;91.63000;1837.3;275.0;234.0;48.0;14.79;0.000;0.17498;0.04096;0.00;0.000;0.512;0.947;0.000;0.557;34.107;-0.36;-5.00;23731.2;1083.10;10.66;3.08;1.05;238205.20;901.60;0.00;22420.4;10.62;0.04;0.00;14/09/2024 16:14:45;
15/09/2024;17;2.0TD;3;0.000098974077000000;0.147;0.817838540;42.291340;0.557;2.195;39.539340;-0.41;14.54219;1.21265;0.75;0.25;32.51625;90.68500;101.96000;73.51000;91.63000;1837.3;275.0;234.0;48.0;15.01;0.000;0.17498;0.04096;0.00;0.000;0.517;0.947;0.000;0.557;34.472;-0.36;-1.50;23266.4;1078.80;10.88;3.08;1.05;238496.76;825.24;0.00;21997.2;10.84;0.04;0.00;14/09/2024 16:14:45;
15/09/2024;18;2.0TD;3;0.000099888384000000;0.156;0.866210251;42.965728;0.557;2.195;40.213728;-0.08;14.54219;1.21265;0.75;0.25;32.51625;90.68500;101.96000;73.51000;91.63000;1837.3;275.0;234.0;48.0;14.99;0.000;0.17498;0.04096;0.00;0.000;0.522;0.947;0.000;0.557;34.787;-0.01;-1.50;23743.5;1177.70;10.86;3.08;1.05;237589.16;6678.00;0.00;22497.6;10.56;0.30;0.00;14/09/2024 16:14:45;
15/09/2024;19;2.0TD;3;0.000103274105000000;0.161;0.896302657;41.925257;0.557;2.195;39.173257;0.54;14.54219;1.21265;0.75;0.25;32.51625;90.68500;101.96000;73.51000;91.63000;1837.3;275.0;234.0;48.0;13.34;0.000;0.17498;0.04096;0.00;0.000;0.506;0.947;0.000;0.557;33.741;0.44;2.73;24360.4;1113.50;9.21;3.08;1.05;207104.08;10375.20;0.00;23615.2;8.77;0.44;0.00;14/09/2024 16:14:45;
15/09/2024;20;2.0TD;3;0.000107662533000000;0.162;0.899468639;100.235622;0.557;2.195;97.483622;50.11;14.54219;1.21265;0.75;0.25;32.51625;90.68500;101.96000;73.51000;91.63000;1837.3;275.0;234.0;48.0;13.17;0.000;0.17498;0.04096;0.00;0.000;1.258;0.947;0.000;0.557;83.893;49.85;56.49;21358.1;873.60;9.04;3.08;1.05;133289.28;85716.00;0.00;24214.0;5.50;3.54;0.00;14/09/2024 16:14:45;
15/09/2024;21;2.0TD;3;0.000125699809000000;0.157;0.874321852;112.924967;0.557;2.195;110.172967;65.67;14.54219;1.21265;0.75;0.25;32.51625;90.68500;101.96000;73.51000;91.63000;1837.3;275.0;234.0;48.0;8.77;0.000;0.17498;0.04096;0.00;0.000;1.428;0.947;0.000;0.557;95.223;65.08;75.04;18917.2;1187.10;4.64;3.08;1.05;105506.28;14346.00;0.00;25824.7;4.09;0.56;0.00;14/09/2024 16:14:45;
15/09/2024;22;2.0TD;3;0.000142575491000000;0.153;0.849154724;111.841898;0.557;2.195;109.089898;64.70;14.54219;1.21265;0.75;0.25;32.51625;90.68500;101.96000;73.51000;91.63000;1837.3;275.0;234.0;48.0;9.14;0.000;0.17498;0.04096;0.00;0.000;1.419;0.947;0.000;0.557;94.614;64.39;69.39;19472.6;1293.00;5.01;3.08;1.05;94782.52;14346.00;24859.38;26734.3;3.55;0.54;0.93;14/09/2024 16:14:45;
15/09/2024;23;2.0TD;3;0.000129529804000000;0.158;0.876643771;108.317552;0.557;2.195;105.565552;60.74;14.54219;1.21265;0.75;0.25;32.51625;90.68500;101.96000;73.51000;91.63000;1837.3;275.0;234.0;48.0;9.70;0.000;0.17498;0.04096;0.00;0.000;1.367;0.947;0.000;0.557;91.162;60.74;60.75;18715.1;1419.90;5.57;3.08;1.05;97556.72;20084.40;24859.38;25558.8;3.82;0.79;0.97;14/09/2024 16:14:45;
15/09/2024;24;2.0TD;3;0.000111160904000000;0.164;0.909920130;103.287800;0.557;2.195;100.535800;55.06;14.54219;1.21265;0.75;0.25;32.51625;90.68500;101.96000;73.51000;91.63000;1837.3;275.0;234.0;48.0;10.66;0.000;0.17498;0.04096;0.00;0.000;1.296;0.947;0.000;0.557;86.371;54.91;57.48;19640.0;1238.10;6.53;3.08;1.05;102129.68;29202.08;24859.38;23923.4;4.27;1.22;1.04;14/09/2024 16:14:45;
*
