pvpcdata;
2025;01;13;09;30;21;
05/12/2024;1;2.0TD;3;0.000125211882000000;0.243;1.347895368;179.415140;0.557;2.195;176.663140;137.61;-10.15922;0.91798;0.75;0.25;135.26167;94.62480;101.96000;84.74000;90.60000;2300.7;275.0;200.0;53.0;9.99;0.000;0.17498;0.04096;0.00;0.000;2.132;0.947;0.000;0.557;142.126;137.61;137.61;19376.8;1647.20;5.82;3.25;0.92;63459.00;53480.00;24859.38;24387.3;2.60;2.19;1.02;04/12/2024 16:13:18;
05/12/2024;2;2.0TD;3;0.000103000811000000;0.255;1.417302091;175.514572;0.557;2.195;172.762572;132.26;-10.15922;0.91798;0.75;0.25;135.26167;94.62480;101.96000;84.74000;90.60000;2300.7;275.0;200.0;53.0;10.94;0.000;0.17498;0.04096;0.00;0.000;2.065;0.947;0.000;0.557;137.659;132.38;130.87;17952.3;1547.60;6.77;3.25;0.92;81386.56;49120.00;24859.38;22929.8;3.55;2.14;1.08;04/12/2024 16:13:18;
05/12/2024;3;2.0TD;3;0.000090475227000000;0.264;1.467679374;175.366899;0.557;2.195;172.614899;130.26;-10.15922;0.91798;0.75;0.25;135.26167;94.62480;101.96000;84.74000;90.60000;2300.7;275.0;200.0;53.0;11.86;0.000;0.17498;0.04096;0.00;0.000;2.048;0.947;0.000;0.557;136.562;130.69;125.69;17168.6;1603.00;7.69;3.25;0.92;94822.20;51520.00;24859.38;22277.9;4.26;2.31;1.12;04/12/2024 16:13:18;
05/12/2024;4;2.0TD;3;0.000084234252000000;0.268;1.490221164;174.136681;0.557;2.195;171.384681;129.36;-10.15922;0.91798;0.75;0.25;135.26167;94.62480;101.96000;84.74000;90.60000;2300.7;275.0;200.0;53.0;11.38;0.000;0.17498;0.04096;0.00;0.000;2.027;0.947;0.000;0.557;135.161;130.18;122.00;16487.8;1825.80;7.21;3.25;0.92;100230.00;56760.00;0.00;21769.4;4.60;2.61;0.00;04/12/2024 16:13:18;
05/12/2024;5;2.0TD;3;0.000081923580000000;0.267;1.483410598;172.715514;0.557;2.195;169.963514;127.42;-10.15922;0.91798;0.75;0.25;135.26167;94.62480;101.96000;84.74000;90.60000;2300.7;275.0;200.0;53.0;12.32;0.000;0.17498;0.04096;0.00;0.000;2.012;0.947;0.000;0.557;134.146;128.22;120.00;16405.1;1759.10;8.15;3.25;0.92;103492.60;72880.00;0.00;21643.5;4.78;3.37;0.00;04/12/2024 16:13:18;
05/12/2024;6;2.0TD;3;0.000084096501000000;0.259;1.437727757;171.591983;0.557;2.195;168.839983;127.82;-10.15922;0.91798;0.75;0.25;135.26167;94.62480;101.96000;84.74000;90.60000;2300.7;275.0;200.0;53.0;11.88;0.000;0.17498;0.04096;0.00;0.000;2.012;0.947;0.000;0.557;134.106;128.22;123.22;16898.2;1457.80;7.71;3.25;0.92;116223.72;55000.00;0.00;22217.2;5.23;2.48;0.00;04/12/2024 16:13:18;
05/12/2024;7;2.0TD;3;0.000095621258000000;0.235;1.303079386;185.738764;0.557;2.195;182.986764;139.94;-10.15922;0.91798;0.75;0.25;135.26167;94.62480;101.96000;84.74000;90.60000;2300.7;275.0;200.0;53.0;13.61;0.000;0.17498;0.04096;0.00;0.000;2.223;0.947;0.000;0.557;148.167;140.01;139.01;18379.3;1400.60;9.44;3.25;0.92;74103.80;133104.00;24859.38;24583.9;3.01;5.41;1.01;04/12/2024 16:13:18;
05/12/2024;8;2.0TD;3;0.000121324791000000;0.210;1.168656911;197.990848;0.557;2.195;195.238848;150.93;-10.15922;0.91798;0.75;0.25;135.26167;94.62480;101.96000;84.74000;90.60000;2300.7;275.0;200.0;53.0;15.61;0.000;0.17498;0.04096;0.00;0.000;2.420;0.947;0.000;0.557;161.354;151.02;149.51;21540.4;1411.90;11.44;3.25;0.92;51555.40;253630.00;24859.38;28839.1;1.79;8.79;0.86;04/12/2024 16:13:18;
05/12/2024;9;2.0TD;2;0.000135177216000000;0.198;1.214569374;224.055737;19.184;8.779;196.092737;155.83;-10.15922;0.91798;0.75;0.25;135.26167;94.62480;101.96000;84.74000;90.60000;2300.7;275.0;200.0;53.0;12.85;0.154;0.17498;0.04096;0.00;0.000;2.455;0.947;0.000;0.557;163.683;155.89;154.89;22664.0;1540.00;8.68;3.25;0.92;49223.04;192157.24;24859.38;30658.5;1.61;6.27;0.81;04/12/2024 16:13:18;
05/12/2024;10;2.0TD;2;0.000140150668000000;0.191;1.170591167;210.818921;19.184;8.779;182.855921;147.25;-10.15922;0.91798;0.75;0.25;135.26167;94.62480;101.96000;84.74000;90.60000;2300.7;275.0;200.0;53.0;11.43;0.154;0.17498;0.04096;0.00;0.000;2.303;0.947;0.000;0.557;153.531;147.37;145.37;24511.6;1590.70;7.26;3.25;0.92;23205.84;175751.64;24859.38;30827.0;0.75;5.70;0.81;04/12/2024 16:13:18;
05/12/2024;11;2.0TD;1;0.000143998763000000;0.182;1.088607535;235.793927;33.081;43.893;158.819927;125.98;-10.15922;0.91798;0.75;0.25;135.26167;94.62480;101.96000;84.74000;90.60000;2300.7;275.0;200.0;53.0;13.05;0.926;0.17498;0.04096;0.00;0.000;2.015;0.947;0.000;0.557;134.365;125.97;126.20;24585.7;1469.00;8.88;3.25;0.92;54780.08;193760.00;24859.38;30797.1;1.78;6.29;0.81;04/12/2024 16:13:18;
05/12/2024;12;2.0TD;1;0.000141081998000000;0.179;1.069094583;216.719007;33.081;43.893;139.745007;112.81;-10.15922;0.91798;0.75;0.25;135.26167;94.62480;101.96000;84.74000;90.60000;2300.7;275.0;200.0;53.0;10.62;0.926;0.17498;0.04096;0.00;0.000;1.778;0.947;0.000;0.557;118.528;112.71;114.70;23902.4;1300.40;6.45;3.25;0.92;68154.32;102129.48;24859.38;30228.4;2.25;3.38;0.82;04/12/2024 16:13:18;
05/12/2024;13;2.0TD;1;0.000139720130000000;0.178;1.063111785;212.473945;33.081;43.893;135.499945;109.16;-10.15922;0.91798;0.75;0.25;135.26167;94.62480;101.96000;84.74000;90.60000;2300.7;275.0;200.0;53.0;10.82;0.926;0.17498;0.04096;0.00;0.000;1.725;0.947;0.000;0.557;115.025;108.93;113.78;24191.2;1203.10;6.65;3.25;0.92;70366.36;104456.00;24859.38;30022.7;2.34;3.48;0.83;04/12/2024 16:13:18;
05/12/2024;14;2.0TD;1;0.000146621170000000;0.178;1.063591232;210.560873;33.081;43.893;133.586873;107.70;-10.15922;0.91798;0.75;0.25;135.26167;94.62480;101.96000;84.74000;90.60000;2300.7;275.0;200.0;53.0;10.68;0.926;0.17498;0.04096;0.00;0.000;1.701;0.947;0.000;0.557;113.401;107.56;110.66;24844.8;1139.70;6.51;3.25;0.92;68168.20;104522.68;24859.38;30329.2;2.25;3.45;0.82;04/12/2024 16:13:18;
05/12/2024;15;2.0TD;2;0.000149321887000000;0.176;1.082731714;161.225462;19.184;8.779;133.262462;108.52;-10.15922;0.91798;0.75;0.25;135.26167;94.62480;101.96000;84.74000;90.60000;2300.7;275.0;200.0;53.0;10.55;0.154;0.17498;0.04096;0.00;0.000;1.700;0.947;0.000;0.557;113.318;108.45;109.89;24267.1;1187.50;6.38;3.25;0.92;65039.72;102066.12;24859.38;30115.5;2.16;3.39;0.83;04/12/2024 16:13:18;
05/12/2024;16;2.0TD;2;0.000144444790000000;0.184;1.131745444;169.271530;19.184;8.779;141.308530;108.99;-10.15922;0.91798;0.75;0.25;135.26167;94.62480;101.96000;84.74000;90.60000;2300.7;275.0;200.0;53.0;16.02;0.154;0.17498;0.04096;0.00;0.000;1.790;0.947;0.000;0.557;119.348;108.99;108.99;23634.8;1104.60;11.85;3.25;0.92;64004.12;263552.00;24859.38;29763.1;2.15;8.85;0.84;04/12/2024 16:13:18;
05/12/2024;17;2.0TD;2;0.000142551042000000;0.191;1.170793719;194.374784;19.184;8.779;166.411784;131.08;-10.15922;0.91798;0.75;0.25;135.26167;94.62480;101.96000;84.74000;90.60000;2300.7;275.0;200.0;53.0;14.00;0.154;0.17498;0.04096;0.00;0.000;2.096;0.947;0.000;0.557;139.724;131.22;128.72;23386.0;1359.00;9.83;3.25;0.92;41979.84;225408.00;24859.38;29739.4;1.41;7.58;0.84;04/12/2024 16:13:18;
05/12/2024;18;2.0TD;2;0.000151292086000000;0.198;1.215866872;213.097631;19.184;8.779;185.134631;148.16;-10.15922;0.91798;0.75;0.25;135.26167;94.62480;101.96000;84.74000;90.60000;2300.7;275.0;200.0;53.0;11.51;0.154;0.17498;0.04096;0.00;0.000;2.318;0.947;0.000;0.557;154.536;148.42;143.44;24170.2;1338.10;7.34;3.25;0.92;36397.60;161148.00;24859.38;30304.9;1.20;5.32;0.82;04/12/2024 16:13:18;
05/12/2024;19;2.0TD;1;0.000173031468000000;0.207;1.240424820;269.653952;33.081;43.893;192.679952;154.15;-10.15922;0.91798;0.75;0.25;135.26167;94.62480;101.96000;84.74000;90.60000;2300.7;275.0;200.0;53.0;9.77;0.926;0.17498;0.04096;0.00;0.000;2.395;0.947;0.000;0.557;159.635;154.55;147.38;24115.3;1435.10;5.60;3.25;0.92;97430.92;53664.00;24859.38;31437.2;3.10;1.71;0.79;04/12/2024 16:13:18;
05/12/2024;20;2.0TD;1;0.000184500457000000;0.212;1.266847021;270.378197;33.081;43.893;193.404197;154.91;-10.15922;0.91798;0.75;0.25;135.26167;94.62480;101.96000;84.74000;90.60000;2300.7;275.0;200.0;53.0;8.95;0.926;0.17498;0.04096;0.00;0.000;2.394;0.947;0.000;0.557;159.574;155.27;149.00;24424.1;1483.20;4.78;3.25;0.92;97842.64;30160.00;24859.38;31990.3;3.06;0.94;0.78;04/12/2024 16:13:18;
05/12/2024;21;2.0TD;1;0.000194926208000000;0.214;1.284326485;271.879782;33.081;43.893;194.905782;155.87;-10.15922;0.91798;0.75;0.25;135.26167;94.62480;101.96000;84.74000;90.60000;2300.7;275.0;200.0;53.0;8.95;0.926;0.17498;0.04096;0.00;0.000;2.408;0.947;0.000;0.557;160.548;156.22;150.00;24475.9;1459.00;4.78;3.25;0.92;97149.84;32400.00;24859.38;32300.9;3.01;1.00;0.77;04/12/2024 16:13:18;
05/12/2024;22;2.0TD;1;0.000197584165000000;0.220;1.314547627;268.892713;33.081;43.893;191.918713;152.65;-10.15922;0.91798;0.75;0.25;135.26167;94.62480;101.96000;84.74000;90.60000;2300.7;275.0;200.0;53.0;8.98;0.926;0.17498;0.04096;0.00;0.000;2.360;0.947;0.000;0.557;157.310;152.98;147.08;24261.7;1427.70;4.81;3.25;0.92;99104.60;26840.00;24859.38;31347.0;3.16;0.86;0.79;04/12/2024 16:13:18;
05/12/2024;23;2.0TD;2;0.000182112784000000;0.222;1.363700066;213.866373;19.184;8.779;185.903373;148.18;-10.15922;0.91798;0.75;0.25;135.26167;94.62480;101.96000;84.74000;90.60000;2300.7;275.0;200.0;53.0;9.12;0.154;0.17498;0.04096;0.00;0.000;2.282;0.947;0.000;0.557;152.130;148.41;144.41;22608.0;1393.00;4.95;3.25;0.92;63690.48;51440.00;24859.38;28272.3;2.25;1.82;0.88;04/12/2024 16:13:18;
05/12/2024;24;2.0TD;2;0.000155843192000000;0.229;1.404830480;209.889928;19.184;8.779;181.926928;144.66;-10.15922;0.91798;0.75;0.25;135.26167;94.62480;101.96000;84.74000;90.60000;2300.7;275.0;200.0;53.0;8.60;0.154;0.17498;0.04096;0.00;0.000;2.220;0.947;0.000;0.557;148.028;145.01;140.02;20263.2;1535.10;4.43;3.25;0.92;37215.44;51200.00;24859.38;25551.1;1.46;2.00;0.97;04/12/2024 16:13:18;
*
