pvpcdata;
2024;11;12;10;29;26;
27/10/2024;1;2.0TD;3;0.000088939560000000;0.190;1.052943878;138.912981;0.557;2.195;136.160981;87.95;3.85840;1.09491;0.75;0.25;77.67320;93.10680;101.96000;84.74000;75.42000;1899.7;275.0;200.0;45.0;18.81;0.000;0.17498;0.04096;0.00;0.000;1.716;0.947;0.000;0.557;114.421;87.71;90.35;12466.6;1223.80;14.57;3.19;1.05;233895.60;40131.36;24859.38;20505.9;11.41;1.96;1.21;26/10/2024 16:10:36;
27/10/2024;2;2.0TD;3;0.000076396717000000;0.198;1.102258524;135.073487;0.557;2.195;132.321487;83.31;3.85840;1.09491;0.75;0.25;77.67320;93.10680;101.96000;84.74000;75.42000;1899.7;275.0;200.0;45.0;19.54;0.000;0.17498;0.04096;0.00;0.000;1.657;0.947;0.000;0.557;110.452;83.31;83.31;13311.1;1236.00;15.30;3.19;1.05;265172.08;31920.00;0.00;19416.8;13.66;1.64;0.00;26/10/2024 16:10:36;
27/10/2024;3;2.0TD;3;0.000070435543000000;0.206;1.143580989;135.258829;0.557;2.195;132.506829;82.23;3.85840;1.09491;0.75;0.25;77.67320;93.10680;101.96000;84.74000;75.42000;1899.7;275.0;200.0;45.0;20.05;0.000;0.17498;0.04096;0.00;0.000;1.648;0.947;0.000;0.557;109.873;82.23;82.22;13244.0;1292.00;15.81;3.19;1.05;267205.96;31983.84;0.00;18919.6;14.12;1.69;0.00;26/10/2024 16:10:36;
27/10/2024;4;2.0TD;3;0.000068025901000000;0.201;1.114887040;134.209848;0.557;2.195;131.457848;80.68;3.85840;1.09491;0.75;0.25;77.67320;93.10680;101.96000;84.74000;75.42000;1899.7;275.0;200.0;45.0;21.19;0.000;0.17498;0.04096;0.00;0.000;1.642;0.947;0.000;0.557;109.457;80.68;80.67;12996.8;1474.20;16.95;3.19;1.05;269771.24;34154.40;0.00;17931.5;15.04;1.90;0.00;26/10/2024 16:10:36;
27/10/2024;5;2.0TD;3;0.000062741254000000;0.205;1.141366441;135.626136;0.557;2.195;132.874136;81.30;3.85840;1.09491;0.75;0.25;77.67320;93.10680;101.96000;84.74000;75.42000;1899.7;275.0;200.0;45.0;21.37;0.000;0.17498;0.04096;0.00;0.000;1.654;0.947;0.000;0.557;110.269;81.30;81.27;12858.7;1525.20;17.13;3.19;1.05;269028.80;33579.84;0.00;17661.4;15.23;1.90;0.00;26/10/2024 16:10:36;
27/10/2024;6;2.0TD;3;0.000060099819000000;0.202;1.122661317;134.624613;0.557;2.195;131.872613;80.61;3.85840;1.09491;0.75;0.25;77.67320;93.10680;101.96000;84.74000;75.42000;1899.7;275.0;200.0;45.0;21.51;0.000;0.17498;0.04096;0.00;0.000;1.646;0.947;0.000;0.557;109.711;80.68;80.01;12935.4;1528.30;17.27;3.19;1.05;270094.68;32663.12;0.00;17530.4;15.41;1.86;0.00;26/10/2024 16:10:36;
27/10/2024;7;2.0TD;3;0.000059704746000000;0.198;1.098285836;122.546001;0.557;2.195;119.794001;70.00;3.85840;1.09491;0.75;0.25;77.67320;93.10680;101.96000;84.74000;75.42000;1899.7;275.0;200.0;45.0;22.55;0.000;0.17498;0.04096;0.00;0.000;1.500;0.947;0.000;0.557;99.995;70.00;69.98;12717.4;1504.50;18.31;3.19;1.05;287115.88;40538.40;0.00;17894.8;16.04;2.27;0.00;26/10/2024 16:10:36;
27/10/2024;8;2.0TD;3;0.000061048324000000;0.188;1.042804521;131.303095;0.557;2.195;128.551095;79.98;3.85840;1.09491;0.75;0.25;77.67320;93.10680;101.96000;84.74000;75.42000;1899.7;275.0;200.0;45.0;20.66;0.000;0.17498;0.04096;0.00;0.000;1.623;0.947;0.000;0.557;108.208;80.00;79.85;12775.1;1531.20;16.42;3.19;1.05;265575.52;32663.12;0.00;18165.8;14.62;1.80;0.00;26/10/2024 16:10:36;
27/10/2024;9;2.0TD;3;0.000064852443000000;0.182;1.012306775;134.662009;0.557;2.195;131.910009;86.00;3.85840;1.09491;0.75;0.25;77.67320;93.10680;101.96000;84.74000;75.42000;1899.7;275.0;200.0;45.0;17.98;0.000;0.17498;0.04096;0.00;0.000;1.674;0.947;0.000;0.557;111.599;86.24;83.99;13383.7;1579.80;13.74;3.19;1.05;233658.92;28252.64;0.00;19062.1;12.26;1.48;0.00;26/10/2024 16:10:36;
27/10/2024;10;2.0TD;3;0.000070551760000000;0.167;0.925963357;131.127826;0.557;2.195;128.375826;81.17;3.85840;1.09491;0.75;0.25;77.67320;93.10680;101.96000;84.74000;75.42000;1899.7;275.0;200.0;45.0;21.24;0.000;0.17498;0.04096;0.00;0.000;1.650;0.947;0.000;0.557;110.005;81.30;80.01;14672.3;1694.60;17.00;3.19;1.05;244042.00;95760.00;0.00;19988.0;12.21;4.79;0.00;26/10/2024 16:10:36;
27/10/2024;11;2.0TD;3;0.000085262225000000;0.152;0.846103425;106.683128;0.557;2.195;103.931128;64.36;3.85840;1.09491;0.75;0.25;77.67320;93.10680;101.96000;84.74000;75.42000;1899.7;275.0;200.0;45.0;18.56;0.000;0.17498;0.04096;0.00;0.000;1.353;0.947;0.000;0.557;90.218;64.36;64.35;15994.4;1172.70;14.32;3.19;1.05;225350.20;81328.00;0.00;21420.4;10.52;3.80;0.00;26/10/2024 16:10:36;
27/10/2024;12;2.0TD;3;0.000097215248000000;0.151;0.838692412;94.674305;0.557;2.195;91.922305;54.74;3.85840;1.09491;0.75;0.25;77.67320;93.10680;101.96000;84.74000;75.42000;1899.7;275.0;200.0;45.0;17.98;0.000;0.17498;0.04096;0.00;0.000;1.198;0.947;0.000;0.557;79.863;54.72;55.01;18350.7;1020.10;13.74;3.19;1.05;221505.08;83987.20;0.00;22234.6;9.96;3.78;0.00;26/10/2024 16:10:36;
27/10/2024;13;2.0TD;3;0.000100962083000000;0.147;0.817524927;79.309654;0.557;2.195;76.557654;42.67;3.85840;1.09491;0.75;0.25;77.67320;93.10680;101.96000;84.74000;75.42000;1899.7;275.0;200.0;45.0;17.13;0.000;0.17498;0.04096;0.00;0.000;1.001;0.947;0.000;0.557;66.746;42.50;45.51;19057.8;1142.20;12.89;3.19;1.05;226387.20;63866.88;0.00;22515.1;10.05;2.84;0.00;26/10/2024 16:10:36;
27/10/2024;14;2.0TD;3;0.000101960398000000;0.144;0.799778819;75.323920;0.557;2.195;72.571920;40.08;3.85840;1.09491;0.75;0.25;77.67320;93.10680;101.96000;84.74000;75.42000;1899.7;275.0;200.0;45.0;16.46;0.000;0.17498;0.04096;0.00;0.000;0.952;0.947;0.000;0.557;63.437;39.99;41.54;19668.7;1186.40;12.22;3.19;1.05;231288.00;45975.20;0.00;22683.2;10.20;2.03;0.00;26/10/2024 16:10:36;
27/10/2024;15;2.0TD;3;0.000107651707000000;0.145;0.804711376;75.398807;0.557;2.195;72.646807;40.18;3.85840;1.09491;0.75;0.25;77.67320;93.10680;101.96000;84.74000;75.42000;1899.7;275.0;200.0;45.0;16.37;0.000;0.17498;0.04096;0.00;0.000;0.952;0.947;0.000;0.557;63.447;40.00;43.01;19855.8;1227.50;12.13;3.19;1.05;230684.24;50432.00;0.00;23171.5;9.96;2.18;0.00;26/10/2024 16:10:36;
27/10/2024;16;2.0TD;3;0.000107677150000000;0.155;0.863021950;91.980362;0.557;2.195;89.228362;55.23;3.85840;1.09491;0.75;0.25;77.67320;93.10680;101.96000;84.74000;75.42000;1899.7;275.0;200.0;45.0;14.92;0.000;0.17498;0.04096;0.00;0.000;1.159;0.947;0.000;0.557;77.254;55.19;56.09;19775.7;1025.10;10.68;3.19;1.05;179859.60;63680.00;0.00;22799.1;7.89;2.79;0.00;26/10/2024 16:10:36;
27/10/2024;17;2.0TD;3;0.000095824306000000;0.170;0.943979741;84.372361;0.557;2.195;81.620361;45.05;3.85840;1.09491;0.75;0.25;77.67320;93.10680;101.96000;84.74000;75.42000;1899.7;275.0;200.0;45.0;17.72;0.000;0.17498;0.04096;0.00;0.000;1.046;0.947;0.000;0.557;69.761;44.99;45.99;18501.9;1207.70;13.48;3.19;1.05;194050.84;102582.48;0.00;22011.0;8.82;4.66;0.00;26/10/2024 16:10:36;
27/10/2024;18;2.0TD;3;0.000089487919000000;0.179;0.993388387;107.180737;0.557;2.195;104.428737;63.97;3.85840;1.09491;0.75;0.25;77.67320;93.10680;101.96000;84.74000;75.42000;1899.7;275.0;200.0;45.0;17.33;0.000;0.17498;0.04096;0.00;0.000;1.329;0.947;0.000;0.557;88.574;63.97;63.96;17017.8;1139.80;13.09;3.19;1.05;167148.00;118600.00;0.00;21823.1;7.66;5.43;0.00;26/10/2024 16:10:36;
27/10/2024;19;2.0TD;3;0.000089995241000000;0.178;0.991473203;129.431755;0.557;2.195;126.679755;81.25;3.85840;1.09491;0.75;0.25;77.67320;93.10680;101.96000;84.74000;75.42000;1899.7;275.0;200.0;45.0;18.73;0.000;0.17498;0.04096;0.00;0.000;1.613;0.947;0.000;0.557;107.538;81.25;81.24;16308.9;1203.90;14.49;3.19;1.05;138636.80;180499.20;0.00;22026.7;6.29;8.19;0.00;26/10/2024 16:10:36;
27/10/2024;20;2.0TD;3;0.000097221053000000;0.174;0.968971862;139.990243;0.557;2.195;137.238243;96.14;3.85840;1.09491;0.75;0.25;77.67320;93.10680;101.96000;84.74000;75.42000;1899.7;275.0;200.0;45.0;13.06;0.000;0.17498;0.04096;0.00;0.000;1.753;0.947;0.000;0.557;116.898;96.27;94.27;15830.0;1089.00;8.82;3.19;1.05;81859.44;121986.40;0.00;23107.4;3.54;5.28;0.00;26/10/2024 16:10:36;
27/10/2024;21;2.0TD;3;0.000112013483000000;0.167;0.927119490;175.130728;0.557;2.195;172.378728;128.01;3.85840;1.09491;0.75;0.25;77.67320;93.10680;101.96000;84.74000;75.42000;1899.7;275.0;200.0;45.0;11.54;0.000;0.17498;0.04096;0.00;0.000;2.216;0.947;0.000;0.557;147.711;128.70;120.70;16766.3;1589.10;7.30;3.19;1.05;50044.76;129480.00;0.00;24605.2;2.03;5.26;0.00;26/10/2024 16:10:36;
27/10/2024;22;2.0TD;3;0.000132357451000000;0.165;0.918496664;155.697851;0.557;2.195;152.945851;115.06;3.85840;1.09491;0.75;0.25;77.67320;93.10680;101.96000;84.74000;75.42000;1899.7;275.0;200.0;45.0;8.31;0.000;0.17498;0.04096;0.00;0.000;1.969;0.947;0.000;0.557;131.284;115.51;110.41;15840.2;1536.10;4.07;3.19;1.05;55902.92;46978.64;0.00;25288.3;2.21;1.86;0.00;26/10/2024 16:10:36;
27/10/2024;23;2.0TD;3;0.000135074287000000;0.168;0.933133505;147.387767;0.557;2.195;144.635767;107.23;3.85840;1.09491;0.75;0.25;77.67320;93.10680;101.96000;84.74000;75.42000;1899.7;275.0;200.0;45.0;8.80;0.000;0.17498;0.04096;0.00;0.000;1.857;0.947;0.000;0.557;123.832;107.36;105.40;16060.7;1172.40;4.56;3.19;1.05;61837.92;26192.40;24859.38;24742.4;2.50;1.06;1.00;26/10/2024 16:10:36;
27/10/2024;24;2.0TD;3;0.000119762481000000;0.178;0.988896467;129.862903;0.557;2.195;127.110903;90.58;3.85840;1.09491;0.75;0.25;77.67320;93.10680;101.96000;84.74000;75.42000;1899.7;275.0;200.0;45.0;9.76;0.000;0.17498;0.04096;0.00;0.000;1.619;0.947;0.000;0.557;107.904;90.58;90.58;15429.3;1270.70;5.52;3.19;1.05;53350.64;50232.00;24859.38;23260.7;2.29;2.16;1.07;26/10/2024 16:10:36;
27/10/2024;25;2.0TD;3;0.000101341905000000;0.203;1.127061911;147.850633;0.557;2.195;145.098633;102.55;3.85840;1.09491;0.75;0.25;77.67320;93.10680;101.96000;84.74000;75.42000;1899.7;275.0;200.0;45.0;10.31;0.000;0.17498;0.04096;0.00;0.000;1.809;0.947;0.000;0.557;120.614;102.99;97.99;14197.2;1360.20;6.07;3.19;1.05;44584.56;62861.76;24859.38;21815.6;2.04;2.88;1.14;26/10/2024 16:10:36;
*
