pvpcdata;
2024;07;09;11;17;59;
06/06/2024;1;2.0TD;3;0.000091740782000000;0.169;0.937017681;131.465337;0.557;2.195;128.713337;103.65;-3.90438;1.06467;0.75;0.25;93.42333;77.80580;101.96000;48.69000;52.19000;1844.7;275.0;154.0;62.0;7.24;0.000;0.17498;0.04096;0.00;0.000;1.652;0.947;0.000;0.557;110.105;103.72;102.98;17268.8;1701.70;2.90;3.20;1.14;37090.68;8000.00;24859.38;24092.8;1.54;0.33;1.03;05/06/2024 16:04:13;
06/06/2024;2;2.0TD;3;0.000077615966000000;0.169;0.937111533;136.662711;0.557;2.195;133.910711;107.13;-3.90438;1.06467;0.75;0.25;93.42333;77.80580;101.96000;48.69000;52.19000;1844.7;275.0;154.0;62.0;8.14;0.000;0.17498;0.04096;0.00;0.000;1.718;0.947;0.000;0.557;114.551;107.63;100.48;16898.2;1259.70;3.80;3.20;1.14;52877.04;9472.00;24859.38;22926.1;2.31;0.41;1.08;05/06/2024 16:04:13;
06/06/2024;3;2.0TD;3;0.000069148152000000;0.169;0.938332939;140.246865;0.557;2.195;137.494865;109.86;-3.90438;1.06467;0.75;0.25;93.42333;77.80580;101.96000;48.69000;52.19000;1844.7;275.0;154.0;62.0;8.43;0.000;0.17498;0.04096;0.00;0.000;1.764;0.947;0.000;0.557;117.617;110.30;104.31;16705.2;1314.30;4.09;3.20;1.14;53282.32;11889.12;24859.38;21989.2;2.42;0.54;1.13;05/06/2024 16:04:13;
06/06/2024;4;2.0TD;3;0.000064839409000000;0.168;0.934316892;138.837439;0.557;2.195;136.085439;109.01;-3.90438;1.06467;0.75;0.25;93.42333;77.80580;101.96000;48.69000;52.19000;1844.7;275.0;154.0;62.0;8.19;0.000;0.17498;0.04096;0.00;0.000;1.748;0.947;0.000;0.557;116.511;109.53;102.53;16390.5;1311.20;3.85;3.20;1.14;68474.48;14400.00;0.00;21550.0;3.18;0.67;0.00;05/06/2024 16:04:13;
06/06/2024;5;2.0TD;3;0.000062995670000000;0.168;0.931262080;139.299967;0.557;2.195;136.547967;109.41;-3.90438;1.06467;0.75;0.25;93.42333;77.80580;101.96000;48.69000;52.19000;1844.7;275.0;154.0;62.0;8.18;0.000;0.17498;0.04096;0.00;0.000;1.754;0.947;0.000;0.557;116.907;110.00;102.11;16248.2;1317.60;3.84;3.20;1.14;67452.40;14382.00;0.00;21324.9;3.16;0.67;0.00;05/06/2024 16:04:13;
06/06/2024;6;2.0TD;3;0.000063225814000000;0.166;0.924132814;139.314510;0.557;2.195;136.562510;109.83;-3.90438;1.06467;0.75;0.25;93.42333;77.80580;101.96000;48.69000;52.19000;1844.7;275.0;154.0;62.0;7.97;0.000;0.17498;0.04096;0.00;0.000;1.757;0.947;0.000;0.557;117.120;110.30;104.34;16166.6;1396.70;3.63;3.20;1.14;66630.68;12640.32;0.00;21810.0;3.06;0.58;0.00;05/06/2024 16:04:13;
06/06/2024;7;2.0TD;3;0.000065710730000000;0.160;0.887822362;142.143987;0.557;2.195;139.391987;112.42;-3.90438;1.06467;0.75;0.25;93.42333;77.80580;101.96000;48.69000;52.19000;1844.7;275.0;154.0;62.0;8.38;0.000;0.17498;0.04096;0.00;0.000;1.802;0.947;0.000;0.557;120.165;112.88;107.24;16121.6;1440.70;4.04;3.20;1.14;62087.20;7936.00;24859.38;23533.0;2.64;0.34;1.06;05/06/2024 16:04:13;
06/06/2024;8;2.0TD;3;0.000074081336000000;0.158;0.879365892;148.428986;0.557;2.195;145.676986;114.28;-3.90438;1.06467;0.75;0.25;93.42333;77.80580;101.96000;48.69000;52.19000;1844.7;275.0;154.0;62.0;12.07;0.000;0.17498;0.04096;0.00;0.000;1.887;0.947;0.000;0.557;125.800;114.47;111.52;17479.7;1176.20;7.73;3.20;1.14;29786.00;144323.84;24859.38;25753.6;1.16;5.60;0.97;05/06/2024 16:04:13;
06/06/2024;9;2.0TD;2;0.000085380718000000;0.145;0.891146264;159.408435;19.184;8.779;131.445435;101.44;-3.90438;1.06467;0.75;0.25;93.42333;77.80580;101.96000;48.69000;52.19000;1844.7;275.0;154.0;62.0;13.92;0.154;0.17498;0.04096;0.00;0.000;1.722;0.947;0.000;0.557;114.799;101.44;101.43;19037.0;1258.10;9.58;3.20;1.14;40050.64;192397.20;24859.38;26870.9;1.49;7.16;0.93;05/06/2024 16:04:13;
06/06/2024;10;2.0TD;2;0.000091841087000000;0.141;0.864037017;138.237805;19.184;8.779;110.274805;84.16;-3.90438;1.06467;0.75;0.25;93.42333;77.80580;101.96000;48.69000;52.19000;1844.7;275.0;154.0;62.0;13.32;0.154;0.17498;0.04096;0.00;0.000;1.450;0.947;0.000;0.557;96.647;84.16;84.16;21608.6;869.30;8.98;3.20;1.14;56984.60;171048.92;24859.38;28163.2;2.02;6.07;0.88;05/06/2024 16:04:13;
06/06/2024;11;2.0TD;1;0.000097052778000000;0.144;0.865250660;181.536179;33.081;43.893;104.562179;80.86;-3.90438;1.06467;0.75;0.25;93.42333;77.80580;101.96000;48.69000;52.19000;1844.7;275.0;154.0;62.0;10.68;0.926;0.17498;0.04096;0.00;0.000;1.371;0.947;0.000;0.557;91.400;81.15;74.15;22357.6;954.10;6.34;3.20;1.14;69701.80;87010.84;24859.38;28632.2;2.43;3.04;0.87;05/06/2024 16:04:13;
06/06/2024;12;2.0TD;1;0.000100362865000000;0.147;0.879021843;168.465036;33.081;43.893;91.491036;68.86;-3.90438;1.06467;0.75;0.25;93.42333;77.80580;101.96000;48.69000;52.19000;1844.7;275.0;154.0;62.0;11.22;0.926;0.17498;0.04096;0.00;0.000;1.196;0.947;0.000;0.557;79.765;69.00;66.00;25212.7;1258.50;6.88;3.20;1.14;98495.24;78980.96;24859.38;29410.4;3.35;2.69;0.85;05/06/2024 16:04:13;
06/06/2024;13;2.0TD;1;0.000105871907000000;0.148;0.885296970;160.014013;33.081;43.893;83.040013;62.16;-3.90438;1.06467;0.75;0.25;93.42333;77.80580;101.96000;48.69000;52.19000;1844.7;275.0;154.0;62.0;10.60;0.926;0.17498;0.04096;0.00;0.000;1.085;0.947;0.000;0.557;72.334;62.00;65.50;26358.6;1273.30;6.26;3.20;1.14;101792.56;61363.20;24859.38;30019.5;3.39;2.04;0.83;05/06/2024 16:04:13;
06/06/2024;14;2.0TD;1;0.000114828719000000;0.144;0.861600745;153.302259;33.081;43.893;76.328259;56.51;-3.90438;1.06467;0.75;0.25;93.42333;77.80580;101.96000;48.69000;52.19000;1844.7;275.0;154.0;62.0;10.72;0.926;0.17498;0.04096;0.00;0.000;1.001;0.947;0.000;0.557;66.720;56.30;61.30;26971.2;1183.20;6.38;3.20;1.14;109017.52;60427.44;24859.38;30468.1;3.58;1.98;0.82;05/06/2024 16:04:13;
06/06/2024;15;2.0TD;2;0.000116073497000000;0.145;0.887335219;103.146570;19.184;8.779;75.183570;56.20;-3.90438;1.06467;0.75;0.25;93.42333;77.80580;101.96000;48.69000;52.19000;1844.7;275.0;154.0;62.0;10.76;0.154;0.17498;0.04096;0.00;0.000;0.985;0.947;0.000;0.557;65.662;56.20;56.30;27067.2;975.60;6.42;3.20;1.14;109130.48;60979.20;24859.38;30398.3;3.59;2.01;0.82;05/06/2024 16:04:13;
06/06/2024;16;2.0TD;2;0.000108062816000000;0.148;0.906202178;103.366517;19.184;8.779;75.403517;56.01;-3.90438;1.06467;0.75;0.25;93.42333;77.80580;101.96000;48.69000;52.19000;1844.7;275.0;154.0;62.0;10.97;0.154;0.17498;0.04096;0.00;0.000;0.985;0.947;0.000;0.557;65.682;55.90;58.90;26788.4;986.80;6.63;3.20;1.14;102643.48;69377.84;24859.38;29722.1;3.45;2.33;0.84;05/06/2024 16:04:13;
06/06/2024;17;2.0TD;2;0.000103882849000000;0.149;0.916760833;110.711115;19.184;8.779;82.748115;62.14;-3.90438;1.06467;0.75;0.25;93.42333;77.80580;101.96000;48.69000;52.19000;1844.7;275.0;154.0;62.0;11.08;0.154;0.17498;0.04096;0.00;0.000;1.080;0.947;0.000;0.557;72.017;62.00;65.50;25961.5;1065.20;6.74;3.20;1.14;95138.16;77822.08;24859.38;29385.0;3.24;2.65;0.85;05/06/2024 16:04:13;
06/06/2024;18;2.0TD;2;0.000103943161000000;0.152;0.935425776;130.353343;19.184;8.779;102.390343;79.50;-3.90438;1.06467;0.75;0.25;93.42333;77.80580;101.96000;48.69000;52.19000;1844.7;275.0;154.0;62.0;10.33;0.154;0.17498;0.04096;0.00;0.000;1.333;0.947;0.000;0.557;88.880;80.00;68.00;23121.4;1005.20;5.99;3.20;1.14;64988.92;86720.00;24859.38;29470.6;2.21;2.94;0.84;05/06/2024 16:04:13;
06/06/2024;19;2.0TD;1;0.000104012627000000;0.154;0.921351047;195.700412;33.081;43.893;118.726412;90.00;-3.90438;1.06467;0.75;0.25;93.42333;77.80580;101.96000;48.69000;52.19000;1844.7;275.0;154.0;62.0;12.85;0.926;0.17498;0.04096;0.00;0.000;1.543;0.947;0.000;0.557;102.882;90.00;90.00;22048.8;893.60;8.51;3.20;1.14;52939.08;169100.00;24859.38;29016.3;1.82;5.83;0.86;05/06/2024 16:04:13;
06/06/2024;20;2.0TD;1;0.000105027391000000;0.159;0.949541875;208.064441;33.081;43.893;131.090441;100.25;-3.90438;1.06467;0.75;0.25;93.42333;77.80580;101.96000;48.69000;52.19000;1844.7;275.0;154.0;62.0;12.67;0.926;0.17498;0.04096;0.00;0.000;1.697;0.947;0.000;0.557;113.106;100.30;99.30;21358.6;1048.10;8.33;3.20;1.14;41014.76;175969.64;24859.38;29057.5;1.41;6.06;0.86;05/06/2024 16:04:13;
06/06/2024;21;2.0TD;1;0.000110962143000000;0.159;0.952389800;223.418873;33.081;43.893;146.444873;115.04;-3.90438;1.06467;0.75;0.25;93.42333;77.80580;101.96000;48.69000;52.19000;1844.7;275.0;154.0;62.0;10.93;0.926;0.17498;0.04096;0.00;0.000;1.895;0.947;0.000;0.557;126.354;115.23;111.94;20283.6;1243.10;6.59;3.20;1.14;29917.80;137606.64;24859.38;29179.6;1.03;4.72;0.85;05/06/2024 16:04:13;
06/06/2024;22;2.0TD;1;0.000121369546000000;0.156;0.934802094;226.431513;33.081;43.893;149.457513;122.11;-3.90438;1.06467;0.75;0.25;93.42333;77.80580;101.96000;48.69000;52.19000;1844.7;275.0;154.0;62.0;6.75;0.926;0.17498;0.04096;0.00;0.000;1.939;0.947;0.000;0.557;129.288;122.37;118.37;19490.3;1333.70;2.41;3.20;1.14;33628.32;11072.00;24859.38;28878.3;1.16;0.38;0.86;05/06/2024 16:04:13;
06/06/2024;23;2.0TD;2;0.000124958341000000;0.164;1.003997208;171.326485;19.184;8.779;143.363485;116.59;-3.90438;1.06467;0.75;0.25;93.42333;77.80580;101.96000;48.69000;52.19000;1844.7;275.0;154.0;62.0;7.01;0.154;0.17498;0.04096;0.00;0.000;1.847;0.947;0.000;0.557;123.164;116.87;112.28;19047.2;1243.40;2.67;3.20;1.14;41002.20;7872.00;24859.38;27681.0;1.48;0.28;0.90;05/06/2024 16:04:13;
06/06/2024;24;2.0TD;2;0.000108754647000000;0.160;0.983017750;163.957347;19.184;8.779;135.994347;110.17;-3.90438;1.06467;0.75;0.25;93.42333;77.80580;101.96000;48.69000;52.19000;1844.7;275.0;154.0;62.0;7.59;0.154;0.17498;0.04096;0.00;0.000;1.759;0.947;0.000;0.557;117.236;110.41;106.41;18081.0;1178.80;3.25;3.20;1.14;51556.04;6224.00;24859.38;25467.2;2.02;0.24;0.98;05/06/2024 16:04:13;
*
