pvpcdata;
2024;10;09;11;29;48;
27/09/2024;1;2.0TD;3;0.000090501946000000;0.163;0.902956979;54.292995;0.557;2.195;51.540995;7.29;16.26969;1.30315;0.75;0.25;25.60625;90.68500;101.96000;73.51000;91.63000;1709.7;275.0;234.0;48.0;13.44;0.000;0.17498;0.04096;0.00;0.000;0.665;0.947;0.000;0.557;44.317;7.00;14.00;22161.9;961.50;9.31;3.08;1.05;113273.84;88515.20;24859.38;24338.8;4.65;3.64;1.02;26/09/2024 16:05:02;
27/09/2024;2;2.0TD;3;0.000078015223000000;0.169;0.938944155;53.490433;0.557;2.195;50.738433;3.37;16.26969;1.30315;0.75;0.25;25.60625;90.68500;101.96000;73.51000;91.63000;1709.7;275.0;234.0;48.0;16.46;0.000;0.17498;0.04096;0.00;0.000;0.651;0.947;0.000;0.557;43.403;3.32;4.54;21462.5;991.70;12.33;3.08;1.05;166786.20;96984.64;24859.38;23408.2;7.13;4.14;1.06;26/09/2024 16:05:02;
27/09/2024;3;2.0TD;3;0.000070532878000000;0.174;0.966238778;54.565643;0.557;2.195;51.813643;3.32;16.26969;1.30315;0.75;0.25;25.60625;90.68500;101.96000;73.51000;91.63000;1709.7;275.0;234.0;48.0;17.23;0.000;0.17498;0.04096;0.00;0.000;0.662;0.947;0.000;0.557;44.134;3.32;3.32;20991.8;1125.30;13.10;3.08;1.05;176207.64;97228.32;24859.38;22762.0;7.74;4.27;1.09;26/09/2024 16:05:02;
27/09/2024;4;2.0TD;3;0.000066494434000000;0.176;0.975797514;55.036112;0.557;2.195;52.284112;3.32;16.26969;1.30315;0.75;0.25;25.60625;90.68500;101.96000;73.51000;91.63000;1709.7;275.0;234.0;48.0;17.55;0.000;0.17498;0.04096;0.00;0.000;0.667;0.947;0.000;0.557;44.459;3.32;3.32;20633.7;1187.30;13.42;3.08;1.05;203074.48;96984.64;0.00;22361.4;9.08;4.34;0.00;26/09/2024 16:05:02;
27/09/2024;5;2.0TD;3;0.000064702232000000;0.176;0.978185549;55.274840;0.557;2.195;52.522840;3.32;16.26969;1.30315;0.75;0.25;25.60625;90.68500;101.96000;73.51000;91.63000;1709.7;275.0;234.0;48.0;17.75;0.000;0.17498;0.04096;0.00;0.000;0.670;0.947;0.000;0.557;44.662;3.32;3.32;20660.4;1156.90;13.62;3.08;1.05;202944.08;99277.12;0.00;22195.0;9.14;4.47;0.00;26/09/2024 16:05:02;
27/09/2024;6;2.0TD;3;0.000065135306000000;0.172;0.953772201;54.976646;0.557;2.195;52.224646;3.32;16.26969;1.30315;0.75;0.25;25.60625;90.68500;101.96000;73.51000;91.63000;1709.7;275.0;234.0;48.0;17.65;0.000;0.17498;0.04096;0.00;0.000;0.668;0.947;0.000;0.557;44.560;3.32;3.32;20163.2;1274.60;13.52;3.08;1.05;203090.80;102334.32;0.00;22587.1;8.99;4.53;0.00;26/09/2024 16:05:02;
27/09/2024;7;2.0TD;3;0.000070904719000000;0.160;0.888174376;55.913963;0.557;2.195;53.161963;5.18;16.26969;1.30315;0.75;0.25;25.60625;90.68500;101.96000;73.51000;91.63000;1709.7;275.0;234.0;48.0;17.04;0.000;0.17498;0.04096;0.00;0.000;0.687;0.947;0.000;0.557;45.829;5.14;6.15;20582.5;849.10;12.91;3.08;1.05;208545.08;88554.60;24859.38;24943.5;8.36;3.55;1.00;26/09/2024 16:05:02;
27/09/2024;8;2.0TD;3;0.000084429719000000;0.151;0.836621695;97.159643;0.557;2.195;94.407643;45.00;16.26969;1.30315;0.75;0.25;25.60625;90.68500;101.96000;73.51000;91.63000;1709.7;275.0;234.0;48.0;12.87;0.000;0.17498;0.04096;0.00;0.000;1.230;0.947;0.000;0.557;82.022;45.00;45.00;21763.3;973.90;8.74;3.08;1.05;157484.20;58313.20;24859.38;27538.0;5.72;2.12;0.90;26/09/2024 16:05:02;
27/09/2024;9;2.0TD;2;0.000088943738000000;0.148;0.908099055;140.544236;19.184;8.779;112.581236;52.10;16.26969;1.30315;0.75;0.25;25.60625;90.68500;101.96000;73.51000;91.63000;1709.7;275.0;234.0;48.0;21.42;0.154;0.17498;0.04096;0.00;0.000;1.471;0.947;0.000;0.557;98.067;52.10;52.10;22367.0;1123.10;17.29;3.08;1.05;151446.52;321351.68;24859.38;28770.1;5.26;11.17;0.86;26/09/2024 16:05:02;
27/09/2024;10;2.0TD;2;0.000092384001000000;0.138;0.845681149;84.836005;19.184;8.779;56.873005;10.08;16.26969;1.30315;0.75;0.25;25.60625;90.68500;101.96000;73.51000;91.63000;1709.7;275.0;234.0;48.0;16.07;0.154;0.17498;0.04096;0.00;0.000;0.750;0.947;0.000;0.557;49.976;10.08;10.08;24525.4;1301.10;11.94;3.08;1.05;173217.28;154591.92;24859.38;29544.7;5.86;5.23;0.84;26/09/2024 16:05:02;
27/09/2024;11;2.0TD;1;0.000095685363000000;0.138;0.827314709;118.818577;33.081;43.893;41.844577;0.43;16.26969;1.30315;0.75;0.25;25.60625;90.68500;101.96000;73.51000;91.63000;1709.7;275.0;234.0;48.0;11.94;0.926;0.17498;0.04096;0.00;0.000;0.552;0.947;0.000;0.557;36.770;0.44;0.22;28750.0;1250.80;7.81;3.08;1.05;184271.60;22997.64;24859.38;29739.5;6.20;0.77;0.84;26/09/2024 16:05:02;
27/09/2024;12;2.0TD;1;0.000096493985000000;0.141;0.844428822;118.245429;33.081;43.893;41.271429;0.00;16.26969;1.30315;0.75;0.25;25.60625;90.68500;101.96000;73.51000;91.63000;1709.7;275.0;234.0;48.0;11.78;0.926;0.17498;0.04096;0.00;0.000;0.543;0.947;0.000;0.557;36.171;0.00;0.00;27695.5;1811.40;7.65;3.08;1.05;184817.72;12178.40;24859.38;29000.1;6.37;0.42;0.86;26/09/2024 16:05:02;
27/09/2024;13;2.0TD;1;0.000099837218000000;0.141;0.843668999;117.944205;33.081;43.893;40.970205;-0.01;16.26969;1.30315;0.75;0.25;25.60625;90.68500;101.96000;73.51000;91.63000;1709.7;275.0;234.0;48.0;11.53;0.926;0.17498;0.04096;0.00;0.000;0.539;0.947;0.000;0.557;35.907;-0.01;0.00;27617.0;1900.90;7.40;3.08;1.05;185669.60;3070.00;24859.38;28842.9;6.44;0.11;0.86;26/09/2024 16:05:02;
27/09/2024;14;2.0TD;1;0.000106403638000000;0.137;0.818986714;117.661862;33.081;43.893;40.687862;-0.15;16.26969;1.30315;0.75;0.25;25.60625;90.68500;101.96000;73.51000;91.63000;1709.7;275.0;234.0;48.0;11.55;0.926;0.17498;0.04096;0.00;0.000;0.537;0.947;0.000;0.557;35.785;-0.15;-0.15;27443.4;1421.40;7.42;3.08;1.05;185991.00;3140.00;24859.38;28852.6;6.45;0.11;0.86;26/09/2024 16:05:02;
27/09/2024;15;2.0TD;2;0.000107856094000000;0.138;0.846165537;66.939817;19.184;8.779;38.976817;-0.04;16.26969;1.30315;0.75;0.25;25.60625;90.68500;101.96000;73.51000;91.63000;1709.7;275.0;234.0;48.0;10.70;0.154;0.17498;0.04096;0.00;0.000;0.514;0.947;0.000;0.557;34.250;-0.04;0.00;26857.7;1533.60;6.57;3.08;1.05;157188.60;3144.00;24859.38;28190.6;5.58;0.11;0.88;26/09/2024 16:05:02;
27/09/2024;16;2.0TD;2;0.000102484727000000;0.144;0.882376445;68.863607;19.184;8.779;40.900607;-0.01;16.26969;1.30315;0.75;0.25;25.60625;90.68500;101.96000;73.51000;91.63000;1709.7;275.0;234.0;48.0;12.15;0.154;0.17498;0.04096;0.00;0.000;0.536;0.947;0.000;0.557;35.752;-0.01;0.00;27035.1;1441.50;8.02;3.08;1.05;191566.88;3134.00;24859.38;27367.8;7.00;0.11;0.91;26/09/2024 16:05:02;
27/09/2024;17;2.0TD;2;0.000100350380000000;0.149;0.916047601;70.746335;19.184;8.779;42.783335;0.00;16.26969;1.30315;0.75;0.25;25.60625;90.68500;101.96000;73.51000;91.63000;1709.7;275.0;234.0;48.0;13.60;0.154;0.17498;0.04096;0.00;0.000;0.559;0.947;0.000;0.557;37.235;0.00;0.00;27116.9;1071.90;9.47;3.08;1.05;229134.24;2986.00;24859.38;27158.8;8.44;0.11;0.92;26/09/2024 16:05:02;
27/09/2024;18;2.0TD;2;0.000103178475000000;0.150;0.921720251;71.717370;19.184;8.779;43.754370;0.44;16.26969;1.30315;0.75;0.25;25.60625;90.68500;101.96000;73.51000;91.63000;1709.7;275.0;234.0;48.0;13.96;0.154;0.17498;0.04096;0.00;0.000;0.571;0.947;0.000;0.557;38.047;0.44;0.44;28148.4;1191.20;9.83;3.08;1.05;228159.68;18544.00;24859.38;27613.6;8.26;0.67;0.90;26/09/2024 16:05:02;
27/09/2024;19;2.0TD;1;0.000105443837000000;0.149;0.895006301;161.332751;33.081;43.893;84.358751;34.29;16.26969;1.30315;0.75;0.25;25.60625;90.68500;101.96000;73.51000;91.63000;1709.7;275.0;234.0;48.0;14.18;0.926;0.17498;0.04096;0.00;0.000;1.101;0.947;0.000;0.557;73.419;34.21;37.16;28222.8;812.00;10.05;3.08;1.05;181398.76;74289.60;24859.38;27901.3;6.50;2.66;0.89;26/09/2024 16:05:02;
27/09/2024;20;2.0TD;1;0.000107925298000000;0.152;0.910831232;202.920177;33.081;43.893;125.946177;69.88;16.26969;1.30315;0.75;0.25;25.60625;90.68500;101.96000;73.51000;91.63000;1709.7;275.0;234.0;48.0;13.96;0.926;0.17498;0.04096;0.00;0.000;1.640;0.947;0.000;0.557;109.328;69.85;70.55;21217.2;849.80;9.83;3.08;1.05;75927.88;172844.80;24859.38;27835.3;2.73;6.21;0.89;26/09/2024 16:05:02;
27/09/2024;21;2.0TD;1;0.000122647328000000;0.153;0.915056032;230.549309;33.081;43.893;153.575309;97.78;16.26969;1.30315;0.75;0.25;25.60625;90.68500;101.96000;73.51000;91.63000;1709.7;275.0;234.0;48.0;9.57;0.926;0.17498;0.04096;0.00;0.000;1.998;0.947;0.000;0.557;133.196;98.07;94.00;19396.4;1491.70;5.44;3.08;1.05;114858.12;17641.92;24859.38;28913.9;3.97;0.61;0.86;26/09/2024 16:05:02;
27/09/2024;22;2.0TD;1;0.000132725564000000;0.149;0.893449496;242.953115;33.081;43.893;165.979115;109.36;16.26969;1.30315;0.75;0.25;25.60625;90.68500;101.96000;73.51000;91.63000;1709.7;275.0;234.0;48.0;9.08;0.926;0.17498;0.04096;0.00;0.000;2.167;0.947;0.000;0.557;144.455;109.83;104.00;19366.3;1680.10;4.95;3.08;1.05;99520.24;15832.32;24859.38;28332.6;3.51;0.56;0.88;26/09/2024 16:05:02;
27/09/2024;23;2.0TD;2;0.000121066129000000;0.156;0.956265212;169.847294;19.184;8.779;141.884294;86.85;16.26969;1.30315;0.75;0.25;25.60625;90.68500;101.96000;73.51000;91.63000;1709.7;275.0;234.0;48.0;10.97;0.154;0.17498;0.04096;0.00;0.000;1.841;0.947;0.000;0.557;122.737;87.00;85.00;18073.0;1424.30;6.84;3.08;1.05;127166.12;25823.68;24859.38;26002.0;4.89;0.99;0.96;26/09/2024 16:05:02;
27/09/2024;24;2.0TD;2;0.000106402691000000;0.161;0.987409233;161.102159;19.184;8.779;133.139159;79.17;16.26969;1.30315;0.75;0.25;25.60625;90.68500;101.96000;73.51000;91.63000;1709.7;275.0;234.0;48.0;10.71;0.154;0.17498;0.04096;0.00;0.000;1.720;0.947;0.000;0.557;114.676;79.00;82.00;17147.0;1052.10;6.58;3.08;1.05;100043.64;33598.00;24859.38;24066.6;4.16;1.40;1.03;26/09/2024 16:05:02;
*
