pvpcdata;
2024;03;11;12;38;25;
07/02/2024;1;2.0TD;3;0.000111921472000000;0.230;1.275811815;83.941020;0.557;2.195;81.189020;42.26;11.71217;0.80454;0.75;0.25;50.10792;96.95660;101.96000;97.42000;68.27000;2485.9;275.0;177.0;48.0;12.00;0.000;0.17498;0.03702;0.00;0.000;0.000;0.990;0.565;0.000;0.557;66.007;41.70;53.60;15962.8;789.70;6.97;3.48;1.55;104164.36;43930.64;24859.38;24800.8;4.20;1.77;1.00;06/02/2024 16:08:06;
07/02/2024;2;2.0TD;3;0.000091731719000000;0.238;1.321397731;82.508087;0.557;2.195;79.756087;39.40;11.71217;0.80454;0.75;0.25;50.10792;96.95660;101.96000;97.42000;68.27000;2485.9;275.0;177.0;48.0;13.30;0.000;0.17498;0.03702;0.00;0.000;0.000;0.966;0.565;0.000;0.557;64.423;39.00;47.90;17079.6;795.60;8.27;3.48;1.55;118560.48;48947.52;24859.38;23275.6;5.09;2.10;1.07;06/02/2024 16:08:06;
07/02/2024;3;2.0TD;3;0.000080809319000000;0.242;1.346291745;81.808198;0.557;2.195;79.056198;37.66;11.71217;0.80454;0.75;0.25;50.10792;96.95660;101.96000;97.42000;68.27000;2485.9;275.0;177.0;48.0;14.28;0.000;0.17498;0.03702;0.00;0.000;0.000;0.955;0.565;0.000;0.557;63.652;37.45;42.75;17342.7;712.10;9.25;3.48;1.55;129847.20;53181.44;24859.38;22479.3;5.78;2.37;1.11;06/02/2024 16:08:06;
07/02/2024;4;2.0TD;3;0.000075515003000000;0.246;1.364809172;77.167274;0.557;2.195;74.415274;33.44;11.71217;0.80454;0.75;0.25;50.10792;96.95660;101.96000;97.42000;68.27000;2485.9;275.0;177.0;48.0;14.63;0.000;0.17498;0.03702;0.00;0.000;0.000;0.896;0.565;0.000;0.557;59.723;33.21;39.11;17692.9;726.00;9.60;3.48;1.55;157491.52;54715.52;0.00;22094.8;7.13;2.48;0.00;06/02/2024 16:08:06;
07/02/2024;5;2.0TD;3;0.000073783462000000;0.246;1.367023660;63.175940;0.557;2.195;60.423940;21.19;11.71217;0.80454;0.75;0.25;50.10792;96.95660;101.96000;97.42000;68.27000;2485.9;275.0;177.0;48.0;15.82;0.000;0.17498;0.03702;0.00;0.000;0.000;0.727;0.565;0.000;0.557;48.494;21.01;26.00;18047.9;693.10;10.79;3.48;1.55;175215.80;63920.00;0.00;22156.5;7.91;2.88;0.00;06/02/2024 16:08:06;
07/02/2024;6;2.0TD;3;0.000076474942000000;0.242;1.345470221;81.984562;0.557;2.195;79.232562;38.17;11.71217;0.80454;0.75;0.25;50.10792;96.95660;101.96000;97.42000;68.27000;2485.9;275.0;177.0;48.0;13.91;0.000;0.17498;0.03702;0.00;0.000;0.000;0.957;0.565;0.000;0.557;63.794;38.00;42.23;16399.1;677.10;8.88;3.48;1.55;148894.80;52542.24;0.00;22691.0;6.56;2.32;0.00;06/02/2024 16:08:06;
07/02/2024;7;2.0TD;3;0.000088354512000000;0.225;1.251682992;91.234159;0.557;2.195;88.482159;47.48;11.71217;0.80454;0.75;0.25;50.10792;96.95660;101.96000;97.42000;68.27000;2485.9;275.0;177.0;48.0;12.91;0.000;0.17498;0.03702;0.00;0.000;0.000;1.083;0.565;0.000;0.557;72.230;47.28;51.27;13962.3;742.40;7.88;3.48;1.55;137462.28;39453.12;24859.38;25610.5;5.37;1.54;0.97;06/02/2024 16:08:06;
07/02/2024;8;2.0TD;3;0.000114640024000000;0.212;1.179600371;113.797056;0.557;2.195;111.045056;69.99;11.71217;0.80454;0.75;0.25;50.10792;96.95660;101.96000;97.42000;68.27000;2485.9;275.0;177.0;48.0;9.50;0.000;0.17498;0.03702;0.00;0.000;0.000;1.374;0.565;0.000;0.557;91.621;69.99;69.99;16475.4;1127.80;4.47;3.48;1.55;61181.08;46603.20;24859.38;29717.9;2.06;1.57;0.84;06/02/2024 16:08:06;
07/02/2024;9;2.0TD;2;0.000125422754000000;0.202;1.240386780;143.996067;19.184;8.779;116.033067;74.56;11.71217;0.80454;0.75;0.25;50.10792;96.95660;101.96000;97.42000;68.27000;2485.9;275.0;177.0;48.0;9.59;0.178;0.17498;0.03702;0.00;0.000;0.000;1.448;0.565;0.000;0.557;96.533;74.49;75.75;19111.4;1130.10;4.56;3.48;1.55;48130.40;71820.00;24859.38;31768.6;1.52;2.26;0.78;06/02/2024 16:08:06;
07/02/2024;10;2.0TD;2;0.000127918429000000;0.192;1.180744221;136.568902;19.184;8.779;108.605902;68.72;11.71217;0.80454;0.75;0.25;50.10792;96.95660;101.96000;97.42000;68.27000;2485.9;275.0;177.0;48.0;10.09;0.178;0.17498;0.03702;0.00;0.000;0.000;1.367;0.565;0.000;0.557;91.112;68.61;70.84;19232.0;1005.50;5.06;3.48;1.55;67896.24;68750.88;24859.38;31928.4;2.13;2.15;0.78;06/02/2024 16:08:06;
07/02/2024;11;2.0TD;1;0.000130971094000000;0.186;1.112882995;182.817780;33.081;43.893;105.843780;66.04;11.71217;0.80454;0.75;0.25;50.10792;96.95660;101.96000;97.42000;68.27000;2485.9;275.0;177.0;48.0;10.04;1.068;0.17498;0.03702;0.00;0.000;0.000;1.339;0.565;0.000;0.557;89.244;66.04;66.04;18689.2;1270.10;5.01;3.48;1.55;74440.52;59627.20;24859.38;31673.3;2.35;1.88;0.78;06/02/2024 16:08:06;
07/02/2024;12;2.0TD;1;0.000128745162000000;0.185;1.107183576;175.726370;33.081;43.893;98.752370;59.20;11.71217;0.80454;0.75;0.25;50.10792;96.95660;101.96000;97.42000;68.27000;2485.9;275.0;177.0;48.0;11.06;1.068;0.17498;0.03702;0.00;0.000;0.000;1.250;0.565;0.000;0.557;83.335;59.20;59.20;21861.4;1226.50;6.03;3.48;1.55;85352.72;79065.60;24859.38;31353.1;2.72;2.52;0.79;06/02/2024 16:08:06;
07/02/2024;13;2.0TD;1;0.000127996477000000;0.182;1.088951882;158.832622;33.081;43.893;81.858622;45.11;11.71217;0.80454;0.75;0.25;50.10792;96.95660;101.96000;97.42000;68.27000;2485.9;275.0;177.0;48.0;11.28;1.068;0.17498;0.03702;0.00;0.000;0.000;1.039;0.565;0.000;0.557;69.254;45.00;47.05;23339.3;1327.40;6.25;3.48;1.55;103439.72;66776.64;24859.38;31245.3;3.31;2.14;0.80;06/02/2024 16:08:06;
07/02/2024;14;2.0TD;1;0.000133857273000000;0.177;1.062757933;153.275772;33.081;43.893;76.301772;40.57;11.71217;0.80454;0.75;0.25;50.10792;96.95660;101.96000;97.42000;68.27000;2485.9;275.0;177.0;48.0;11.46;1.068;0.17498;0.03702;0.00;0.000;0.000;0.972;0.565;0.000;0.557;64.827;40.40;43.90;24817.9;1265.30;6.43;3.48;1.55;107757.72;66476.80;24859.38;30927.9;3.48;2.15;0.80;06/02/2024 16:08:06;
07/02/2024;15;2.0TD;2;0.000134690870000000;0.179;1.098692314;96.950220;19.184;8.779;68.987220;35.16;11.71217;0.80454;0.75;0.25;50.10792;96.95660;101.96000;97.42000;68.27000;2485.9;275.0;177.0;48.0;11.54;0.178;0.17498;0.03702;0.00;0.000;0.000;0.878;0.565;0.000;0.557;58.513;35.00;38.50;25530.6;1212.20;6.51;3.48;1.55;113084.84;61669.44;24859.38;30644.5;3.69;2.01;0.81;06/02/2024 16:08:06;
07/02/2024;16;2.0TD;2;0.000128830114000000;0.185;1.135775554;90.406970;19.184;8.779;62.443970;28.61;11.71217;0.80454;0.75;0.25;50.10792;96.95660;101.96000;97.42000;68.27000;2485.9;275.0;177.0;48.0;12.36;0.178;0.17498;0.03702;0.00;0.000;0.000;0.790;0.565;0.000;0.557;52.695;28.33;34.23;25677.9;1268.70;7.33;3.48;1.55;125797.68;69165.60;24859.38;29984.9;4.20;2.31;0.83;06/02/2024 16:08:06;
07/02/2024;17;2.0TD;2;0.000124306768000000;0.192;1.177662144;101.727934;19.184;8.779;73.764934;37.66;11.71217;0.80454;0.75;0.25;50.10792;96.95660;101.96000;97.42000;68.27000;2485.9;275.0;177.0;48.0;12.36;0.178;0.17498;0.03702;0.00;0.000;0.000;0.928;0.565;0.000;0.557;61.883;37.45;42.10;24422.3;1136.20;7.33;3.48;1.55;110904.80;82684.80;24859.38;29791.0;3.72;2.78;0.83;06/02/2024 16:08:06;
07/02/2024;18;2.0TD;2;0.000126562252000000;0.195;1.197587531;105.238074;19.184;8.779;77.275074;41.16;11.71217;0.80454;0.75;0.25;50.10792;96.95660;101.96000;97.42000;68.27000;2485.9;275.0;177.0;48.0;11.60;0.178;0.17498;0.03702;0.00;0.000;0.000;0.970;0.565;0.000;0.557;64.665;41.00;45.23;21210.3;855.60;6.57;3.48;1.55;101711.20;68683.60;24859.38;29762.3;3.42;2.31;0.84;06/02/2024 16:08:06;
07/02/2024;19;2.0TD;1;0.000140505733000000;0.198;1.184561466;173.805146;33.081;43.893;96.831146;58.04;11.71217;0.80454;0.75;0.25;50.10792;96.95660;101.96000;97.42000;68.27000;2485.9;275.0;177.0;48.0;9.75;1.068;0.17498;0.03702;0.00;0.000;0.000;1.212;0.565;0.000;0.557;80.827;57.84;62.55;18706.3;812.90;4.72;3.48;1.55;64258.80;55030.08;24859.38;30509.7;2.11;1.80;0.81;06/02/2024 16:08:06;
07/02/2024;20;2.0TD;1;0.000169141495000000;0.199;1.190211034;192.911705;33.081;43.893;115.937705;72.66;11.71217;0.80454;0.75;0.25;50.10792;96.95660;101.96000;97.42000;68.27000;2485.9;275.0;177.0;48.0;10.76;1.068;0.17498;0.03702;0.00;0.000;0.000;1.450;0.565;0.000;0.557;96.695;72.76;70.66;20350.5;1053.40;5.73;3.48;1.55;102173.08;58222.08;24859.38;32341.4;3.16;1.80;0.77;06/02/2024 16:08:06;
07/02/2024;21;2.0TD;1;0.000186219774000000;0.198;1.185765125;197.400954;33.081;43.893;120.426954;76.72;11.71217;0.80454;0.75;0.25;50.10792;96.95660;101.96000;97.42000;68.27000;2485.9;275.0;177.0;48.0;10.47;1.068;0.17498;0.03702;0.00;0.000;0.000;1.508;0.565;0.000;0.557;100.523;76.89;73.85;20741.9;1199.00;5.44;3.48;1.55;98731.08;55860.00;24859.38;32980.3;2.99;1.69;0.75;06/02/2024 16:08:06;
07/02/2024;22;2.0TD;1;0.000188012922000000;0.197;1.180667605;186.654312;33.081;43.893;109.680312;67.61;11.71217;0.80454;0.75;0.25;50.10792;96.95660;101.96000;97.42000;68.27000;2485.9;275.0;177.0;48.0;10.82;1.068;0.17498;0.03702;0.00;0.000;0.000;1.374;0.565;0.000;0.557;91.629;67.72;65.41;19142.4;985.40;5.79;3.48;1.55;109278.68;51072.00;24859.38;32008.4;3.41;1.60;0.78;06/02/2024 16:08:06;
07/02/2024;23;2.0TD;2;0.000169845392000000;0.203;1.247282274;125.797376;19.184;8.779;97.834376;58.37;11.71217;0.80454;0.75;0.25;50.10792;96.95660;101.96000;97.42000;68.27000;2485.9;275.0;177.0;48.0;10.80;0.178;0.17498;0.03702;0.00;0.000;0.000;1.220;0.565;0.000;0.557;81.325;58.42;57.42;18014.5;863.30;5.77;3.48;1.55;90118.08;53625.60;24859.38;29220.0;3.08;1.84;0.85;06/02/2024 16:08:06;
07/02/2024;24;2.0TD;2;0.000140271239000000;0.209;1.279948292;109.874362;19.184;8.779;81.911362;45.80;11.71217;0.80454;0.75;0.25;50.10792;96.95660;101.96000;97.42000;68.27000;2485.9;275.0;177.0;48.0;10.00;0.178;0.17498;0.03702;0.00;0.000;0.000;1.016;0.565;0.000;0.557;67.751;45.80;45.80;16196.3;1006.60;4.97;3.48;1.55;52162.40;54838.56;24859.38;26526.3;1.97;2.07;0.94;06/02/2024 16:08:06;
*
