pvpcdata;
2024;12;11;12;05;44;
27/11/2024;1;2.0TD;3;0.000105427464000000;0.216;1.199958917;175.965741;0.557;2.195;173.213741;139.23;-10.83424;0.95732;0.75;0.25;136.45375;93.11680;101.96000;84.74000;75.52000;2176.9;275.0;200.0;46.0;9.73;0.000;0.17498;0.04096;0.00;0.000;2.137;0.947;0.000;0.557;142.445;140.00;133.16;17706.1;2255.80;5.49;3.21;1.03;67852.48;37440.00;24859.38;23691.3;2.86;1.58;1.05;26/11/2024 16:07:26;
27/11/2024;2;2.0TD;3;0.000087079520000000;0.223;1.239491895;171.958343;0.557;2.195;169.206343;134.68;-10.83424;0.95732;0.75;0.25;136.45375;93.11680;101.96000;84.74000;75.52000;2176.9;275.0;200.0;46.0;10.25;0.000;0.17498;0.04096;0.00;0.000;2.075;0.947;0.000;0.557;138.353;135.21;130.21;16497.9;1936.00;6.01;3.21;1.03;74334.72;35400.00;24859.38;22385.9;3.32;1.58;1.11;26/11/2024 16:07:26;
27/11/2024;3;2.0TD;3;0.000077021211000000;0.231;1.284671415;169.903963;0.557;2.195;167.151963;131.30;-10.83424;0.95732;0.75;0.25;136.45375;93.11680;101.96000;84.74000;75.52000;2176.9;275.0;200.0;46.0;11.10;0.000;0.17498;0.04096;0.00;0.000;2.037;0.947;0.000;0.557;135.785;131.77;126.91;16478.4;1767.90;6.86;3.21;1.03;88261.12;34840.00;24859.38;21565.5;4.09;1.62;1.15;26/11/2024 16:07:26;
27/11/2024;4;2.0TD;3;0.000072240286000000;0.235;1.303999079;164.892076;0.557;2.195;162.140076;127.53;-10.83424;0.95732;0.75;0.25;136.45375;93.11680;101.96000;84.74000;75.52000;2176.9;275.0;200.0;46.0;10.44;0.000;0.17498;0.04096;0.00;0.000;1.969;0.947;0.000;0.557;131.287;128.00;121.62;15988.4;1264.80;6.20;3.21;1.03;102649.56;28800.00;0.00;21208.4;4.84;1.36;0.00;26/11/2024 16:07:26;
27/11/2024;5;2.0TD;3;0.000070630059000000;0.234;1.299822214;162.506270;0.557;2.195;159.754270;125.49;-10.83424;0.95732;0.75;0.25;136.45375;93.11680;101.96000;84.74000;75.52000;2176.9;275.0;200.0;46.0;10.68;0.000;0.17498;0.04096;0.00;0.000;1.942;0.947;0.000;0.557;129.460;125.84;120.95;15879.5;1211.90;6.44;3.21;1.03;108205.84;27680.00;0.00;21102.6;5.13;1.31;0.00;26/11/2024 16:07:26;
27/11/2024;6;2.0TD;3;0.000073220500000000;0.227;1.260059963;168.650388;0.557;2.195;165.898388;131.32;-10.83424;0.95732;0.75;0.25;136.45375;93.11680;101.96000;84.74000;75.52000;2176.9;275.0;200.0;46.0;10.51;0.000;0.17498;0.04096;0.00;0.000;2.028;0.947;0.000;0.557;135.206;131.77;125.56;16482.0;1287.30;6.27;3.21;1.03;104632.00;32240.00;0.00;21841.3;4.79;1.48;0.00;26/11/2024 16:07:26;
27/11/2024;7;2.0TD;3;0.000084700659000000;0.208;1.155418473;178.063617;0.557;2.195;175.311617;142.33;-10.83424;0.95732;0.75;0.25;136.45375;93.11680;101.96000;84.74000;75.52000;2176.9;275.0;200.0;46.0;9.27;0.000;0.17498;0.04096;0.00;0.000;2.177;0.947;0.000;0.557;145.125;142.60;139.26;17280.7;1502.60;5.03;3.21;1.03;57993.56;39600.00;24859.38;24346.4;2.38;1.63;1.02;26/11/2024 16:07:26;
27/11/2024;8;2.0TD;3;0.000110055715000000;0.189;1.048279930;187.027394;0.557;2.195;184.275394;151.79;-10.83424;0.95732;0.75;0.25;136.45375;93.11680;101.96000;84.74000;75.52000;2176.9;275.0;200.0;46.0;9.52;0.000;0.17498;0.04096;0.00;0.000;2.325;0.947;0.000;0.557;154.983;151.70;153.20;19880.5;1327.80;5.28;3.21;1.03;37267.04;86400.00;24859.38;28120.0;1.33;3.07;0.88;26/11/2024 16:07:26;
27/11/2024;9;2.0TD;2;0.000119588461000000;0.189;1.159610544;219.014505;19.184;8.779;191.051505;157.25;-10.83424;0.95732;0.75;0.25;136.45375;93.11680;101.96000;84.74000;75.52000;2176.9;275.0;200.0;46.0;9.52;0.154;0.17498;0.04096;0.00;0.000;2.410;0.947;0.000;0.557;160.682;157.00;161.24;20996.0;1341.60;5.28;3.21;1.03;31575.96;101248.00;24859.38;29831.4;1.06;3.39;0.83;26/11/2024 16:07:26;
27/11/2024;10;2.0TD;2;0.000120737724000000;0.174;1.064608091;202.992911;19.184;8.779;175.029911;145.57;-10.83424;0.95732;0.75;0.25;136.45375;93.11680;101.96000;84.74000;75.52000;2176.9;275.0;200.0;46.0;9.78;0.154;0.17498;0.04096;0.00;0.000;2.236;0.947;0.000;0.557;149.088;145.47;146.92;22039.9;1674.70;5.54;3.21;1.03;39375.40;103488.00;24859.38;30239.0;1.30;3.42;0.82;26/11/2024 16:07:26;
27/11/2024;11;2.0TD;1;0.000122872729000000;0.170;1.015499486;223.520607;33.081;43.893;146.546607;122.00;-10.83424;0.95732;0.75;0.25;136.45375;93.11680;101.96000;84.74000;75.52000;2176.9;275.0;200.0;46.0;9.10;0.926;0.17498;0.04096;0.00;0.000;1.879;0.947;0.000;0.557;125.253;122.00;122.00;23208.0;1567.90;4.86;3.21;1.03;56397.08;66192.00;24859.38;30321.9;1.86;2.18;0.82;26/11/2024 16:07:26;
27/11/2024;12;2.0TD;1;0.000121432212000000;0.169;1.013782671;205.497964;33.081;43.893;128.523964;105.64;-10.83424;0.95732;0.75;0.25;136.45375;93.11680;101.96000;84.74000;75.52000;2176.9;275.0;200.0;46.0;10.38;0.926;0.17498;0.04096;0.00;0.000;1.649;0.947;0.000;0.557;109.943;105.57;106.80;23454.6;1392.90;6.14;3.21;1.03;95831.20;64080.00;24859.38;30125.1;3.18;2.13;0.83;26/11/2024 16:07:26;
27/11/2024;13;2.0TD;1;0.000122393631000000;0.166;0.993661339;205.014221;33.081;43.893;128.040221;105.44;-10.83424;0.95732;0.75;0.25;136.45375;93.11680;101.96000;84.74000;75.52000;2176.9;275.0;200.0;46.0;10.45;0.926;0.17498;0.04096;0.00;0.000;1.647;0.947;0.000;0.557;109.811;105.44;105.44;23519.8;1324.80;6.21;3.21;1.03;95461.32;66048.00;24859.38;30039.4;3.18;2.20;0.83;26/11/2024 16:07:26;
27/11/2024;14;2.0TD;1;0.000129632918000000;0.168;1.003788741;205.198804;33.081;43.893;128.224804;105.60;-10.83424;0.95732;0.75;0.25;136.45375;93.11680;101.96000;84.74000;75.52000;2176.9;275.0;200.0;46.0;10.26;0.926;0.17498;0.04096;0.00;0.000;1.647;0.947;0.000;0.557;109.781;105.57;106.07;23364.5;1395.00;6.02;3.21;1.03;91267.36;65712.00;24859.38;30178.6;3.02;2.18;0.82;26/11/2024 16:07:26;
27/11/2024;15;2.0TD;2;0.000131631124000000;0.172;1.058079946;155.648310;19.184;8.779;127.685310;105.57;-10.83424;0.95732;0.75;0.25;136.45375;93.11680;101.96000;84.74000;75.52000;2176.9;275.0;200.0;46.0;10.24;0.154;0.17498;0.04096;0.00;0.000;1.634;0.947;0.000;0.557;108.946;105.57;105.57;23311.9;1402.80;6.00;3.21;1.03;87986.92;66336.00;24859.38;29842.8;2.95;2.22;0.83;26/11/2024 16:07:26;
27/11/2024;16;2.0TD;2;0.000125810694000000;0.180;1.101738124;165.792322;19.184;8.779;137.829322;112.62;-10.83424;0.95732;0.75;0.25;136.45375;93.11680;101.96000;84.74000;75.52000;2176.9;275.0;200.0;46.0;10.93;0.154;0.17498;0.04096;0.00;0.000;1.752;0.947;0.000;0.557;116.804;112.78;109.78;22952.8;1277.30;6.69;3.21;1.03;55738.52;116864.00;24859.38;29480.9;1.89;3.96;0.84;26/11/2024 16:07:26;
27/11/2024;17;2.0TD;2;0.000122525216000000;0.186;1.139692701;201.037771;19.184;8.779;173.074771;142.84;-10.83424;0.95732;0.75;0.25;136.45375;93.11680;101.96000;84.74000;75.52000;2176.9;275.0;200.0;46.0;9.40;0.154;0.17498;0.04096;0.00;0.000;2.189;0.947;0.000;0.557;145.931;142.60;147.21;22636.9;1263.10;5.16;3.21;1.03;21114.12;102784.00;24859.38;28827.2;0.73;3.57;0.86;26/11/2024 16:07:26;
27/11/2024;18;2.0TD;2;0.000130459314000000;0.193;1.185784310;208.417982;19.184;8.779;180.454982;149.34;-10.83424;0.95732;0.75;0.25;136.45375;93.11680;101.96000;84.74000;75.52000;2176.9;275.0;200.0;46.0;8.15;0.154;0.17498;0.04096;0.00;0.000;2.269;0.947;0.000;0.557;151.261;149.07;155.06;22997.2;1081.60;3.91;3.21;1.03;5882.04;84864.00;24859.38;29561.0;0.20;2.87;0.84;26/11/2024 16:07:26;
27/11/2024;19;2.0TD;1;0.000152554289000000;0.192;1.147922517;275.771601;33.081;43.893;198.797601;165.72;-10.83424;0.95732;0.75;0.25;136.45375;93.11680;101.96000;84.74000;75.52000;2176.9;275.0;200.0;46.0;6.28;0.926;0.17498;0.04096;0.00;0.000;2.502;0.947;0.000;0.557;166.776;165.08;177.39;22817.4;1246.40;2.04;3.21;1.03;1983.40;36432.00;24859.38;30907.9;0.06;1.18;0.80;26/11/2024 16:07:26;
27/11/2024;20;2.0TD;1;0.000167283125000000;0.195;1.164790857;271.564825;33.081;43.893;194.590825;161.62;-10.83424;0.95732;0.75;0.25;136.45375;93.11680;101.96000;84.74000;75.52000;2176.9;275.0;200.0;46.0;6.50;0.926;0.17498;0.04096;0.00;0.000;2.443;0.947;0.000;0.557;162.837;161.20;168.90;22796.9;1327.00;2.26;3.21;1.03;28224.08;18080.00;24859.38;31406.9;0.90;0.58;0.79;26/11/2024 16:07:26;
27/11/2024;21;2.0TD;1;0.000179512170000000;0.195;1.165900716;276.514515;33.081;43.893;199.540515;165.68;-10.83424;0.95732;0.75;0.25;136.45375;93.11680;101.96000;84.74000;75.52000;2176.9;275.0;200.0;46.0;6.52;0.926;0.17498;0.04096;0.00;0.000;2.505;0.947;0.000;0.557;166.979;165.01;180.00;23696.7;1107.40;2.28;3.21;1.03;26467.04;21320.00;24859.38;31789.6;0.83;0.67;0.78;26/11/2024 16:07:26;
27/11/2024;22;2.0TD;1;0.000179905387000000;0.200;1.199101957;268.419013;33.081;43.893;191.445013;158.20;-10.83424;0.95732;0.75;0.25;136.45375;93.11680;101.96000;84.74000;75.52000;2176.9;275.0;200.0;46.0;6.67;0.926;0.17498;0.04096;0.00;0.000;2.393;0.947;0.000;0.557;159.537;157.94;162.34;22736.6;1404.40;2.43;3.21;1.03;28805.44;20840.00;24859.38;30723.6;0.94;0.68;0.81;26/11/2024 16:07:26;
27/11/2024;23;2.0TD;2;0.000160624721000000;0.212;1.303419942;207.809875;19.184;8.779;179.846875;147.47;-10.83424;0.95732;0.75;0.25;136.45375;93.11680;101.96000;84.74000;75.52000;2176.9;275.0;200.0;46.0;7.19;0.154;0.17498;0.04096;0.00;0.000;2.226;0.947;0.000;0.557;148.388;147.20;153.17;21232.6;1000.10;2.95;3.21;1.03;33206.96;24320.00;24859.38;27870.4;1.19;0.87;0.89;26/11/2024 16:07:26;
27/11/2024;24;2.0TD;2;0.000132065877000000;0.222;1.363896785;200.993936;19.184;8.779;173.030936;140.81;-10.83424;0.95732;0.75;0.25;136.45375;93.11680;101.96000;84.74000;75.52000;2176.9;275.0;200.0;46.0;7.16;0.154;0.17498;0.04096;0.00;0.000;2.124;0.947;0.000;0.557;141.596;140.50;147.21;18621.3;888.80;2.92;3.21;1.03;0.00;48520.00;24859.38;25176.5;0.00;1.93;0.99;26/11/2024 16:07:26;
*
