pvpcdata;
2024;03;11;12;38;26;
08/02/2024;1;2.0TD;3;0.000111949856000000;0.235;1.304528988;92.941985;0.557;2.195;90.189985;46.75;14.57228;0.79321;0.75;0.25;38.66750;96.95660;101.96000;97.42000;68.27000;2521.4;275.0;177.0;48.0;12.29;0.000;0.17498;0.03702;0.00;0.000;0.000;1.095;0.565;0.000;0.557;73.028;46.73;47.20;16590.6;864.50;7.26;3.48;1.55;100197.28;60763.28;24859.38;25603.4;3.91;2.37;0.97;07/02/2024 16:29:51;
08/02/2024;2;2.0TD;3;0.000091690906000000;0.244;1.356318845;85.276880;0.557;2.195;82.524880;39.25;14.57228;0.79321;0.75;0.25;38.66750;96.95660;101.96000;97.42000;68.27000;2521.4;275.0;177.0;48.0;13.20;0.000;0.17498;0.03702;0.00;0.000;0.000;0.995;0.565;0.000;0.557;66.338;39.00;44.40;17233.4;847.20;8.17;3.48;1.55;118754.28;52476.48;24859.38;24006.4;4.95;2.19;1.04;07/02/2024 16:29:51;
08/02/2024;3;2.0TD;3;0.000080886770000000;0.251;1.392710523;80.572116;0.557;2.195;77.820116;33.98;14.57228;0.79321;0.75;0.25;38.66750;96.95660;101.96000;97.42000;68.27000;2521.4;275.0;177.0;48.0;14.40;0.000;0.17498;0.03702;0.00;0.000;0.000;0.933;0.565;0.000;0.557;62.206;33.80;38.00;17962.1;781.50;9.37;3.48;1.55;134757.56;57647.52;24859.38;23173.3;5.82;2.49;1.07;07/02/2024 16:29:51;
08/02/2024;4;2.0TD;3;0.000075604915000000;0.252;1.402464529;78.969163;0.557;2.195;76.217163;32.53;14.57228;0.79321;0.75;0.25;38.66750;96.95660;101.96000;97.42000;68.27000;2521.4;275.0;177.0;48.0;14.54;0.000;0.17498;0.03702;0.00;0.000;0.000;0.913;0.565;0.000;0.557;60.876;32.45;34.44;17760.5;778.10;9.51;3.48;1.55;157910.96;58742.48;0.00;22779.5;6.93;2.58;0.00;07/02/2024 16:29:51;
08/02/2024;5;2.0TD;3;0.000073808039000000;0.251;1.392523777;78.133917;0.557;2.195;75.381917;31.90;14.57228;0.79321;0.75;0.25;38.66750;96.95660;101.96000;97.42000;68.27000;2521.4;275.0;177.0;48.0;14.56;0.000;0.17498;0.03702;0.00;0.000;0.000;0.904;0.565;0.000;0.557;60.257;31.70;36.70;17628.1;744.60;9.53;3.48;1.55;158564.48;57072.96;0.00;22628.0;7.01;2.52;0.00;07/02/2024 16:29:51;
08/02/2024;6;2.0TD;3;0.000076396139000000;0.247;1.372198659;78.512647;0.557;2.195;75.760647;32.64;14.57228;0.79321;0.75;0.25;38.66750;96.95660;101.96000;97.42000;68.27000;2521.4;275.0;177.0;48.0;14.31;0.000;0.17498;0.03702;0.00;0.000;0.000;0.911;0.565;0.000;0.557;60.754;32.45;37.04;17272.2;766.10;9.28;3.48;1.55;158020.88;58668.96;0.00;23357.8;6.77;2.51;0.00;07/02/2024 16:29:51;
08/02/2024;7;2.0TD;3;0.000088216365000000;0.232;1.290256354;87.720980;0.557;2.195;84.968980;41.50;14.57228;0.79321;0.75;0.25;38.66750;96.95660;101.96000;97.42000;68.27000;2521.4;275.0;177.0;48.0;13.54;0.000;0.17498;0.03702;0.00;0.000;0.000;1.035;0.565;0.000;0.557;68.968;41.50;41.50;16398.6;833.60;8.51;3.48;1.55;146168.64;51582.72;24859.38;26149.9;5.59;1.97;0.95;07/02/2024 16:29:51;
08/02/2024;8;2.0TD;3;0.000114428165000000;0.217;1.207546379;93.159678;0.557;2.195;90.407678;50.23;14.57228;0.79321;0.75;0.25;38.66750;96.95660;101.96000;97.42000;68.27000;2521.4;275.0;177.0;48.0;10.05;0.000;0.17498;0.03702;0.00;0.000;0.000;1.114;0.565;0.000;0.557;74.287;50.00;55.00;18368.4;893.20;5.02;3.48;1.55;74638.68;51263.04;24859.38;30051.4;2.48;1.71;0.83;07/02/2024 16:29:51;
08/02/2024;9;2.0TD;2;0.000125168894000000;0.205;1.257651226;126.273320;19.184;8.779;98.310320;57.22;14.57228;0.79321;0.75;0.25;38.66750;96.95660;101.96000;97.42000;68.27000;2521.4;275.0;177.0;48.0;10.07;0.178;0.17498;0.03702;0.00;0.000;0.000;1.224;0.565;0.000;0.557;81.585;57.00;62.21;19949.6;887.70;5.04;3.48;1.55;58915.64;78415.84;24859.38;32138.6;1.83;2.44;0.77;07/02/2024 16:29:51;
08/02/2024;10;2.0TD;2;0.000127568118000000;0.194;1.192613771;106.695752;19.184;8.779;78.732752;42.33;14.57228;0.79321;0.75;0.25;38.66750;96.95660;101.96000;97.42000;68.27000;2521.4;275.0;177.0;48.0;9.55;0.178;0.17498;0.03702;0.00;0.000;0.000;0.989;0.565;0.000;0.557;65.940;42.13;45.61;20040.4;1240.90;4.52;3.48;1.55;69250.92;53017.92;24859.38;32515.3;2.13;1.63;0.76;07/02/2024 16:29:51;
08/02/2024;11;2.0TD;1;0.000130632589000000;0.190;1.139835593;150.127260;33.081;43.893;73.153260;37.30;14.57228;0.79321;0.75;0.25;38.66750;96.95660;101.96000;97.42000;68.27000;2521.4;275.0;177.0;48.0;9.29;1.068;0.17498;0.03702;0.00;0.000;0.000;0.922;0.565;0.000;0.557;61.473;37.00;42.50;21098.5;1230.20;4.26;3.48;1.55;98775.64;12586.00;24859.38;32043.7;3.08;0.39;0.78;07/02/2024 16:29:51;
08/02/2024;12;2.0TD;1;0.000128336922000000;0.192;1.150393875;147.745815;33.081;43.893;70.771815;35.28;14.57228;0.79321;0.75;0.25;38.66750;96.95660;101.96000;97.42000;68.27000;2521.4;275.0;177.0;48.0;9.24;1.068;0.17498;0.03702;0.00;0.000;0.000;0.891;0.565;0.000;0.557;59.372;35.22;36.22;21297.5;1463.30;4.21;3.48;1.55;106347.72;3092.56;24859.38;31878.0;3.34;0.10;0.78;07/02/2024 16:29:51;
08/02/2024;13;2.0TD;1;0.000127883798000000;0.191;1.141187777;151.035535;33.081;43.893;74.061535;37.82;14.57228;0.79321;0.75;0.25;38.66750;96.95660;101.96000;97.42000;68.27000;2521.4;275.0;177.0;48.0;9.47;1.068;0.17498;0.03702;0.00;0.000;0.000;0.933;0.565;0.000;0.557;62.184;38.00;35.00;20437.3;1334.70;4.44;3.48;1.55;111841.16;2948.72;24859.38;31462.0;3.55;0.09;0.79;07/02/2024 16:29:51;
08/02/2024;14;2.0TD;1;0.000133975476000000;0.187;1.120415433;143.833351;33.081;43.893;66.859351;31.70;14.57228;0.79321;0.75;0.25;38.66750;96.95660;101.96000;97.42000;68.27000;2521.4;275.0;177.0;48.0;9.82;1.068;0.17498;0.03702;0.00;0.000;0.000;0.845;0.565;0.000;0.557;56.326;31.70;31.70;20657.3;1321.40;4.79;3.48;1.55;117789.60;7623.52;24859.38;31388.4;3.75;0.24;0.79;07/02/2024 16:29:51;
08/02/2024;15;2.0TD;2;0.000134582470000000;0.185;1.136934610;98.835869;19.184;8.779;70.872869;33.88;14.57228;0.79321;0.75;0.25;38.66750;96.95660;101.96000;97.42000;68.27000;2521.4;275.0;177.0;48.0;11.96;0.178;0.17498;0.03702;0.00;0.000;0.000;0.897;0.565;0.000;0.557;59.808;33.80;35.79;23285.2;1006.40;6.93;3.48;1.55;115561.56;74118.80;24859.38;30952.8;3.73;2.39;0.80;07/02/2024 16:29:51;
08/02/2024;16;2.0TD;2;0.000128452227000000;0.191;1.171852068;99.086338;19.184;8.779;71.123338;33.16;14.57228;0.79321;0.75;0.25;38.66750;96.95660;101.96000;97.42000;68.27000;2521.4;275.0;177.0;48.0;12.59;0.178;0.17498;0.03702;0.00;0.000;0.000;0.896;0.565;0.000;0.557;59.717;33.08;35.08;23023.0;980.60;7.56;3.48;1.55;121958.56;82760.60;24859.38;30392.1;4.01;2.72;0.82;07/02/2024 16:29:51;
08/02/2024;17;2.0TD;2;0.000123743639000000;0.195;1.194203108;106.410362;19.184;8.779;78.447362;39.48;14.57228;0.79321;0.75;0.25;38.66750;96.95660;101.96000;97.42000;68.27000;2521.4;275.0;177.0;48.0;12.11;0.178;0.17498;0.03702;0.00;0.000;0.000;0.985;0.565;0.000;0.557;65.646;39.40;41.39;22361.8;991.90;7.08;3.48;1.55;109568.04;79526.88;24859.38;30200.5;3.63;2.63;0.82;07/02/2024 16:29:51;
08/02/2024;18;2.0TD;2;0.000126215626000000;0.196;1.200464944;108.187484;19.184;8.779;80.224484;41.50;14.57228;0.79321;0.75;0.25;38.66750;96.95660;101.96000;97.42000;68.27000;2521.4;275.0;177.0;48.0;11.50;0.178;0.17498;0.03702;0.00;0.000;0.000;1.006;0.565;0.000;0.557;67.077;41.50;41.50;21365.4;919.60;6.47;3.48;1.55;101269.24;71679.36;24859.38;30537.2;3.32;2.35;0.81;07/02/2024 16:29:51;
08/02/2024;19;2.0TD;1;0.000140463454000000;0.195;1.168644808;159.521407;33.081;43.893;82.547407;44.14;14.57228;0.79321;0.75;0.25;38.66750;96.95660;101.96000;97.42000;68.27000;2521.4;275.0;177.0;48.0;9.94;1.068;0.17498;0.03702;0.00;0.000;0.000;1.036;0.565;0.000;0.557;69.077;44.23;42.43;18956.0;943.00;4.91;3.48;1.55;74507.60;55024.88;24859.38;31458.2;2.37;1.75;0.79;07/02/2024 16:29:51;
08/02/2024;20;2.0TD;1;0.000169238218000000;0.195;1.168578660;154.547817;33.081;43.893;77.573817;40.20;14.57228;0.79321;0.75;0.25;38.66750;96.95660;101.96000;97.42000;68.27000;2521.4;275.0;177.0;48.0;9.78;1.068;0.17498;0.03702;0.00;0.000;0.000;0.974;0.565;0.000;0.557;64.915;40.00;43.00;21104.6;1483.60;4.75;3.48;1.55;93725.68;38559.36;24859.38;33072.3;2.83;1.17;0.75;07/02/2024 16:29:51;
08/02/2024;21;2.0TD;1;0.000186189501000000;0.194;1.163467798;155.015426;33.081;43.893;78.041426;40.72;14.57228;0.79321;0.75;0.25;38.66750;96.95660;101.96000;97.42000;68.27000;2521.4;275.0;177.0;48.0;9.70;1.068;0.17498;0.03702;0.00;0.000;0.000;0.980;0.565;0.000;0.557;65.361;40.50;44.50;21420.3;1262.00;4.67;3.48;1.55;93255.96;38240.16;24859.38;33499.3;2.78;1.14;0.74;07/02/2024 16:29:51;
08/02/2024;22;2.0TD;1;0.000188230994000000;0.196;1.173838063;152.438404;33.081;43.893;75.464404;38.17;14.57228;0.79321;0.75;0.25;38.66750;96.95660;101.96000;97.42000;68.27000;2521.4;275.0;177.0;48.0;10.02;1.068;0.17498;0.03702;0.00;0.000;0.000;0.946;0.565;0.000;0.557;63.097;37.94;42.94;21815.6;1039.00;4.99;3.48;1.55;95677.24;41049.12;24859.38;32399.6;2.95;1.27;0.77;07/02/2024 16:29:51;
08/02/2024;23;2.0TD;2;0.000170365209000000;0.201;1.235789041;105.498753;19.184;8.779;77.535753;40.28;14.57228;0.79321;0.75;0.25;38.66750;96.95660;101.96000;97.42000;68.27000;2521.4;275.0;177.0;48.0;10.24;0.178;0.17498;0.03702;0.00;0.000;0.000;0.968;0.565;0.000;0.557;64.559;40.19;42.18;19216.7;935.40;5.21;3.48;1.55;77858.24;51071.76;24859.38;29523.3;2.64;1.73;0.84;07/02/2024 16:29:51;
08/02/2024;24;2.0TD;2;0.000141030053000000;0.206;1.264722943;92.292642;19.184;8.779;64.329642;29.04;14.57228;0.79321;0.75;0.25;38.66750;96.95660;101.96000;97.42000;68.27000;2521.4;275.0;177.0;48.0;10.43;0.178;0.17498;0.03702;0.00;0.000;0.000;0.800;0.565;0.000;0.557;53.341;28.70;36.70;19422.1;855.90;5.40;3.48;1.55;60238.20;58823.60;24859.38;26657.0;2.26;2.21;0.93;07/02/2024 16:29:51;
*
