pvpcdata;
2025;01;13;09;30;19;
03/12/2024;1;2.0TD;3;0.000125604938000000;0.236;1.311364673;178.039829;0.557;2.195;175.287829;139.21;-11.45068;0.94307;0.75;0.25;140.42750;94.62480;101.96000;84.74000;90.60000;2239.5;275.0;200.0;53.0;9.56;0.000;0.17498;0.04096;0.00;0.000;2.127;0.947;0.000;0.557;141.818;139.46;136.46;19585.2;1787.30;5.39;3.25;0.92;59962.56;41840.00;24859.38;23530.2;2.55;1.78;1.06;02/12/2024 16:07:59;
03/12/2024;2;2.0TD;3;0.000102837516000000;0.245;1.361373279;174.905162;0.557;2.195;172.153162;134.74;-11.45068;0.94307;0.75;0.25;140.42750;94.62480;101.96000;84.74000;90.60000;2239.5;275.0;200.0;53.0;10.54;0.000;0.17498;0.04096;0.00;0.000;2.074;0.947;0.000;0.557;138.275;135.00;132.00;18346.1;1718.90;6.37;3.25;0.92;72934.84;43884.80;24859.38;22250.1;3.28;1.97;1.12;02/12/2024 16:07:59;
03/12/2024;3;2.0TD;3;0.000090163183000000;0.253;1.406858571;171.088330;0.557;2.195;168.336330;130.15;-11.45068;0.94307;0.75;0.25;140.42750;94.62480;101.96000;84.74000;90.60000;2239.5;275.0;200.0;53.0;11.26;0.000;0.17498;0.04096;0.00;0.000;2.015;0.947;0.000;0.557;134.346;130.46;126.86;17583.8;1674.20;7.09;3.25;0.92;78809.12;47230.24;24859.38;21278.8;3.70;2.22;1.17;02/12/2024 16:07:59;
03/12/2024;4;2.0TD;3;0.000083854178000000;0.256;1.419651897;163.891314;0.557;2.195;161.139314;125.07;-11.45068;0.94307;0.75;0.25;140.42750;94.62480;101.96000;84.74000;90.60000;2239.5;275.0;200.0;53.0;10.38;0.000;0.17498;0.04096;0.00;0.000;1.924;0.947;0.000;0.557;128.295;125.36;122.36;17005.5;1804.80;6.21;3.25;0.92;84570.80;45000.00;0.00;20869.6;4.05;2.16;0.00;02/12/2024 16:07:59;
03/12/2024;5;2.0TD;3;0.000081746008000000;0.257;1.425201940;162.003381;0.557;2.195;159.251381;123.44;-11.45068;0.94307;0.75;0.25;140.42750;94.62480;101.96000;84.74000;90.60000;2239.5;275.0;200.0;53.0;10.43;0.000;0.17498;0.04096;0.00;0.000;1.900;0.947;0.000;0.557;126.691;123.72;120.72;16863.2;1735.10;6.26;3.25;0.92;86606.48;43640.00;0.00;20807.7;4.16;2.10;0.00;02/12/2024 16:07:59;
03/12/2024;6;2.0TD;3;0.000083820169000000;0.250;1.389609790;162.791540;0.557;2.195;160.039540;125.39;-11.45068;0.94307;0.75;0.25;140.42750;94.62480;101.96000;84.74000;90.60000;2239.5;275.0;200.0;53.0;9.80;0.000;0.17498;0.04096;0.00;0.000;1.920;0.947;0.000;0.557;128.031;125.67;122.67;17149.9;1788.50;5.63;3.25;0.92;79637.68;41960.00;0.00;21597.6;3.69;1.94;0.00;02/12/2024 16:07:59;
03/12/2024;7;2.0TD;3;0.000094903629000000;0.227;1.262028931;175.878794;0.557;2.195;173.126794;138.54;-11.45068;0.94307;0.75;0.25;140.42750;94.62480;101.96000;84.74000;90.60000;2239.5;275.0;200.0;53.0;9.52;0.000;0.17498;0.04096;0.00;0.000;2.116;0.947;0.000;0.557;141.097;138.54;138.54;18925.7;1436.60;5.35;3.25;0.92;35886.16;66835.68;24859.38;23827.7;1.51;2.80;1.04;02/12/2024 16:07:59;
03/12/2024;8;2.0TD;3;0.000120576633000000;0.206;1.146687374;189.053230;0.557;2.195;186.301230;149.41;-11.45068;0.94307;0.75;0.25;140.42750;94.62480;101.96000;84.74000;90.60000;2239.5;275.0;200.0;53.0;11.83;0.000;0.17498;0.04096;0.00;0.000;2.317;0.947;0.000;0.557;154.478;149.36;150.41;22330.7;1191.10;7.66;3.25;0.92;53623.96;136000.00;24859.38;28016.5;1.91;4.85;0.89;02/12/2024 16:07:59;
03/12/2024;9;2.0TD;2;0.000134745800000000;0.195;1.195151843;223.137130;19.184;8.779;195.174130;158.84;-11.45068;0.94307;0.75;0.25;140.42750;94.62480;101.96000;84.74000;90.60000;2239.5;275.0;200.0;53.0;10.96;0.154;0.17498;0.04096;0.00;0.000;2.450;0.947;0.000;0.557;163.325;158.84;158.84;23161.6;1528.40;6.79;3.25;0.92;48118.64;130368.00;24859.38;29943.8;1.61;4.35;0.83;02/12/2024 16:07:59;
03/12/2024;10;2.0TD;2;0.000139722005000000;0.185;1.136161779;216.294614;19.184;8.779;188.331614;154.90;-11.45068;0.94307;0.75;0.25;140.42750;94.62480;101.96000;84.74000;90.60000;2239.5;275.0;200.0;53.0;10.57;0.154;0.17498;0.04096;0.00;0.000;2.384;0.947;0.000;0.557;158.929;154.90;154.90;24250.9;1481.30;6.40;3.25;0.92;51831.56;115840.00;24859.38;30077.4;1.72;3.85;0.83;02/12/2024 16:07:59;
03/12/2024;11;2.0TD;1;0.000143713388000000;0.177;1.059874262;252.361868;33.081;43.893;175.387868;146.13;-11.45068;0.94307;0.75;0.25;140.42750;94.62480;101.96000;84.74000;90.60000;2239.5;275.0;200.0;53.0;8.80;0.926;0.17498;0.04096;0.00;0.000;2.235;0.947;0.000;0.557;149.012;146.06;147.30;24460.8;1466.50;4.63;3.25;0.92;20522.72;92960.00;24859.38;29893.8;0.69;3.11;0.83;02/12/2024 16:07:59;
03/12/2024;12;2.0TD;1;0.000141081431000000;0.174;1.044132735;246.610698;33.081;43.893;169.636698;142.00;-11.45068;0.94307;0.75;0.25;140.42750;94.62480;101.96000;84.74000;90.60000;2239.5;275.0;200.0;53.0;8.48;0.926;0.17498;0.04096;0.00;0.000;2.167;0.947;0.000;0.557;144.494;142.00;142.00;25289.2;1685.10;4.31;3.25;0.92;41725.80;60000.00;24859.38;29385.8;1.42;2.04;0.85;02/12/2024 16:07:59;
03/12/2024;13;2.0TD;1;0.000139660909000000;0.173;1.033758898;244.191756;33.081;43.893;167.217756;138.41;-11.45068;0.94307;0.75;0.25;140.42750;94.62480;101.96000;84.74000;90.60000;2239.5;275.0;200.0;53.0;10.16;0.926;0.17498;0.04096;0.00;0.000;2.138;0.947;0.000;0.557;142.555;138.54;136.55;25264.9;1741.30;5.99;3.25;0.92;89498.56;61296.00;24859.38;29350.0;3.05;2.09;0.85;02/12/2024 16:07:59;
03/12/2024;14;2.0TD;1;0.000147009953000000;0.173;1.037974128;234.903942;33.081;43.893;157.929942;130.19;-11.45068;0.94307;0.75;0.25;140.42750;94.62480;101.96000;84.74000;90.60000;2239.5;275.0;200.0;53.0;10.58;0.926;0.17498;0.04096;0.00;0.000;2.020;0.947;0.000;0.557;134.637;130.46;126.46;24915.9;1821.80;6.41;3.25;0.92;98320.60;66960.00;24859.38;29696.5;3.31;2.25;0.84;02/12/2024 16:07:59;
03/12/2024;15;2.0TD;2;0.000149152299000000;0.174;1.064600722;174.903930;19.184;8.779;146.940930;120.89;-11.45068;0.94307;0.75;0.25;140.42750;94.62480;101.96000;84.74000;90.60000;2239.5;275.0;200.0;53.0;11.32;0.154;0.17498;0.04096;0.00;0.000;1.877;0.947;0.000;0.557;125.162;121.18;116.93;24331.8;1808.80;7.15;3.25;0.92;109146.28;78030.40;24859.38;29667.8;3.68;2.63;0.84;02/12/2024 16:07:59;
03/12/2024;16;2.0TD;2;0.000144620108000000;0.180;1.106955458;181.788546;19.184;8.779;153.825546;121.32;-11.45068;0.94307;0.75;0.25;140.42750;94.62480;101.96000;84.74000;90.60000;2239.5;275.0;200.0;53.0;16.01;0.154;0.17498;0.04096;0.00;0.000;1.955;0.947;0.000;0.557;130.360;121.46;119.47;23564.3;1798.30;11.84;3.25;0.92;65707.44;257524.64;24859.38;29415.2;2.23;8.75;0.85;02/12/2024 16:07:59;
03/12/2024;17;2.0TD;2;0.000142842777000000;0.186;1.144021525;197.405197;19.184;8.779;169.442197;140.65;-11.45068;0.94307;0.75;0.25;140.42750;94.62480;101.96000;84.74000;90.60000;2239.5;275.0;200.0;53.0;9.00;0.154;0.17498;0.04096;0.00;0.000;2.143;0.947;0.000;0.557;142.868;140.65;140.65;23383.7;1738.30;4.83;3.25;0.92;19053.80;96768.00;24859.38;29114.0;0.65;3.32;0.85;02/12/2024 16:07:59;
03/12/2024;18;2.0TD;2;0.000151743400000000;0.194;1.189771671;210.706648;19.184;8.779;182.743648;149.86;-11.45068;0.94307;0.75;0.25;140.42750;94.62480;101.96000;84.74000;90.60000;2239.5;275.0;200.0;53.0;9.82;0.154;0.17498;0.04096;0.00;0.000;2.296;0.947;0.000;0.557;153.051;150.00;148.01;23811.2;1817.00;5.65;3.25;0.92;37785.76;107200.00;24859.38;30054.5;1.26;3.57;0.83;02/12/2024 16:07:59;
03/12/2024;19;2.0TD;1;0.000175359939000000;0.204;1.224386023;270.124053;33.081;43.893;193.150053;157.23;-11.45068;0.94307;0.75;0.25;140.42750;94.62480;101.96000;84.74000;90.60000;2239.5;275.0;200.0;53.0;8.94;0.926;0.17498;0.04096;0.00;0.000;2.406;0.947;0.000;0.557;160.423;157.23;157.23;24766.3;1804.80;4.77;3.25;0.92;59387.88;65568.00;24859.38;31426.6;1.89;2.09;0.79;02/12/2024 16:07:59;
03/12/2024;20;2.0TD;1;0.000188454292000000;0.209;1.251430988;273.038294;33.081;43.893;196.064294;160.02;-11.45068;0.94307;0.75;0.25;140.42750;94.62480;101.96000;84.74000;90.60000;2239.5;275.0;200.0;53.0;7.87;0.926;0.17498;0.04096;0.00;0.000;2.433;0.947;0.000;0.557;162.170;160.02;160.02;25087.9;1908.80;3.70;3.25;0.92;56732.52;36560.00;24859.38;31990.5;1.77;1.14;0.78;02/12/2024 16:07:59;
03/12/2024;21;2.0TD;1;0.000199775235000000;0.212;1.269204886;271.285030;33.081;43.893;194.311030;158.46;-11.45068;0.94307;0.75;0.25;140.42750;94.62480;101.96000;84.74000;90.60000;2239.5;275.0;200.0;53.0;7.61;0.926;0.17498;0.04096;0.00;0.000;2.405;0.947;0.000;0.557;160.322;158.46;158.46;25246.6;1854.70;3.44;3.25;0.92;57757.92;28280.00;24859.38;32277.0;1.79;0.88;0.77;02/12/2024 16:07:59;
03/12/2024;22;2.0TD;1;0.000202688072000000;0.217;1.300578552;262.177829;33.081;43.893;185.203829;150.00;-11.45068;0.94307;0.75;0.25;140.42750;94.62480;101.96000;84.74000;90.60000;2239.5;275.0;200.0;53.0;8.05;0.926;0.17498;0.04096;0.00;0.000;2.283;0.947;0.000;0.557;152.180;150.00;150.00;23839.4;1875.20;3.88;3.25;0.92;63816.20;33120.00;24859.38;31407.3;2.03;1.05;0.79;02/12/2024 16:07:59;
03/12/2024;23;2.0TD;2;0.000185635398000000;0.220;1.350168946;203.736491;19.184;8.779;175.773491;142.00;-11.45068;0.94307;0.75;0.25;140.42750;94.62480;101.96000;84.74000;90.60000;2239.5;275.0;200.0;53.0;8.84;0.154;0.17498;0.04096;0.00;0.000;2.161;0.947;0.000;0.557;144.076;142.08;141.08;21127.9;1853.20;4.67;3.25;0.92;70734.08;36600.00;24859.38;28284.9;2.50;1.29;0.88;02/12/2024 16:07:59;
03/12/2024;24;2.0TD;2;0.000156415337000000;0.226;1.387195286;190.823163;19.184;8.779;162.860163;130.42;-11.45068;0.94307;0.75;0.25;140.42750;94.62480;101.96000;84.74000;90.60000;2239.5;275.0;200.0;53.0;9.35;0.154;0.17498;0.04096;0.00;0.000;1.993;0.947;0.000;0.557;132.838;130.81;126.85;18751.0;2027.20;5.18;3.25;0.92;49274.84;59160.00;24859.38;25743.0;1.91;2.30;0.97;02/12/2024 16:07:59;
*
