pvpcdata;
2024;09;10;12;19;09;
22/08/2024;1;2.0TD;3;0.000114978431000000;0.172;0.953779318;149.224803;0.557;2.195;146.472803;120.53;-5.08577;0.98089;0.75;0.25;109.39708;89.05400;101.96000;73.51000;75.32000;2308.1;275.0;234.0;57.0;5.84;0.000;0.17498;0.04096;0.00;0.000;1.875;0.947;0.000;0.557;124.976;120.30;122.78;18385.6;1843.20;1.71;3.08;1.05;12600.12;7150.08;24859.38;26059.1;0.48;0.27;0.95;21/08/2024 16:06:14;
22/08/2024;2;2.0TD;3;0.000099208025000000;0.171;0.948144035;144.046961;0.557;2.195;141.294961;115.80;-5.08577;0.98089;0.75;0.25;109.39708;89.05400;101.96000;73.51000;75.32000;2308.1;275.0;234.0;57.0;6.32;0.000;0.17498;0.04096;0.00;0.000;1.810;0.947;0.000;0.557;120.661;115.71;116.71;17686.2;1739.50;2.19;3.08;1.05;13367.00;15862.08;24859.38;24713.7;0.54;0.64;1.01;21/08/2024 16:06:14;
22/08/2024;3;2.0TD;3;0.000088807192000000;0.171;0.947226314;147.660667;0.557;2.195;144.908667;118.95;-5.08577;0.98089;0.75;0.25;109.39708;89.05400;101.96000;73.51000;75.32000;2308.1;275.0;234.0;57.0;6.21;0.000;0.17498;0.04096;0.00;0.000;1.856;0.947;0.000;0.557;123.747;118.85;119.85;16857.6;1778.40;2.08;3.08;1.05;12850.08;11179.00;24859.38;23485.1;0.55;0.48;1.06;21/08/2024 16:06:14;
22/08/2024;4;2.0TD;3;0.000082774477000000;0.169;0.938589012;146.926867;0.557;2.195;144.174867;118.90;-5.08577;0.98089;0.75;0.25;109.39708;89.05400;101.96000;73.51000;75.32000;2308.1;275.0;234.0;57.0;5.85;0.000;0.17498;0.04096;0.00;0.000;1.850;0.947;0.000;0.557;123.331;118.89;119.00;15929.5;1871.90;1.72;3.08;1.05;27147.04;11889.12;0.00;22675.7;1.20;0.52;0.00;21/08/2024 16:06:14;
22/08/2024;5;2.0TD;3;0.000079259073000000;0.167;0.929814569;146.869258;0.557;2.195;144.117258;118.85;-5.08577;0.98089;0.75;0.25;109.39708;89.05400;101.96000;73.51000;75.32000;2308.1;275.0;234.0;57.0;6.06;0.000;0.17498;0.04096;0.00;0.000;1.852;0.947;0.000;0.557;123.493;118.85;118.85;15610.5;1869.10;1.93;3.08;1.05;27174.72;15852.16;0.00;22287.1;1.22;0.71;0.00;21/08/2024 16:06:14;
22/08/2024;6;2.0TD;3;0.000077717829000000;0.165;0.916143107;146.398590;0.557;2.195;143.646590;118.85;-5.08577;0.98089;0.75;0.25;109.39708;89.05400;101.96000;73.51000;75.32000;2308.1;275.0;234.0;57.0;5.87;0.000;0.17498;0.04096;0.00;0.000;1.850;0.947;0.000;0.557;123.301;118.85;118.85;15447.8;1900.90;1.74;3.08;1.05;27158.36;11945.56;0.00;22509.4;1.21;0.53;0.00;21/08/2024 16:06:14;
22/08/2024;7;2.0TD;3;0.000079184104000000;0.160;0.889660289;149.585721;0.557;2.195;146.833721;121.07;-5.08577;0.98089;0.75;0.25;109.39708;89.05400;101.96000;73.51000;75.32000;2308.1;275.0;234.0;57.0;6.88;0.000;0.17498;0.04096;0.00;0.000;1.899;0.947;0.000;0.557;126.580;121.02;121.52;15885.8;1888.00;2.75;3.08;1.05;25128.00;15832.32;24859.38;23933.2;1.05;0.66;1.04;21/08/2024 16:06:14;
22/08/2024;8;2.0TD;3;0.000080502189000000;0.159;0.884878394;155.577501;0.557;2.195;152.825501;127.02;-5.08577;0.98089;0.75;0.25;109.39708;89.05400;101.96000;73.51000;75.32000;2308.1;275.0;234.0;57.0;6.13;0.000;0.17498;0.04096;0.00;0.000;1.978;0.947;0.000;0.557;131.859;126.71;130.71;17515.3;1491.10;2.00;3.08;1.05;19031.44;7346.20;24859.38;25625.9;0.74;0.29;0.97;21/08/2024 16:06:14;
22/08/2024;9;2.0TD;2;0.000087193223000000;0.148;0.909775028;174.436084;19.184;8.779;146.473084;121.06;-5.08577;0.98089;0.75;0.25;109.39708;89.05400;101.96000;73.51000;75.32000;2308.1;275.0;234.0;57.0;7.73;0.154;0.17498;0.04096;0.00;0.000;1.914;0.947;0.000;0.557;127.589;121.02;121.52;18447.2;1427.80;3.60;3.08;1.05;33022.76;38620.80;24859.38;26862.9;1.23;1.44;0.93;21/08/2024 16:06:14;
22/08/2024;10;2.0TD;2;0.000098431282000000;0.141;0.867187507;169.847256;19.184;8.779;141.884256;117.62;-5.08577;0.98089;0.75;0.25;109.39708;89.05400;101.96000;73.51000;75.32000;2308.1;275.0;234.0;57.0;7.98;0.154;0.17498;0.04096;0.00;0.000;1.865;0.947;0.000;0.557;124.350;117.49;119.82;20192.8;1184.00;3.85;3.08;1.05;28490.84;55256.80;24859.38;28199.7;1.01;1.96;0.88;21/08/2024 16:06:14;
22/08/2024;11;2.0TD;1;0.000106772614000000;0.149;0.891048474;209.520105;33.081;43.893;132.546105;103.81;-5.08577;0.98089;0.75;0.25;109.39708;89.05400;101.96000;73.51000;75.32000;2308.1;275.0;234.0;57.0;12.16;0.926;0.17498;0.04096;0.00;0.000;1.730;0.947;0.000;0.557;115.357;103.77;104.77;23145.9;1043.20;8.03;3.08;1.05;45208.20;164500.80;24859.38;29202.0;1.55;5.63;0.85;21/08/2024 16:06:14;
22/08/2024;12;2.0TD;1;0.000111133037000000;0.151;0.902559812;181.507583;33.081;43.893;104.533583;82.53;-5.08577;0.98089;0.75;0.25;109.39708;89.05400;101.96000;73.51000;75.32000;2308.1;275.0;234.0;57.0;9.27;0.926;0.17498;0.04096;0.00;0.000;1.362;0.947;0.000;0.557;90.819;82.41;85.51;24594.4;964.30;5.14;3.08;1.05;63980.40;65573.28;24859.38;30070.6;2.13;2.18;0.83;21/08/2024 16:06:14;
22/08/2024;13;2.0TD;1;0.000117080550000000;0.151;0.904500421;179.965243;33.081;43.893;102.991243;81.37;-5.08577;0.98089;0.75;0.25;109.39708;89.05400;101.96000;73.51000;75.32000;2308.1;275.0;234.0;57.0;9.11;0.926;0.17498;0.04096;0.00;0.000;1.342;0.947;0.000;0.557;89.479;81.25;84.25;25437.6;1059.00;4.98;3.08;1.05;64905.96;64121.20;24859.38;30899.2;2.10;2.08;0.80;21/08/2024 16:06:14;
22/08/2024;14;2.0TD;1;0.000127605567000000;0.148;0.887092896;181.189204;33.081;43.893;104.215204;82.40;-5.08577;0.98089;0.75;0.25;109.39708;89.05400;101.96000;73.51000;75.32000;2308.1;275.0;234.0;57.0;9.36;0.926;0.17498;0.04096;0.00;0.000;1.362;0.947;0.000;0.557;90.779;82.28;85.38;25760.8;1023.80;5.23;3.08;1.05;63991.04;76577.28;24859.38;31643.6;2.02;2.42;0.79;21/08/2024 16:06:14;
22/08/2024;15;2.0TD;2;0.000132912499000000;0.151;0.924484405;129.958628;19.184;8.779;101.995628;81.10;-5.08577;0.98089;0.75;0.25;109.39708;89.05400;101.96000;73.51000;75.32000;2308.1;275.0;234.0;57.0;9.30;0.154;0.17498;0.04096;0.00;0.000;1.329;0.947;0.000;0.557;88.614;80.99;83.99;25885.2;1014.20;5.17;3.08;1.05;65061.52;74807.04;24859.38;31846.6;2.04;2.35;0.78;21/08/2024 16:06:14;
22/08/2024;16;2.0TD;2;0.000129349117000000;0.151;0.924341789;127.282553;19.184;8.779;99.319553;78.46;-5.08577;0.98089;0.75;0.25;109.39708;89.05400;101.96000;73.51000;75.32000;2308.1;275.0;234.0;57.0;9.65;0.154;0.17498;0.04096;0.00;0.000;1.294;0.947;0.000;0.557;86.289;78.39;80.39;25939.5;959.70;5.52;3.08;1.05;67430.72;80961.60;24859.38;31362.6;2.15;2.58;0.79;21/08/2024 16:06:14;
22/08/2024;17;2.0TD;2;0.000127750560000000;0.153;0.936564448;126.507367;19.184;8.779;98.544367;78.29;-5.08577;0.98089;0.75;0.25;109.39708;89.05400;101.96000;73.51000;75.32000;2308.1;275.0;234.0;57.0;9.01;0.154;0.17498;0.04096;0.00;0.000;1.282;0.947;0.000;0.557;85.467;78.18;81.18;25567.0;976.20;4.88;3.08;1.05;62105.96;64175.68;24859.38;30950.4;2.01;2.07;0.80;21/08/2024 16:06:14;
22/08/2024;18;2.0TD;2;0.000129023346000000;0.157;0.963591767;130.831632;19.184;8.779;102.868632;81.14;-5.08577;0.98089;0.75;0.25;109.39708;89.05400;101.96000;73.51000;75.32000;2308.1;275.0;234.0;57.0;9.55;0.154;0.17498;0.04096;0.00;0.000;1.334;0.947;0.000;0.557;88.909;80.99;85.11;24874.2;939.20;5.42;3.08;1.05;60487.68;81837.60;24859.38;30860.8;1.96;2.65;0.81;21/08/2024 16:06:14;
22/08/2024;19;2.0TD;1;0.000129883849000000;0.156;0.934520742;188.064206;33.081;43.893;111.090206;86.34;-5.08577;0.98089;0.75;0.25;109.39708;89.05400;101.96000;73.51000;75.32000;2308.1;275.0;234.0;57.0;10.66;0.926;0.17498;0.04096;0.00;0.000;1.441;0.947;0.000;0.557;96.098;86.31;87.11;22628.5;830.20;6.53;3.08;1.05;46241.20;129186.40;24859.38;30686.3;1.51;4.21;0.81;21/08/2024 16:06:14;
22/08/2024;20;2.0TD;1;0.000129567247000000;0.159;0.952895423;220.228479;33.081;43.893;143.254479;117.61;-5.08577;0.98089;0.75;0.25;109.39708;89.05400;101.96000;73.51000;75.32000;2308.1;275.0;234.0;57.0;6.48;0.926;0.17498;0.04096;0.00;0.000;1.854;0.947;0.000;0.557;123.601;117.49;119.82;20630.3;1110.20;2.35;3.08;1.05;24857.80;21564.00;24859.38;30273.7;0.82;0.71;0.82;21/08/2024 16:06:14;
22/08/2024;21;2.0TD;1;0.000132435629000000;0.162;0.971896863;239.532913;33.081;43.893;162.558913;132.16;-5.08577;0.98089;0.75;0.25;109.39708;89.05400;101.96000;73.51000;75.32000;2308.1;275.0;234.0;57.0;7.98;0.926;0.17498;0.04096;0.00;0.000;2.098;0.947;0.000;0.557;139.895;131.99;134.24;19864.1;1648.60;3.85;3.08;1.05;34784.08;55441.76;24859.38;29876.4;1.16;1.86;0.83;21/08/2024 16:06:14;
22/08/2024;22;2.0TD;1;0.000150226725000000;0.163;0.973702281;276.499204;33.081;43.893;199.525204;164.56;-5.08577;0.98089;0.75;0.25;109.39708;89.05400;101.96000;73.51000;75.32000;2308.1;275.0;234.0;57.0;6.77;0.926;0.17498;0.04096;0.00;0.000;2.573;0.947;0.000;0.557;171.560;164.50;165.42;20146.9;1495.80;2.64;3.08;1.05;38664.40;15852.16;24859.38;30054.0;1.29;0.53;0.83;21/08/2024 16:06:14;
22/08/2024;23;2.0TD;2;0.000148088740000000;0.167;1.024779328;196.278003;19.184;8.779;168.315003;137.79;-5.08577;0.98089;0.75;0.25;109.39708;89.05400;101.96000;73.51000;75.32000;2308.1;275.0;234.0;57.0;7.39;0.154;0.17498;0.04096;0.00;0.000;2.163;0.947;0.000;0.557;144.228;137.79;137.80;19358.4;1469.70;3.26;3.08;1.05;56421.88;12784.00;24859.38;28888.5;1.95;0.44;0.86;21/08/2024 16:06:14;
22/08/2024;24;2.0TD;2;0.000131592513000000;0.163;1.001803389;176.881422;19.184;8.779;148.918422;121.50;-5.08577;0.98089;0.75;0.25;109.39708;89.05400;101.96000;73.51000;75.32000;2308.1;275.0;234.0;57.0;7.74;0.154;0.17498;0.04096;0.00;0.000;1.921;0.947;0.000;0.557;128.046;121.50;121.49;18019.0;1685.30;3.61;3.08;1.05;66403.44;7031.20;24859.38;27204.3;2.44;0.26;0.91;21/08/2024 16:06:14;
*
