pvpcdata;
2024;09;10;12;19;13;
27/08/2024;1;2.0TD;3;0.000113706088000000;0.167;0.927160625;159.694016;0.557;2.195;156.942016;128.90;-4.66463;0.96773;0.75;0.25;107.71250;89.05400;101.96000;73.51000;75.32000;2339.5;275.0;234.0;57.0;6.36;0.000;0.17498;0.04096;0.00;0.000;2.017;0.947;0.000;0.557;134.483;129.21;125.22;19407.3;1614.90;2.23;3.08;1.05;21514.92;12768.00;24859.38;26526.5;0.81;0.48;0.94;26/08/2024 16:10:05;
27/08/2024;2;2.0TD;3;0.000098424147000000;0.167;0.928090279;152.514632;0.557;2.195;149.762632;122.36;-4.66463;0.96773;0.75;0.25;107.71250;89.05400;101.96000;73.51000;75.32000;2339.5;275.0;234.0;57.0;6.84;0.000;0.17498;0.04096;0.00;0.000;1.925;0.947;0.000;0.557;128.331;122.73;117.73;18307.5;1471.40;2.71;3.08;1.05;27749.60;15340.80;24859.38;25049.4;1.11;0.61;0.99;26/08/2024 16:10:05;
27/08/2024;3;2.0TD;3;0.000088479041000000;0.167;0.925472620;148.332104;0.557;2.195;145.580104;118.93;-4.66463;0.96773;0.75;0.25;107.71250;89.05400;101.96000;73.51000;75.32000;2339.5;275.0;234.0;57.0;6.74;0.000;0.17498;0.04096;0.00;0.000;1.871;0.947;0.000;0.557;124.747;119.00;118.00;17043.4;1344.50;2.61;3.08;1.05;27351.48;9779.76;24859.38;23733.2;1.15;0.41;1.05;26/08/2024 16:10:05;
27/08/2024;4;2.0TD;3;0.000082783775000000;0.169;0.938016877;147.644060;0.557;2.195;144.892060;118.92;-4.66463;0.96773;0.75;0.25;107.71250;89.05400;101.96000;73.51000;75.32000;2339.5;275.0;234.0;57.0;5.96;0.000;0.17498;0.04096;0.00;0.000;1.859;0.947;0.000;0.557;123.945;119.00;118.00;16161.9;1378.50;1.83;3.08;1.05;32330.96;9779.76;0.00;22958.4;1.41;0.43;0.00;26/08/2024 16:10:05;
27/08/2024;5;2.0TD;3;0.000079351219000000;0.169;0.937130068;139.692522;0.557;2.195;136.940522;112.17;-4.66463;0.96773;0.75;0.25;107.71250;89.05400;101.96000;73.51000;75.32000;2339.5;275.0;234.0;57.0;6.01;0.000;0.17498;0.04096;0.00;0.000;1.757;0.947;0.000;0.557;117.143;112.39;109.49;16086.6;1294.70;1.88;3.08;1.05;39259.32;3387.76;0.00;22729.9;1.73;0.15;0.00;26/08/2024 16:10:05;
27/08/2024;6;2.0TD;3;0.000078192703000000;0.165;0.916071795;136.882299;0.557;2.195;134.130299;109.77;-4.66463;0.96773;0.75;0.25;107.71250;89.05400;101.96000;73.51000;75.32000;2339.5;275.0;234.0;57.0;6.43;0.000;0.17498;0.04096;0.00;0.000;1.727;0.947;0.000;0.557;115.133;109.99;106.97;16181.5;1281.90;2.30;3.08;1.05;41573.72;11186.00;0.00;22894.4;1.82;0.49;0.00;26/08/2024 16:10:05;
27/08/2024;7;2.0TD;3;0.000080598817000000;0.162;0.897645548;142.789621;0.557;2.195;140.037621;114.54;-4.66463;0.96773;0.75;0.25;107.71250;89.05400;101.96000;73.51000;75.32000;2339.5;275.0;234.0;57.0;6.96;0.000;0.17498;0.04096;0.00;0.000;1.808;0.947;0.000;0.557;120.514;114.76;111.74;17077.3;1315.60;2.83;3.08;1.05;35999.36;9268.40;24859.38;24751.0;1.45;0.37;1.00;26/08/2024 16:10:05;
27/08/2024;8;2.0TD;3;0.000083421652000000;0.161;0.895902967;152.852238;0.557;2.195;150.100238;124.30;-4.66463;0.96773;0.75;0.25;107.71250;89.05400;101.96000;73.51000;75.32000;2339.5;275.0;234.0;57.0;5.84;0.000;0.17498;0.04096;0.00;0.000;1.939;0.947;0.000;0.557;129.285;124.10;126.87;18442.6;1445.40;1.71;3.08;1.05;9459.24;10533.60;24859.38;26259.0;0.36;0.40;0.95;26/08/2024 16:10:05;
27/08/2024;9;2.0TD;2;0.000090379635000000;0.152;0.929621926;172.986326;19.184;8.779;145.023326;119.86;-4.66463;0.96773;0.75;0.25;107.71250;89.05400;101.96000;73.51000;75.32000;2339.5;275.0;234.0;57.0;6.78;0.154;0.17498;0.04096;0.00;0.000;1.888;0.947;0.000;0.557;125.888;119.58;124.57;19109.0;1136.90;2.65;3.08;1.05;25276.16;21555.00;24859.38;27086.7;0.93;0.80;0.92;26/08/2024 16:10:05;
27/08/2024;10;2.0TD;2;0.000101542858000000;0.141;0.866045191;161.211609;19.184;8.779;133.248609;110.95;-4.66463;0.96773;0.75;0.25;107.71250;89.05400;101.96000;73.51000;75.32000;2339.5;275.0;234.0;57.0;6.72;0.154;0.17498;0.04096;0.00;0.000;1.752;0.947;0.000;0.557;116.782;110.78;115.78;21132.4;760.40;2.59;3.08;1.05;24813.80;23788.16;24859.38;28339.4;0.88;0.84;0.88;26/08/2024 16:10:05;
27/08/2024;11;2.0TD;1;0.000109440298000000;0.147;0.878647102;196.567451;33.081;43.893;119.593451;94.20;-4.66463;0.96773;0.75;0.25;107.71250;89.05400;101.96000;73.51000;75.32000;2339.5;275.0;234.0;57.0;10.37;0.926;0.17498;0.04096;0.00;0.000;1.564;0.947;0.000;0.557;104.266;94.20;94.20;22984.5;1045.60;6.24;3.08;1.05;49233.00;111557.76;24859.38;29771.0;1.65;3.75;0.84;26/08/2024 16:10:05;
27/08/2024;12;2.0TD;1;0.000113493633000000;0.150;0.898433502;180.360500;33.081;43.893;103.386500;81.31;-4.66463;0.96773;0.75;0.25;107.71250;89.05400;101.96000;73.51000;75.32000;2339.5;275.0;234.0;57.0;9.11;0.926;0.17498;0.04096;0.00;0.000;1.349;0.947;0.000;0.557;89.901;81.20;84.20;24863.2;912.00;4.98;3.08;1.05;64324.60;63967.68;24859.38;30741.1;2.09;2.08;0.81;26/08/2024 16:10:05;
27/08/2024;13;2.0TD;1;0.000119155522000000;0.151;0.901884149;175.951142;33.081;43.893;98.977142;77.59;-4.66463;0.96773;0.75;0.25;107.71250;89.05400;101.96000;73.51000;75.32000;2339.5;275.0;234.0;57.0;8.98;0.926;0.17498;0.04096;0.00;0.000;1.290;0.947;0.000;0.557;85.992;77.50;80.50;25758.9;813.80;4.85;3.08;1.05;67302.60;60967.20;24859.38;31564.5;2.13;1.93;0.79;26/08/2024 16:10:05;
27/08/2024;14;2.0TD;1;0.000129170088000000;0.147;0.881426816;175.548676;33.081;43.893;98.574676;77.65;-4.66463;0.96773;0.75;0.25;107.71250;89.05400;101.96000;73.51000;75.32000;2339.5;275.0;234.0;57.0;8.87;0.926;0.17498;0.04096;0.00;0.000;1.289;0.947;0.000;0.557;85.941;77.50;82.33;26056.7;832.30;4.74;3.08;1.05;67265.88;60967.20;24859.38;32313.6;2.08;1.89;0.77;26/08/2024 16:10:05;
27/08/2024;15;2.0TD;2;0.000133701854000000;0.149;0.914496868;123.942766;19.184;8.779;95.979766;76.09;-4.66463;0.96773;0.75;0.25;107.71250;89.05400;101.96000;73.51000;75.32000;2339.5;275.0;234.0;57.0;8.83;0.154;0.17498;0.04096;0.00;0.000;1.253;0.947;0.000;0.557;83.533;75.93;80.92;26197.4;862.10;4.70;3.08;1.05;68769.08;59754.24;24859.38;32631.1;2.11;1.83;0.76;26/08/2024 16:10:05;
27/08/2024;16;2.0TD;2;0.000129771474000000;0.147;0.902401719;122.797309;19.184;8.779;94.834309;75.15;-4.66463;0.96773;0.75;0.25;107.71250;89.05400;101.96000;73.51000;75.32000;2339.5;275.0;234.0;57.0;8.93;0.154;0.17498;0.04096;0.00;0.000;1.240;0.947;0.000;0.557;82.680;75.00;78.99;25948.5;1008.30;4.80;3.08;1.05;69549.36;59062.08;24859.38;31959.5;2.18;1.85;0.78;26/08/2024 16:10:05;
27/08/2024;17;2.0TD;2;0.000127881143000000;0.148;0.909477607;123.031525;19.184;8.779;95.068525;75.42;-4.66463;0.96773;0.75;0.25;107.71250;89.05400;101.96000;73.51000;75.32000;2339.5;275.0;234.0;57.0;8.79;0.154;0.17498;0.04096;0.00;0.000;1.242;0.947;0.000;0.557;82.812;75.31;78.31;25355.0;952.20;4.66;3.08;1.05;63583.04;59765.20;24859.38;31751.4;2.00;1.88;0.78;26/08/2024 16:10:05;
27/08/2024;18;2.0TD;2;0.000129398261000000;0.152;0.935076909;137.865302;19.184;8.779;109.902302;87.95;-4.66463;0.96773;0.75;0.25;107.71250;89.05400;101.96000;73.51000;75.32000;2339.5;275.0;234.0;57.0;8.66;0.154;0.17498;0.04096;0.00;0.000;1.431;0.947;0.000;0.557;95.401;87.95;87.95;23449.4;951.90;4.53;3.08;1.05;47860.40;69243.36;24859.38;31311.7;1.53;2.21;0.79;26/08/2024 16:10:05;
27/08/2024;19;2.0TD;1;0.000130103010000000;0.152;0.909830633;218.257934;33.081;43.893;141.283934;113.74;-4.66463;0.96773;0.75;0.25;107.71250;89.05400;101.96000;73.51000;75.32000;2339.5;275.0;234.0;57.0;8.93;0.926;0.17498;0.04096;0.00;0.000;1.840;0.947;0.000;0.557;122.642;114.00;110.00;22346.9;1527.20;4.80;3.08;1.05;25641.60;99015.84;24859.38;31186.5;0.82;3.17;0.80;26/08/2024 16:10:05;
27/08/2024;20;2.0TD;1;0.000129417001000000;0.156;0.933542589;227.420816;33.081;43.893;150.446816;123.85;-4.66463;0.96773;0.75;0.25;107.71250;89.05400;101.96000;73.51000;75.32000;2339.5;275.0;234.0;57.0;6.21;0.926;0.17498;0.04096;0.00;0.000;1.952;0.947;0.000;0.557;130.144;123.85;123.85;22611.4;1420.60;2.08;3.08;1.05;15781.04;23970.00;24859.38;30948.4;0.51;0.77;0.80;26/08/2024 16:10:05;
27/08/2024;21;2.0TD;1;0.000133147392000000;0.158;0.947117590;231.514084;33.081;43.893;154.540084;124.95;-4.66463;0.96773;0.75;0.25;107.71250;89.05400;101.96000;73.51000;75.32000;2339.5;275.0;234.0;57.0;8.37;0.926;0.17498;0.04096;0.00;0.000;2.002;0.947;0.000;0.557;133.454;125.14;122.14;21461.8;1460.70;4.24;3.08;1.05;79487.96;26279.00;24859.38;30818.6;2.58;0.85;0.81;26/08/2024 16:10:05;
27/08/2024;22;2.0TD;1;0.000151059108000000;0.158;0.948065405;264.513610;33.081;43.893;187.539610;153.13;-4.66463;0.96773;0.75;0.25;107.71250;89.05400;101.96000;73.51000;75.32000;2339.5;275.0;234.0;57.0;8.26;0.926;0.17498;0.04096;0.00;0.000;2.429;0.947;0.000;0.557;161.951;153.20;152.20;21586.5;1568.70;4.13;3.08;1.05;70629.00;33452.16;24859.38;31213.8;2.26;1.07;0.80;26/08/2024 16:10:05;
27/08/2024;23;2.0TD;2;0.000146949310000000;0.163;0.999039966;180.322169;19.184;8.779;152.359169;123.40;-4.66463;0.96773;0.75;0.25;107.71250;89.05400;101.96000;73.51000;75.32000;2339.5;275.0;234.0;57.0;8.28;0.154;0.17498;0.04096;0.00;0.000;1.965;0.947;0.000;0.557;131.005;123.78;118.78;20655.2;1706.00;4.15;3.08;1.05;85948.12;12456.60;24859.38;29733.2;2.89;0.42;0.84;26/08/2024 16:10:05;
27/08/2024;24;2.0TD;2;0.000130074044000000;0.160;0.984534041;174.923753;19.184;8.779;146.960753;118.27;-4.66463;0.96773;0.75;0.25;107.71250;89.05400;101.96000;73.51000;75.32000;2339.5;275.0;234.0;57.0;9.16;0.154;0.17498;0.04096;0.00;0.000;1.900;0.947;0.000;0.557;126.690;119.00;110.00;19029.5;1682.90;5.03;3.08;1.05;102530.68;11179.00;24859.38;27550.6;3.72;0.41;0.90;26/08/2024 16:10:05;
*
