pvpcdata;
2024;12;11;12;05;45;
28/11/2024;1;2.0TD;3;0.000105324525000000;0.226;1.254196894;179.816833;0.557;2.195;177.064833;141.19;-9.76799;0.95225;0.75;0.25;132.18875;93.11680;101.96000;84.74000;75.52000;2188.5;275.0;200.0;46.0;8.65;0.000;0.17498;0.04096;0.00;0.000;2.166;0.947;0.000;0.557;144.424;141.75;135.61;16806.7;1693.40;4.41;3.21;1.03;37580.56;42080.00;24859.38;23689.5;1.59;1.78;1.05;27/11/2024 16:23:12;
28/11/2024;2;2.0TD;3;0.000087002115000000;0.233;1.297116496;172.216535;0.557;2.195;169.464535;134.27;-9.76799;0.95225;0.75;0.25;132.18875;93.11680;101.96000;84.74000;75.52000;2188.5;275.0;200.0;46.0;8.69;0.000;0.17498;0.04096;0.00;0.000;2.062;0.947;0.000;0.557;137.440;135.01;127.28;15481.0;1631.50;4.45;3.21;1.03;43962.56;30800.00;24859.38;22365.9;1.97;1.38;1.11;27/11/2024 16:23:12;
28/11/2024;3;2.0TD;3;0.000076874644000000;0.239;1.327052938;160.549582;0.557;2.195;157.797582;121.20;-9.76799;0.95225;0.75;0.25;132.18875;93.11680;101.96000;84.74000;75.52000;2188.5;275.0;200.0;46.0;11.83;0.000;0.17498;0.04096;0.00;0.000;1.910;0.947;0.000;0.557;127.358;122.00;113.63;15231.6;1607.10;7.59;3.21;1.03;112314.40;25520.00;24859.38;21427.6;5.24;1.19;1.16;27/11/2024 16:23:12;
28/11/2024;4;2.0TD;3;0.000072118164000000;0.240;1.332517232;159.129421;0.557;2.195;156.377421;120.66;-9.76799;0.95225;0.75;0.25;132.18875;93.11680;101.96000;84.74000;75.52000;2188.5;275.0;200.0;46.0;11.14;0.000;0.17498;0.04096;0.00;0.000;1.892;0.947;0.000;0.557;126.110;121.40;113.20;14557.6;1440.60;6.90;3.21;1.03;120424.32;24680.00;0.00;21041.6;5.72;1.17;0.00;27/11/2024 16:23:12;
28/11/2024;5;2.0TD;3;0.000070567099000000;0.238;1.324593533;147.539595;0.557;2.195;144.787595;111.18;-9.76799;0.95225;0.75;0.25;132.18875;93.11680;101.96000;84.74000;75.52000;2188.5;275.0;200.0;46.0;11.60;0.000;0.17498;0.04096;0.00;0.000;1.754;0.947;0.000;0.557;116.952;111.50;106.60;14487.7;1023.00;7.36;3.21;1.03;133980.64;20920.00;0.00;21037.3;6.37;0.99;0.00;27/11/2024 16:23:12;
28/11/2024;6;2.0TD;3;0.000073128460000000;0.230;1.278418007;151.387442;0.557;2.195;148.635442;115.42;-9.76799;0.95225;0.75;0.25;132.18875;93.11680;101.96000;84.74000;75.52000;2188.5;275.0;200.0;46.0;11.19;0.000;0.17498;0.04096;0.00;0.000;1.813;0.947;0.000;0.557;120.841;115.79;110.79;14843.5;1171.90;6.95;3.21;1.03;128044.20;22480.00;0.00;21660.0;5.91;1.04;0.00;27/11/2024 16:23:12;
28/11/2024;7;2.0TD;3;0.000084514950000000;0.208;1.154529286;168.890442;0.557;2.195;166.138442;134.74;-9.76799;0.95225;0.75;0.25;132.18875;93.11680;101.96000;84.74000;75.52000;2188.5;275.0;200.0;46.0;8.31;0.000;0.17498;0.04096;0.00;0.000;2.063;0.947;0.000;0.557;137.531;135.00;132.05;15653.5;1503.10;4.07;3.21;1.03;37188.12;36288.00;24859.38;24162.2;1.54;1.50;1.03;27/11/2024 16:23:12;
28/11/2024;8;2.0TD;3;0.000109386721000000;0.189;1.049096632;186.025439;0.557;2.195;183.273439;150.00;-9.76799;0.95225;0.75;0.25;132.18875;93.11680;101.96000;84.74000;75.52000;2188.5;275.0;200.0;46.0;9.41;0.000;0.17498;0.04096;0.00;0.000;2.312;0.947;0.000;0.557;154.140;150.00;150.00;19307.9;927.20;5.17;3.21;1.03;17679.36;103040.00;24859.38;28133.8;0.63;3.66;0.88;27/11/2024 16:23:12;
28/11/2024;9;2.0TD;2;0.000118757572000000;0.186;1.142503348;215.246422;19.184;8.779;187.283422;152.28;-9.76799;0.95225;0.75;0.25;132.18875;93.11680;101.96000;84.74000;75.52000;2188.5;275.0;200.0;46.0;10.69;0.154;0.17498;0.04096;0.00;0.000;2.369;0.947;0.000;0.557;157.911;152.28;152.30;20984.0;984.50;6.45;3.21;1.03;17743.72;152384.00;24859.38;30192.4;0.59;5.05;0.82;27/11/2024 16:23:12;
28/11/2024;10;2.0TD;2;0.000120142504000000;0.171;1.047081963;196.162891;19.184;8.779;168.199891;140.65;-9.76799;0.95225;0.75;0.25;132.18875;93.11680;101.96000;84.74000;75.52000;2188.5;275.0;200.0;46.0;8.26;0.154;0.17498;0.04096;0.00;0.000;2.155;0.947;0.000;0.557;143.637;140.80;138.17;20594.7;1205.60;4.02;3.21;1.03;28637.96;68480.00;24859.38;30327.8;0.94;2.26;0.82;27/11/2024 16:23:12;
28/11/2024;11;2.0TD;1;0.000122421250000000;0.168;1.004717637;222.393297;33.081;43.893;145.419297;120.65;-9.76799;0.95225;0.75;0.25;132.18875;93.11680;101.96000;84.74000;75.52000;2188.5;275.0;200.0;46.0;8.64;0.926;0.17498;0.04096;0.00;0.000;1.868;0.947;0.000;0.557;124.502;121.00;115.90;21586.3;1572.60;4.40;3.21;1.03;52848.76;56000.00;24859.38;30403.6;1.74;1.84;0.82;27/11/2024 16:23:12;
28/11/2024;12;2.0TD;1;0.000120795725000000;0.166;0.993998752;208.435630;33.081;43.893;131.461630;108.84;-9.76799;0.95225;0.75;0.25;132.18875;93.11680;101.96000;84.74000;75.52000;2188.5;275.0;200.0;46.0;8.87;0.926;0.17498;0.04096;0.00;0.000;1.691;0.947;0.000;0.557;112.745;108.95;106.75;21773.7;1187.50;4.63;3.21;1.03;76433.12;36873.36;24859.38;29833.7;2.56;1.24;0.83;27/11/2024 16:23:12;
28/11/2024;13;2.0TD;1;0.000122222772000000;0.164;0.980294456;202.030462;33.081;43.893;125.056462;103.38;-9.76799;0.95225;0.75;0.25;132.18875;93.11680;101.96000;84.74000;75.52000;2188.5;275.0;200.0;46.0;9.10;0.926;0.17498;0.04096;0.00;0.000;1.612;0.947;0.000;0.557;107.436;103.50;100.50;22750.9;985.50;4.86;3.21;1.03;83467.00;37056.00;24859.38;29895.1;2.79;1.24;0.83;27/11/2024 16:23:12;
28/11/2024;14;2.0TD;1;0.000129677555000000;0.164;0.980145988;201.569518;33.081;43.893;124.595518;103.15;-9.76799;0.95225;0.75;0.25;132.18875;93.11680;101.96000;84.74000;75.52000;2188.5;275.0;200.0;46.0;8.94;0.926;0.17498;0.04096;0.00;0.000;1.606;0.947;0.000;0.557;107.040;103.19;102.12;22895.0;925.00;4.70;3.21;1.03;80145.96;35856.00;24859.38;29990.4;2.67;1.20;0.83;27/11/2024 16:23:12;
28/11/2024;15;2.0TD;2;0.000131562695000000;0.169;1.035623608;158.087690;19.184;8.779;130.124690;108.49;-9.76799;0.95225;0.75;0.25;132.18875;93.11680;101.96000;84.74000;75.52000;2188.5;275.0;200.0;46.0;8.58;0.154;0.17498;0.04096;0.00;0.000;1.670;0.947;0.000;0.557;111.312;108.50;108.37;21943.8;959.30;4.34;3.21;1.03;70226.92;33936.00;24859.38;29734.5;2.36;1.14;0.84;27/11/2024 16:23:12;
28/11/2024;16;2.0TD;2;0.000125501182000000;0.175;1.072958879;172.795642;19.184;8.779;144.832642;119.53;-9.76799;0.95225;0.75;0.25;132.18875;93.11680;101.96000;84.74000;75.52000;2188.5;275.0;200.0;46.0;9.31;0.154;0.17498;0.04096;0.00;0.000;1.849;0.947;0.000;0.557;123.261;119.81;114.81;21055.9;1246.20;5.07;3.21;1.03;51850.48;72064.00;24859.38;29389.9;1.76;2.45;0.85;27/11/2024 16:23:12;
28/11/2024;17;2.0TD;2;0.000122719781000000;0.179;1.097395878;192.487525;19.184;8.779;164.524525;136.97;-9.76799;0.95225;0.75;0.25;132.18875;93.11680;101.96000;84.74000;75.52000;2188.5;275.0;200.0;46.0;7.91;0.154;0.17498;0.04096;0.00;0.000;2.093;0.947;0.000;0.557;139.545;137.10;134.10;20791.5;959.40;3.67;3.21;1.03;18545.68;64064.00;24859.38;29313.5;0.63;2.19;0.85;27/11/2024 16:23:12;
28/11/2024;18;2.0TD;2;0.000130746735000000;0.183;1.121615395;209.187744;19.184;8.779;181.224744;150.40;-9.76799;0.95225;0.75;0.25;132.18875;93.11680;101.96000;84.74000;75.52000;2188.5;275.0;200.0;46.0;7.92;0.154;0.17498;0.04096;0.00;0.000;2.298;0.947;0.000;0.557;153.190;150.40;150.41;21487.4;886.20;3.68;3.21;1.03;4994.04;80384.00;24859.38;29964.8;0.17;2.68;0.83;27/11/2024 16:23:12;
28/11/2024;19;2.0TD;1;0.000152725610000000;0.184;1.102841385;266.396030;33.081;43.893;189.422030;158.21;-9.76799;0.95225;0.75;0.25;132.18875;93.11680;101.96000;84.74000;75.52000;2188.5;275.0;200.0;46.0;6.03;0.926;0.17498;0.04096;0.00;0.000;2.400;0.947;0.000;0.557;159.984;158.24;157.71;22235.3;1141.50;1.79;3.21;1.03;1622.44;29136.00;24859.38;31009.1;0.05;0.94;0.80;27/11/2024 16:23:12;
28/11/2024;20;2.0TD;1;0.000167539428000000;0.188;1.125644746;262.813818;33.081;43.893;185.839818;153.90;-9.76799;0.95225;0.75;0.25;132.18875;93.11680;101.96000;84.74000;75.52000;2188.5;275.0;200.0;46.0;6.84;0.926;0.17498;0.04096;0.00;0.000;2.346;0.947;0.000;0.557;156.430;154.12;149.65;23037.1;1221.00;2.60;3.21;1.03;36044.40;22080.00;24859.38;31890.9;1.13;0.69;0.78;27/11/2024 16:23:12;
28/11/2024;21;2.0TD;1;0.000179532923000000;0.190;1.135698211;261.883129;33.081;43.893;184.909129;152.84;-9.76799;0.95225;0.75;0.25;132.18875;93.11680;101.96000;84.74000;75.52000;2188.5;275.0;200.0;46.0;6.87;0.926;0.17498;0.04096;0.00;0.000;2.331;0.947;0.000;0.557;155.385;153.00;150.01;22919.6;1295.80;2.63;3.21;1.03;36643.00;23080.00;24859.38;32187.1;1.14;0.72;0.77;27/11/2024 16:23:12;
28/11/2024;22;2.0TD;1;0.000179785838000000;0.192;1.147554027;257.268557;33.081;43.893;180.294557;148.58;-9.76799;0.95225;0.75;0.25;132.18875;93.11680;101.96000;84.74000;75.52000;2188.5;275.0;200.0;46.0;7.06;0.926;0.17498;0.04096;0.00;0.000;2.269;0.947;0.000;0.557;151.253;148.58;148.58;21693.8;1161.60;2.82;3.21;1.03;37962.48;24840.00;24859.38;31107.9;1.22;0.80;0.80;27/11/2024 16:23:12;
28/11/2024;23;2.0TD;2;0.000160896463000000;0.201;1.233764333;198.118065;19.184;8.779;170.155065;140.57;-9.76799;0.95225;0.75;0.25;132.18875;93.11680;101.96000;84.74000;75.52000;2188.5;275.0;200.0;46.0;6.41;0.154;0.17498;0.04096;0.00;0.000;2.125;0.947;0.000;0.557;141.677;140.60;140.01;19733.5;1026.60;2.17;3.21;1.03;9095.88;27080.00;24859.38;28131.4;0.32;0.96;0.88;27/11/2024 16:23:12;
28/11/2024;24;2.0TD;2;0.000132582299000000;0.210;1.289333117;198.496556;19.184;8.779;170.533556;139.10;-9.76799;0.95225;0.75;0.25;132.18875;93.11680;101.96000;84.74000;75.52000;2188.5;275.0;200.0;46.0;7.15;0.154;0.17498;0.04096;0.00;0.000;2.114;0.947;0.000;0.557;140.936;140.01;128.34;16746.8;1418.70;2.91;3.21;1.03;16505.60;33160.00;24859.38;25568.7;0.65;1.30;0.97;27/11/2024 16:23:12;
*
