pvpcdata;
2024;06;11;12;31;01;
11/05/2024;1;2.0TD;3;0.000087675861000000;0.192;1.068751721;87.892899;0.557;2.195;85.140899;38.86;13.70720;1.09983;0.75;0.25;20.59000;75.41880;101.96000;48.69000;28.32000;1782.1;275.0;154.0;61.0;14.70;0.000;0.17498;0.04096;0.00;0.000;1.071;0.947;0.000;0.557;71.427;38.86;38.86;20272.4;948.70;10.29;3.16;1.25;170378.28;45091.80;24859.38;23350.7;7.30;1.93;1.06;10/05/2024 16:10:18;
11/05/2024;2;2.0TD;3;0.000074171400000000;0.195;1.081808163;84.419410;0.557;2.195;81.667410;34.87;13.70720;1.09983;0.75;0.25;20.59000;75.41880;101.96000;48.69000;28.32000;1782.1;275.0;154.0;61.0;15.65;0.000;0.17498;0.04096;0.00;0.000;1.025;0.947;0.000;0.557;68.341;35.01;32.52;18801.8;1145.00;11.24;3.16;1.25;184577.96;38250.00;24859.38;22043.8;8.37;1.74;1.13;10/05/2024 16:10:18;
11/05/2024;3;2.0TD;3;0.000065196108000000;0.198;1.099905606;87.215706;0.557;2.195;84.463706;34.30;13.70720;1.09983;0.75;0.25;20.59000;75.41880;101.96000;48.69000;28.32000;1782.1;275.0;154.0;61.0;18.35;0.000;0.17498;0.04096;0.00;0.000;1.058;0.947;0.000;0.557;70.504;35.00;26.10;17753.9;1518.90;13.94;3.16;1.25;230826.84;38500.00;24859.38;21107.0;10.94;1.82;1.18;10/05/2024 16:10:18;
11/05/2024;4;2.0TD;3;0.000060256891000000;0.197;1.096142342;88.506192;0.557;2.195;85.754192;34.47;13.70720;1.09983;0.75;0.25;20.59000;75.41880;101.96000;48.69000;28.32000;1782.1;275.0;154.0;61.0;19.30;0.000;0.17498;0.04096;0.00;0.000;1.075;0.947;0.000;0.557;71.641;35.01;27.42;17236.2;1328.20;14.89;3.16;1.25;259292.44;45006.96;0.00;20435.2;12.69;2.20;0.00;10/05/2024 16:10:18;
11/05/2024;5;2.0TD;3;0.000058119609000000;0.197;1.095726507;89.162148;0.557;2.195;86.410148;34.49;13.70720;1.09983;0.75;0.25;20.59000;75.41880;101.96000;48.69000;28.32000;1782.1;275.0;154.0;61.0;19.82;0.000;0.17498;0.04096;0.00;0.000;1.083;0.947;0.000;0.557;72.189;35.01;28.24;16504.8;1379.30;15.41;3.16;1.25;261360.12;48323.52;0.00;20099.6;13.00;2.40;0.00;10/05/2024 16:10:18;
11/05/2024;6;2.0TD;3;0.000057483994000000;0.198;1.099780341;89.404452;0.557;2.195;86.652452;34.49;13.70720;1.09983;0.75;0.25;20.59000;75.41880;101.96000;48.69000;28.32000;1782.1;275.0;154.0;61.0;19.96;0.000;0.17498;0.04096;0.00;0.000;1.085;0.947;0.000;0.557;72.331;35.01;28.24;15915.6;1318.00;15.55;3.16;1.25;259724.88;49269.12;0.00;19869.1;13.07;2.48;0.00;10/05/2024 16:10:18;
11/05/2024;7;2.0TD;3;0.000057134998000000;0.195;1.083583981;88.459705;0.557;2.195;85.707705;35.13;13.70720;1.09983;0.75;0.25;20.59000;75.41880;101.96000;48.69000;28.32000;1782.1;275.0;154.0;61.0;18.72;0.000;0.17498;0.04096;0.00;0.000;1.076;0.947;0.000;0.557;71.722;35.01;37.01;16335.6;1041.50;14.31;3.16;1.25;241203.84;48067.84;0.00;20215.5;11.93;2.38;0.00;10/05/2024 16:10:18;
11/05/2024;8;2.0TD;3;0.000058203999000000;0.191;1.061158451;87.978684;0.557;2.195;85.226684;34.69;13.70720;1.09983;0.75;0.25;20.59000;75.41880;101.96000;48.69000;28.32000;1782.1;275.0;154.0;61.0;19.00;0.000;0.17498;0.04096;0.00;0.000;1.073;0.947;0.000;0.557;71.559;35.01;29.01;16564.3;922.70;14.59;3.16;1.25;254011.32;48263.04;0.00;20715.3;12.26;2.33;0.00;10/05/2024 16:10:18;
11/05/2024;9;2.0TD;3;0.000072817973000000;0.172;0.956674471;79.076072;0.557;2.195;76.324072;26.82;13.70720;1.09983;0.75;0.25;20.59000;75.41880;101.96000;48.69000;28.32000;1782.1;275.0;154.0;61.0;20.53;0.000;0.17498;0.04096;0.00;0.000;0.977;0.947;0.000;0.557;65.123;28.07;13.27;19216.9;1775.40;16.12;3.16;1.25;297769.24;63473.72;0.00;22412.4;13.29;2.83;0.00;10/05/2024 16:10:18;
11/05/2024;10;2.0TD;3;0.000091711877000000;0.159;0.881054593;53.672582;0.557;2.195;50.920582;6.70;13.70720;1.09983;0.75;0.25;20.59000;75.41880;101.96000;48.69000;28.32000;1782.1;275.0;154.0;61.0;19.78;0.000;0.17498;0.04096;0.00;0.000;0.659;0.947;0.000;0.557;43.935;6.40;9.50;22645.7;2445.40;15.37;3.16;1.25;278773.20;78584.00;0.00;23249.5;11.99;3.38;0.00;10/05/2024 16:10:18;
11/05/2024;11;2.0TD;3;0.000103741256000000;0.152;0.846162767;43.120302;0.557;2.195;40.368302;-0.05;13.70720;1.09983;0.75;0.25;20.59000;75.41880;101.96000;48.69000;28.32000;1782.1;275.0;154.0;61.0;17.77;0.000;0.17498;0.04096;0.00;0.000;0.526;0.947;0.000;0.557;35.042;0.00;-0.75;25476.0;1869.40;13.36;3.16;1.25;288079.96;32148.00;0.00;23969.5;12.02;1.34;0.00;10/05/2024 16:10:18;
11/05/2024;12;2.0TD;3;0.000106174248000000;0.151;0.837081881;42.547743;0.557;2.195;39.795743;-0.34;13.70720;1.09983;0.75;0.25;20.59000;75.41880;101.96000;48.69000;28.32000;1782.1;275.0;154.0;61.0;17.60;0.000;0.17498;0.04096;0.00;0.000;0.519;0.947;0.000;0.557;34.575;0.00;-5.00;25432.9;1839.60;13.19;3.16;1.25;299691.84;15990.00;0.00;23928.7;12.52;0.67;0.00;10/05/2024 16:10:18;
11/05/2024;13;2.0TD;3;0.000107567179000000;0.149;0.828734443;43.119735;0.557;2.195;40.367735;-0.39;13.70720;1.09983;0.75;0.25;20.59000;75.41880;101.96000;48.69000;28.32000;1782.1;275.0;154.0;61.0;18.20;0.000;0.17498;0.04096;0.00;0.000;0.527;0.947;0.000;0.557;35.133;0.00;-7.00;25666.3;1522.90;13.79;3.16;1.25;310847.60;15990.00;0.00;23709.6;13.11;0.67;0.00;10/05/2024 16:10:18;
11/05/2024;14;2.0TD;3;0.000114244327000000;0.146;0.812041559;43.235514;0.557;2.195;40.483514;-0.60;13.70720;1.09983;0.75;0.25;20.59000;75.41880;101.96000;48.69000;28.32000;1782.1;275.0;154.0;61.0;18.60;0.000;0.17498;0.04096;0.00;0.000;0.530;0.947;0.000;0.557;35.326;0.00;-10.00;25686.8;1627.60;14.19;3.16;1.25;321769.24;15960.00;0.00;23801.2;13.52;0.67;0.00;10/05/2024 16:10:18;
11/05/2024;15;2.0TD;3;0.000112445130000000;0.147;0.813990888;44.027860;0.557;2.195;41.275860;-0.26;13.70720;1.09983;0.75;0.25;20.59000;75.41880;101.96000;48.69000;28.32000;1782.1;275.0;154.0;61.0;18.91;0.000;0.17498;0.04096;0.00;0.000;0.540;0.947;0.000;0.557;35.986;-0.01;-5.00;25209.9;1321.00;14.50;3.16;1.25;312902.24;23865.00;0.00;23220.1;13.48;1.03;0.00;10/05/2024 16:10:18;
11/05/2024;16;2.0TD;3;0.000097409328000000;0.157;0.870383489;44.739447;0.557;2.195;41.987447;-0.66;13.70720;1.09983;0.75;0.25;20.59000;75.41880;101.96000;48.69000;28.32000;1782.1;275.0;154.0;61.0;19.61;0.000;0.17498;0.04096;0.00;0.000;0.544;0.947;0.000;0.557;36.290;-0.25;-8.16;24701.3;1346.10;15.20;3.16;1.25;313749.36;23925.00;0.00;22216.9;14.12;1.08;0.00;10/05/2024 16:10:18;
11/05/2024;17;2.0TD;3;0.000087937689000000;0.162;0.901695818;45.310167;0.557;2.195;42.558167;-0.75;13.70720;1.09983;0.75;0.25;20.59000;75.41880;101.96000;48.69000;28.32000;1782.1;275.0;154.0;61.0;20.03;0.000;0.17498;0.04096;0.00;0.000;0.549;0.947;0.000;0.557;36.625;-0.41;-6.32;23619.5;1487.20;15.62;3.16;1.25;313882.52;23400.00;0.00;21589.3;14.54;1.08;0.00;10/05/2024 16:10:18;
11/05/2024;18;2.0TD;3;0.000085014549000000;0.168;0.932068614;51.080253;0.557;2.195;48.328253;-0.22;13.70720;1.09983;0.75;0.25;20.59000;75.41880;101.96000;48.69000;28.32000;1782.1;275.0;154.0;61.0;24.18;0.000;0.17498;0.04096;0.00;0.000;0.621;0.947;0.000;0.557;41.377;0.00;-4.60;24788.9;1323.70;19.77;3.16;1.25;401899.28;23820.00;0.00;21536.7;18.66;1.11;0.00;10/05/2024 16:10:18;
11/05/2024;19;2.0TD;3;0.000085333491000000;0.172;0.954112010;54.089032;0.557;2.195;51.337032;3.04;13.70720;1.09983;0.75;0.25;20.59000;75.41880;101.96000;48.69000;28.32000;1782.1;275.0;154.0;61.0;23.31;0.000;0.17498;0.04096;0.00;0.000;0.657;0.947;0.000;0.557;43.803;3.25;-0.75;24790.6;1414.50;18.90;3.16;1.25;382746.36;34596.32;0.00;22086.0;17.33;1.57;0.00;10/05/2024 16:10:18;
11/05/2024;20;2.0TD;3;0.000086987761000000;0.183;1.015232179;61.692525;0.557;2.195;58.940525;11.27;13.70720;1.09983;0.75;0.25;20.59000;75.41880;101.96000;48.69000;28.32000;1782.1;275.0;154.0;61.0;21.01;0.000;0.17498;0.04096;0.00;0.000;0.747;0.947;0.000;0.557;49.823;11.10;13.08;21945.1;2019.90;16.60;3.16;1.25;309337.20;67112.12;0.00;22681.3;13.64;2.96;0.00;10/05/2024 16:10:18;
11/05/2024;21;2.0TD;3;0.000094259958000000;0.186;1.033490516;79.831241;0.557;2.195;77.079241;34.82;13.70720;1.09983;0.75;0.25;20.59000;75.41880;101.96000;48.69000;28.32000;1782.1;275.0;154.0;61.0;12.40;0.000;0.17498;0.04096;0.00;0.000;0.975;0.947;0.000;0.557;64.991;35.00;32.00;18396.6;1148.40;7.99;3.16;1.25;130823.40;57568.00;0.00;23569.1;5.55;2.44;0.00;10/05/2024 16:10:18;
11/05/2024;22;2.0TD;3;0.000112642017000000;0.188;1.047212486;88.957947;0.557;2.195;86.205947;44.00;13.70720;1.09983;0.75;0.25;20.59000;75.41880;101.96000;48.69000;28.32000;1782.1;275.0;154.0;61.0;10.68;0.000;0.17498;0.04096;0.00;0.000;1.088;0.947;0.000;0.557;72.564;44.00;44.00;19890.2;982.40;6.27;3.16;1.25;95781.32;36434.40;24859.38;25017.9;3.83;1.46;0.99;10/05/2024 16:10:18;
11/05/2024;23;2.0TD;3;0.000113651105000000;0.193;1.072635868;86.898977;0.557;2.195;84.146977;41.63;13.70720;1.09983;0.75;0.25;20.59000;75.41880;101.96000;48.69000;28.32000;1782.1;275.0;154.0;61.0;11.05;0.000;0.17498;0.04096;0.00;0.000;1.058;0.947;0.000;0.557;70.534;41.63;41.63;18973.3;955.60;6.64;3.16;1.25;97604.76;37457.12;24859.38;24054.1;4.06;1.56;1.03;10/05/2024 16:10:18;
11/05/2024;24;2.0TD;3;0.000100115728000000;0.198;1.100864828;87.761994;0.557;2.195;85.009994;41.46;13.70720;1.09983;0.75;0.25;20.59000;75.41880;101.96000;48.69000;28.32000;1782.1;275.0;154.0;61.0;11.64;0.000;0.17498;0.04096;0.00;0.000;1.064;0.947;0.000;0.557;70.960;41.46;41.46;17192.4;935.30;7.23;3.16;1.25;97661.68;38096.32;24859.38;22211.2;4.40;1.72;1.12;10/05/2024 16:10:18;
*
