pvpcdata;
2025;01;13;09;30;40;
26/12/2024;1;2.0TD;3;0.000108368573000000;0.243;1.347895368;184.978801;0.557;2.195;182.226801;137.35;-9.82995;0.78607;0.75;0.25;133.94458;94.62480;101.96000;84.74000;90.60000;2686.8;275.0;200.0;53.0;13.06;0.000;0.17498;0.04096;0.00;0.000;2.199;0.947;0.000;0.557;146.602;138.08;130.11;16525.3;1670.30;8.89;3.25;0.92;85771.20;73602.40;24859.38;20731.3;4.14;3.55;1.20;25/12/2024 16:23:12;
26/12/2024;2;2.0TD;3;0.000088195329000000;0.255;1.417302091;177.590335;0.557;2.195;174.838335;129.91;-9.82995;0.78607;0.75;0.25;133.94458;94.62480;101.96000;84.74000;90.60000;2686.8;275.0;200.0;53.0;13.32;0.000;0.17498;0.04096;0.00;0.000;2.090;0.947;0.000;0.557;139.313;130.65;123.65;15007.0;1772.00;9.15;3.25;0.92;120503.80;53280.00;0.00;18988.9;6.35;2.81;0.00;25/12/2024 16:23:12;
26/12/2024;3;2.0TD;3;0.000076786048000000;0.264;1.467679374;178.856796;0.557;2.195;176.104796;127.15;-9.82995;0.78607;0.75;0.25;133.94458;94.62480;101.96000;84.74000;90.60000;2686.8;275.0;200.0;53.0;16.09;0.000;0.17498;0.04096;0.00;0.000;2.090;0.947;0.000;0.557;139.323;128.11;119.26;13722.8;1671.80;11.92;3.25;0.92;141672.16;73640.00;0.00;18057.2;7.85;4.08;0.00;25/12/2024 16:23:12;
26/12/2024;4;2.0TD;3;0.000070917724000000;0.268;1.490221164;172.668330;0.557;2.195;169.916330;119.95;-9.82995;0.78607;0.75;0.25;133.94458;94.62480;101.96000;84.74000;90.60000;2686.8;275.0;200.0;53.0;18.05;0.000;0.17498;0.04096;0.00;0.000;2.010;0.947;0.000;0.557;134.003;120.48;114.98;13305.5;1428.50;13.88;3.25;0.92;157606.56;86480.00;0.00;17579.9;8.97;4.92;0.00;25/12/2024 16:23:12;
26/12/2024;5;2.0TD;3;0.000068690183000000;0.267;1.483410598;172.559666;0.557;2.195;169.807666;119.80;-9.82995;0.78607;0.75;0.25;133.94458;94.62480;101.96000;84.74000;90.60000;2686.8;275.0;200.0;53.0;18.22;0.000;0.17498;0.04096;0.00;0.000;2.010;0.947;0.000;0.557;134.023;120.48;113.30;13114.8;1377.80;14.05;3.25;0.92;159150.84;86480.00;0.00;17476.9;9.11;4.95;0.00;25/12/2024 16:23:12;
26/12/2024;6;2.0TD;3;0.000070566114000000;0.259;1.437727757;173.059970;0.557;2.195;170.307970;121.73;-9.82995;0.78607;0.75;0.25;133.94458;94.62480;101.96000;84.74000;90.60000;2686.8;275.0;200.0;53.0;17.52;0.000;0.17498;0.04096;0.00;0.000;2.029;0.947;0.000;0.557;135.272;122.39;116.04;13423.7;1557.50;13.35;3.25;0.92;154144.40;85600.00;0.00;17962.2;8.58;4.77;0.00;25/12/2024 16:23:12;
26/12/2024;7;2.0TD;3;0.000079086992000000;0.235;1.303079386;181.373032;0.557;2.195;178.621032;133.68;-9.82995;0.78607;0.75;0.25;133.94458;94.62480;101.96000;84.74000;90.60000;2686.8;275.0;200.0;53.0;14.79;0.000;0.17498;0.04096;0.00;0.000;2.169;0.947;0.000;0.557;144.632;134.11;129.61;15303.0;1623.10;10.62;3.25;0.92;113744.52;74712.00;24859.38;20087.2;5.66;3.72;1.24;25/12/2024 16:23:12;
26/12/2024;8;2.0TD;3;0.000097281321000000;0.210;1.168656911;182.756942;0.557;2.195;180.004942;141.38;-9.82995;0.78607;0.75;0.25;133.94458;94.62480;101.96000;84.74000;90.60000;2686.8;275.0;200.0;53.0;11.16;0.000;0.17498;0.04096;0.00;0.000;2.231;0.947;0.000;0.557;148.764;141.73;136.73;18146.1;1371.20;6.99;3.25;0.92;85350.56;52368.00;24859.38;23275.4;3.67;2.25;1.07;25/12/2024 16:23:12;
26/12/2024;9;2.0TD;2;0.000109915766000000;0.198;1.214569374;212.269807;19.184;8.779;184.306807;149.68;-9.82995;0.78607;0.75;0.25;133.94458;94.62480;101.96000;84.74000;90.60000;2686.8;275.0;200.0;53.0;7.71;0.154;0.17498;0.04096;0.00;0.000;2.308;0.947;0.000;0.557;153.845;149.99;145.82;19908.7;1612.30;3.54;3.25;0.92;15870.80;51080.00;24859.38;25949.9;0.61;1.97;0.96;25/12/2024 16:23:12;
26/12/2024;10;2.0TD;2;0.000119157386000000;0.191;1.170591167;203.901587;19.184;8.779;175.938587;143.06;-9.82995;0.78607;0.75;0.25;133.94458;94.62480;101.96000;84.74000;90.60000;2686.8;275.0;200.0;53.0;8.30;0.154;0.17498;0.04096;0.00;0.000;2.216;0.947;0.000;0.557;147.723;143.28;140.28;21822.4;1711.10;4.13;3.25;0.92;17247.84;70430.88;24859.38;27250.1;0.63;2.58;0.91;25/12/2024 16:23:12;
26/12/2024;11;2.0TD;1;0.000126574878000000;0.182;1.088607535;237.904972;33.081;43.893;160.930972;129.17;-9.82995;0.78607;0.75;0.25;133.94458;94.62480;101.96000;84.74000;90.60000;2686.8;275.0;200.0;53.0;10.02;0.926;0.17498;0.04096;0.00;0.000;2.042;0.947;0.000;0.557;136.151;129.48;125.48;21413.2;1813.50;5.85;3.25;0.92;30637.68;107687.36;24859.38;27913.7;1.10;3.86;0.89;25/12/2024 16:23:12;
26/12/2024;12;2.0TD;1;0.000125724015000000;0.179;1.069094583;221.326533;33.081;43.893;144.352533;113.88;-9.82995;0.78607;0.75;0.25;133.94458;94.62480;101.96000;84.74000;90.60000;2686.8;275.0;200.0;53.0;11.80;0.926;0.17498;0.04096;0.00;0.000;1.837;0.947;0.000;0.557;122.436;114.14;110.20;21822.3;1561.20;7.63;3.25;0.92;65525.24;122408.00;24859.38;27888.0;2.35;4.39;0.89;25/12/2024 16:23:12;
26/12/2024;13;2.0TD;1;0.000124688055000000;0.178;1.063111785;212.736632;33.081;43.893;135.762632;107.87;-9.82995;0.78607;0.75;0.25;133.94458;94.62480;101.96000;84.74000;90.60000;2686.8;275.0;200.0;53.0;10.73;0.926;0.17498;0.04096;0.00;0.000;1.729;0.947;0.000;0.557;115.248;107.71;109.92;22298.1;1708.30;6.56;3.25;0.92;72748.76;83219.76;24859.38;27548.2;2.64;3.02;0.90;25/12/2024 16:23:12;
26/12/2024;14;2.0TD;1;0.000131559864000000;0.178;1.063591232;210.069640;33.081;43.893;133.095640;105.54;-9.82995;0.78607;0.75;0.25;133.94458;94.62480;101.96000;84.74000;90.60000;2686.8;275.0;200.0;53.0;10.83;0.926;0.17498;0.04096;0.00;0.000;1.695;0.947;0.000;0.557;112.984;105.30;109.00;22480.1;1563.80;6.66;3.25;0.92;74851.04;84577.00;24859.38;27690.6;2.70;3.05;0.90;25/12/2024 16:23:12;
26/12/2024;15;2.0TD;2;0.000134134670000000;0.176;1.082731714;165.223856;19.184;8.779;137.260856;109.65;-9.82995;0.78607;0.75;0.25;133.94458;94.62480;101.96000;84.74000;90.60000;2686.8;275.0;200.0;53.0;11.17;0.154;0.17498;0.04096;0.00;0.000;1.751;0.947;0.000;0.557;116.718;109.64;109.82;22072.9;1649.20;7.00;3.25;0.92;70101.56;97716.00;24859.38;27516.4;2.55;3.55;0.90;25/12/2024 16:23:12;
26/12/2024;16;2.0TD;2;0.000127288927000000;0.184;1.131745444;179.379331;19.184;8.779;151.416331;120.54;-9.82995;0.78607;0.75;0.25;133.94458;94.62480;101.96000;84.74000;90.60000;2686.8;275.0;200.0;53.0;11.28;0.154;0.17498;0.04096;0.00;0.000;1.918;0.947;0.000;0.557;127.885;120.75;117.75;21219.0;1586.30;7.11;3.25;0.92;57039.12;110968.64;24859.38;27126.6;2.10;4.09;0.92;25/12/2024 16:23:12;
26/12/2024;17;2.0TD;2;0.000125170237000000;0.191;1.170793719;184.543073;19.184;8.779;156.580073;123.23;-9.82995;0.78607;0.75;0.25;133.94458;94.62480;101.96000;84.74000;90.60000;2686.8;275.0;200.0;53.0;12.12;0.154;0.17498;0.04096;0.00;0.000;1.972;0.947;0.000;0.557;131.469;123.48;120.03;21751.9;1686.50;7.95;3.25;0.92;41322.96;148421.28;24859.38;27000.8;1.53;5.50;0.92;25/12/2024 16:23:12;
26/12/2024;18;2.0TD;2;0.000133314783000000;0.198;1.215866872;202.612729;19.184;8.779;174.649729;141.76;-9.82995;0.78607;0.75;0.25;133.94458;94.62480;101.96000;84.74000;90.60000;2686.8;275.0;200.0;53.0;7.69;0.154;0.17498;0.04096;0.00;0.000;2.187;0.947;0.000;0.557;145.784;141.98;139.29;22684.8;1976.60;3.52;3.25;0.92;6662.56;64389.00;24859.38;27274.0;0.24;2.36;0.91;25/12/2024 16:23:12;
26/12/2024;19;2.0TD;1;0.000155097862000000;0.207;1.240424820;268.782491;33.081;43.893;191.808491;155.37;-9.82995;0.78607;0.75;0.25;133.94458;94.62480;101.96000;84.74000;90.60000;2686.8;275.0;200.0;53.0;6.24;0.926;0.17498;0.04096;0.00;0.000;2.384;0.947;0.000;0.557;158.913;155.52;152.93;23794.2;1488.20;2.07;3.25;0.92;4462.60;30404.00;24859.38;28846.4;0.15;1.05;0.86;25/12/2024 16:23:12;
26/12/2024;20;2.0TD;1;0.000167369812000000;0.212;1.266847021;273.587566;33.081;43.893;196.613566;158.83;-9.82995;0.78607;0.75;0.25;133.94458;94.62480;101.96000;84.74000;90.60000;2686.8;275.0;200.0;53.0;6.04;0.926;0.17498;0.04096;0.00;0.000;2.433;0.947;0.000;0.557;162.222;159.02;156.02;24207.7;1604.20;1.87;3.25;0.92;3899.72;26080.00;24859.38;29317.9;0.13;0.89;0.85;25/12/2024 16:23:12;
26/12/2024;21;2.0TD;1;0.000178292250000000;0.214;1.284326485;276.956723;33.081;43.893;199.982723;161.36;-9.82995;0.78607;0.75;0.25;133.94458;94.62480;101.96000;84.74000;90.60000;2686.8;275.0;200.0;53.0;5.98;0.926;0.17498;0.04096;0.00;0.000;2.471;0.947;0.000;0.557;164.730;161.57;158.07;24327.0;1551.30;1.81;3.25;0.92;3477.72;25200.00;24859.38;29708.6;0.12;0.85;0.84;25/12/2024 16:23:12;
26/12/2024;22;2.0TD;1;0.000182556866000000;0.220;1.314547627;284.286666;33.081;43.893;207.312666;166.54;-9.82995;0.78607;0.75;0.25;133.94458;94.62480;101.96000;84.74000;90.60000;2686.8;275.0;200.0;53.0;5.92;0.926;0.17498;0.04096;0.00;0.000;2.549;0.947;0.000;0.557;169.928;166.80;162.70;24564.0;1669.90;1.75;3.25;0.92;2600.12;23360.00;24859.38;29036.5;0.09;0.80;0.86;25/12/2024 16:23:12;
26/12/2024;23;2.0TD;2;0.000169346482000000;0.222;1.363700066;211.755973;19.184;8.779;183.792973;147.80;-9.82995;0.78607;0.75;0.25;133.94458;94.62480;101.96000;84.74000;90.60000;2686.8;275.0;200.0;53.0;6.20;0.154;0.17498;0.04096;0.00;0.000;2.256;0.947;0.000;0.557;150.403;148.00;144.55;23237.1;1447.30;2.03;3.25;0.92;5675.48;24200.00;24859.38;26936.6;0.21;0.90;0.92;25/12/2024 16:23:12;
26/12/2024;24;2.0TD;2;0.000143685618000000;0.229;1.404830480;206.944009;19.184;8.779;178.981009;141.90;-9.82995;0.78607;0.75;0.25;133.94458;94.62480;101.96000;84.74000;90.60000;2686.8;275.0;200.0;53.0;7.40;0.154;0.17498;0.04096;0.00;0.000;2.184;0.947;0.000;0.557;145.631;141.98;140.68;21540.0;1333.70;3.23;3.25;0.92;6683.80;47080.00;24859.38;24343.3;0.27;1.93;1.02;25/12/2024 16:23:12;
*
