pvpcdata;
2024;04;10;12;05;55;
28/03/2024;1;2.0TD;3;0.000097819915000000;0.212;1.175189499;54.841825;0.557;2.195;52.089825;0.47;23.29465;0.91751;0.75;0.25;0.66000;93.83860;101.96000;97.42000;37.09000;2171.1;275.0;177.0;46.0;18.77;0.000;0.17498;0.04096;0.00;0.000;0.000;0.645;0.947;0.000;0.557;42.978;0.40;1.24;21916.7;1856.30;13.96;3.40;1.41;269405.16;18726.60;24859.38;22427.0;12.01;0.84;1.11;27/03/2024 16:06:42;
28/03/2024;2;2.0TD;3;0.000080632925000000;0.218;1.208907933;55.829277;0.557;2.195;53.077277;0.00;23.29465;0.91751;0.75;0.25;0.66000;93.83860;101.96000;97.42000;37.09000;2171.1;275.0;177.0;46.0;19.83;0.000;0.17498;0.04096;0.00;0.000;0.000;0.654;0.947;0.000;0.557;43.577;0.00;0.04;21523.2;2056.30;15.02;3.40;1.41;269437.52;20579.00;24859.38;20973.1;12.85;0.98;1.19;27/03/2024 16:06:42;
28/03/2024;3;2.0TD;3;0.000071007472000000;0.223;1.236258878;59.014162;0.557;2.195;56.262162;0.00;23.29465;0.91751;0.75;0.25;0.66000;93.83860;101.96000;97.42000;37.09000;2171.1;275.0;177.0;46.0;22.22;0.000;0.17498;0.04096;0.00;0.000;0.000;0.690;0.947;0.000;0.557;46.003;0.00;0.00;20588.5;2054.80;17.41;3.40;1.41;269437.52;52497.96;24859.38;19918.4;13.53;2.64;1.25;27/03/2024 16:06:42;
28/03/2024;4;2.0TD;3;0.000066139221000000;0.225;1.248632877;58.111469;0.557;2.195;55.359469;0.00;23.29465;0.91751;0.75;0.25;0.66000;93.83860;101.96000;97.42000;37.09000;2171.1;275.0;177.0;46.0;21.42;0.000;0.17498;0.04096;0.00;0.000;0.000;0.678;0.947;0.000;0.557;45.191;0.00;0.00;20031.2;2033.40;16.61;3.40;1.41;269437.52;52431.80;0.00;19373.6;13.91;2.71;0.00;27/03/2024 16:06:42;
28/03/2024;5;2.0TD;3;0.000064415331000000;0.224;1.246559494;58.351470;0.557;2.195;55.599470;0.00;23.29465;0.91751;0.75;0.25;0.66000;93.83860;101.96000;97.42000;37.09000;2171.1;275.0;177.0;46.0;21.65;0.000;0.17498;0.04096;0.00;0.000;0.000;0.681;0.947;0.000;0.557;45.424;0.00;0.00;19690.0;1978.40;16.84;3.40;1.41;269437.52;52497.96;0.00;19111.7;14.10;2.75;0.00;27/03/2024 16:06:42;
28/03/2024;6;2.0TD;3;0.000065812235000000;0.221;1.226365546;57.868433;0.557;2.195;55.116433;0.00;23.29465;0.91751;0.75;0.25;0.66000;93.83860;101.96000;97.42000;37.09000;2171.1;275.0;177.0;46.0;21.37;0.000;0.17498;0.04096;0.00;0.000;0.000;0.677;0.947;0.000;0.557;45.140;0.00;0.00;19546.1;1960.70;16.56;3.40;1.41;269437.52;49356.32;0.00;19246.2;14.00;2.56;0.00;27/03/2024 16:06:42;
28/03/2024;7;2.0TD;3;0.000072632234000000;0.205;1.138472391;56.130371;0.557;2.195;53.378371;0.05;23.29465;0.91751;0.75;0.25;0.66000;93.83860;101.96000;97.42000;37.09000;2171.1;275.0;177.0;46.0;20.49;0.000;0.17498;0.04096;0.00;0.000;0.000;0.664;0.947;0.000;0.557;44.297;0.02;0.38;19648.8;1848.90;15.68;3.40;1.41;276629.32;40094.08;0.00;20201.1;13.69;1.98;0.00;27/03/2024 16:06:42;
28/03/2024;8;2.0TD;3;0.000085473632000000;0.192;1.064144782;52.771185;0.557;2.195;50.019185;0.43;23.29465;0.91751;0.75;0.25;0.66000;93.83860;101.96000;97.42000;37.09000;2171.1;275.0;177.0;46.0;17.81;0.000;0.17498;0.04096;0.00;0.000;0.000;0.629;0.947;0.000;0.557;41.962;0.34;1.54;20675.1;1741.30;13.00;3.40;1.41;247678.92;32227.52;0.00;21534.4;11.50;1.50;0.00;27/03/2024 16:06:42;
28/03/2024;9;2.0TD;2;0.000091430548000000;0.183;1.123753318;74.991276;19.184;8.779;47.028276;0.21;23.29465;0.91751;0.75;0.25;0.66000;93.83860;101.96000;97.42000;37.09000;2171.1;275.0;177.0;46.0;15.70;0.154;0.17498;0.04096;0.00;0.000;0.000;0.596;0.947;0.000;0.557;39.753;0.19;0.43;21670.4;2006.40;10.89;3.40;1.41;193765.40;53460.00;0.00;22697.1;8.54;2.36;0.00;27/03/2024 16:06:42;
28/03/2024;10;2.0TD;2;0.000095735905000000;0.167;1.026220668;74.201178;19.184;8.779;46.238178;0.03;23.29465;0.91751;0.75;0.25;0.66000;93.83860;101.96000;97.42000;37.09000;2171.1;275.0;177.0;46.0;15.75;0.154;0.17498;0.04096;0.00;0.000;0.000;0.594;0.947;0.000;0.557;39.621;0.00;0.38;23446.5;2037.00;10.94;3.40;1.41;202455.84;55840.40;0.00;23613.0;8.57;2.36;0.00;27/03/2024 16:06:42;
28/03/2024;11;2.0TD;1;0.000099302464000000;0.167;1.002940731;124.257810;33.081;43.893;47.283810;0.00;23.29465;0.91751;0.75;0.25;0.66000;93.83860;101.96000;97.42000;37.09000;2171.1;275.0;177.0;46.0;15.89;0.926;0.17498;0.04096;0.00;0.000;0.000;0.608;0.947;0.000;0.557;40.517;0.00;0.00;24635.3;2444.60;11.08;3.40;1.41;210554.96;58327.12;0.00;24271.1;8.68;2.40;0.00;27/03/2024 16:06:42;
28/03/2024;12;2.0TD;1;0.000098293272000000;0.168;1.006663913;123.882519;33.081;43.893;46.908519;0.00;23.29465;0.91751;0.75;0.25;0.66000;93.83860;101.96000;97.42000;37.09000;2171.1;275.0;177.0;46.0;15.54;0.926;0.17498;0.04096;0.00;0.000;0.000;0.602;0.947;0.000;0.557;40.161;0.00;0.00;25517.2;2473.20;10.73;3.40;1.41;218297.24;43884.00;0.00;24434.7;8.93;1.80;0.00;27/03/2024 16:06:42;
28/03/2024;13;2.0TD;1;0.000099089123000000;0.167;1.002922393;123.108315;33.081;43.893;46.134315;0.00;23.29465;0.91751;0.75;0.25;0.66000;93.83860;101.96000;97.42000;37.09000;2171.1;275.0;177.0;46.0;14.92;0.926;0.17498;0.04096;0.00;0.000;0.000;0.593;0.947;0.000;0.557;39.532;0.00;0.00;25715.5;2509.00;10.11;3.40;1.41;226262.24;20657.00;0.00;24417.6;9.27;0.85;0.00;27/03/2024 16:06:42;
28/03/2024;14;2.0TD;1;0.000105111629000000;0.163;0.978643190;122.347751;33.081;43.893;45.373751;0.00;23.29465;0.91751;0.75;0.25;0.66000;93.83860;101.96000;97.42000;37.09000;2171.1;275.0;177.0;46.0;14.41;0.926;0.17498;0.04096;0.00;0.000;0.000;0.585;0.947;0.000;0.557;39.014;0.00;0.00;26235.4;2523.50;9.60;3.40;1.41;218389.40;19525.20;0.00;24791.4;8.81;0.79;0.00;27/03/2024 16:06:42;
28/03/2024;15;2.0TD;2;0.000106740500000000;0.168;1.032705695;72.770287;19.184;8.779;44.807287;0.00;23.29465;0.91751;0.75;0.25;0.66000;93.83860;101.96000;97.42000;37.09000;2171.1;275.0;177.0;46.0;14.54;0.154;0.17498;0.04096;0.00;0.000;0.000;0.575;0.947;0.000;0.557;38.362;0.00;0.00;25914.9;2574.00;9.73;3.40;1.41;195408.72;43911.60;0.00;24599.2;7.94;1.79;0.00;27/03/2024 16:06:42;
28/03/2024;16;2.0TD;2;0.000099152619000000;0.174;1.067344351;73.143690;19.184;8.779;45.180690;0.00;23.29465;0.91751;0.75;0.25;0.66000;93.83860;101.96000;97.42000;37.09000;2171.1;275.0;177.0;46.0;14.66;0.154;0.17498;0.04096;0.00;0.000;0.000;0.577;0.947;0.000;0.557;38.484;0.00;0.00;25255.9;2543.80;9.85;3.40;1.41;187929.32;43884.00;0.00;23538.0;7.98;1.86;0.00;27/03/2024 16:06:42;
28/03/2024;17;2.0TD;2;0.000094104920000000;0.178;1.091243120;73.979689;19.184;8.779;46.016689;0.00;23.29465;0.91751;0.75;0.25;0.66000;93.83860;101.96000;97.42000;37.09000;2171.1;275.0;177.0;46.0;15.23;0.154;0.17498;0.04096;0.00;0.000;0.000;0.586;0.947;0.000;0.557;39.063;0.00;0.00;24529.3;2550.00;10.42;3.40;1.41;178993.24;59803.92;0.00;22909.7;7.81;2.61;0.00;27/03/2024 16:06:42;
28/03/2024;18;2.0TD;2;0.000094485530000000;0.181;1.107757457;73.629203;19.184;8.779;45.666203;0.06;23.29465;0.91751;0.75;0.25;0.66000;93.83860;101.96000;97.42000;37.09000;2171.1;275.0;177.0;46.0;14.78;0.154;0.17498;0.04096;0.00;0.000;0.000;0.580;0.947;0.000;0.557;38.667;0.02;0.54;23567.1;2224.70;9.97;3.40;1.41;178282.48;48357.00;0.00;22730.8;7.84;2.13;0.00;27/03/2024 16:06:42;
28/03/2024;19;2.0TD;1;0.000100459686000000;0.176;1.053389300;123.225378;33.081;43.893;46.251378;0.73;23.29465;0.91751;0.75;0.25;0.66000;93.83860;101.96000;97.42000;37.09000;2171.1;275.0;177.0;46.0;13.99;0.926;0.17498;0.04096;0.00;0.000;0.000;0.590;0.947;0.000;0.557;39.329;0.60;2.15;22759.2;2007.60;9.18;3.40;1.41;160591.96;53430.00;0.00;23323.5;6.89;2.29;0.00;27/03/2024 16:06:42;
28/03/2024;20;2.0TD;1;0.000118396178000000;0.184;1.099059896;122.625966;33.081;43.893;45.651966;3.20;23.29465;0.91751;0.75;0.25;0.66000;93.83860;101.96000;97.42000;37.09000;2171.1;275.0;177.0;46.0;10.76;0.926;0.17498;0.04096;0.00;0.000;0.000;0.578;0.947;0.000;0.557;38.557;3.20;3.20;23569.4;2686.30;5.95;3.40;1.41;141040.56;9998.24;0.00;25377.5;5.56;0.39;0.00;27/03/2024 16:06:42;
28/03/2024;21;2.0TD;1;0.000142716609000000;0.187;1.118333366;123.417041;33.081;43.893;46.443041;3.20;23.29465;0.91751;0.75;0.25;0.66000;93.83860;101.96000;97.42000;37.09000;2171.1;275.0;177.0;46.0;11.32;0.926;0.17498;0.04096;0.00;0.000;0.000;0.587;0.947;0.000;0.557;39.126;3.20;3.20;23022.4;2492.00;6.51;3.40;1.41;164905.76;9966.64;0.00;26880.0;6.13;0.37;0.00;27/03/2024 16:06:42;
28/03/2024;22;2.0TD;1;0.000153927380000000;0.189;1.134108325;124.605820;33.081;43.893;47.631820;3.20;23.29465;0.91751;0.75;0.25;0.66000;93.83860;101.96000;97.42000;37.09000;2171.1;275.0;177.0;46.0;12.24;0.926;0.17498;0.04096;0.00;0.000;0.000;0.601;0.947;0.000;0.557;40.060;3.20;3.20;23347.5;2425.70;7.43;3.40;1.41;164881.24;10029.84;24859.38;26876.5;6.13;0.37;0.92;27/03/2024 16:06:42;
28/03/2024;23;2.0TD;2;0.000139931788000000;0.202;1.240640873;76.345187;19.184;8.779;48.382187;3.20;23.29465;0.91751;0.75;0.25;0.66000;93.83860;101.96000;97.42000;37.09000;2171.1;275.0;177.0;46.0;13.20;0.154;0.17498;0.04096;0.00;0.000;0.000;0.604;0.947;0.000;0.557;40.251;3.20;3.20;21702.9;2328.40;8.39;3.40;1.41;164873.52;19641.60;24859.38;24982.1;6.60;0.79;1.00;27/03/2024 16:06:42;
28/03/2024;24;2.0TD;2;0.000116355498000000;0.207;1.269846442;73.384104;19.184;8.779;45.421104;1.48;23.29465;0.91751;0.75;0.25;0.66000;93.83860;101.96000;97.42000;37.09000;2171.1;275.0;177.0;46.0;12.34;0.154;0.17498;0.04096;0.00;0.000;0.000;0.564;0.947;0.000;0.557;37.631;1.47;1.55;19898.2;1871.10;7.53;3.40;1.41;128140.52;17684.80;24859.38;22677.9;5.65;0.78;1.10;27/03/2024 16:06:42;
*
