pvpcdata;
2024;02;09;12;01;51;
26/01/2024;1;2.0TD;3;0.000130002608000000;0.241;1.341441660;107.353447;0.557;2.195;104.601447;62.93;6.43200;0.83482;0.75;0.25;72.56458;98.29260;101.96000;97.42000;81.63000;2462.8;275.0;177.0;62.0;13.39;0.000;0.17498;0.03702;0.00;0.000;0.000;1.264;0.565;0.000;0.557;84.288;63.37;57.36;14550.5;1141.10;8.25;3.56;1.58;144160.28;39900.00;24859.38;25308.3;5.70;1.58;0.98;25/01/2024 16:08:05;
26/01/2024;2;2.0TD;3;0.000106194914000000;0.250;1.390707750;111.449539;0.557;2.195;108.697539;64.14;6.43200;0.83482;0.75;0.25;72.56458;98.29260;101.96000;97.42000;81.63000;2462.8;275.0;177.0;62.0;14.81;0.000;0.17498;0.03702;0.00;0.000;0.000;1.304;0.565;0.000;0.557;86.958;65.00;56.48;12731.0;1438.00;9.67;3.56;1.58;180372.08;23493.12;24859.38;23654.4;7.63;0.99;1.05;25/01/2024 16:08:05;
26/01/2024;3;2.0TD;3;0.000092967787000000;0.258;1.432988761;113.103800;0.557;2.195;110.351800;63.18;6.43200;0.83482;0.75;0.25;72.56458;98.29260;101.96000;97.42000;81.63000;2462.8;275.0;177.0;62.0;16.52;0.000;0.17498;0.03702;0.00;0.000;0.000;1.316;0.565;0.000;0.557;87.720;63.86;56.48;12388.9;1266.80;11.38;3.56;1.58;198508.12;32239.20;24859.38;22460.8;8.84;1.44;1.11;25/01/2024 16:08:05;
26/01/2024;4;2.0TD;3;0.000086322230000000;0.260;1.446474429;114.366620;0.557;2.195;111.614620;63.05;6.43200;0.83482;0.75;0.25;72.56458;98.29260;101.96000;97.42000;81.63000;2462.8;275.0;177.0;62.0;17.50;0.000;0.17498;0.03702;0.00;0.000;0.000;1.329;0.565;0.000;0.557;88.583;63.86;55.86;12138.4;1374.60;12.36;3.56;1.58;223794.24;47300.80;0.00;21941.9;10.20;2.16;0.00;25/01/2024 16:08:05;
26/01/2024;5;2.0TD;3;0.000083875235000000;0.259;1.438789249;112.526768;0.557;2.195;109.774768;61.53;6.43200;0.83482;0.75;0.25;72.56458;98.29260;101.96000;97.42000;81.63000;2462.8;275.0;177.0;62.0;17.65;0.000;0.17498;0.03702;0.00;0.000;0.000;1.308;0.565;0.000;0.557;87.192;62.48;52.48;12169.5;1282.30;12.51;3.56;1.58;225875.28;48643.12;0.00;21950.9;10.29;2.22;0.00;25/01/2024 16:08:05;
26/01/2024;6;2.0TD;3;0.000086209507000000;0.252;1.401087149;113.187204;0.557;2.195;110.435204;63.01;6.43200;0.83482;0.75;0.25;72.56458;98.29260;101.96000;97.42000;81.63000;2462.8;275.0;177.0;62.0;17.17;0.000;0.17498;0.03702;0.00;0.000;0.000;1.323;0.565;0.000;0.557;88.207;63.86;54.86;12303.4;1282.00;12.03;3.56;1.58;223753.44;46853.36;0.00;22502.2;9.94;2.08;0.00;25/01/2024 16:08:05;
26/01/2024;7;2.0TD;3;0.000097570063000000;0.230;1.278322149;117.065779;0.557;2.195;114.313779;68.88;6.43200;0.83482;0.75;0.25;72.56458;98.29260;101.96000;97.42000;81.63000;2462.8;275.0;177.0;62.0;15.96;0.000;0.17498;0.03702;0.00;0.000;0.000;1.394;0.565;0.000;0.557;92.938;69.57;59.85;13732.6;1049.60;10.82;3.56;1.58;220303.16;27578.88;24859.38;25210.2;8.74;1.09;0.99;25/01/2024 16:08:05;
26/01/2024;8;2.0TD;3;0.000124573909000000;0.213;1.181195231;119.808964;0.557;2.195;117.056964;79.68;6.43200;0.83482;0.75;0.25;72.56458;98.29260;101.96000;97.42000;81.63000;2462.8;275.0;177.0;62.0;8.67;0.000;0.17498;0.03702;0.00;0.000;0.000;1.448;0.565;0.000;0.557;96.502;80.02;74.02;15654.9;949.20;3.53;3.56;1.58;50303.00;26557.44;24859.38;28818.0;1.75;0.92;0.86;25/01/2024 16:08:05;
26/01/2024;9;2.0TD;2;0.000139777752000000;0.197;1.211180646;185.021408;19.184;8.779;157.058408;114.78;6.43200;0.83482;0.75;0.25;72.56458;98.29260;101.96000;97.42000;81.63000;2462.8;275.0;177.0;62.0;7.58;0.178;0.17498;0.03702;0.00;0.000;0.000;1.968;0.565;0.000;0.557;131.210;115.00;112.00;16643.0;1295.60;2.44;3.56;1.58;15172.72;35028.16;24859.38;30738.1;0.49;1.14;0.81;25/01/2024 16:08:05;
26/01/2024;10;2.0TD;2;0.000145311478000000;0.189;1.158744302;140.588685;19.184;8.779;112.625685;76.88;6.43200;0.83482;0.75;0.25;72.56458;98.29260;101.96000;97.42000;81.63000;2462.8;275.0;177.0;62.0;9.54;0.178;0.17498;0.03702;0.00;0.000;0.000;1.421;0.565;0.000;0.557;94.723;77.30;71.30;16928.1;1271.50;4.40;3.56;1.58;35009.28;78952.16;24859.38;31547.3;1.11;2.50;0.79;25/01/2024 16:08:05;
26/01/2024;11;2.0TD;1;0.000151225411000000;0.183;1.098358768;176.492729;33.081;43.893;99.518729;65.76;6.43200;0.83482;0.75;0.25;72.56458;98.29260;101.96000;97.42000;81.63000;2462.8;275.0;177.0;62.0;9.33;1.068;0.17498;0.03702;0.00;0.000;0.000;1.262;0.565;0.000;0.557;84.124;66.19;60.08;16743.9;1274.50;4.19;3.56;1.58;44475.68;62860.00;24859.38;31536.7;1.41;1.99;0.79;25/01/2024 16:08:05;
26/01/2024;12;2.0TD;1;0.000148903517000000;0.184;1.100665517;174.316597;33.081;43.893;97.342597;62.08;6.43200;0.83482;0.75;0.25;72.56458;98.29260;101.96000;97.42000;81.63000;2462.8;275.0;177.0;62.0;11.13;1.068;0.17498;0.03702;0.00;0.000;0.000;1.233;0.565;0.000;0.557;82.215;62.39;57.40;17038.8;1143.10;5.99;3.56;1.58;50873.84;111390.72;24859.38;31259.5;1.63;3.56;0.80;25/01/2024 16:08:05;
26/01/2024;13;2.0TD;1;0.000147157518000000;0.180;1.076495108;166.860537;33.081;43.893;89.886537;55.48;6.43200;0.83482;0.75;0.25;72.56458;98.29260;101.96000;97.42000;81.63000;2462.8;275.0;177.0;62.0;11.78;1.068;0.17498;0.03702;0.00;0.000;0.000;1.143;0.565;0.000;0.557;76.175;55.78;50.80;17729.9;1148.40;6.64;3.56;1.58;59499.88;121144.00;24859.38;30946.6;1.92;3.91;0.80;25/01/2024 16:08:05;
26/01/2024;14;2.0TD;1;0.000153503631000000;0.178;1.066134955;159.304457;33.081;43.893;82.330457;50.43;6.43200;0.83482;0.75;0.25;72.56458;98.29260;101.96000;97.42000;81.63000;2462.8;275.0;177.0;62.0;10.64;1.068;0.17498;0.03702;0.00;0.000;0.000;1.048;0.565;0.000;0.557;69.890;50.70;45.80;18012.7;1068.00;5.50;3.56;1.58;57399.36;86251.68;24859.38;30614.0;1.87;2.82;0.81;25/01/2024 16:08:05;
26/01/2024;15;2.0TD;2;0.000155661168000000;0.177;1.088276586;112.470460;19.184;8.779;84.507460;53.33;6.43200;0.83482;0.75;0.25;72.56458;98.29260;101.96000;97.42000;81.63000;2462.8;275.0;177.0;62.0;10.51;0.178;0.17498;0.03702;0.00;0.000;0.000;1.077;0.565;0.000;0.557;71.799;53.61;48.71;18195.0;1109.60;5.37;3.56;1.58;50964.32;84545.76;24859.38;29822.5;1.71;2.83;0.83;25/01/2024 16:08:05;
26/01/2024;16;2.0TD;2;0.000150664739000000;0.184;1.129348333;116.446909;19.184;8.779;88.483909;55.30;6.43200;0.83482;0.75;0.25;72.56458;98.29260;101.96000;97.42000;81.63000;2462.8;275.0;177.0;62.0;11.43;0.178;0.17498;0.03702;0.00;0.000;0.000;1.121;0.565;0.000;0.557;74.733;55.52;52.01;18096.2;1191.50;6.29;3.56;1.58;49977.52;107843.60;24859.38;29064.6;1.72;3.71;0.86;25/01/2024 16:08:05;
26/01/2024;17;2.0TD;2;0.000147097612000000;0.189;1.161671371;124.509838;19.184;8.779;96.546838;63.20;6.43200;0.83482;0.75;0.25;72.56458;98.29260;101.96000;97.42000;81.63000;2462.8;275.0;177.0;62.0;9.90;0.178;0.17498;0.03702;0.00;0.000;0.000;1.218;0.565;0.000;0.557;81.200;63.38;60.43;17492.6;1165.90;4.76;3.56;1.58;41377.76;70259.52;24859.38;28693.5;1.44;2.45;0.87;25/01/2024 16:08:05;
26/01/2024;18;2.0TD;2;0.000150584205000000;0.195;1.197141099;137.662843;19.184;8.779;109.699843;73.53;6.43200;0.83482;0.75;0.25;72.56458;98.29260;101.96000;97.42000;81.63000;2462.8;275.0;177.0;62.0;10.01;0.178;0.17498;0.03702;0.00;0.000;0.000;1.377;0.565;0.000;0.557;91.799;73.74;70.75;16073.7;1222.00;4.87;3.56;1.58;36600.60;78320.88;24859.38;28720.0;1.27;2.73;0.87;25/01/2024 16:08:05;
26/01/2024;19;2.0TD;1;0.000168501318000000;0.200;1.199681822;205.736438;33.081;43.893;128.762438;89.62;6.43200;0.83482;0.75;0.25;72.56458;98.29260;101.96000;97.42000;81.63000;2462.8;275.0;177.0;62.0;8.30;1.068;0.17498;0.03702;0.00;0.000;0.000;1.610;0.565;0.000;0.557;107.302;89.62;89.62;16187.6;1171.50;3.16;3.56;1.58;29325.80;39950.00;24859.38;29784.2;0.98;1.34;0.83;25/01/2024 16:08:05;
26/01/2024;20;2.0TD;1;0.000186034063000000;0.207;1.236894412;215.101911;33.081;43.893;138.127911;96.47;6.43200;0.83482;0.75;0.25;72.56458;98.29260;101.96000;97.42000;81.63000;2462.8;275.0;177.0;62.0;8.48;1.068;0.17498;0.03702;0.00;0.000;0.000;1.717;0.565;0.000;0.557;114.439;96.80;91.80;17461.3;1216.00;3.34;3.56;1.58;44587.40;34197.20;24859.38;31077.4;1.43;1.10;0.80;25/01/2024 16:08:05;
26/01/2024;21;2.0TD;1;0.000195124342000000;0.210;1.257851979;232.642958;33.081;43.893;155.668958;110.72;6.43200;0.83482;0.75;0.25;72.56458;98.29260;101.96000;97.42000;81.63000;2462.8;275.0;177.0;62.0;8.23;1.068;0.17498;0.03702;0.00;0.000;0.000;1.930;0.565;0.000;0.557;128.652;111.07;106.07;17470.8;1298.50;3.09;3.56;1.58;36317.44;35112.00;24859.38;31132.1;1.17;1.13;0.80;25/01/2024 16:08:05;
26/01/2024;22;2.0TD;1;0.000199517559000000;0.212;1.269150631;210.726722;33.081;43.893;133.752722;92.68;6.43200;0.83482;0.75;0.25;72.56458;98.29260;101.96000;97.42000;81.63000;2462.8;275.0;177.0;62.0;8.25;1.068;0.17498;0.03702;0.00;0.000;0.000;1.655;0.565;0.000;0.557;110.357;93.00;88.00;16785.4;1164.40;3.11;3.56;1.58;43237.88;25312.32;24859.38;30066.4;1.44;0.84;0.83;25/01/2024 16:08:05;
26/01/2024;23;2.0TD;2;0.000187723324000000;0.222;1.359265240;140.748751;19.184;8.779;112.785751;74.78;6.43200;0.83482;0.75;0.25;72.56458;98.29260;101.96000;97.42000;81.63000;2462.8;275.0;177.0;62.0;9.25;0.178;0.17498;0.03702;0.00;0.000;0.000;1.384;0.565;0.000;0.557;92.296;74.98;71.78;14684.7;998.10;4.11;3.56;1.58;31866.96;55860.00;24859.38;27398.3;1.16;2.04;0.91;25/01/2024 16:08:05;
26/01/2024;24;2.0TD;2;0.000164172494000000;0.228;1.395727159;135.979147;19.184;8.779;108.016147;70.06;6.43200;0.83482;0.75;0.25;72.56458;98.29260;101.96000;97.42000;81.63000;2462.8;275.0;177.0;62.0;9.70;0.178;0.17498;0.03702;0.00;0.000;0.000;1.319;0.565;0.000;0.557;87.961;70.45;65.46;13279.4;1117.90;4.56;3.56;1.58;33657.32;55860.00;24859.38;25085.9;1.34;2.23;0.99;25/01/2024 16:08:05;
*
