pvpcdata;
2024;03;11;12;38;45;
29/02/2024;1;2.0TD;3;0.000109152014000000;0.235;1.304528988;62.160537;0.557;2.195;59.408537;14.49;23.03998;0.78315;0.75;0.25;4.79667;96.95660;101.96000;97.42000;68.27000;2553.8;275.0;177.0;48.0;13.51;0.000;0.17498;0.04096;0.00;0.000;0.000;0.722;0.565;0.000;0.557;48.104;14.67;10.85;23718.4;1169.10;8.48;3.48;1.55;158568.48;32538.00;24859.38;25479.7;6.22;1.28;0.98;28/02/2024 16:04:08;
29/02/2024;2;2.0TD;3;0.000089560748000000;0.244;1.356318845;57.490586;0.557;2.195;54.738586;9.75;23.03998;0.78315;0.75;0.25;4.79667;96.95660;101.96000;97.42000;68.27000;2553.8;275.0;177.0;48.0;14.21;0.000;0.17498;0.04096;0.00;0.000;0.000;0.660;0.565;0.000;0.557;44.002;10.00;5.00;22360.0;1191.50;9.18;3.48;1.55;180182.16;15832.56;24859.38;24058.6;7.49;0.66;1.03;28/02/2024 16:04:08;
29/02/2024;3;2.0TD;3;0.000079090069000000;0.251;1.392710523;57.519627;0.557;2.195;54.767627;6.34;23.03998;0.78315;0.75;0.25;4.79667;96.95660;101.96000;97.42000;68.27000;2553.8;275.0;177.0;48.0;17.40;0.000;0.17498;0.04096;0.00;0.000;0.000;0.657;0.565;0.000;0.557;43.779;6.48;3.48;21410.3;1042.00;12.37;3.48;1.55;198901.88;60264.96;24859.38;22959.4;8.66;2.62;1.08;28/02/2024 16:04:08;
29/02/2024;4;2.0TD;3;0.000073964640000000;0.252;1.402464529;56.317666;0.557;2.195;53.565666;5.84;23.03998;0.78315;0.75;0.25;4.79667;96.95660;101.96000;97.42000;68.27000;2553.8;275.0;177.0;48.0;16.92;0.000;0.17498;0.04096;0.00;0.000;0.000;0.642;0.565;0.000;0.557;42.784;6.00;3.00;21059.1;1178.10;11.89;3.48;1.55;236025.84;33089.84;0.00;22627.5;10.43;1.46;0.00;28/02/2024 16:04:08;
29/02/2024;5;2.0TD;3;0.000072221284000000;0.251;1.392523777;56.338683;0.557;2.195;53.586683;5.54;23.03998;0.78315;0.75;0.25;4.79667;96.95660;101.96000;97.42000;68.27000;2553.8;275.0;177.0;48.0;17.27;0.000;0.17498;0.04096;0.00;0.000;0.000;0.643;0.565;0.000;0.557;42.835;5.68;2.68;21161.5;1070.20;12.24;3.48;1.55;215016.24;60635.76;0.00;22528.0;9.54;2.69;0.00;28/02/2024 16:04:08;
29/02/2024;6;2.0TD;3;0.000074804276000000;0.247;1.372198659;55.912955;0.557;2.195;53.160955;5.74;23.03998;0.78315;0.75;0.25;4.79667;96.95660;101.96000;97.42000;68.27000;2553.8;275.0;177.0;48.0;16.87;0.000;0.17498;0.04096;0.00;0.000;0.000;0.639;0.565;0.000;0.557;42.631;5.83;3.70;21821.2;997.00;11.84;3.48;1.55;214597.20;60508.24;0.00;23237.7;9.23;2.60;0.00;28/02/2024 16:04:08;
29/02/2024;7;2.0TD;3;0.000086380993000000;0.232;1.290256354;51.658801;0.557;2.195;48.906801;5.60;23.03998;0.78315;0.75;0.25;4.79667;96.95660;101.96000;97.42000;68.27000;2553.8;275.0;177.0;48.0;14.12;0.000;0.17498;0.04096;0.00;0.000;0.000;0.595;0.565;0.000;0.557;39.697;5.60;5.60;22541.7;968.60;9.09;3.48;1.55;189994.64;23052.16;24859.38;26181.2;7.26;0.88;0.95;28/02/2024 16:04:08;
29/02/2024;8;2.0TD;3;0.000110247158000000;0.217;1.207546379;54.943141;0.557;2.195;52.191141;10.77;23.03998;0.78315;0.75;0.25;4.79667;96.95660;101.96000;97.42000;68.27000;2553.8;275.0;177.0;48.0;12.09;0.000;0.17498;0.04096;0.00;0.000;0.000;0.643;0.565;0.000;0.557;42.885;10.67;14.00;25222.2;813.40;7.06;3.48;1.55;156821.00;32156.80;24859.38;30283.2;5.18;1.06;0.82;28/02/2024 16:04:08;
29/02/2024;9;2.0TD;2;0.000119373354000000;0.205;1.257651226;80.501095;19.184;8.779;52.538095;10.00;23.03998;0.78315;0.75;0.25;4.79667;96.95660;101.96000;97.42000;68.27000;2553.8;275.0;177.0;48.0;13.41;0.154;0.17498;0.04096;0.00;0.000;0.000;0.654;0.565;0.000;0.557;43.600;10.00;10.00;27049.6;1185.20;8.38;3.48;1.55;178933.92;64511.04;24859.38;32027.0;5.59;2.01;0.78;28/02/2024 16:04:08;
29/02/2024;10;2.0TD;2;0.000121769667000000;0.194;1.192613771;75.438922;19.184;8.779;47.475922;5.86;23.03998;0.78315;0.75;0.25;4.79667;96.95660;101.96000;97.42000;68.27000;2553.8;275.0;177.0;48.0;13.77;0.154;0.17498;0.04096;0.00;0.000;0.000;0.596;0.565;0.000;0.557;39.762;5.90;4.90;30164.7;1310.30;8.74;3.48;1.55;194528.88;60538.48;24859.38;32059.0;6.07;1.89;0.78;28/02/2024 16:04:08;
29/02/2024;11;2.0TD;1;0.000124810805000000;0.190;1.139835593;120.983863;33.081;43.893;44.009863;3.01;23.03998;0.78315;0.75;0.25;4.79667;96.95660;101.96000;97.42000;68.27000;2553.8;275.0;177.0;48.0;13.11;0.926;0.17498;0.04096;0.00;0.000;0.000;0.555;0.565;0.000;0.557;36.983;3.20;0.00;32215.6;1979.60;8.08;3.48;1.55;206823.92;22270.40;24859.38;31421.9;6.58;0.71;0.79;28/02/2024 16:04:08;
29/02/2024;12;2.0TD;1;0.000122669621000000;0.192;1.150393875;117.112310;33.081;43.893;40.138310;0.09;23.03998;0.78315;0.75;0.25;4.79667;96.95660;101.96000;97.42000;68.27000;2553.8;275.0;177.0;48.0;12.77;0.926;0.17498;0.04096;0.00;0.000;0.000;0.505;0.565;0.000;0.557;33.673;0.10;-0.10;31319.6;2011.80;7.74;3.48;1.55;197977.40;15940.00;24859.38;30849.0;6.42;0.52;0.81;28/02/2024 16:04:08;
29/02/2024;13;2.0TD;1;0.000122169957000000;0.191;1.141187777;116.897605;33.081;43.893;39.923605;-0.25;23.03998;0.78315;0.75;0.25;4.79667;96.95660;101.96000;97.42000;68.27000;2553.8;275.0;177.0;48.0;12.96;0.926;0.17498;0.04096;0.00;0.000;0.000;0.503;0.565;0.000;0.557;33.521;0.00;-4.10;31206.5;2249.00;7.93;3.48;1.55;197989.20;20670.00;24859.38;30690.6;6.45;0.67;0.81;28/02/2024 16:04:08;
29/02/2024;14;2.0TD;1;0.000128269028000000;0.187;1.120415433;116.450152;33.081;43.893;39.476152;-0.33;23.03998;0.78315;0.75;0.25;4.79667;96.95660;101.96000;97.42000;68.27000;2553.8;275.0;177.0;48.0;12.78;0.926;0.17498;0.04096;0.00;0.000;0.000;0.499;0.565;0.000;0.557;33.257;0.00;-5.00;31035.7;2448.10;7.75;3.48;1.55;197989.16;15920.00;24859.38;30825.3;6.42;0.52;0.81;28/02/2024 16:04:08;
29/02/2024;15;2.0TD;2;0.000129077166000000;0.185;1.136934610;66.034773;19.184;8.779;38.071773;-0.39;23.03998;0.78315;0.75;0.25;4.79667;96.95660;101.96000;97.42000;68.27000;2553.8;275.0;177.0;48.0;12.50;0.154;0.17498;0.04096;0.00;0.000;0.000;0.482;0.565;0.000;0.557;32.128;0.00;-5.80;30626.1;2588.50;7.47;3.48;1.55;188280.16;15880.00;24859.38;30659.3;6.14;0.52;0.81;28/02/2024 16:04:08;
29/02/2024;16;2.0TD;2;0.000122866981000000;0.191;1.171852068;66.021499;19.184;8.779;38.058499;-0.40;23.03998;0.78315;0.75;0.25;4.79667;96.95660;101.96000;97.42000;68.27000;2553.8;275.0;177.0;48.0;12.34;0.154;0.17498;0.04096;0.00;0.000;0.000;0.479;0.565;0.000;0.557;31.955;0.00;-5.80;30211.1;2717.30;7.31;3.48;1.55;178571.12;15930.00;24859.38;29999.5;5.95;0.53;0.83;28/02/2024 16:04:08;
29/02/2024;17;2.0TD;2;0.000118468858000000;0.195;1.194203108;67.775714;19.184;8.779;39.812714;-0.38;23.03998;0.78315;0.75;0.25;4.79667;96.95660;101.96000;97.42000;68.27000;2553.8;275.0;177.0;48.0;13.66;0.154;0.17498;0.04096;0.00;0.000;0.000;0.500;0.565;0.000;0.557;33.316;0.00;-5.80;29687.2;2484.00;8.63;3.48;1.55;178571.08;53580.00;24859.38;29773.4;6.00;1.80;0.83;28/02/2024 16:04:08;
29/02/2024;18;2.0TD;2;0.000120958144000000;0.196;1.200464944;67.456210;19.184;8.779;39.493210;0.01;23.03998;0.78315;0.75;0.25;4.79667;96.95660;101.96000;97.42000;68.27000;2553.8;275.0;177.0;48.0;12.98;0.154;0.17498;0.04096;0.00;0.000;0.000;0.495;0.565;0.000;0.557;33.021;0.01;0.01;29049.5;1894.60;7.95;3.48;1.55;152101.56;60915.56;24859.38;29919.7;5.08;2.04;0.83;28/02/2024 16:04:08;
29/02/2024;19;2.0TD;1;0.000132564698000000;0.195;1.168644808;120.343034;33.081;43.893;43.369034;3.29;23.03998;0.78315;0.75;0.25;4.79667;96.95660;101.96000;97.42000;68.27000;2553.8;275.0;177.0;48.0;12.15;0.926;0.17498;0.04096;0.00;0.000;0.000;0.544;0.565;0.000;0.557;36.292;3.28;3.59;29210.4;1212.70;7.12;3.48;1.55;139930.68;53400.00;24859.38;30642.7;4.57;1.74;0.81;28/02/2024 16:04:08;
29/02/2024;20;2.0TD;1;0.000161116144000000;0.195;1.168578660;120.173344;33.081;43.893;43.199344;5.02;23.03998;0.78315;0.75;0.25;4.79667;96.95660;101.96000;97.42000;68.27000;2553.8;275.0;177.0;48.0;10.28;0.926;0.17498;0.04096;0.00;0.000;0.000;0.542;0.565;0.000;0.557;36.150;5.00;5.50;27621.7;1225.60;5.25;3.48;1.55;137977.04;10852.80;24859.38;33068.3;4.17;0.33;0.75;28/02/2024 16:04:08;
29/02/2024;21;2.0TD;1;0.000179941564000000;0.194;1.163467798;122.767576;33.081;43.893;45.793576;7.98;23.03998;0.78315;0.75;0.25;4.79667;96.95660;101.96000;97.42000;68.27000;2553.8;275.0;177.0;48.0;9.49;0.926;0.17498;0.04096;0.00;0.000;0.000;0.575;0.565;0.000;0.557;38.353;7.97;8.13;28426.3;1143.60;4.46;3.48;1.55;111990.56;15302.40;24859.38;34093.2;3.28;0.45;0.73;28/02/2024 16:04:08;
29/02/2024;22;2.0TD;1;0.000181806007000000;0.196;1.173838063;120.998854;33.081;43.893;44.024854;6.32;23.03998;0.78315;0.75;0.25;4.79667;96.95660;101.96000;97.42000;68.27000;2553.8;275.0;177.0;48.0;9.63;0.926;0.17498;0.04096;0.00;0.000;0.000;0.552;0.565;0.000;0.557;36.810;6.33;6.20;27873.5;1231.30;4.60;3.48;1.55;114696.72;13017.60;24859.38;33145.1;3.46;0.39;0.75;28/02/2024 16:04:08;
29/02/2024;23;2.0TD;2;0.000164601767000000;0.201;1.235789041;70.157827;19.184;8.779;42.194827;4.88;23.03998;0.78315;0.75;0.25;4.79667;96.95660;101.96000;97.42000;68.27000;2553.8;275.0;177.0;48.0;10.19;0.154;0.17498;0.04096;0.00;0.000;0.000;0.527;0.565;0.000;0.557;35.133;5.00;2.20;26688.9;1192.70;5.16;3.48;1.55;115486.72;15385.44;24859.38;30189.5;3.83;0.51;0.82;28/02/2024 16:04:08;
29/02/2024;24;2.0TD;2;0.000136567902000000;0.206;1.264722943;69.219149;19.184;8.779;41.256149;3.34;23.03998;0.78315;0.75;0.25;4.79667;96.95660;101.96000;97.42000;68.27000;2553.8;275.0;177.0;48.0;10.82;0.154;0.17498;0.04096;0.00;0.000;0.000;0.513;0.565;0.000;0.557;34.209;3.40;2.00;25888.7;1084.20;5.79;3.48;1.55;116839.20;15000.16;24859.38;27064.3;4.32;0.55;0.92;28/02/2024 16:04:08;
*
