pvpcdata;
2024;12;11;12;05;21;
02/11/2024;1;2.0TD;3;0.000100337145000000;0.220;1.222336414;144.931757;0.557;2.195;142.179757;96.25;0.29305;1.06598;0.75;0.25;91.94458;93.11680;101.96000;84.74000;75.52000;1955.0;275.0;200.0;46.0;16.51;0.000;0.17498;0.04096;0.00;0.000;1.748;0.947;0.000;0.557;116.540;96.28;96.07;13674.8;2045.10;12.27;3.21;1.03;218779.52;14567.28;24859.38;21048.5;10.39;0.69;1.18;01/11/2024 16:23:17;
02/11/2024;2;2.0TD;3;0.000084600073000000;0.232;1.288114165;144.166854;0.557;2.195;141.414854;91.70;0.29305;1.06598;0.75;0.25;91.94458;93.11680;101.96000;84.74000;75.52000;1955.0;275.0;200.0;46.0;19.33;0.000;0.17498;0.04096;0.00;0.000;1.722;0.947;0.000;0.557;114.784;91.56;92.84;12530.6;1529.20;15.09;3.21;1.03;275695.84;23081.12;0.00;19798.7;13.92;1.17;0.00;01/11/2024 16:23:17;
02/11/2024;3;2.0TD;3;0.000074591729000000;0.240;1.330714212;144.140252;0.557;2.195;141.388252;89.08;0.29305;1.06598;0.75;0.25;91.94458;93.11680;101.96000;84.74000;75.52000;1955.0;275.0;200.0;46.0;21.20;0.000;0.17498;0.04096;0.00;0.000;1.710;0.947;0.000;0.557;114.022;88.93;90.35;12224.7;1436.80;16.96;3.21;1.03;296272.60;25631.52;0.00;18978.7;15.61;1.35;0.00;01/11/2024 16:23:17;
02/11/2024;4;2.0TD;3;0.000069143824000000;0.242;1.345869427;141.392466;0.557;2.195;138.640466;85.89;0.29305;1.06598;0.75;0.25;91.94458;93.11680;101.96000;84.74000;75.52000;1955.0;275.0;200.0;46.0;22.03;0.000;0.17498;0.04096;0.00;0.000;1.674;0.947;0.000;0.557;111.626;86.00;85.00;11920.9;1434.20;17.79;3.21;1.03;304138.48;24356.32;0.00;18467.7;16.47;1.32;0.00;01/11/2024 16:23:17;
02/11/2024;5;2.0TD;3;0.000066726855000000;0.243;1.350282993;142.451259;0.557;2.195;139.699259;86.52;0.29305;1.06598;0.75;0.25;91.94458;93.11680;101.96000;84.74000;75.52000;1955.0;275.0;200.0;46.0;22.15;0.000;0.17498;0.04096;0.00;0.000;1.686;0.947;0.000;0.557;112.388;86.85;83.85;11489.9;1421.30;17.91;3.21;1.03;301916.00;25567.76;0.00;18285.7;16.51;1.40;0.00;01/11/2024 16:23:17;
02/11/2024;6;2.0TD;3;0.000067319180000000;0.243;1.347980714;140.583030;0.557;2.195;137.831030;85.09;0.29305;1.06598;0.75;0.25;91.94458;93.11680;101.96000;84.74000;75.52000;1955.0;275.0;200.0;46.0;22.10;0.000;0.17498;0.04096;0.00;0.000;1.663;0.947;0.000;0.557;110.885;85.62;80.10;12033.6;1266.50;17.86;3.21;1.03;304740.88;24547.60;0.00;18440.9;16.53;1.33;0.00;01/11/2024 16:23:17;
02/11/2024;7;2.0TD;3;0.000070627794000000;0.232;1.286352012;147.318310;0.557;2.195;144.566310;93.14;0.29305;1.06598;0.75;0.25;91.94458;93.11680;101.96000;84.74000;75.52000;1955.0;275.0;200.0;46.0;20.41;0.000;0.17498;0.04096;0.00;0.000;1.760;0.947;0.000;0.557;117.342;93.14;93.14;11958.5;1473.30;16.17;3.21;1.03;287498.12;19128.00;0.00;18964.8;15.16;1.01;0.00;01/11/2024 16:23:17;
02/11/2024;8;2.0TD;3;0.000077324992000000;0.222;1.234602021;151.145306;0.557;2.195;148.393306;99.50;0.29305;1.06598;0.75;0.25;91.94458;93.11680;101.96000;84.74000;75.52000;1955.0;275.0;200.0;46.0;18.08;0.000;0.17498;0.04096;0.00;0.000;1.822;0.947;0.000;0.557;121.434;100.11;95.55;12919.5;1979.30;13.84;3.21;1.03;268879.28;9755.28;0.00;20129.7;13.36;0.48;0.00;01/11/2024 16:23:17;
02/11/2024;9;2.0TD;3;0.000089647249000000;0.210;1.164210580;147.746039;0.557;2.195;144.994039;100.66;0.29305;1.06598;0.75;0.25;91.94458;93.11680;101.96000;84.74000;75.52000;1955.0;275.0;200.0;46.0;15.34;0.000;0.17498;0.04096;0.00;0.000;1.797;0.947;0.000;0.557;119.829;101.16;96.51;13998.8;1683.20;11.10;3.21;1.03;207568.88;29852.16;0.00;21388.8;9.70;1.40;0.00;01/11/2024 16:23:17;
02/11/2024;10;2.0TD;3;0.000108348155000000;0.187;1.041582685;128.866933;0.557;2.195;126.114933;88.93;0.29305;1.06598;0.75;0.25;91.94458;93.11680;101.96000;84.74000;75.52000;1955.0;275.0;200.0;46.0;13.69;0.000;0.17498;0.04096;0.00;0.000;1.594;0.947;0.000;0.557;106.246;88.93;88.94;14448.1;1017.90;9.45;3.21;1.03;170032.68;44358.40;0.00;22696.9;7.49;1.95;0.00;01/11/2024 16:23:17;
02/11/2024;11;2.0TD;3;0.000118606125000000;0.177;0.983496326;114.337231;0.557;2.195;111.585231;77.94;0.29305;1.06598;0.75;0.25;91.94458;93.11680;101.96000;84.74000;75.52000;1955.0;275.0;200.0;46.0;13.41;0.000;0.17498;0.04096;0.00;0.000;1.422;0.947;0.000;0.557;94.804;77.89;78.89;16966.3;846.30;9.17;3.21;1.03;148503.96;70192.08;0.00;23856.4;6.22;2.94;0.00;01/11/2024 16:23:17;
02/11/2024;12;2.0TD;3;0.000118563727000000;0.174;0.965129710;107.092171;0.557;2.195;104.340171;71.86;0.29305;1.06598;0.75;0.25;91.94458;93.11680;101.96000;84.74000;75.52000;1955.0;275.0;200.0;46.0;13.65;0.000;0.17498;0.04096;0.00;0.000;1.333;0.947;0.000;0.557;88.875;71.77;73.77;18770.0;876.20;9.41;3.21;1.03;164740.16;59643.36;0.00;23834.6;6.91;2.50;0.00;01/11/2024 16:23:17;
02/11/2024;13;2.0TD;3;0.000117761972000000;0.172;0.957567777;109.604159;0.557;2.195;106.852159;74.75;0.29305;1.06598;0.75;0.25;91.94458;93.11680;101.96000;84.74000;75.52000;1955.0;275.0;200.0;46.0;13.02;0.000;0.17498;0.04096;0.00;0.000;1.368;0.947;0.000;0.557;91.170;74.63;77.60;20477.9;848.20;8.78;3.21;1.03;159307.36;48383.04;0.00;23668.3;6.73;2.04;0.00;01/11/2024 16:23:17;
02/11/2024;14;2.0TD;3;0.000124591743000000;0.169;0.938496539;104.535409;0.557;2.195;101.783409;69.88;0.29305;1.06598;0.75;0.25;91.94458;93.11680;101.96000;84.74000;75.52000;1955.0;275.0;200.0;46.0;13.85;0.000;0.17498;0.04096;0.00;0.000;1.306;0.947;0.000;0.557;87.068;69.84;70.84;20567.1;954.10;9.61;3.21;1.03;175838.88;55249.28;0.00;24054.0;7.31;2.30;0.00;01/11/2024 16:23:17;
02/11/2024;15;2.0TD;3;0.000125183838000000;0.175;0.974205653;107.479496;0.557;2.195;104.727496;72.46;0.29305;1.06598;0.75;0.25;91.94458;93.11680;101.96000;84.74000;75.52000;1955.0;275.0;200.0;46.0;13.30;0.000;0.17498;0.04096;0.00;0.000;1.337;0.947;0.000;0.557;89.129;72.34;75.33;20332.9;832.50;9.06;3.21;1.03;163349.44;53652.48;0.00;23947.1;6.82;2.24;0.00;01/11/2024 16:23:17;
02/11/2024;16;2.0TD;3;0.000114005600000000;0.188;1.044812845;108.734412;0.557;2.195;105.982412;70.67;0.29305;1.06598;0.75;0.25;91.94458;93.11680;101.96000;84.74000;75.52000;1955.0;275.0;200.0;46.0;15.17;0.000;0.17498;0.04096;0.00;0.000;1.338;0.947;0.000;0.557;89.210;70.63;71.63;19414.6;786.40;10.93;3.21;1.03;167317.68;84485.44;0.00;23030.6;7.27;3.67;0.00;01/11/2024 16:23:17;
02/11/2024;17;2.0TD;3;0.000108129578000000;0.195;1.083790317;125.919197;0.557;2.195;123.167197;85.00;0.29305;1.06598;0.75;0.25;91.94458;93.11680;101.96000;84.74000;75.52000;1955.0;275.0;200.0;46.0;14.49;0.000;0.17498;0.04096;0.00;0.000;1.546;0.947;0.000;0.557;103.068;85.00;85.01;15772.9;975.40;10.25;3.21;1.03;145195.00;83764.16;0.00;22328.8;6.50;3.75;0.00;01/11/2024 16:23:17;
02/11/2024;18;2.0TD;3;0.000110341581000000;0.200;1.111967956;147.048141;0.557;2.195;144.296141;105.60;0.29305;1.06598;0.75;0.25;91.94458;93.11680;101.96000;84.74000;75.52000;1955.0;275.0;200.0;46.0;10.81;0.000;0.17498;0.04096;0.00;0.000;1.804;0.947;0.000;0.557;120.246;105.82;102.82;14462.1;1146.40;6.57;3.21;1.03;92419.80;53925.12;0.00;22286.6;4.15;2.42;0.00;01/11/2024 16:23:17;
02/11/2024;19;2.0TD;3;0.000124765262000000;0.199;1.103585070;155.643425;0.557;2.195;152.891425;114.64;0.29305;1.06598;0.75;0.25;91.94458;93.11680;101.96000;84.74000;75.52000;1955.0;275.0;200.0;46.0;8.93;0.000;0.17498;0.04096;0.00;0.000;1.913;0.947;0.000;0.557;127.515;114.64;114.65;15143.2;1282.90;4.69;3.21;1.03;82210.88;27030.08;0.00;23270.4;3.53;1.16;0.00;01/11/2024 16:23:17;
02/11/2024;20;2.0TD;3;0.000134730466000000;0.204;1.135573423;156.341204;0.557;2.195;153.589204;114.64;0.29305;1.06598;0.75;0.25;91.94458;93.11680;101.96000;84.74000;75.52000;1955.0;275.0;200.0;46.0;8.98;0.000;0.17498;0.04096;0.00;0.000;1.913;0.947;0.000;0.557;127.565;114.64;114.64;15878.6;1373.70;4.74;3.21;1.03;95637.00;19820.16;0.00;24349.6;3.93;0.81;0.00;01/11/2024 16:23:17;
02/11/2024;21;2.0TD;3;0.000142385975000000;0.206;1.142286182;153.829772;0.557;2.195;151.077772;112.32;0.29305;1.06598;0.75;0.25;91.94458;93.11680;101.96000;84.74000;75.52000;1955.0;275.0;200.0;46.0;9.04;0.000;0.17498;0.04096;0.00;0.000;1.879;0.947;0.000;0.557;125.271;112.46;110.46;16466.6;1243.30;4.80;3.21;1.03;100475.88;19800.32;0.00;25069.7;4.01;0.79;0.00;01/11/2024 16:23:17;
02/11/2024;22;2.0TD;3;0.000145058362000000;0.206;1.142578746;154.111976;0.557;2.195;151.359976;111.33;0.29305;1.06598;0.75;0.25;91.94458;93.11680;101.96000;84.74000;75.52000;1955.0;275.0;200.0;46.0;10.26;0.000;0.17498;0.04096;0.00;0.000;1.883;0.947;0.000;0.557;125.505;111.54;108.44;16263.5;1199.30;6.02;3.21;1.03;105870.96;17816.32;24859.38;24682.4;4.29;0.72;1.01;01/11/2024 16:23:17;
02/11/2024;23;2.0TD;3;0.000134842037000000;0.211;1.174445736;146.821987;0.557;2.195;144.069987;106.19;0.29305;1.06598;0.75;0.25;91.94458;93.11680;101.96000;84.74000;75.52000;1955.0;275.0;200.0;46.0;8.96;0.000;0.17498;0.04096;0.00;0.000;1.785;0.947;0.000;0.557;118.967;106.28;105.28;14884.6;1510.60;4.72;3.21;1.03;64999.84;17816.32;24859.38;22786.3;2.85;0.78;1.09;01/11/2024 16:23:17;
02/11/2024;24;2.0TD;3;0.000118661708000000;0.218;1.211621693;140.481959;0.557;2.195;137.729959;100.61;0.29305;1.06598;0.75;0.25;91.94458;93.11680;101.96000;84.74000;75.52000;1955.0;275.0;200.0;46.0;8.74;0.000;0.17498;0.04096;0.00;0.000;1.696;0.947;0.000;0.557;113.078;100.61;100.61;13595.8;1142.30;4.50;3.21;1.03;49807.56;20187.04;24859.38;21089.6;2.36;0.96;1.18;01/11/2024 16:23:17;
*
