pvpcdata;
2024;09;10;12;19;14;
28/08/2024;1;2.0TD;3;0.000115096308000000;0.172;0.954608323;153.366034;0.557;2.195;150.614034;123.22;-4.84442;0.96361;0.75;0.25;108.43167;89.05400;101.96000;73.51000;75.32000;2349.5;275.0;234.0;57.0;6.31;0.000;0.17498;0.04096;0.00;0.000;1.928;0.947;0.000;0.557;128.510;122.92;127.92;21598.5;1375.50;2.18;3.08;1.05;9904.08;22865.92;24859.38;26486.8;0.37;0.86;0.94;27/08/2024 16:12:25;
28/08/2024;2;2.0TD;3;0.000099647552000000;0.171;0.947706207;149.444655;0.557;2.195;146.692655;119.56;-4.84442;0.96361;0.75;0.25;108.43167;89.05400;101.96000;73.51000;75.32000;2349.5;275.0;234.0;57.0;6.78;0.000;0.17498;0.04096;0.00;0.000;1.879;0.947;0.000;0.557;125.271;119.33;123.33;19895.7;1229.90;2.65;3.08;1.05;26648.04;14957.28;24859.38;25098.0;1.06;0.60;0.99;27/08/2024 16:12:25;
28/08/2024;3;2.0TD;3;0.000089502945000000;0.170;0.945861695;147.562044;0.557;2.195;144.810044;117.80;-4.84442;0.96361;0.75;0.25;108.43167;89.05400;101.96000;73.51000;75.32000;2349.5;275.0;234.0;57.0;7.06;0.000;0.17498;0.04096;0.00;0.000;1.857;0.947;0.000;0.557;123.769;117.80;117.80;17927.7;1251.10;2.93;3.08;1.05;29058.76;16683.12;24859.38;24042.8;1.21;0.69;1.03;27/08/2024 16:12:25;
28/08/2024;4;2.0TD;3;0.000083697771000000;0.170;0.942724868;147.811254;0.557;2.195;145.059254;118.63;-4.84442;0.96361;0.75;0.25;108.43167;89.05400;101.96000;73.51000;75.32000;2349.5;275.0;234.0;57.0;6.44;0.000;0.17498;0.04096;0.00;0.000;1.860;0.947;0.000;0.557;123.982;118.63;118.63;17140.0;1301.90;2.31;3.08;1.05;33305.52;20326.56;0.00;23262.1;1.43;0.87;0.00;27/08/2024 16:12:25;
28/08/2024;5;2.0TD;3;0.000080246454000000;0.169;0.937388077;147.604272;0.557;2.195;144.852272;118.54;-4.84442;0.96361;0.75;0.25;108.43167;89.05400;101.96000;73.51000;75.32000;2349.5;275.0;234.0;57.0;6.46;0.000;0.17498;0.04096;0.00;0.000;1.859;0.947;0.000;0.557;123.911;118.63;117.44;17120.1;1371.90;2.33;3.08;1.05;33269.24;20326.56;0.00;22978.3;1.45;0.88;0.00;27/08/2024 16:12:25;
28/08/2024;6;2.0TD;3;0.000078978290000000;0.167;0.927898368;147.260756;0.557;2.195;144.508756;118.54;-4.84442;0.96361;0.75;0.25;108.43167;89.05400;101.96000;73.51000;75.32000;2349.5;275.0;234.0;57.0;6.38;0.000;0.17498;0.04096;0.00;0.000;1.857;0.947;0.000;0.557;123.829;118.63;117.44;17065.7;1382.20;2.25;3.08;1.05;33221.48;18781.44;0.00;23135.6;1.44;0.81;0.00;27/08/2024 16:12:25;
28/08/2024;7;2.0TD;3;0.000081323753000000;0.164;0.909761100;145.707808;0.557;2.195;142.955808;117.30;-4.84442;0.96361;0.75;0.25;108.43167;89.05400;101.96000;73.51000;75.32000;2349.5;275.0;234.0;57.0;6.62;0.000;0.17498;0.04096;0.00;0.000;1.842;0.947;0.000;0.557;122.814;117.00;122.50;17623.3;1009.30;2.49;3.08;1.05;25637.04;11186.00;24859.38;24742.1;1.04;0.45;1.00;27/08/2024 16:12:25;
28/08/2024;8;2.0TD;3;0.000084303010000000;0.162;0.900498465;153.543890;0.557;2.195;150.791890;124.58;-4.84442;0.96361;0.75;0.25;108.43167;89.05400;101.96000;73.51000;75.32000;2349.5;275.0;234.0;57.0;6.19;0.000;0.17498;0.04096;0.00;0.000;1.947;0.947;0.000;0.557;129.769;124.28;129.28;18391.3;1166.50;2.06;3.08;1.05;17773.20;12001.92;24859.38;26581.0;0.67;0.45;0.94;27/08/2024 16:12:25;
28/08/2024;9;2.0TD;2;0.000091529506000000;0.149;0.912428700;173.817368;19.184;8.779;145.854368;121.02;-4.84442;0.96361;0.75;0.25;108.43167;89.05400;101.96000;73.51000;75.32000;2349.5;275.0;234.0;57.0;6.81;0.154;0.17498;0.04096;0.00;0.000;1.904;0.947;0.000;0.557;126.940;120.76;125.66;19135.5;1089.50;2.68;3.08;1.05;23812.64;25387.00;24859.38;27663.2;0.86;0.92;0.90;27/08/2024 16:12:25;
28/08/2024;10;2.0TD;2;0.000103045481000000;0.141;0.863685473;170.879261;19.184;8.779;142.916261;118.95;-4.84442;0.96361;0.75;0.25;108.43167;89.05400;101.96000;73.51000;75.32000;2349.5;275.0;234.0;57.0;7.22;0.154;0.17498;0.04096;0.00;0.000;1.879;0.947;0.000;0.557;125.255;118.85;120.85;21961.3;1105.40;3.09;3.08;1.05;29567.76;35254.40;24859.38;29051.0;1.02;1.21;0.86;27/08/2024 16:12:25;
28/08/2024;11;2.0TD;1;0.000111158478000000;0.147;0.882671275;210.222445;33.081;43.893;133.248445;105.91;-4.84442;0.96361;0.75;0.25;108.43167;89.05400;101.96000;73.51000;75.32000;2349.5;275.0;234.0;57.0;10.54;0.926;0.17498;0.04096;0.00;0.000;1.743;0.947;0.000;0.557;116.171;105.91;105.91;23315.7;1262.30;6.41;3.08;1.05;47707.24;119700.00;24859.38;29987.0;1.59;3.99;0.83;27/08/2024 16:12:25;
28/08/2024;12;2.0TD;1;0.000115419616000000;0.151;0.903128947;183.553456;33.081;43.893;106.579456;83.81;-4.84442;0.96361;0.75;0.25;108.43167;89.05400;101.96000;73.51000;75.32000;2349.5;275.0;234.0;57.0;9.42;0.926;0.17498;0.04096;0.00;0.000;1.389;0.947;0.000;0.557;92.597;83.70;86.70;24897.1;968.20;5.29;3.08;1.05;66765.24;74412.00;24859.38;31385.5;2.13;2.37;0.79;27/08/2024 16:12:25;
28/08/2024;13;2.0TD;1;0.000120894927000000;0.152;0.912549865;179.610597;33.081;43.893;102.636597;80.38;-4.84442;0.96361;0.75;0.25;108.43167;89.05400;101.96000;73.51000;75.32000;2349.5;275.0;234.0;57.0;9.40;0.926;0.17498;0.04096;0.00;0.000;1.336;0.947;0.000;0.557;89.094;80.20;85.02;26054.9;996.70;5.27;3.08;1.05;68837.32;75934.80;24859.38;32138.5;2.14;2.36;0.77;27/08/2024 16:12:25;
28/08/2024;14;2.0TD;1;0.000131261151000000;0.151;0.905312882;179.089878;33.081;43.893;102.115878;80.13;-4.84442;0.96361;0.75;0.25;108.43167;89.05400;101.96000;73.51000;75.32000;2349.5;275.0;234.0;57.0;9.28;0.926;0.17498;0.04096;0.00;0.000;1.331;0.947;0.000;0.557;88.719;79.94;84.94;26563.1;1042.70;5.15;3.08;1.05;69099.68;76072.96;24859.38;32988.1;2.09;2.31;0.75;27/08/2024 16:12:25;
28/08/2024;15;2.0TD;2;0.000135454665000000;0.152;0.933348440;125.872941;19.184;8.779;97.909941;77.23;-4.84442;0.96361;0.75;0.25;108.43167;89.05400;101.96000;73.51000;75.32000;2349.5;275.0;234.0;57.0;9.28;0.154;0.17498;0.04096;0.00;0.000;1.275;0.947;0.000;0.557;84.991;77.16;79.15;26983.4;1055.70;5.15;3.08;1.05;72207.68;74968.08;24859.38;33407.7;2.16;2.24;0.74;27/08/2024 16:12:25;
28/08/2024;16;2.0TD;2;0.000131147374000000;0.150;0.922020915;122.457658;19.184;8.779;94.494658;75.00;-4.84442;0.96361;0.75;0.25;108.43167;89.05400;101.96000;73.51000;75.32000;2349.5;275.0;234.0;57.0;8.73;0.154;0.17498;0.04096;0.00;0.000;1.233;0.947;0.000;0.557;82.169;75.00;75.00;26876.8;1446.20;4.60;3.08;1.05;69034.88;57960.00;24859.38;32960.1;2.09;1.76;0.75;27/08/2024 16:12:25;
28/08/2024;17;2.0TD;2;0.000129034885000000;0.152;0.930916294;131.486637;19.184;8.779;103.523637;82.19;-4.84442;0.96361;0.75;0.25;108.43167;89.05400;101.96000;73.51000;75.32000;2349.5;275.0;234.0;57.0;9.12;0.154;0.17498;0.04096;0.00;0.000;1.348;0.947;0.000;0.557;89.864;82.00;87.22;24416.3;937.90;4.99;3.08;1.05;67395.84;68398.40;24859.38;32182.7;2.09;2.13;0.77;27/08/2024 16:12:25;
28/08/2024;18;2.0TD;2;0.000130518740000000;0.155;0.952156028;145.791790;19.184;8.779;117.828790;94.38;-4.84442;0.96361;0.75;0.25;108.43167;89.05400;101.96000;73.51000;75.32000;2349.5;275.0;234.0;57.0;8.90;0.154;0.17498;0.04096;0.00;0.000;1.530;0.947;0.000;0.557;102.016;94.38;94.38;23727.3;1153.70;4.77;3.08;1.05;57738.04;69353.20;24859.38;31842.8;1.81;2.18;0.78;27/08/2024 16:12:25;
28/08/2024;19;2.0TD;1;0.000131165804000000;0.156;0.931898450;213.603106;33.081;43.893;136.629106;108.26;-4.84442;0.96361;0.75;0.25;108.43167;89.05400;101.96000;73.51000;75.32000;2349.5;275.0;234.0;57.0;10.18;0.926;0.17498;0.04096;0.00;0.000;1.773;0.947;0.000;0.557;118.191;108.26;108.26;22936.8;1271.70;6.05;3.08;1.05;39309.20;124775.28;24859.38;31246.7;1.26;3.99;0.80;27/08/2024 16:12:25;
28/08/2024;20;2.0TD;1;0.000130312336000000;0.159;0.951631094;228.018668;33.081;43.893;151.044668;123.16;-4.84442;0.96361;0.75;0.25;108.43167;89.05400;101.96000;73.51000;75.32000;2349.5;275.0;234.0;57.0;7.23;0.926;0.17498;0.04096;0.00;0.000;1.955;0.947;0.000;0.557;130.323;123.16;123.16;21233.7;1429.20;3.10;3.08;1.05;38196.80;33202.16;24859.38;31106.6;1.23;1.07;0.80;27/08/2024 16:12:25;
28/08/2024;21;2.0TD;1;0.000134011118000000;0.161;0.964590101;233.276258;33.081;43.893;156.302258;125.34;-4.84442;0.96361;0.75;0.25;108.43167;89.05400;101.96000;73.51000;75.32000;2349.5;275.0;234.0;57.0;9.29;0.926;0.17498;0.04096;0.00;0.000;2.019;0.947;0.000;0.557;134.627;125.78;120.78;20233.6;1943.50;5.16;3.08;1.05;102352.92;33591.48;24859.38;31187.7;3.28;1.08;0.80;27/08/2024 16:12:25;
28/08/2024;22;2.0TD;1;0.000151748704000000;0.161;0.964857125;249.282965;33.081;43.893;172.308965;136.99;-4.84442;0.96361;0.75;0.25;108.43167;89.05400;101.96000;73.51000;75.32000;2349.5;275.0;234.0;57.0;11.22;0.926;0.17498;0.04096;0.00;0.000;2.226;0.947;0.000;0.557;148.414;138.58;123.58;20782.1;2468.60;7.09;3.08;1.05;179169.04;22421.88;24859.38;31933.0;5.61;0.70;0.78;27/08/2024 16:12:25;
28/08/2024;23;2.0TD;2;0.000147828053000000;0.166;1.018322758;179.183019;19.184;8.779;151.220019;118.81;-4.84442;0.96361;0.75;0.25;108.43167;89.05400;101.96000;73.51000;75.32000;2349.5;275.0;234.0;57.0;11.73;0.154;0.17498;0.04096;0.00;0.000;1.945;0.947;0.000;0.557;129.691;119.93;109.93;20337.2;2574.60;7.60;3.08;1.05;191304.84;14391.00;24859.38;30338.1;6.31;0.47;0.82;27/08/2024 16:12:25;
28/08/2024;24;2.0TD;2;0.000131175989000000;0.164;1.004491895;170.273952;19.184;8.779;142.310952;110.55;-4.84442;0.96361;0.75;0.25;108.43167;89.05400;101.96000;73.51000;75.32000;2349.5;275.0;234.0;57.0;12.67;0.154;0.17498;0.04096;0.00;0.000;1.834;0.947;0.000;0.557;122.260;111.53;101.06;19294.6;1986.40;8.54;3.08;1.05;203399.72;11186.00;24859.38;28041.6;7.25;0.40;0.89;27/08/2024 16:12:25;
*
