pvpcdata;
2024;10;09;11;29;45;
24/09/2024;1;2.0TD;3;0.000089109498000000;0.164;0.911438526;125.436545;0.557;2.195;122.684545;95.52;-1.28177;1.30468;0.75;0.25;95.81208;90.68500;101.96000;73.51000;91.63000;1707.7;275.0;234.0;48.0;8.25;0.000;0.17498;0.04096;0.00;0.000;1.581;0.947;0.000;0.557;105.399;95.52;95.52;17893.6;1526.20;4.12;3.08;1.05;19536.64;49674.24;24859.38;22854.7;0.85;2.17;1.09;23/09/2024 16:06:03;
24/09/2024;2;2.0TD;3;0.000076568120000000;0.172;0.955328444;126.314898;0.557;2.195;123.562898;94.92;-1.28177;1.30468;0.75;0.25;95.81208;90.68500;101.96000;73.51000;91.63000;1707.7;275.0;234.0;48.0;8.88;0.000;0.17498;0.04096;0.00;0.000;1.581;0.947;0.000;0.557;105.429;95.00;94.00;16872.9;1474.40;4.75;3.08;1.05;47984.44;30604.80;24859.38;21759.7;2.21;1.41;1.14;23/09/2024 16:06:03;
24/09/2024;3;2.0TD;3;0.000069362537000000;0.178;0.987650047;128.813424;0.557;2.195;126.061424;94.38;-1.28177;1.30468;0.75;0.25;95.81208;90.68500;101.96000;73.51000;91.63000;1707.7;275.0;234.0;48.0;10.98;0.000;0.17498;0.04096;0.00;0.000;1.605;0.947;0.000;0.557;107.013;94.50;93.00;16435.9;1389.30;6.85;3.08;1.05;65707.40;52859.52;24859.38;20941.3;3.14;2.52;1.19;23/09/2024 16:06:03;
24/09/2024;4;2.0TD;3;0.000065633871000000;0.180;0.998011221;127.482831;0.557;2.195;124.730831;93.68;-1.28177;1.30468;0.75;0.25;95.81208;90.68500;101.96000;73.51000;91.63000;1707.7;275.0;234.0;48.0;10.39;0.000;0.17498;0.04096;0.00;0.000;1.586;0.947;0.000;0.557;105.704;93.84;91.84;16131.8;1360.30;6.26;3.08;1.05;77667.96;50561.28;0.00;20492.6;3.79;2.47;0.00;23/09/2024 16:06:03;
24/09/2024;5;2.0TD;3;0.000063844525000000;0.180;1.000048694;127.530031;0.557;2.195;124.778031;93.68;-1.28177;1.30468;0.75;0.25;95.81208;90.68500;101.96000;73.51000;91.63000;1707.7;275.0;234.0;48.0;10.43;0.000;0.17498;0.04096;0.00;0.000;1.586;0.947;0.000;0.557;105.744;93.84;91.84;16246.5;1370.30;6.30;3.08;1.05;77470.28;50561.28;0.00;20332.9;3.81;2.49;0.00;23/09/2024 16:06:03;
24/09/2024;6;2.0TD;3;0.000064356658000000;0.175;0.969570198;127.406685;0.557;2.195;124.654685;93.71;-1.28177;1.30468;0.75;0.25;95.81208;90.68500;101.96000;73.51000;91.63000;1707.7;275.0;234.0;48.0;10.74;0.000;0.17498;0.04096;0.00;0.000;1.591;0.947;0.000;0.557;106.089;93.84;92.08;16444.8;1315.00;6.61;3.08;1.05;77479.84;59518.24;0.00;20738.5;3.74;2.87;0.00;23/09/2024 16:06:03;
24/09/2024;7;2.0TD;3;0.000070413507000000;0.160;0.891392906;138.958149;0.557;2.195;136.206149;107.49;-1.28177;1.30468;0.75;0.25;95.81208;90.68500;101.96000;73.51000;91.63000;1707.7;275.0;234.0;48.0;8.12;0.000;0.17498;0.04096;0.00;0.000;1.761;0.947;0.000;0.557;117.419;107.74;104.75;17388.1;1607.40;3.99;3.08;1.05;43596.52;22372.00;24859.38;22761.3;1.92;0.98;1.09;23/09/2024 16:06:03;
24/09/2024;8;2.0TD;3;0.000084254958000000;0.147;0.819159066;150.067053;0.557;2.195;147.315053;119.86;-1.28177;1.30468;0.75;0.25;95.81208;90.68500;101.96000;73.51000;91.63000;1707.7;275.0;234.0;48.0;6.60;0.000;0.17498;0.04096;0.00;0.000;1.927;0.947;0.000;0.557;128.435;120.10;117.10;18115.6;1608.20;2.47;3.08;1.05;20908.24;17556.00;24859.38;25688.9;0.81;0.68;0.97;23/09/2024 16:06:03;
24/09/2024;9;2.0TD;2;0.000088279416000000;0.147;0.904435330;202.996455;19.184;8.779;175.033455;127.48;-1.28177;1.30468;0.75;0.25;95.81208;90.68500;101.96000;73.51000;91.63000;1707.7;275.0;234.0;48.0;22.63;0.154;0.17498;0.04096;0.00;0.000;2.289;0.947;0.000;0.557;152.601;127.67;125.16;18725.3;1533.00;18.50;3.08;1.05;16134.16;450123.36;24859.38;26549.4;0.61;16.95;0.94;23/09/2024 16:06:03;
24/09/2024;10;2.0TD;2;0.000090958335000000;0.138;0.844420799;177.476961;19.184;8.779;149.513961;117.49;-1.28177;1.30468;0.75;0.25;95.81208;90.68500;101.96000;73.51000;91.63000;1707.7;275.0;234.0;48.0;11.72;0.154;0.17498;0.04096;0.00;0.000;1.971;0.947;0.000;0.557;131.383;117.90;113.08;21026.1;1942.90;7.59;3.08;1.05;33857.44;145555.20;24859.38;26893.6;1.26;5.41;0.92;23/09/2024 16:06:03;
24/09/2024;11;2.0TD;1;0.000093976004000000;0.141;0.846374296;202.430480;33.081;43.893;125.456480;93.95;-1.28177;1.30468;0.75;0.25;95.81208;90.68500;101.96000;73.51000;91.63000;1707.7;275.0;234.0;48.0;13.38;0.926;0.17498;0.04096;0.00;0.000;1.649;0.947;0.000;0.557;109.953;94.08;92.08;23362.8;1605.60;9.25;3.08;1.05;54964.88;173740.00;24859.38;27410.1;2.01;6.34;0.91;23/09/2024 16:06:03;
24/09/2024;12;2.0TD;1;0.000094991911000000;0.143;0.854360295;181.995233;33.081;43.893;105.021233;79.44;-1.28177;1.30468;0.75;0.25;95.81208;90.68500;101.96000;73.51000;91.63000;1707.7;275.0;234.0;48.0;10.09;0.926;0.17498;0.04096;0.00;0.000;1.378;0.947;0.000;0.557;91.882;79.49;78.49;24230.8;1248.20;5.96;3.08;1.05;67399.52;72862.40;24859.38;27697.8;2.43;2.63;0.90;23/09/2024 16:06:03;
24/09/2024;13;2.0TD;1;0.000098383580000000;0.140;0.841084765;165.065327;33.081;43.893;88.091327;64.89;-1.28177;1.30468;0.75;0.25;95.81208;90.68500;101.96000;73.51000;91.63000;1707.7;275.0;234.0;48.0;10.25;0.926;0.17498;0.04096;0.00;0.000;1.159;0.947;0.000;0.557;77.273;64.96;63.25;25246.8;1053.60;6.12;3.08;1.05;82425.36;65070.56;24859.38;28165.9;2.93;2.31;0.88;23/09/2024 16:06:03;
24/09/2024;14;2.0TD;1;0.000105138834000000;0.135;0.809957939;158.895001;33.081;43.893;81.921001;59.90;-1.28177;1.30468;0.75;0.25;95.81208;90.68500;101.96000;73.51000;91.63000;1707.7;275.0;234.0;48.0;10.22;0.926;0.17498;0.04096;0.00;0.000;1.083;0.947;0.000;0.557;72.177;59.77;62.77;25845.1;1130.90;6.09;3.08;1.05;87139.36;59904.00;24859.38;28227.5;3.09;2.12;0.88;23/09/2024 16:06:03;
24/09/2024;15;2.0TD;2;0.000106080480000000;0.134;0.823884698;106.793116;19.184;8.779;78.830116;57.49;-1.28177;1.30468;0.75;0.25;95.81208;90.68500;101.96000;73.51000;91.63000;1707.7;275.0;234.0;48.0;10.78;0.154;0.17498;0.04096;0.00;0.000;1.043;0.947;0.000;0.557;69.515;57.31;62.31;25937.9;955.50;6.65;3.08;1.05;89131.12;71008.40;24859.38;27809.0;3.21;2.55;0.89;23/09/2024 16:06:03;
24/09/2024;16;2.0TD;2;0.000100389783000000;0.141;0.862982472;109.769384;19.184;8.779;81.806384;59.68;-1.28177;1.30468;0.75;0.25;95.81208;90.68500;101.96000;73.51000;91.63000;1707.7;275.0;234.0;48.0;10.74;0.154;0.17498;0.04096;0.00;0.000;1.075;0.947;0.000;0.557;71.697;59.55;63.25;24980.6;877.00;6.61;3.08;1.05;87069.00;68437.44;24859.38;27262.4;3.19;2.51;0.91;23/09/2024 16:06:03;
24/09/2024;17;2.0TD;2;0.000098944456000000;0.146;0.893312994;111.454937;19.184;8.779;83.491937;60.39;-1.28177;1.30468;0.75;0.25;95.81208;90.68500;101.96000;73.51000;91.63000;1707.7;275.0;234.0;48.0;11.17;0.154;0.17498;0.04096;0.00;0.000;1.093;0.947;0.000;0.557;72.855;60.20;65.90;24098.9;830.30;7.04;3.08;1.05;85857.08;79326.72;24859.38;27003.3;3.18;2.94;0.92;23/09/2024 16:06:03;
24/09/2024;18;2.0TD;2;0.000102528720000000;0.149;0.913922673;139.611438;19.184;8.779;111.648438;82.39;-1.28177;1.30468;0.75;0.25;95.81208;90.68500;101.96000;73.51000;91.63000;1707.7;275.0;234.0;48.0;13.12;0.154;0.17498;0.04096;0.00;0.000;1.458;0.947;0.000;0.557;97.170;82.44;81.44;22652.1;1196.40;8.99;3.08;1.05;64672.48;154120.08;24859.38;27118.7;2.38;5.68;0.92;23/09/2024 16:06:03;
24/09/2024;19;2.0TD;1;0.000105870352000000;0.149;0.894512862;191.365101;33.081;43.893;114.391101;83.65;-1.28177;1.30468;0.75;0.25;95.81208;90.68500;101.96000;73.51000;91.63000;1707.7;275.0;234.0;48.0;13.44;0.926;0.17498;0.04096;0.00;0.000;1.493;0.947;0.000;0.557;99.557;83.65;83.65;21387.3;794.80;9.31;3.08;1.05;61943.64;167370.00;24859.38;27308.9;2.27;6.13;0.91;23/09/2024 16:06:03;
24/09/2024;20;2.0TD;1;0.000110658341000000;0.150;0.896221589;235.410758;33.081;43.893;158.436758;124.22;-1.28177;1.30468;0.75;0.25;95.81208;90.68500;101.96000;73.51000;91.63000;1707.7;275.0;234.0;48.0;10.51;0.926;0.17498;0.04096;0.00;0.000;2.067;0.947;0.000;0.557;137.771;124.76;119.13;19100.6;2026.40;6.38;3.08;1.05;23540.80;126584.64;24859.38;27461.2;0.86;4.61;0.91;23/09/2024 16:06:03;
24/09/2024;21;2.0TD;1;0.000131443151000000;0.144;0.862295961;249.531635;33.081;43.893;172.557635;140.32;-1.28177;1.30468;0.75;0.25;95.81208;90.68500;101.96000;73.51000;91.63000;1707.7;275.0;234.0;48.0;7.28;0.926;0.17498;0.04096;0.00;0.000;2.263;0.947;0.000;0.557;150.837;140.00;145.00;19987.1;1388.30;3.15;3.08;1.05;2730.64;61133.16;24859.38;28155.0;0.10;2.17;0.88;23/09/2024 16:06:03;
24/09/2024;22;2.0TD;1;0.000141714175000000;0.142;0.852406109;248.510501;33.081;43.893;171.536501;138.71;-1.28177;1.30468;0.75;0.25;95.81208;90.68500;101.96000;73.51000;91.63000;1707.7;275.0;234.0;48.0;8.27;0.926;0.17498;0.04096;0.00;0.000;2.253;0.947;0.000;0.557;150.207;138.44;143.02;20082.3;1245.80;4.14;3.08;1.05;4258.40;86449.00;24859.38;27935.5;0.15;3.09;0.89;23/09/2024 16:06:03;
24/09/2024;23;2.0TD;2;0.000125174032000000;0.151;0.925854975;171.390369;19.184;8.779;143.427369;112.55;-1.28177;1.30468;0.75;0.25;95.81208;90.68500;101.96000;73.51000;91.63000;1707.7;275.0;234.0;48.0;9.99;0.154;0.17498;0.04096;0.00;0.000;1.869;0.947;0.000;0.557;124.611;112.55;112.55;19281.4;1439.60;5.86;3.08;1.05;25133.64;99398.88;24859.38;25495.3;0.99;3.90;0.98;23/09/2024 16:06:03;
24/09/2024;24;2.0TD;2;0.000105408777000000;0.154;0.944057708;161.419746;19.184;8.779;133.456746;102.34;-1.28177;1.30468;0.75;0.25;95.81208;90.68500;101.96000;73.51000;91.63000;1707.7;275.0;234.0;48.0;11.37;0.154;0.17498;0.04096;0.00;0.000;1.735;0.947;0.000;0.557;115.647;102.34;102.34;17772.9;1258.90;7.24;3.08;1.05;33326.08;111580.00;24859.38;23447.3;1.42;4.76;1.06;23/09/2024 16:06:03;
*
