pvpcdata;
2024;06;11;12;31;03;
13/05/2024;1;2.0TD;3;0.000084783853000000;0.188;1.045738066;91.768856;0.557;2.195;89.016856;34.10;13.02053;1.12327;0.75;0.25;23.33667;75.41880;101.96000;48.69000;28.32000;1744.9;275.0;154.0;61.0;23.36;0.000;0.17498;0.04096;0.00;0.000;1.124;0.947;0.000;0.557;74.930;35.00;26.76;15443.0;1882.50;18.95;3.16;1.25;333114.96;49410.16;24859.38;21506.4;15.49;2.30;1.16;12/05/2024 16:08:23;
13/05/2024;2;2.0TD;3;0.000071281219000000;0.192;1.068210600;92.686032;0.557;2.195;89.934032;34.20;13.02053;1.12327;0.75;0.25;23.33667;75.41880;101.96000;48.69000;28.32000;1744.9;275.0;154.0;61.0;23.77;0.000;0.17498;0.04096;0.00;0.000;1.132;0.947;0.000;0.557;75.448;35.00;27.50;15570.2;1866.60;19.36;3.16;1.25;346270.92;49410.16;0.00;20434.2;16.95;2.42;0.00;12/05/2024 16:08:23;
13/05/2024;3;2.0TD;3;0.000063628056000000;0.195;1.082745163;95.908241;0.557;2.195;93.156241;33.85;13.02053;1.12327;0.75;0.25;23.33667;75.41880;101.96000;48.69000;28.32000;1744.9;275.0;154.0;61.0;26.59;0.000;0.17498;0.04096;0.00;0.000;1.169;0.947;0.000;0.557;77.955;35.00;25.02;14892.9;1941.80;22.18;3.16;1.25;388618.32;49410.16;0.00;19753.2;19.67;2.50;0.00;12/05/2024 16:08:23;
13/05/2024;4;2.0TD;3;0.000060133628000000;0.195;1.084900465;97.266956;0.557;2.195;94.514956;32.80;13.02053;1.12327;0.75;0.25;23.33667;75.41880;101.96000;48.69000;28.32000;1744.9;275.0;154.0;61.0;28.76;0.000;0.17498;0.04096;0.00;0.000;1.186;0.947;0.000;0.557;79.092;34.04;24.12;14558.4;2083.60;24.35;3.16;1.25;422330.92;50177.20;0.00;19406.4;21.76;2.59;0.00;12/05/2024 16:08:23;
13/05/2024;5;2.0TD;3;0.000059034620000000;0.193;1.072964236;97.012139;0.557;2.195;94.260139;32.92;13.02053;1.12327;0.75;0.25;23.33667;75.41880;101.96000;48.69000;28.32000;1744.9;275.0;154.0;61.0;28.56;0.000;0.17498;0.04096;0.00;0.000;1.185;0.947;0.000;0.557;79.011;34.03;25.00;14650.8;2062.40;24.15;3.16;1.25;420848.60;50432.88;0.00;19517.9;21.56;2.58;0.00;12/05/2024 16:08:23;
13/05/2024;6;2.0TD;3;0.000060744178000000;0.188;1.044611549;95.411264;0.557;2.195;92.659264;33.13;13.02053;1.12327;0.75;0.25;23.33667;75.41880;101.96000;48.69000;28.32000;1744.9;275.0;154.0;61.0;27.35;0.000;0.17498;0.04096;0.00;0.000;1.170;0.947;0.000;0.557;77.996;34.00;27.00;14519.6;2064.80;22.94;3.16;1.25;419800.44;47330.40;0.00;20363.3;20.62;2.32;0.00;12/05/2024 16:08:23;
13/05/2024;7;2.0TD;3;0.000067467290000000;0.174;0.965809676;91.732998;0.557;2.195;88.980998;34.05;13.02053;1.12327;0.75;0.25;23.33667;75.41880;101.96000;48.69000;28.32000;1744.9;275.0;154.0;61.0;24.26;0.000;0.17498;0.04096;0.00;0.000;1.137;0.947;0.000;0.557;75.793;35.00;26.00;16027.0;1880.90;19.85;3.16;1.25;410946.40;19176.00;24859.38;22918.7;17.93;0.84;1.08;12/05/2024 16:08:23;
13/05/2024;8;2.0TD;3;0.000080660433000000;0.164;0.909721226;98.207000;0.557;2.195;95.455000;49.39;13.02053;1.12327;0.75;0.25;23.33667;75.41880;101.96000;48.69000;28.32000;1744.9;275.0;154.0;61.0;15.04;0.000;0.17498;0.04096;0.00;0.000;1.230;0.947;0.000;0.557;82.006;49.35;50.00;17667.6;1100.60;10.63;3.16;1.25;218164.04;23546.80;24859.38;25071.2;8.70;0.94;0.99;12/05/2024 16:08:23;
13/05/2024;9;2.0TD;2;0.000094391351000000;0.179;1.097100627;121.625134;19.184;8.779;93.662134;50.26;13.02053;1.12327;0.75;0.25;23.33667;75.41880;101.96000;48.69000;28.32000;1744.9;275.0;154.0;61.0;11.49;0.154;0.17498;0.04096;0.00;0.000;1.192;0.947;0.000;0.557;79.442;50.00;55.00;21371.6;1165.90;7.08;3.16;1.25;123021.36;42074.80;24859.38;26849.4;4.58;1.57;0.93;12/05/2024 16:08:23;
13/05/2024;10;2.0TD;2;0.000101141848000000;0.147;0.901129802;106.727506;19.184;8.779;78.764506;38.44;13.02053;1.12327;0.75;0.25;23.33667;75.41880;101.96000;48.69000;28.32000;1744.9;275.0;154.0;61.0;12.70;0.154;0.17498;0.04096;0.00;0.000;1.030;0.947;0.000;0.557;68.670;38.03;47.91;23919.6;1032.90;8.29;3.16;1.25;146634.00;52831.80;24859.38;27072.6;5.42;1.95;0.92;12/05/2024 16:08:23;
13/05/2024;11;2.0TD;1;0.000106509124000000;0.145;0.871033070;129.436771;33.081;43.893;52.462771;11.67;13.02053;1.12327;0.75;0.25;23.33667;75.41880;101.96000;48.69000;28.32000;1744.9;275.0;154.0;61.0;16.19;0.926;0.17498;0.04096;0.00;0.000;0.687;0.947;0.000;0.557;45.819;11.70;11.20;24407.7;1452.10;11.78;3.16;1.25;266742.88;32292.00;24859.38;27478.0;9.71;1.18;0.90;12/05/2024 16:08:23;
13/05/2024;12;2.0TD;1;0.000108776378000000;0.145;0.866367581;116.790246;33.081;43.893;39.816246;1.52;13.02053;1.12327;0.75;0.25;23.33667;75.41880;101.96000;48.69000;28.32000;1744.9;275.0;154.0;61.0;15.46;0.926;0.17498;0.04096;0.00;0.000;0.522;0.947;0.000;0.557;34.774;1.52;1.47;27535.7;1592.10;11.05;3.16;1.25;257956.60;17875.20;24859.38;27212.0;9.48;0.66;0.91;12/05/2024 16:08:23;
13/05/2024;13;2.0TD;1;0.000112847294000000;0.143;0.855639026;113.169397;33.081;43.893;36.195397;-0.06;13.02053;1.12327;0.75;0.25;23.33667;75.41880;101.96000;48.69000;28.32000;1744.9;275.0;154.0;61.0;13.98;0.926;0.17498;0.04096;0.00;0.000;0.475;0.947;0.000;0.557;31.667;0.00;-1.00;28106.1;1694.80;9.57;3.16;1.25;217655.20;15920.00;24859.38;27002.8;8.06;0.59;0.92;12/05/2024 16:08:23;
13/05/2024;14;2.0TD;1;0.000120052512000000;0.140;0.837740526;112.958115;33.081;43.893;35.984115;-0.12;13.02053;1.12327;0.75;0.25;23.33667;75.41880;101.96000;48.69000;28.32000;1744.9;275.0;154.0;61.0;13.94;0.926;0.17498;0.04096;0.00;0.000;0.473;0.947;0.000;0.557;31.565;0.00;-2.00;28208.3;1769.50;9.53;3.16;1.25;217655.52;15910.00;24859.38;27135.9;8.02;0.59;0.92;12/05/2024 16:08:23;
13/05/2024;15;2.0TD;2;0.000119218385000000;0.161;0.985518053;63.842560;19.184;8.779;35.879560;-0.13;13.02053;1.12327;0.75;0.25;23.33667;75.41880;101.96000;48.69000;28.32000;1744.9;275.0;154.0;61.0;14.07;0.154;0.17498;0.04096;0.00;0.000;0.464;0.947;0.000;0.557;30.904;0.00;-2.00;27564.9;1999.70;9.66;3.16;1.25;217656.56;16000.00;24859.38;26755.9;8.13;0.60;0.93;12/05/2024 16:08:23;
13/05/2024;16;2.0TD;2;0.000108750342000000;0.170;1.040890793;64.582846;19.184;8.779;36.619846;-0.07;13.02053;1.12327;0.75;0.25;23.33667;75.41880;101.96000;48.69000;28.32000;1744.9;275.0;154.0;61.0;14.40;0.154;0.17498;0.04096;0.00;0.000;0.469;0.947;0.000;0.557;31.299;0.00;-1.00;26443.5;2028.00;9.99;3.16;1.25;217652.60;15940.00;24859.38;25866.2;8.41;0.62;0.96;12/05/2024 16:08:23;
13/05/2024;17;2.0TD;2;0.000102139079000000;0.176;1.079001900;72.352312;19.184;8.779;44.389312;0.44;13.02053;1.12327;0.75;0.25;23.33667;75.41880;101.96000;48.69000;28.32000;1744.9;275.0;154.0;61.0;20.24;0.154;0.17498;0.04096;0.00;0.000;0.566;0.947;0.000;0.557;37.746;0.44;0.44;27628.2;1987.00;15.83;3.16;1.25;362099.00;16556.80;24859.38;25492.7;14.20;0.65;0.98;12/05/2024 16:08:23;
13/05/2024;18;2.0TD;2;0.000101545037000000;0.176;1.080611788;74.108080;19.184;8.779;46.145080;1.79;13.02053;1.12327;0.75;0.25;23.33667;75.41880;101.96000;48.69000;28.32000;1744.9;275.0;154.0;61.0;20.36;0.154;0.17498;0.04096;0.00;0.000;0.589;0.947;0.000;0.557;39.239;1.70;3.25;27583.7;1646.60;15.95;3.16;1.25;367805.52;17819.20;24859.38;25746.4;14.29;0.69;0.97;12/05/2024 16:08:23;
13/05/2024;19;2.0TD;1;0.000102940709000000;0.154;0.922311831;125.807834;33.081;43.893;48.833834;3.37;13.02053;1.12327;0.75;0.25;23.33667;75.41880;101.96000;48.69000;28.32000;1744.9;275.0;154.0;61.0;21.04;0.926;0.17498;0.04096;0.00;0.000;0.635;0.947;0.000;0.557;42.317;3.25;5.35;27268.9;1612.60;16.63;3.16;1.25;366201.12;45364.40;24859.38;26239.8;13.96;1.73;0.95;12/05/2024 16:08:23;
13/05/2024;20;2.0TD;1;0.000108028654000000;0.158;0.945930887;138.109468;33.081;43.893;61.135468;14.56;13.02053;1.12327;0.75;0.25;23.33667;75.41880;101.96000;48.69000;28.32000;1744.9;275.0;154.0;61.0;20.17;0.926;0.17498;0.04096;0.00;0.000;0.792;0.947;0.000;0.557;52.794;14.30;20.42;22599.9;990.10;15.76;3.16;1.25;335972.04;57322.72;24859.38;26535.4;12.66;2.16;0.94;12/05/2024 16:08:23;
13/05/2024;21;2.0TD;1;0.000120832254000000;0.158;0.943815887;154.615600;33.081;43.893;77.641600;34.97;13.02053;1.12327;0.75;0.25;23.33667;75.41880;101.96000;48.69000;28.32000;1744.9;275.0;154.0;61.0;13.80;0.926;0.17498;0.04096;0.00;0.000;1.006;0.947;0.000;0.557;67.048;35.00;34.50;20279.7;1168.40;9.39;3.16;1.25;182879.24;48327.88;24859.38;27252.2;6.71;1.77;0.91;12/05/2024 16:08:23;
13/05/2024;22;2.0TD;1;0.000138170209000000;0.163;0.974339374;154.123947;33.081;43.893;77.149947;38.64;13.02053;1.12327;0.75;0.25;23.33667;75.41880;101.96000;48.69000;28.32000;1744.9;275.0;154.0;61.0;9.43;0.926;0.17498;0.04096;0.00;0.000;0.995;0.947;0.000;0.557;66.337;38.03;50.00;20309.0;1093.90;5.02;3.16;1.25;91775.12;23448.96;24859.38;27900.2;3.29;0.84;0.89;12/05/2024 16:08:23;
13/05/2024;23;2.0TD;2;0.000129967630000000;0.190;1.167333569;108.085716;19.184;8.779;80.122716;40.25;13.02053;1.12327;0.75;0.25;23.33667;75.41880;101.96000;48.69000;28.32000;1744.9;275.0;154.0;61.0;9.57;0.154;0.17498;0.04096;0.00;0.000;1.010;0.947;0.000;0.557;67.330;39.68;50.10;19701.5;1139.10;5.16;3.16;1.25;82944.16;26796.00;24859.38;26074.8;3.18;1.03;0.95;12/05/2024 16:08:23;
13/05/2024;24;2.0TD;2;0.000106187924000000;0.196;1.202205165;104.446020;19.184;8.779;76.483020;35.57;13.02053;1.12327;0.75;0.25;23.33667;75.41880;101.96000;48.69000;28.32000;1744.9;275.0;154.0;61.0;10.92;0.154;0.17498;0.04096;0.00;0.000;0.959;0.947;0.000;0.557;63.949;35.01;46.15;17857.9;939.70;6.51;3.16;1.25;91089.16;36994.32;24859.38;23492.6;3.88;1.57;1.06;12/05/2024 16:08:23;
*
