pvpcdata;
2024;07;09;11;18;16;
25/06/2024;1;2.0TD;3;0.000097428348000000;0.167;0.929425735;113.191184;0.557;2.195;110.439184;79.31;1.93437;1.06739;0.75;0.25;70.06833;77.80580;101.96000;48.69000;52.19000;1840.0;275.0;154.0;62.0;10.12;0.000;0.17498;0.04096;0.00;0.000;1.420;0.947;0.000;0.557;94.635;79.51;76.00;17068.7;1022.70;5.78;3.20;1.14;92933.04;22769.76;24859.38;24305.6;3.82;0.94;1.02;24/06/2024 16:04:20;
25/06/2024;2;2.0TD;3;0.000082167366000000;0.169;0.939567350;130.458375;0.557;2.195;127.706375;93.70;1.93437;1.06739;0.75;0.25;70.06833;77.80580;101.96000;48.69000;52.19000;1840.0;275.0;154.0;62.0;10.12;0.000;0.17498;0.04096;0.00;0.000;1.639;0.947;0.000;0.557;109.244;94.85;80.00;16343.5;1366.90;5.78;3.20;1.14;70873.80;35923.04;24859.38;22766.7;3.11;1.58;1.09;24/06/2024 16:04:20;
25/06/2024;3;2.0TD;3;0.000072876743000000;0.171;0.947557935;127.597134;0.557;2.195;124.845134;90.44;1.93437;1.06739;0.75;0.25;70.06833;77.80580;101.96000;48.69000;52.19000;1840.0;275.0;154.0;62.0;10.79;0.000;0.17498;0.04096;0.00;0.000;1.599;0.947;0.000;0.557;106.614;91.15;80.00;16845.5;1140.60;6.45;3.20;1.14;75882.92;40077.84;24859.38;21853.8;3.47;1.83;1.14;24/06/2024 16:04:20;
25/06/2024;4;2.0TD;3;0.000068055488000000;0.170;0.943768276;116.087699;0.557;2.195;113.335699;81.35;1.93437;1.06739;0.75;0.25;70.06833;77.80580;101.96000;48.69000;52.19000;1840.0;275.0;154.0;62.0;10.28;0.000;0.17498;0.04096;0.00;0.000;1.453;0.947;0.000;0.557;96.868;82.00;72.00;16401.1;1134.40;5.94;3.20;1.14;88188.00;39119.04;0.00;21424.6;4.12;1.83;0.00;24/06/2024 16:04:20;
25/06/2024;5;2.0TD;3;0.000066016561000000;0.170;0.943326651;124.235579;0.557;2.195;121.483579;88.77;1.93437;1.06739;0.75;0.25;70.06833;77.80580;101.96000;48.69000;52.19000;1840.0;275.0;154.0;62.0;9.72;0.000;0.17498;0.04096;0.00;0.000;1.557;0.947;0.000;0.557;103.832;89.85;74.84;15377.5;1188.00;5.38;3.20;1.14;77582.92;37102.32;0.00;21311.4;3.64;1.74;0.00;24/06/2024 16:04:20;
25/06/2024;6;2.0TD;3;0.000066134802000000;0.167;0.925210812;105.560171;0.557;2.195;102.808171;72.15;1.93437;1.06739;0.75;0.25;70.06833;77.80580;101.96000;48.69000;52.19000;1840.0;275.0;154.0;62.0;10.84;0.000;0.17498;0.04096;0.00;0.000;1.321;0.947;0.000;0.557;88.096;73.00;58.97;16120.8;1035.10;6.50;3.20;1.14;100964.72;43411.20;0.00;22196.9;4.55;1.96;0.00;24/06/2024 16:04:20;
25/06/2024;7;2.0TD;3;0.000068725781000000;0.162;0.900973050;114.639956;0.557;2.195;111.887956;81.21;1.93437;1.06739;0.75;0.25;70.06833;77.80580;101.96000;48.69000;52.19000;1840.0;275.0;154.0;62.0;9.85;0.000;0.17498;0.04096;0.00;0.000;1.444;0.947;0.000;0.557;96.289;82.00;67.77;16529.4;973.90;5.51;3.20;1.14;88958.68;18792.48;24859.38;24067.6;3.70;0.78;1.03;24/06/2024 16:04:20;
25/06/2024;8;2.0TD;3;0.000076909780000000;0.160;0.887163954;135.210218;0.557;2.195;132.458218;98.08;1.93437;1.06739;0.75;0.25;70.06833;77.80580;101.96000;48.69000;52.19000;1840.0;275.0;154.0;62.0;10.61;0.000;0.17498;0.04096;0.00;0.000;1.713;0.947;0.000;0.557;114.188;98.20;96.19;17452.9;1064.70;6.27;3.20;1.14;14483.72;124304.48;24859.38;26101.5;0.55;4.76;0.95;24/06/2024 16:04:20;
25/06/2024;9;2.0TD;2;0.000088724874000000;0.149;0.913426128;134.253680;19.184;8.779;106.290680;74.59;1.93437;1.06739;0.75;0.25;70.06833;77.80580;101.96000;48.69000;52.19000;1840.0;275.0;154.0;62.0;12.59;0.154;0.17498;0.04096;0.00;0.000;1.388;0.947;0.000;0.557;92.507;74.77;71.00;19919.5;1009.20;8.25;3.20;1.14;25815.72;181616.80;24859.38;28129.0;0.92;6.46;0.88;24/06/2024 16:04:20;
25/06/2024;10;2.0TD;2;0.000097025299000000;0.145;0.890010118;124.780901;19.184;8.779;96.817901;64.72;1.93437;1.06739;0.75;0.25;70.06833;77.80580;101.96000;48.69000;52.19000;1840.0;275.0;154.0;62.0;14.63;0.154;0.17498;0.04096;0.00;0.000;1.268;0.947;0.000;0.557;84.557;64.90;59.88;24216.8;879.10;10.29;3.20;1.14;92242.60;181260.00;24859.38;29008.1;3.18;6.25;0.86;24/06/2024 16:04:20;
25/06/2024;11;2.0TD;1;0.000103384058000000;0.145;0.868967323;137.212586;33.081;43.893;60.238586;36.04;1.93437;1.06739;0.75;0.25;70.06833;77.80580;101.96000;48.69000;52.19000;1840.0;275.0;154.0;62.0;11.07;0.926;0.17498;0.04096;0.00;0.000;0.789;0.947;0.000;0.557;52.610;35.69;42.38;25484.3;1390.00;6.73;3.20;1.14;127327.16;45269.60;24859.38;29363.5;4.34;1.54;0.85;24/06/2024 16:04:20;
25/06/2024;12;2.0TD;1;0.000107137989000000;0.147;0.883202996;137.050556;33.081;43.893;60.076556;35.67;1.93437;1.06739;0.75;0.25;70.06833;77.80580;101.96000;48.69000;52.19000;1840.0;275.0;154.0;62.0;11.21;0.926;0.17498;0.04096;0.00;0.000;0.786;0.947;0.000;0.557;52.377;35.02;44.99;26183.4;1821.00;6.87;3.20;1.14;127970.28;50508.00;24859.38;29622.4;4.32;1.71;0.84;24/06/2024 16:04:20;
25/06/2024;13;2.0TD;1;0.000113421623000000;0.147;0.882742918;136.282066;33.081;43.893;59.308066;35.45;1.93437;1.06739;0.75;0.25;70.06833;77.80580;101.96000;48.69000;52.19000;1840.0;275.0;154.0;62.0;10.77;0.926;0.17498;0.04096;0.00;0.000;0.776;0.947;0.000;0.557;51.707;35.01;40.61;26162.6;2218.90;6.43;3.20;1.14;128514.04;39509.44;24859.38;30025.4;4.28;1.32;0.83;24/06/2024 16:04:20;
25/06/2024;14;2.0TD;1;0.000123773483000000;0.143;0.856936271;136.132387;33.081;43.893;59.158387;35.34;1.93437;1.06739;0.75;0.25;70.06833;77.80580;101.96000;48.69000;52.19000;1840.0;275.0;154.0;62.0;10.93;0.926;0.17498;0.04096;0.00;0.000;0.776;0.947;0.000;0.557;51.757;35.01;39.56;26362.0;2041.70;6.59;3.20;1.14;132086.88;43687.68;24859.38;30482.8;4.33;1.43;0.82;24/06/2024 16:04:20;
25/06/2024;15;2.0TD;2;0.000125790219000000;0.145;0.888221186;85.828001;19.184;8.779;57.865001;35.32;1.93437;1.06739;0.75;0.25;70.06833;77.80580;101.96000;48.69000;52.19000;1840.0;275.0;154.0;62.0;10.52;0.154;0.17498;0.04096;0.00;0.000;0.758;0.947;0.000;0.557;50.537;35.00;39.25;25966.0;2147.00;6.18;3.20;1.14;122169.20;39638.56;24859.38;30172.2;4.05;1.31;0.82;24/06/2024 16:04:20;
25/06/2024;16;2.0TD;2;0.000117237153000000;0.147;0.904734716;85.626268;19.184;8.779;57.663268;34.62;1.93437;1.06739;0.75;0.25;70.06833;77.80580;101.96000;48.69000;52.19000;1840.0;275.0;154.0;62.0;10.96;0.154;0.17498;0.04096;0.00;0.000;0.754;0.947;0.000;0.557;50.273;35.00;30.10;25162.5;2117.50;6.62;3.20;1.14;130733.04;40626.72;24859.38;29622.1;4.41;1.37;0.84;24/06/2024 16:04:20;
25/06/2024;17;2.0TD;2;0.000112753104000000;0.147;0.903002071;86.254824;19.184;8.779;58.291824;34.89;1.93437;1.06739;0.75;0.25;70.06833;77.80580;101.96000;48.69000;52.19000;1840.0;275.0;154.0;62.0;11.23;0.154;0.17498;0.04096;0.00;0.000;0.762;0.947;0.000;0.557;50.821;35.00;33.55;24907.7;2029.90;6.89;3.20;1.14;129676.52;47760.00;24859.38;29369.1;4.42;1.63;0.85;24/06/2024 16:04:20;
25/06/2024;18;2.0TD;2;0.000112693675000000;0.149;0.914561391;86.636822;19.184;8.779;58.673822;35.71;1.93437;1.06739;0.75;0.25;70.06833;77.80580;101.96000;48.69000;52.19000;1840.0;275.0;154.0;62.0;10.65;0.154;0.17498;0.04096;0.00;0.000;0.766;0.947;0.000;0.557;51.065;35.02;56.12;25240.7;849.10;6.31;3.20;1.14;112038.72;47170.08;24859.38;29174.6;3.84;1.62;0.85;24/06/2024 16:04:20;
25/06/2024;19;2.0TD;1;0.000112593144000000;0.149;0.890132466;154.396055;33.081;43.893;77.422055;49.04;1.93437;1.06739;0.75;0.25;70.06833;77.80580;101.96000;48.69000;52.19000;1840.0;275.0;154.0;62.0;12.62;0.926;0.17498;0.04096;0.00;0.000;1.011;0.947;0.000;0.557;67.382;48.99;50.14;23968.6;1011.30;8.28;3.20;1.14;103256.56;115678.08;24859.38;29440.6;3.51;3.93;0.84;24/06/2024 16:04:20;
25/06/2024;20;2.0TD;1;0.000113371813000000;0.152;0.910098930;193.017401;33.081;43.893;116.043401;76.88;1.93437;1.06739;0.75;0.25;70.06833;77.80580;101.96000;48.69000;52.19000;1840.0;275.0;154.0;62.0;17.63;0.926;0.17498;0.04096;0.00;0.000;1.511;0.947;0.000;0.557;100.732;77.00;74.01;22312.7;957.70;13.29;3.20;1.14;82150.40;285006.80;24859.38;29481.9;2.79;9.67;0.84;24/06/2024 16:04:20;
25/06/2024;21;2.0TD;1;0.000118421903000000;0.152;0.908457325;217.296953;33.081;43.893;140.322953;104.88;1.93437;1.06739;0.75;0.25;70.06833;77.80580;101.96000;48.69000;52.19000;1840.0;275.0;154.0;62.0;10.39;0.926;0.17498;0.04096;0.00;0.000;1.827;0.947;0.000;0.557;121.808;105.00;102.80;20314.8;1194.20;6.05;3.20;1.14;9386.72;143089.12;24859.38;29349.7;0.32;4.88;0.85;24/06/2024 16:04:20;
25/06/2024;22;2.0TD;1;0.000127800118000000;0.149;0.892381660;226.100549;33.081;43.893;149.126549;117.35;1.93437;1.06739;0.75;0.25;70.06833;77.80580;101.96000;48.69000;52.19000;1840.0;275.0;154.0;62.0;5.78;0.926;0.17498;0.04096;0.00;0.000;1.947;0.947;0.000;0.557;129.788;117.41;116.41;18705.9;1281.90;1.44;3.20;1.14;2742.68;14382.00;24859.38;29077.4;0.09;0.49;0.85;24/06/2024 16:04:20;
25/06/2024;23;2.0TD;2;0.000132768607000000;0.153;0.938562577;176.202041;19.184;8.779;148.239041;116.81;1.93437;1.06739;0.75;0.25;70.06833;77.80580;101.96000;48.69000;52.19000;1840.0;275.0;154.0;62.0;5.89;0.154;0.17498;0.04096;0.00;0.000;1.929;0.947;0.000;0.557;128.568;116.81;116.81;18538.6;1269.20;1.55;3.20;1.14;2851.28;15576.96;24859.38;27849.9;0.10;0.56;0.89;24/06/2024 16:04:20;
25/06/2024;24;2.0TD;2;0.000116537090000000;0.155;0.948714657;163.009203;19.184;8.779;135.046203;105.39;1.93437;1.06739;0.75;0.25;70.06833;77.80580;101.96000;48.69000;52.19000;1840.0;275.0;154.0;62.0;5.84;0.154;0.17498;0.04096;0.00;0.000;1.754;0.947;0.000;0.557;116.923;105.45;104.45;18410.5;1191.00;1.50;3.20;1.14;6171.52;7586.64;24859.38;25743.2;0.24;0.29;0.97;24/06/2024 16:04:20;
*
