pvpcdata;
2024;05;13;12;31;26;
19/04/2024;1;2.0TD;3;0.000093865041000000;0.191;1.059751628;60.369689;0.557;2.195;57.617689;13.14;15.04999;1.08114;0.75;0.25;15.18083;75.38080;101.96000;48.69000;27.94000;1772.2;275.0;154.0;50.0;16.52;0.000;0.17498;0.04096;0.00;0.000;0.726;0.947;0.000;0.557;48.377;13.07;14.07;20150.2;1494.60;11.75;3.35;1.42;241586.88;8804.40;24859.38;23430.4;10.31;0.38;1.06;18/04/2024 16:14:22;
19/04/2024;2;2.0TD;3;0.000078203269000000;0.197;1.094206180;60.926885;0.557;2.195;58.174885;12.42;15.04999;1.08114;0.75;0.25;15.18083;75.38080;101.96000;48.69000;27.94000;1772.2;275.0;154.0;50.0;17.46;0.000;0.17498;0.04096;0.00;0.000;0.729;0.947;0.000;0.557;48.600;12.17;15.81;18990.2;1398.60;12.69;3.35;1.42;243078.52;12768.00;24859.38;22110.6;10.99;0.58;1.12;18/04/2024 16:14:22;
19/04/2024;3;2.0TD;3;0.000068920727000000;0.201;1.118919587;62.437583;0.557;2.195;59.685583;12.82;15.04999;1.08114;0.75;0.25;15.18083;75.38080;101.96000;48.69000;27.94000;1772.2;275.0;154.0;50.0;18.14;0.000;0.17498;0.04096;0.00;0.000;0.745;0.947;0.000;0.557;49.696;12.59;15.99;18497.8;1354.70;13.37;3.35;1.42;252943.76;6886.08;24859.38;21302.0;11.87;0.32;1.17;18/04/2024 16:14:22;
19/04/2024;4;2.0TD;3;0.000064380418000000;0.202;1.124598611;64.476590;0.557;2.195;61.724590;14.11;15.04999;1.08114;0.75;0.25;15.18083;75.38080;101.96000;48.69000;27.94000;1772.2;275.0;154.0;50.0;18.48;0.000;0.17498;0.04096;0.00;0.000;0.770;0.947;0.000;0.557;51.351;13.75;18.74;18041.3;1386.30;13.71;3.35;1.42;279360.24;6886.08;0.00;20882.5;13.38;0.33;0.00;18/04/2024 16:14:22;
19/04/2024;5;2.0TD;3;0.000062911864000000;0.202;1.119558213;59.303182;0.557;2.195;56.551182;9.25;15.04999;1.08114;0.75;0.25;15.18083;75.38080;101.96000;48.69000;27.94000;1772.2;275.0;154.0;50.0;19.10;0.000;0.17498;0.04096;0.00;0.000;0.706;0.947;0.000;0.557;47.047;9.02;12.01;17157.8;1443.80;14.33;3.35;1.42;287268.68;11795.60;0.00;20862.9;13.77;0.57;0.00;18/04/2024 16:14:22;
19/04/2024;6;2.0TD;3;0.000064601411000000;0.198;1.100249990;68.151506;0.557;2.195;65.399506;17.78;15.04999;1.08114;0.75;0.25;15.18083;75.38080;101.96000;48.69000;27.94000;1772.2;275.0;154.0;50.0;18.00;0.000;0.17498;0.04096;0.00;0.000;0.819;0.947;0.000;0.557;54.590;17.59;20.01;17334.1;1474.60;13.23;3.35;1.42;271727.52;10469.76;0.00;21329.5;12.74;0.49;0.00;18/04/2024 16:14:22;
19/04/2024;7;2.0TD;3;0.000072723274000000;0.189;1.052332340;75.663350;0.557;2.195;72.911350;25.80;15.04999;1.08114;0.75;0.25;15.18083;75.38080;101.96000;48.69000;27.94000;1772.2;275.0;154.0;50.0;16.61;0.000;0.17498;0.04096;0.00;0.000;0.920;0.947;0.000;0.557;61.321;25.73;26.73;18891.9;1442.20;11.84;3.35;1.42;249739.52;6894.72;24859.38;23777.7;10.50;0.29;1.05;18/04/2024 16:14:22;
19/04/2024;8;2.0TD;3;0.000088877987000000;0.178;0.990873116;80.107222;0.557;2.195;77.355222;35.28;15.04999;1.08114;0.75;0.25;15.18083;75.38080;101.96000;48.69000;27.94000;1772.2;275.0;154.0;50.0;11.41;0.000;0.17498;0.04096;0.00;0.000;0.985;0.947;0.000;0.557;65.666;35.00;41.21;21942.1;1034.80;6.64;3.35;1.42;122150.76;29164.56;24859.38;26532.1;4.60;1.10;0.94;18/04/2024 16:14:22;
19/04/2024;9;2.0TD;2;0.000100329389000000;0.191;1.173803679;107.615380;19.184;8.779;79.652380;34.72;15.04999;1.08114;0.75;0.25;15.18083;75.38080;101.96000;48.69000;27.94000;1772.2;275.0;154.0;50.0;13.01;0.154;0.17498;0.04096;0.00;0.000;1.003;0.947;0.000;0.557;66.878;35.00;30.00;22618.0;1327.30;8.24;3.35;1.42;181056.00;24446.16;24859.38;27976.0;6.47;0.87;0.89;18/04/2024 16:14:22;
19/04/2024;10;2.0TD;2;0.000107223208000000;0.155;0.949241497;78.238501;19.184;8.779;50.275501;8.78;15.04999;1.08114;0.75;0.25;15.18083;75.38080;101.96000;48.69000;27.94000;1772.2;275.0;154.0;50.0;15.95;0.154;0.17498;0.04096;0.00;0.000;0.653;0.947;0.000;0.557;43.528;8.60;11.79;24873.9;1515.90;11.18;3.35;1.42;256819.64;28672.00;24859.38;27762.2;9.25;1.03;0.90;18/04/2024 16:14:22;
19/04/2024;11;2.0TD;1;0.000112831937000000;0.157;0.942756529;122.863596;33.081;43.893;45.889596;3.47;15.04999;1.08114;0.75;0.25;15.18083;75.38080;101.96000;48.69000;27.94000;1772.2;275.0;154.0;50.0;16.68;0.926;0.17498;0.04096;0.00;0.000;0.595;0.947;0.000;0.557;39.662;3.35;5.55;25550.2;1510.40;11.91;3.35;1.42;280725.00;20882.40;24859.38;27427.8;10.24;0.76;0.91;18/04/2024 16:14:22;
19/04/2024;12;2.0TD;1;0.000114483157000000;0.153;0.913685142;123.254927;33.081;43.893;46.280927;3.25;15.04999;1.08114;0.75;0.25;15.18083;75.38080;101.96000;48.69000;27.94000;1772.2;275.0;154.0;50.0;17.37;0.926;0.17498;0.04096;0.00;0.000;0.602;0.947;0.000;0.557;40.139;3.25;3.28;26215.0;2064.80;12.60;3.35;1.42;289039.88;22953.60;24859.38;26739.2;10.81;0.86;0.93;18/04/2024 16:14:22;
19/04/2024;13;2.0TD;1;0.000117564411000000;0.152;0.912750615;120.712643;33.081;43.893;43.738643;0.62;15.04999;1.08114;0.75;0.25;15.18083;75.38080;101.96000;48.69000;27.94000;1772.2;275.0;154.0;50.0;17.86;0.926;0.17498;0.04096;0.00;0.000;0.570;0.947;0.000;0.557;37.967;0.60;1.00;26544.9;1696.20;13.09;3.35;1.42;293640.72;27840.00;24859.38;26460.3;11.10;1.05;0.94;18/04/2024 16:14:22;
19/04/2024;14;2.0TD;1;0.000124408616000000;0.148;0.889055910;120.769709;33.081;43.893;43.795709;0.07;15.04999;1.08114;0.75;0.25;15.18083;75.38080;101.96000;48.69000;27.94000;1772.2;275.0;154.0;50.0;18.59;0.926;0.17498;0.04096;0.00;0.000;0.572;0.947;0.000;0.557;38.149;0.04;0.44;25080.0;1771.90;13.82;3.35;1.42;294669.24;44177.28;24859.38;26313.0;11.20;1.68;0.94;18/04/2024 16:14:22;
19/04/2024;15;2.0TD;2;0.000125047855000000;0.167;1.025470966;71.415746;19.184;8.779;43.452746;0.05;15.04999;1.08114;0.75;0.25;15.18083;75.38080;101.96000;48.69000;27.94000;1772.2;275.0;154.0;50.0;18.48;0.154;0.17498;0.04096;0.00;0.000;0.559;0.947;0.000;0.557;37.234;0.02;0.44;25135.3;1697.70;13.71;3.35;1.42;294704.80;35332.00;24859.38;25875.8;11.39;1.37;0.96;18/04/2024 16:14:22;
19/04/2024;16;2.0TD;2;0.000116124850000000;0.173;1.062587522;71.734166;19.184;8.779;43.771166;0.00;15.04999;1.08114;0.75;0.25;15.18083;75.38080;101.96000;48.69000;27.94000;1772.2;275.0;154.0;50.0;18.61;0.154;0.17498;0.04096;0.00;0.000;0.560;0.947;0.000;0.557;37.315;0.00;0.01;24638.1;1761.50;13.84;3.35;1.42;286865.28;35817.60;24859.38;25106.4;11.43;1.43;0.99;18/04/2024 16:14:22;
19/04/2024;17;2.0TD;2;0.000109030525000000;0.179;1.098502254;71.946270;19.184;8.779;43.983270;0.00;15.04999;1.08114;0.75;0.25;15.18083;75.38080;101.96000;48.69000;27.94000;1772.2;275.0;154.0;50.0;18.60;0.154;0.17498;0.04096;0.00;0.000;0.560;0.947;0.000;0.557;37.305;0.00;0.01;24920.2;1936.20;13.83;3.35;1.42;278998.48;35750.40;24859.38;24554.8;11.36;1.46;1.01;18/04/2024 16:14:22;
19/04/2024;18;2.0TD;2;0.000106548885000000;0.186;1.141599169;74.988579;19.184;8.779;47.025579;2.54;15.04999;1.08114;0.75;0.25;15.18083;75.38080;101.96000;48.69000;27.94000;1772.2;275.0;154.0;50.0;18.37;0.154;0.17498;0.04096;0.00;0.000;0.595;0.947;0.000;0.557;39.650;2.50;3.25;24007.2;1387.70;13.60;3.35;1.42;267587.36;44134.32;24859.38;24740.3;10.82;1.78;1.00;18/04/2024 16:14:22;
19/04/2024;19;2.0TD;1;0.000106247511000000;0.170;1.018466289;127.298710;33.081;43.893;50.324710;7.89;15.04999;1.08114;0.75;0.25;15.18083;75.38080;101.96000;48.69000;27.94000;1772.2;275.0;154.0;50.0;15.56;0.926;0.17498;0.04096;0.00;0.000;0.645;0.947;0.000;0.557;43.012;7.62;12.22;23483.6;1460.00;10.79;3.35;1.42;217923.56;28704.00;24859.38;25172.2;8.66;1.14;0.99;18/04/2024 16:14:22;
19/04/2024;20;2.0TD;1;0.000109651676000000;0.176;1.052984027;141.047857;33.081;43.893;64.073857;22.07;15.04999;1.08114;0.75;0.25;15.18083;75.38080;101.96000;48.69000;27.94000;1772.2;275.0;154.0;50.0;12.68;0.926;0.17498;0.04096;0.00;0.000;0.817;0.947;0.000;0.557;54.484;21.96;24.06;21916.2;1249.90;7.91;3.35;1.42;164938.52;16208.72;24859.38;26032.6;6.34;0.62;0.95;18/04/2024 16:14:22;
19/04/2024;21;2.0TD;1;0.000123488091000000;0.181;1.082620308;153.322783;33.081;43.893;76.348783;35.13;15.04999;1.08114;0.75;0.25;15.18083;75.38080;101.96000;48.69000;27.94000;1772.2;275.0;154.0;50.0;9.63;0.926;0.17498;0.04096;0.00;0.000;0.970;0.947;0.000;0.557;64.647;34.96;37.96;19725.1;1163.30;4.86;3.35;1.42;94012.08;12776.00;24859.38;27070.3;3.47;0.47;0.92;18/04/2024 16:14:22;
19/04/2024;22;2.0TD;1;0.000146569450000000;0.180;1.074891599;155.102475;33.081;43.893;78.128475;38.53;15.04999;1.08114;0.75;0.25;15.18083;75.38080;101.96000;48.69000;27.94000;1772.2;275.0;154.0;50.0;7.77;0.926;0.17498;0.04096;0.00;0.000;0.993;0.947;0.000;0.557;66.210;37.52;57.52;21117.1;1126.30;3.00;3.35;1.42;44741.84;14364.00;24859.38;27972.6;1.60;0.51;0.89;18/04/2024 16:14:22;
19/04/2024;23;2.0TD;2;0.000137984984000000;0.210;1.290940499;104.611143;19.184;8.779;76.648143;36.15;15.04999;1.08114;0.75;0.25;15.18083;75.38080;101.96000;48.69000;27.94000;1772.2;275.0;154.0;50.0;8.10;0.154;0.17498;0.04096;0.00;0.000;0.950;0.947;0.000;0.557;63.345;35.00;54.99;19852.1;1217.10;3.33;3.35;1.42;49611.48;12776.00;24859.38;26187.9;1.89;0.49;0.95;18/04/2024 16:14:22;
19/04/2024;24;2.0TD;2;0.000119100024000000;0.219;1.340696150;106.023582;19.184;8.779;78.060582;35.26;15.04999;1.08114;0.75;0.25;15.18083;75.38080;101.96000;48.69000;27.94000;1772.2;275.0;154.0;50.0;9.67;0.154;0.17498;0.04096;0.00;0.000;0.961;0.947;0.000;0.557;64.036;35.00;40.00;19748.1;1071.90;4.90;3.35;1.42;77931.44;14373.00;24859.38;23902.4;3.26;0.60;1.04;18/04/2024 16:14:22;
*
