pvpcdata;
2024;02;09;12;01;30;
04/01/2024;1;2.0TD;3;0.000118331018000000;0.235;1.307601119;133.919970;0.557;2.195;131.167970;90.27;1.73367;0.73914;0.75;0.25;91.35792;98.29260;101.96000;97.42000;81.63000;2781.6;275.0;177.0;62.0;11.73;0.000;0.17498;0.03702;0.00;0.000;0.000;1.593;0.565;0.000;0.557;106.208;90.39;88.30;15140.2;946.20;6.59;3.56;1.58;68008.28;71245.44;24859.38;24895.3;2.73;2.86;1.00;03/01/2024 16:07:49;
04/01/2024;2;2.0TD;3;0.000095516618000000;0.245;1.358564241;132.543104;0.557;2.195;129.791104;87.00;1.73367;0.73914;0.75;0.25;91.35792;98.29260;101.96000;97.42000;81.63000;2781.6;275.0;177.0;62.0;13.07;0.000;0.17498;0.03702;0.00;0.000;0.000;1.564;0.565;0.000;0.557;104.249;87.00;86.99;14316.3;1223.00;7.93;3.56;1.58;77137.32;80821.44;24859.38;23054.5;3.35;3.51;1.08;03/01/2024 16:07:49;
04/01/2024;3;2.0TD;3;0.000083334907000000;0.251;1.394257446;128.697529;0.557;2.195;125.945529;79.77;1.73367;0.73914;0.75;0.25;91.35792;98.29260;101.96000;97.42000;81.63000;2781.6;275.0;177.0;62.0;16.78;0.000;0.17498;0.03702;0.00;0.000;0.000;1.510;0.565;0.000;0.557;100.675;80.21;73.95;13929.1;1044.30;11.64;3.56;1.58;85793.96;146484.80;24859.38;22095.6;3.88;6.63;1.13;03/01/2024 16:07:49;
04/01/2024;4;2.0TD;3;0.000077148566000000;0.255;1.417652186;115.837393;0.557;2.195;113.085393;70.16;1.73367;0.73914;0.75;0.25;91.35792;98.29260;101.96000;97.42000;81.63000;2781.6;275.0;177.0;62.0;15.98;0.000;0.17498;0.03702;0.00;0.000;0.000;1.352;0.565;0.000;0.557;90.107;70.10;71.00;13694.5;1003.90;10.84;3.56;1.58;96635.64;135316.52;0.00;21392.2;4.52;6.33;0.00;03/01/2024 16:07:49;
04/01/2024;5;2.0TD;3;0.000074839780000000;0.256;1.419899936;112.037668;0.557;2.195;109.285668;67.15;1.73367;0.73914;0.75;0.25;91.35792;98.29260;101.96000;97.42000;81.63000;2781.6;275.0;177.0;62.0;15.94;0.000;0.17498;0.03702;0.00;0.000;0.000;1.305;0.565;0.000;0.557;87.010;66.86;71.00;13682.8;1018.50;10.80;3.56;1.58;98708.28;130143.80;0.00;21191.5;4.66;6.14;0.00;03/01/2024 16:07:49;
04/01/2024;6;2.0TD;3;0.000076278236000000;0.250;1.387636540;111.528103;0.557;2.195;108.776103;68.36;1.73367;0.73914;0.75;0.25;91.35792;98.29260;101.96000;97.42000;81.63000;2781.6;275.0;177.0;62.0;14.74;0.000;0.17498;0.03702;0.00;0.000;0.000;1.305;0.565;0.000;0.557;87.020;68.14;71.00;13512.3;1099.70;9.60;3.56;1.58;97826.68;111580.00;0.00;21812.9;4.48;5.12;0.00;03/01/2024 16:07:49;
04/01/2024;7;2.0TD;3;0.000085369322000000;0.228;1.267085837;131.044700;0.557;2.195;128.292700;86.36;1.73367;0.73914;0.75;0.25;91.35792;98.29260;101.96000;97.42000;81.63000;2781.6;275.0;177.0;62.0;13.93;0.000;0.17498;0.03702;0.00;0.000;0.000;1.567;0.565;0.000;0.557;104.472;86.74;80.99;13751.2;961.80;8.79;3.56;1.58;76311.84;110709.44;24859.38;24110.9;3.17;4.59;1.03;03/01/2024 16:07:49;
04/01/2024;8;2.0TD;3;0.000106130103000000;0.215;1.192250931;133.449407;0.557;2.195;130.697407;94.49;1.73367;0.73914;0.75;0.25;91.35792;98.29260;101.96000;97.42000;81.63000;2781.6;275.0;177.0;62.0;8.85;0.000;0.17498;0.03702;0.00;0.000;0.000;1.614;0.565;0.000;0.557;107.569;94.51;94.31;14871.6;1213.90;3.71;3.56;1.58;39077.60;36708.00;24859.38;27164.3;1.44;1.35;0.92;03/01/2024 16:07:49;
04/01/2024;9;2.0TD;2;0.000119373203000000;0.200;1.227011672;158.579259;19.184;8.779;130.616259;96.00;1.73367;0.73914;0.75;0.25;91.35792;98.29260;101.96000;97.42000;81.63000;2781.6;275.0;177.0;62.0;8.42;0.178;0.17498;0.03702;0.00;0.000;0.000;1.633;0.565;0.000;0.557;108.846;96.00;96.01;16174.6;1458.70;3.28;3.56;1.58;33218.88;38815.20;24859.38;29568.0;1.12;1.31;0.84;03/01/2024 16:07:49;
04/01/2024;10;2.0TD;2;0.000127138552000000;0.191;1.171664106;161.795530;19.184;8.779;133.832530;98.13;1.73367;0.73914;0.75;0.25;91.35792;98.29260;101.96000;97.42000;81.63000;2781.6;275.0;177.0;62.0;9.76;0.178;0.17498;0.03702;0.00;0.000;0.000;1.686;0.565;0.000;0.557;112.369;98.13;98.13;17384.5;1544.30;4.62;3.56;1.58;37539.92;80775.00;24859.38;31012.0;1.21;2.60;0.80;03/01/2024 16:07:49;
04/01/2024;11;2.0TD;1;0.000134332030000000;0.185;1.107051247;208.953236;33.081;43.893;131.979236;94.70;1.73367;0.73914;0.75;0.25;91.35792;98.29260;101.96000;97.42000;81.63000;2781.6;275.0;177.0;62.0;11.32;1.068;0.17498;0.03702;0.00;0.000;0.000;1.671;0.565;0.000;0.557;111.374;95.00;91.00;18218.2;1493.50;6.18;3.56;1.58;43827.52;125650.00;24859.38;31446.6;1.39;4.00;0.79;03/01/2024 16:07:49;
04/01/2024;12;2.0TD;1;0.000133440492000000;0.184;1.099905562;203.275877;33.081;43.893;126.301877;90.35;1.73367;0.73914;0.75;0.25;91.35792;98.29260;101.96000;97.42000;81.63000;2781.6;275.0;177.0;62.0;11.04;1.068;0.17498;0.03702;0.00;0.000;0.000;1.600;0.565;0.000;0.557;106.673;90.35;90.35;19176.6;1490.20;5.90;3.56;1.58;51250.44;107059.68;24859.38;31059.0;1.65;3.45;0.80;03/01/2024 16:07:49;
04/01/2024;13;2.0TD;1;0.000132494349000000;0.182;1.088910214;201.946721;33.081;43.893;124.972721;89.00;1.73367;0.73914;0.75;0.25;91.35792;98.29260;101.96000;97.42000;81.63000;2781.6;275.0;177.0;62.0;11.46;1.068;0.17498;0.03702;0.00;0.000;0.000;1.586;0.565;0.000;0.557;105.729;89.00;89.00;18858.0;1428.90;6.32;3.56;1.58;52004.28;117384.96;24859.38;30759.6;1.69;3.82;0.81;03/01/2024 16:07:49;
04/01/2024;14;2.0TD;1;0.000138568899000000;0.180;1.079685482;197.075441;33.081;43.893;120.101441;85.96;1.73367;0.73914;0.75;0.25;91.35792;98.29260;101.96000;97.42000;81.63000;2781.6;275.0;177.0;62.0;10.61;1.068;0.17498;0.03702;0.00;0.000;0.000;1.527;0.565;0.000;0.557;101.780;85.96;85.96;19014.8;1393.00;5.47;3.56;1.58;48540.68;95880.00;24859.38;30946.6;1.57;3.10;0.80;03/01/2024 16:07:49;
04/01/2024;15;2.0TD;2;0.000140224984000000;0.181;1.112484104;154.088937;19.184;8.779;126.125937;92.11;1.73367;0.73914;0.75;0.25;91.35792;98.29260;101.96000;97.42000;81.63000;2781.6;275.0;177.0;62.0;10.29;0.178;0.17498;0.03702;0.00;0.000;0.000;1.602;0.565;0.000;0.557;106.795;92.11;92.11;16931.2;1539.10;5.15;3.56;1.58;45382.80;87890.00;24859.38;30699.2;1.48;2.86;0.81;03/01/2024 16:07:49;
04/01/2024;16;2.0TD;2;0.000135061100000000;0.190;1.167348226;162.323380;19.184;8.779;134.360380;98.13;1.73367;0.73914;0.75;0.25;91.35792;98.29260;101.96000;97.42000;81.63000;2781.6;275.0;177.0;62.0;10.29;0.178;0.17498;0.03702;0.00;0.000;0.000;1.694;0.565;0.000;0.557;112.907;98.62;93.62;16533.8;1804.80;5.15;3.56;1.58;42053.72;89500.00;24859.38;30405.4;1.38;2.94;0.82;03/01/2024 16:07:49;
04/01/2024;17;2.0TD;2;0.000131837063000000;0.199;1.223413762;164.287960;19.184;8.779;136.324960;99.07;1.73367;0.73914;0.75;0.25;91.35792;98.29260;101.96000;97.42000;81.63000;2781.6;275.0;177.0;62.0;10.13;0.178;0.17498;0.03702;0.00;0.000;0.000;1.705;0.565;0.000;0.557;113.698;99.50;94.50;16439.1;1540.10;4.99;3.56;1.58;37096.52;89100.00;24859.38;30240.2;1.23;2.95;0.82;03/01/2024 16:07:49;
04/01/2024;18;2.0TD;2;0.000137052133000000;0.206;1.261220406;166.309148;19.184;8.779;138.346148;99.69;1.73367;0.73914;0.75;0.25;91.35792;98.29260;101.96000;97.42000;81.63000;2781.6;275.0;177.0;62.0;10.51;0.178;0.17498;0.03702;0.00;0.000;0.000;1.721;0.565;0.000;0.557;114.714;100.00;96.04;16882.0;1425.90;5.37;3.56;1.58;31793.60;107760.00;24859.38;30627.3;1.04;3.52;0.81;03/01/2024 16:07:49;
04/01/2024;19;2.0TD;1;0.000157328444000000;0.207;1.237554919;216.757735;33.081;43.893;139.783735;102.26;1.73367;0.73914;0.75;0.25;91.35792;98.29260;101.96000;97.42000;81.63000;2781.6;275.0;177.0;62.0;8.13;1.068;0.17498;0.03702;0.00;0.000;0.000;1.737;0.565;0.000;0.557;115.810;102.57;98.58;17833.0;1488.20;2.99;3.56;1.58;43020.92;27353.04;24859.38;31822.4;1.35;0.86;0.78;03/01/2024 16:07:49;
04/01/2024;20;2.0TD;1;0.000173333969000000;0.209;1.252585100;219.309428;33.081;43.893;142.335428;103.70;1.73367;0.73914;0.75;0.25;91.35792;98.29260;101.96000;97.42000;81.63000;2781.6;275.0;177.0;62.0;8.58;1.068;0.17498;0.03702;0.00;0.000;0.000;1.766;0.565;0.000;0.557;117.729;104.00;100.00;18328.5;1500.60;3.44;3.56;1.58;42331.68;43465.60;24859.38;32153.8;1.32;1.35;0.77;03/01/2024 16:07:49;
04/01/2024;21;2.0TD;1;0.000184899857000000;0.210;1.257732477;221.773348;33.081;43.893;144.799348;104.82;1.73367;0.73914;0.75;0.25;91.35792;98.29260;101.96000;97.42000;81.63000;2781.6;275.0;177.0;62.0;9.37;1.068;0.17498;0.03702;0.00;0.000;0.000;1.795;0.565;0.000;0.557;119.668;105.18;100.18;18679.4;1463.10;4.23;3.56;1.58;41719.12;71820.00;24859.38;32695.5;1.28;2.20;0.76;03/01/2024 16:07:49;
04/01/2024;22;2.0TD;1;0.000189153479000000;0.213;1.272623673;219.546239;33.081;43.893;142.572239;102.07;1.73367;0.73914;0.75;0.25;91.35792;98.29260;101.96000;97.42000;81.63000;2781.6;275.0;177.0;62.0;10.02;1.068;0.17498;0.03702;0.00;0.000;0.000;1.763;0.565;0.000;0.557;117.536;102.42;97.42;18000.9;1374.80;4.88;3.56;1.58;43288.72;88035.36;24859.38;32007.8;1.35;2.75;0.78;03/01/2024 16:07:49;
04/01/2024;23;2.0TD;2;0.000175183792000000;0.219;1.341123426;165.845166;19.184;8.779;137.882166;99.10;1.73367;0.73914;0.75;0.25;91.35792;98.29260;101.96000;97.42000;81.63000;2781.6;275.0;177.0;62.0;9.52;0.178;0.17498;0.03702;0.00;0.000;0.000;1.697;0.565;0.000;0.557;113.110;99.41;94.41;15933.7;1040.30;4.38;3.56;1.58;50683.40;53029.20;24859.38;29393.4;1.72;1.80;0.85;03/01/2024 16:07:49;
04/01/2024;24;2.0TD;2;0.000149114941000000;0.224;1.375650886;159.115680;19.184;8.779;131.152680;89.94;1.73367;0.73914;0.75;0.25;91.35792;98.29260;101.96000;97.42000;81.63000;2781.6;275.0;177.0;62.0;12.81;0.178;0.17498;0.03702;0.00;0.000;0.000;1.607;0.565;0.000;0.557;107.150;90.39;85.39;13972.6;1370.20;7.67;3.56;1.58;11735.20;164901.96;24859.38;26294.2;0.45;6.27;0.95;03/01/2024 16:07:49;
*
