pvpcdata;
2024;09;10;12;19;08;
21/08/2024;1;2.0TD;3;0.000114758614000000;0.172;0.954608323;145.151849;0.557;2.195;142.399849;105.23;2.49892;0.96369;0.75;0.25;79.05833;89.05400;101.96000;73.51000;75.32000;2349.3;275.0;234.0;57.0;10.32;0.000;0.17498;0.04096;0.00;0.000;1.823;0.947;0.000;0.557;121.501;105.29;104.49;19418.7;1582.20;6.19;3.08;1.05;81894.32;55923.84;24859.38;26288.4;3.12;2.13;0.95;20/08/2024 16:18:36;
21/08/2024;2;2.0TD;3;0.000099050444000000;0.171;0.947706207;121.455775;0.557;2.195;118.703775;82.97;2.49892;0.96369;0.75;0.25;79.05833;89.05400;101.96000;73.51000;75.32000;2349.3;275.0;234.0;57.0;12.75;0.000;0.17498;0.04096;0.00;0.000;1.521;0.947;0.000;0.557;101.369;82.80;85.80;19062.7;1155.20;8.62;3.08;1.05;120655.92;67925.76;24859.38;24749.2;4.88;2.74;1.00;20/08/2024 16:18:36;
21/08/2024;3;2.0TD;3;0.000088711368000000;0.170;0.945861695;118.835395;0.557;2.195;116.083395;80.28;2.49892;0.96369;0.75;0.25;79.05833;89.05400;101.96000;73.51000;75.32000;2349.3;275.0;234.0;57.0;13.32;0.000;0.17498;0.04096;0.00;0.000;1.488;0.947;0.000;0.557;99.216;80.18;81.98;18824.8;1078.60;9.19;3.08;1.05;125650.52;65819.04;24859.38;23549.1;5.34;2.79;1.06;20/08/2024 16:18:36;
21/08/2024;4;2.0TD;3;0.000082681264000000;0.170;0.942724868;101.327515;0.557;2.195;98.575515;65.16;2.49892;0.96369;0.75;0.25;79.05833;89.05400;101.96000;73.51000;75.32000;2349.3;275.0;234.0;57.0;13.70;0.000;0.17498;0.04096;0.00;0.000;1.264;0.947;0.000;0.557;84.252;65.16;65.16;18371.2;1227.60;9.57;3.08;1.05;151330.84;70056.32;0.00;23143.3;6.54;3.03;0.00;20/08/2024 16:18:36;
21/08/2024;5;2.0TD;3;0.000079170959000000;0.169;0.937388077;95.166801;0.557;2.195;92.414801;60.00;2.49892;0.96369;0.75;0.25;79.05833;89.05400;101.96000;73.51000;75.32000;2349.3;275.0;234.0;57.0;13.74;0.000;0.17498;0.04096;0.00;0.000;1.186;0.947;0.000;0.557;79.054;60.00;60.00;18302.6;1225.30;9.61;3.08;1.05;144736.00;75148.48;0.00;22882.9;6.33;3.28;0.00;20/08/2024 16:18:36;
21/08/2024;6;2.0TD;3;0.000077773979000000;0.167;0.927898368;100.778340;0.557;2.195;98.026340;65.17;2.49892;0.96369;0.75;0.25;79.05833;89.05400;101.96000;73.51000;75.32000;2349.3;275.0;234.0;57.0;13.44;0.000;0.17498;0.04096;0.00;0.000;1.260;0.947;0.000;0.557;83.998;65.16;65.37;18147.8;1203.80;9.31;3.08;1.05;136674.64;77948.64;0.00;23057.2;5.93;3.38;0.00;20/08/2024 16:18:36;
21/08/2024;7;2.0TD;3;0.000079419660000000;0.164;0.909761100;120.497092;0.557;2.195;117.745092;82.44;2.49892;0.96369;0.75;0.25;79.05833;89.05400;101.96000;73.51000;75.32000;2349.3;275.0;234.0;57.0;13.07;0.000;0.17498;0.04096;0.00;0.000;1.517;0.947;0.000;0.557;101.155;82.28;84.81;18402.8;1228.30;8.94;3.08;1.05;110098.96;84268.80;24859.38;24517.9;4.49;3.44;1.01;20/08/2024 16:18:36;
21/08/2024;8;2.0TD;3;0.000081004794000000;0.162;0.900498465;143.877571;0.557;2.195;141.125571;104.45;2.49892;0.96369;0.75;0.25;79.05833;89.05400;101.96000;73.51000;75.32000;2349.3;275.0;234.0;57.0;11.05;0.000;0.17498;0.04096;0.00;0.000;1.822;0.947;0.000;0.557;121.450;104.76;100.91;18505.9;1601.90;6.92;3.08;1.05;102830.32;53117.52;24859.38;26113.1;3.94;2.03;0.95;20/08/2024 16:18:36;
21/08/2024;9;2.0TD;2;0.000087673708000000;0.149;0.912428700;158.567046;19.184;8.779;130.604046;89.16;2.49892;0.96369;0.75;0.25;79.05833;89.05400;101.96000;73.51000;75.32000;2349.3;275.0;234.0;57.0;18.52;0.154;0.17498;0.04096;0.00;0.000;1.705;0.947;0.000;0.557;113.667;89.16;89.16;19938.4;1199.90;14.39;3.08;1.05;90639.96;277725.56;24859.38;27320.7;3.32;10.17;0.91;20/08/2024 16:18:36;
21/08/2024;10;2.0TD;2;0.000099032421000000;0.141;0.863685473;116.905750;19.184;8.779;88.942750;57.38;2.49892;0.96369;0.75;0.25;79.05833;89.05400;101.96000;73.51000;75.32000;2349.3;275.0;234.0;57.0;15.12;0.154;0.17498;0.04096;0.00;0.000;1.169;0.947;0.000;0.557;77.951;57.27;60.00;25482.2;1095.20;10.99;3.08;1.05;101118.56;191144.96;24859.38;28839.1;3.51;6.63;0.86;20/08/2024 16:18:36;
21/08/2024;11;2.0TD;1;0.000107421384000000;0.147;0.882671275;104.588687;33.081;43.893;27.614687;7.87;2.49892;0.96369;0.75;0.25;79.05833;89.05400;101.96000;73.51000;75.32000;2349.3;275.0;234.0;57.0;10.79;0.926;0.17498;0.04096;0.00;0.000;0.361;0.947;0.000;0.557;24.075;8.00;5.60;28014.6;1642.50;6.66;3.08;1.05;156168.88;20067.60;24859.38;30191.9;5.17;0.66;0.82;20/08/2024 16:18:36;
21/08/2024;12;2.0TD;1;0.000111859194000000;0.151;0.903128947;100.770438;33.081;43.893;23.796438;5.07;2.49892;0.96369;0.75;0.25;79.05833;89.05400;101.96000;73.51000;75.32000;2349.3;275.0;234.0;57.0;10.24;0.926;0.17498;0.04096;0.00;0.000;0.310;0.947;0.000;0.557;20.674;5.22;2.43;28494.7;1597.10;6.11;3.08;1.05;157977.56;6800.96;24859.38;31020.1;5.09;0.22;0.80;20/08/2024 16:18:36;
21/08/2024;13;2.0TD;1;0.000117872218000000;0.152;0.912549865;102.954569;33.081;43.893;25.980569;7.10;2.49892;0.96369;0.75;0.25;79.05833;89.05400;101.96000;73.51000;75.32000;2349.3;275.0;234.0;57.0;10.06;0.926;0.17498;0.04096;0.00;0.000;0.338;0.947;0.000;0.557;22.552;7.48;0.01;29088.3;1572.00;5.93;3.08;1.05;156015.40;7852.32;24859.38;31806.4;4.91;0.25;0.78;20/08/2024 16:18:36;
21/08/2024;14;2.0TD;1;0.000128183630000000;0.151;0.905312882;141.002492;33.081;43.893;64.028492;39.93;2.49892;0.96369;0.75;0.25;79.05833;89.05400;101.96000;73.51000;75.32000;2349.3;275.0;234.0;57.0;9.81;0.926;0.17498;0.04096;0.00;0.000;0.834;0.947;0.000;0.557;55.628;40.00;38.00;28229.4;1057.80;5.68;3.08;1.05;124364.44;33790.24;24859.38;32192.8;3.86;1.05;0.77;20/08/2024 16:18:36;
21/08/2024;15;2.0TD;2;0.000133890298000000;0.152;0.933348440;106.617617;19.184;8.779;78.654617;53.10;2.49892;0.96369;0.75;0.25;79.05833;89.05400;101.96000;73.51000;75.32000;2349.3;275.0;234.0;57.0;9.87;0.154;0.17498;0.04096;0.00;0.000;1.024;0.947;0.000;0.557;68.276;53.10;53.10;27720.3;930.60;5.74;3.08;1.05;111409.76;48420.00;24859.38;32186.9;3.46;1.50;0.77;20/08/2024 16:18:36;
21/08/2024;16;2.0TD;2;0.000129925875000000;0.150;0.922020915;115.483264;19.184;8.779;87.520264;60.50;2.49892;0.96369;0.75;0.25;79.05833;89.05400;101.96000;73.51000;75.32000;2349.3;275.0;234.0;57.0;10.18;0.154;0.17498;0.04096;0.00;0.000;1.142;0.947;0.000;0.557;76.104;60.50;60.50;27076.5;909.60;6.05;3.08;1.05;104119.96;61311.80;24859.38;31432.6;3.31;1.95;0.79;20/08/2024 16:18:36;
21/08/2024;17;2.0TD;2;0.000128197115000000;0.152;0.930916294;121.143185;19.184;8.779;93.180185;65.18;2.49892;0.96369;0.75;0.25;79.05833;89.05400;101.96000;73.51000;75.32000;2349.3;275.0;234.0;57.0;10.21;0.154;0.17498;0.04096;0.00;0.000;1.213;0.947;0.000;0.557;80.885;65.33;61.36;26710.2;1033.30;6.08;3.08;1.05;92957.44;71008.00;24859.38;31075.2;2.99;2.29;0.80;20/08/2024 16:18:36;
21/08/2024;18;2.0TD;2;0.000129207415000000;0.155;0.952156028;138.670417;19.184;8.779;110.707417;79.99;2.49892;0.96369;0.75;0.25;79.05833;89.05400;101.96000;73.51000;75.32000;2349.3;275.0;234.0;57.0;10.14;0.154;0.17498;0.04096;0.00;0.000;1.438;0.947;0.000;0.557;95.850;80.39;71.33;25514.8;1178.90;6.01;3.08;1.05;80357.04;82137.20;24859.38;31172.1;2.58;2.63;0.80;20/08/2024 16:18:36;
21/08/2024;19;2.0TD;1;0.000129930134000000;0.156;0.931898450;212.260191;33.081;43.893;135.286191;98.17;2.49892;0.96369;0.75;0.25;79.05833;89.05400;101.96000;73.51000;75.32000;2349.3;275.0;234.0;57.0;12.05;0.926;0.17498;0.04096;0.00;0.000;1.755;0.947;0.000;0.557;117.029;98.27;96.37;23348.4;1357.30;7.92;3.08;1.05;87146.68;128820.56;24859.38;30429.0;2.86;4.23;0.82;20/08/2024 16:18:36;
21/08/2024;20;2.0TD;1;0.000129636533000000;0.159;0.951631094;223.872124;33.081;43.893;146.898124;111.69;2.49892;0.96369;0.75;0.25;79.05833;89.05400;101.96000;73.51000;75.32000;2349.3;275.0;234.0;57.0;8.10;0.926;0.17498;0.04096;0.00;0.000;1.901;0.947;0.000;0.557;126.745;111.80;109.90;21038.1;1353.40;3.97;3.08;1.05;67603.56;26857.60;24859.38;30037.6;2.25;0.89;0.83;20/08/2024 16:18:36;
21/08/2024;21;2.0TD;1;0.000132639476000000;0.161;0.964590101;246.190420;33.081;43.893;169.216420;129.20;2.49892;0.96369;0.75;0.25;79.05833;89.05400;101.96000;73.51000;75.32000;2349.3;275.0;234.0;57.0;9.31;0.926;0.17498;0.04096;0.00;0.000;2.186;0.947;0.000;0.557;145.750;129.20;129.20;20801.4;1273.70;5.18;3.08;1.05;85260.32;43547.68;24859.38;29690.0;2.87;1.47;0.84;20/08/2024 16:18:36;
21/08/2024;22;2.0TD;1;0.000150287229000000;0.161;0.964857125;286.702354;33.081;43.893;209.728354;165.01;2.49892;0.96369;0.75;0.25;79.05833;89.05400;101.96000;73.51000;75.32000;2349.3;275.0;234.0;57.0;7.87;0.926;0.17498;0.04096;0.00;0.000;2.710;0.947;0.000;0.557;180.644;165.01;165.01;20666.3;1400.50;3.74;3.08;1.05;51256.96;35923.04;24859.38;29926.7;1.71;1.20;0.83;20/08/2024 16:18:36;
21/08/2024;23;2.0TD;2;0.000148142959000000;0.166;1.018322758;220.539067;19.184;8.779;192.576067;150.32;2.49892;0.96369;0.75;0.25;79.05833;89.05400;101.96000;73.51000;75.32000;2349.3;275.0;234.0;57.0;8.08;0.154;0.17498;0.04096;0.00;0.000;2.477;0.947;0.000;0.557;165.159;150.34;150.09;20317.5;1417.20;3.95;3.08;1.05;64372.20;23778.24;24859.38;28663.9;2.25;0.83;0.87;20/08/2024 16:18:36;
21/08/2024;24;2.0TD;2;0.000131558325000000;0.164;1.004491895;196.598172;19.184;8.779;168.635172;130.70;2.49892;0.96369;0.75;0.25;79.05833;89.05400;101.96000;73.51000;75.32000;2349.3;275.0;234.0;57.0;7.72;0.154;0.17498;0.04096;0.00;0.000;2.173;0.947;0.000;0.557;144.875;130.70;130.70;19036.4;1535.60;3.59;3.08;1.05;61720.28;8501.36;24859.38;26526.0;2.33;0.32;0.94;20/08/2024 16:18:36;
*
