pvpcdata;
2024;06;11;12;30;53;
02/05/2024;1;2.0TD;3;0.000075758400000000;0.187;1.040250203;68.151251;0.557;2.195;65.399251;14.09;14.95408;1.02914;0.75;0.25;15.60250;75.41880;101.96000;48.69000;28.32000;1904.5;275.0;154.0;61.0;23.07;0.000;0.17498;0.04096;0.00;0.000;0.826;0.947;0.000;0.557;55.096;14.56;10.20;17827.7;2153.00;18.66;3.16;1.25;336230.92;46839.04;24859.38;21870.8;15.37;2.14;1.14;01/05/2024 16:10:20;
02/05/2024;2;2.0TD;3;0.000063054501000000;0.193;1.070430567;65.611471;0.557;2.195;62.859471;10.87;14.95408;1.02914;0.75;0.25;15.60250;75.41880;101.96000;48.69000;28.32000;1904.5;275.0;154.0;61.0;23.92;0.000;0.17498;0.04096;0.00;0.000;0.790;0.947;0.000;0.557;52.690;10.94;10.20;17497.7;1912.80;19.51;3.16;1.25;347139.12;48496.28;0.00;20277.5;17.12;2.39;0.00;01/05/2024 16:10:20;
02/05/2024;3;2.0TD;3;0.000056272939000000;0.194;1.075342853;66.962039;0.557;2.195;64.210039;10.00;14.95408;1.02914;0.75;0.25;15.60250;75.41880;101.96000;48.69000;28.32000;1904.5;275.0;154.0;61.0;25.86;0.000;0.17498;0.04096;0.00;0.000;0.807;0.947;0.000;0.557;53.777;10.00;10.00;17394.6;1954.90;21.45;3.16;1.25;350474.28;67883.20;0.00;19500.5;17.97;3.48;0.00;01/05/2024 16:10:20;
02/05/2024;4;2.0TD;3;0.000052983974000000;0.194;1.078035220;65.033729;0.557;2.195;62.281729;7.71;14.95408;1.02914;0.75;0.25;15.60250;75.41880;101.96000;48.69000;28.32000;1904.5;275.0;154.0;61.0;26.56;0.000;0.17498;0.04096;0.00;0.000;0.782;0.947;0.000;0.557;52.162;7.80;6.90;16942.5;1851.20;22.15;3.16;1.25;354056.72;70523.52;0.00;19170.6;18.47;3.68;0.00;01/05/2024 16:10:20;
02/05/2024;5;2.0TD;3;0.000052010636000000;0.193;1.073054475;65.284589;0.557;2.195;62.532589;8.00;14.95408;1.02914;0.75;0.25;15.60250;75.41880;101.96000;48.69000;28.32000;1904.5;275.0;154.0;61.0;26.52;0.000;0.17498;0.04096;0.00;0.000;0.786;0.947;0.000;0.557;52.416;8.00;8.00;16776.4;1874.60;22.11;3.16;1.25;353708.28;69286.80;0.00;19127.5;18.49;3.62;0.00;01/05/2024 16:10:20;
02/05/2024;6;2.0TD;3;0.000053749762000000;0.189;1.051533668;66.246089;0.557;2.195;63.494089;10.84;14.95408;1.02914;0.75;0.25;15.60250;75.41880;101.96000;48.69000;28.32000;1904.5;275.0;154.0;61.0;24.65;0.000;0.17498;0.04096;0.00;0.000;0.801;0.947;0.000;0.557;53.401;10.94;9.94;16558.6;1774.80;20.24;3.16;1.25;346779.60;52823.88;0.00;19743.2;17.56;2.68;0.00;01/05/2024 16:10:20;
02/05/2024;7;2.0TD;3;0.000060691385000000;0.175;0.970419413;75.148746;0.557;2.195;72.396746;22.46;14.95408;1.02914;0.75;0.25;15.60250;75.41880;101.96000;48.69000;28.32000;1904.5;275.0;154.0;61.0;21.12;0.000;0.17498;0.04096;0.00;0.000;0.924;0.947;0.000;0.557;61.614;22.90;17.90;16386.4;1585.50;16.71;3.16;1.25;307787.20;48266.32;24859.38;22787.5;13.51;2.12;1.09;01/05/2024 16:10:20;
02/05/2024;8;2.0TD;3;0.000072695558000000;0.165;0.915479820;80.422844;0.557;2.195;77.670844;34.38;14.95408;1.02914;0.75;0.25;15.60250;75.41880;101.96000;48.69000;28.32000;1904.5;275.0;154.0;61.0;14.18;0.000;0.17498;0.04096;0.00;0.000;1.000;0.947;0.000;0.557;66.670;35.01;28.51;18335.9;1975.80;9.77;3.16;1.25;177574.00;47880.00;24859.38;25624.3;6.93;1.87;0.97;01/05/2024 16:10:20;
02/05/2024;9;2.0TD;2;0.000084558996000000;0.178;1.089719850;107.103693;19.184;8.779;79.140693;34.06;14.95408;1.02914;0.75;0.25;15.60250;75.41880;101.96000;48.69000;28.32000;1904.5;275.0;154.0;61.0;14.85;0.154;0.17498;0.04096;0.00;0.000;1.008;0.947;0.000;0.557;67.182;35.00;24.00;21538.5;2006.80;10.44;3.16;1.25;192463.20;69924.96;24859.38;27502.7;7.00;2.54;0.90;01/05/2024 16:10:20;
02/05/2024;10;2.0TD;2;0.000090125838000000;0.146;0.896052702;80.835145;19.184;8.779;52.872145;10.86;14.95408;1.02914;0.75;0.25;15.60250;75.41880;101.96000;48.69000;28.32000;1904.5;275.0;154.0;61.0;17.32;0.154;0.17498;0.04096;0.00;0.000;0.692;0.947;0.000;0.557;46.136;10.94;9.54;29243.6;1776.80;12.91;3.16;1.25;243967.32;81767.20;24859.38;27158.6;8.98;3.01;0.92;01/05/2024 16:10:20;
02/05/2024;11;2.0TD;1;0.000095079856000000;0.149;0.889233247;119.966423;33.081;43.893;42.992423;3.25;14.95408;1.02914;0.75;0.25;15.60250;75.41880;101.96000;48.69000;28.32000;1904.5;275.0;154.0;61.0;15.57;0.926;0.17498;0.04096;0.00;0.000;0.561;0.947;0.000;0.557;37.417;3.25;3.25;31697.0;1450.40;11.16;3.16;1.25;255315.76;24432.72;24859.38;27283.3;9.36;0.90;0.91;01/05/2024 16:10:20;
02/05/2024;12;2.0TD;1;0.000096924038000000;0.148;0.887934748;119.743030;33.081;43.893;42.769030;2.49;14.95408;1.02914;0.75;0.25;15.60250;75.41880;101.96000;48.69000;28.32000;1904.5;275.0;154.0;61.0;16.17;0.926;0.17498;0.04096;0.00;0.000;0.559;0.947;0.000;0.557;37.255;2.49;2.49;32040.4;1431.20;11.76;3.16;1.25;268169.72;23763.36;24859.38;26928.3;9.96;0.88;0.92;01/05/2024 16:10:20;
02/05/2024;13;2.0TD;1;0.000100614067000000;0.146;0.876963199;119.458801;33.081;43.893;42.484801;1.79;14.95408;1.02914;0.75;0.25;15.60250;75.41880;101.96000;48.69000;28.32000;1904.5;275.0;154.0;61.0;16.69;0.926;0.17498;0.04096;0.00;0.000;0.556;0.947;0.000;0.557;37.072;1.79;1.79;32254.0;1370.60;12.28;3.16;1.25;279528.00;24814.44;24859.38;26813.0;10.43;0.93;0.93;01/05/2024 16:10:20;
02/05/2024;14;2.0TD;1;0.000107448269000000;0.144;0.859417027;119.709553;33.081;43.893;42.735553;1.83;14.95408;1.02914;0.75;0.25;15.60250;75.41880;101.96000;48.69000;28.32000;1904.5;275.0;154.0;61.0;16.93;0.926;0.17498;0.04096;0.00;0.000;0.560;0.947;0.000;0.557;37.356;1.83;1.83;31992.0;1413.50;12.52;3.16;1.25;268861.64;43900.48;24859.38;26955.0;9.97;1.63;0.92;01/05/2024 16:10:20;
02/05/2024;15;2.0TD;2;0.000107120522000000;0.162;0.996002243;67.959333;19.184;8.779;39.996333;0.00;14.95408;1.02914;0.75;0.25;15.60250;75.41880;101.96000;48.69000;28.32000;1904.5;275.0;154.0;61.0;16.64;0.154;0.17498;0.04096;0.00;0.000;0.516;0.947;0.000;0.557;34.420;0.00;-0.01;28852.8;1671.60;12.23;3.16;1.25;249229.56;51455.04;24859.38;26615.1;9.36;1.93;0.93;01/05/2024 16:10:20;
02/05/2024;16;2.0TD;2;0.000097705365000000;0.169;1.038709642;70.420206;19.184;8.779;42.457206;0.44;14.95408;1.02914;0.75;0.25;15.60250;75.41880;101.96000;48.69000;28.32000;1904.5;275.0;154.0;61.0;18.07;0.154;0.17498;0.04096;0.00;0.000;0.545;0.947;0.000;0.557;36.319;0.44;0.44;30596.0;1438.00;13.66;3.16;1.25;280923.36;47880.00;24859.38;25881.2;10.85;1.85;0.96;01/05/2024 16:10:20;
02/05/2024;17;2.0TD;2;0.000091477365000000;0.177;1.087520294;71.499350;19.184;8.779;43.536350;1.06;14.95408;1.02914;0.75;0.25;15.60250;75.41880;101.96000;48.69000;28.32000;1904.5;275.0;154.0;61.0;18.11;0.154;0.17498;0.04096;0.00;0.000;0.555;0.947;0.000;0.557;36.989;1.06;1.06;29996.4;1288.00;13.70;3.16;1.25;269827.48;55030.08;24859.38;25516.1;10.57;2.16;0.97;01/05/2024 16:10:20;
02/05/2024;18;2.0TD;2;0.000091200901000000;0.182;1.118054992;70.364002;19.184;8.779;42.401002;0.44;14.95408;1.02914;0.75;0.25;15.60250;75.41880;101.96000;48.69000;28.32000;1904.5;275.0;154.0;61.0;17.63;0.154;0.17498;0.04096;0.00;0.000;0.538;0.947;0.000;0.557;35.872;0.44;0.44;27803.1;1294.40;13.22;3.16;1.25;255102.04;57834.00;24859.38;25543.1;9.99;2.26;0.97;01/05/2024 16:10:20;
02/05/2024;19;2.0TD;1;0.000092940462000000;0.161;0.966544915;125.637608;33.081;43.893;48.663608;5.39;14.95408;1.02914;0.75;0.25;15.60250;75.41880;101.96000;48.69000;28.32000;1904.5;275.0;154.0;61.0;17.86;0.926;0.17498;0.04096;0.00;0.000;0.629;0.947;0.000;0.557;41.915;5.39;5.39;28162.4;1297.90;13.45;3.16;1.25;250414.24;71504.84;24859.38;25781.5;9.71;2.77;0.96;01/05/2024 16:10:20;
02/05/2024;20;2.0TD;1;0.000098207574000000;0.161;0.964927928;134.418251;33.081;43.893;57.444251;17.31;14.95408;1.02914;0.75;0.25;15.60250;75.41880;101.96000;48.69000;28.32000;1904.5;275.0;154.0;61.0;13.39;0.926;0.17498;0.04096;0.00;0.000;0.742;0.947;0.000;0.557;49.478;17.60;13.98;21645.4;1879.40;8.98;3.16;1.25;146469.24;70661.76;24859.38;26949.9;5.43;2.62;0.92;01/05/2024 16:10:20;
02/05/2024;21;2.0TD;1;0.000111172585000000;0.162;0.970352762;152.693699;33.081;43.893;75.719699;35.14;14.95408;1.02914;0.75;0.25;15.60250;75.41880;101.96000;48.69000;28.32000;1904.5;275.0;154.0;61.0;11.01;0.926;0.17498;0.04096;0.00;0.000;0.977;0.947;0.000;0.557;65.163;35.40;32.00;21075.6;1730.40;6.60;3.16;1.25;117887.00;43155.84;24859.38;28165.6;4.19;1.53;0.88;01/05/2024 16:10:20;
02/05/2024;22;2.0TD;1;0.000130107333000000;0.168;1.005672016;179.801511;33.081;43.893;102.827511;59.30;14.95408;1.02914;0.75;0.25;15.60250;75.41880;101.96000;48.69000;28.32000;1904.5;275.0;154.0;61.0;9.38;0.926;0.17498;0.04096;0.00;0.000;1.321;0.947;0.000;0.557;88.037;59.14;62.10;18955.9;1078.60;4.97;3.16;1.25;98361.36;18856.40;24859.38;28558.4;3.44;0.66;0.87;01/05/2024 16:10:20;
02/05/2024;23;2.0TD;2;0.000122326455000000;0.197;1.209246970;115.537019;19.184;8.779;87.574019;44.05;14.95408;1.02914;0.75;0.25;15.60250;75.41880;101.96000;48.69000;28.32000;1904.5;275.0;154.0;61.0;10.75;0.154;0.17498;0.04096;0.00;0.000;1.097;0.947;0.000;0.557;73.161;43.90;46.90;19772.0;1045.80;6.34;3.16;1.25;111012.76;33643.68;24859.38;26733.0;4.15;1.26;0.93;01/05/2024 16:10:20;
02/05/2024;24;2.0TD;2;0.000100834510000000;0.202;1.239831329;104.713407;19.184;8.779;76.750407;35.48;14.95408;1.02914;0.75;0.25;15.60250;75.41880;101.96000;48.69000;28.32000;1904.5;275.0;154.0;61.0;10.15;0.154;0.17498;0.04096;0.00;0.000;0.958;0.947;0.000;0.557;63.852;35.64;33.64;17896.2;1606.10;5.74;3.16;1.25;72329.52;42134.40;24859.38;24274.6;2.98;1.74;1.02;01/05/2024 16:10:20;
*
