pvpcdata;
2024;05;13;12;31;16;
08/04/2024;1;2.0TD;3;0.000096957598000000;0.201;1.118357064;55.958348;0.557;2.195;53.206348;1.33;18.71489;1.00435;0.75;0.25;0.52125;75.38080;101.96000;48.69000;27.94000;1907.7;275.0;154.0;50.0;21.79;0.000;0.17498;0.04096;0.00;0.000;0.665;0.947;0.000;0.557;44.301;1.33;1.33;22735.0;1343.40;17.02;3.35;1.42;270031.04;61491.04;24859.38;20944.4;12.89;2.94;1.19;07/04/2024 16:08:16;
08/04/2024;2;2.0TD;3;0.000077497402000000;0.210;1.164864196;54.342413;0.557;2.195;51.590413;0.00;18.71489;1.00435;0.75;0.25;0.52125;75.38080;101.96000;48.69000;27.94000;1907.7;275.0;154.0;50.0;21.48;0.000;0.17498;0.04096;0.00;0.000;0.640;0.947;0.000;0.557;42.636;0.00;0.00;21652.2;1335.90;16.71;3.35;1.42;270733.52;58504.60;0.00;19703.9;13.74;2.97;0.00;07/04/2024 16:08:16;
08/04/2024;3;2.0TD;3;0.000068397159000000;0.215;1.192491350;55.295532;0.557;2.195;52.543532;0.00;18.71489;1.00435;0.75;0.25;0.52125;75.38080;101.96000;48.69000;27.94000;1907.7;275.0;154.0;50.0;22.08;0.000;0.17498;0.04096;0.00;0.000;0.649;0.947;0.000;0.557;43.245;0.00;-0.01;20800.8;1550.00;17.31;3.35;1.42;283800.64;47790.00;0.00;19160.0;14.81;2.49;0.00;07/04/2024 16:08:16;
08/04/2024;4;2.0TD;3;0.000064051759000000;0.216;1.201068254;55.547929;0.557;2.195;52.795929;-0.22;18.71489;1.00435;0.75;0.25;0.52125;75.38080;101.96000;48.69000;27.94000;1907.7;275.0;154.0;50.0;22.47;0.000;0.17498;0.04096;0.00;0.000;0.651;0.947;0.000;0.557;43.417;0.00;-3.00;20050.0;1770.50;17.70;3.35;1.42;318441.48;14172.48;0.00;18789.7;16.95;0.75;0.00;07/04/2024 16:08:16;
08/04/2024;5;2.0TD;3;0.000062292590000000;0.214;1.191479470;55.658976;0.557;2.195;52.906976;-0.31;18.71489;1.00435;0.75;0.25;0.52125;75.38080;101.96000;48.69000;27.94000;1907.7;275.0;154.0;50.0;22.72;0.000;0.17498;0.04096;0.00;0.000;0.654;0.947;0.000;0.557;43.580;0.00;-4.00;19686.4;1930.10;17.95;3.35;1.42;321193.44;15890.00;0.00;18779.3;17.10;0.85;0.00;07/04/2024 16:08:16;
08/04/2024;6;2.0TD;3;0.000063903458000000;0.207;1.150747536;54.704545;0.557;2.195;51.952545;-0.28;18.71489;1.00435;0.75;0.25;0.52125;75.38080;101.96000;48.69000;27.94000;1907.7;275.0;154.0;50.0;22.16;0.000;0.17498;0.04096;0.00;0.000;0.646;0.947;0.000;0.557;43.042;0.00;-3.99;20592.1;1838.80;17.39;3.35;1.42;319648.36;19044.00;0.00;19475.3;16.41;0.98;0.00;07/04/2024 16:08:16;
08/04/2024;7;2.0TD;3;0.000071220271000000;0.192;1.067644787;52.690488;0.557;2.195;49.938488;-0.07;18.71489;1.00435;0.75;0.25;0.52125;75.38080;101.96000;48.69000;27.94000;1907.7;275.0;154.0;50.0;20.82;0.000;0.17498;0.04096;0.00;0.000;0.628;0.947;0.000;0.557;41.894;0.00;-1.07;22919.0;1612.80;16.05;3.35;1.42;316096.68;15910.00;24859.38;22237.4;14.21;0.72;1.12;07/04/2024 16:08:16;
08/04/2024;8;2.0TD;3;0.000085779459000000;0.178;0.990975041;49.580687;0.557;2.195;46.828687;3.25;18.71489;1.00435;0.75;0.25;0.52125;75.38080;101.96000;48.69000;27.94000;1907.7;275.0;154.0;50.0;15.39;0.000;0.17498;0.04096;0.00;0.000;0.596;0.947;0.000;0.557;39.752;3.25;3.25;26338.8;1789.20;10.62;3.35;1.42;211590.76;36534.48;24859.38;25710.5;8.23;1.42;0.97;07/04/2024 16:08:16;
08/04/2024;9;2.0TD;2;0.000096980030000000;0.190;1.166372656;73.570589;19.184;8.779;45.607589;3.25;18.71489;1.00435;0.75;0.25;0.52125;75.38080;101.96000;48.69000;27.94000;1907.7;275.0;154.0;50.0;13.83;0.154;0.17498;0.04096;0.00;0.000;0.575;0.947;0.000;0.557;38.325;3.25;3.25;27763.9;2067.10;9.06;3.35;1.42;185618.00;37276.20;24859.38;27342.7;6.79;1.36;0.91;07/04/2024 16:08:16;
08/04/2024;10;2.0TD;2;0.000107532222000000;0.154;0.947066447;71.850434;19.184;8.779;43.887434;0.05;18.71489;1.00435;0.75;0.25;0.52125;75.38080;101.96000;48.69000;27.94000;1907.7;275.0;154.0;50.0;16.74;0.154;0.17498;0.04096;0.00;0.000;0.570;0.947;0.000;0.557;38.030;0.00;0.85;28170.3;1650.80;11.97;3.35;1.42;222615.44;79342.80;24859.38;27309.6;8.15;2.91;0.91;07/04/2024 16:08:16;
08/04/2024;11;2.0TD;1;0.000115392088000000;0.156;0.935515461;120.025411;33.081;43.893;43.051411;0.00;18.71489;1.00435;0.75;0.25;0.52125;75.38080;101.96000;48.69000;27.94000;1907.7;275.0;154.0;50.0;15.24;0.926;0.17498;0.04096;0.00;0.000;0.559;0.947;0.000;0.557;37.241;0.00;0.00;27727.4;2205.70;10.47;3.35;1.42;239011.12;23296.00;24859.38;27430.9;8.71;0.85;0.91;07/04/2024 16:08:16;
08/04/2024;12;2.0TD;1;0.000117317248000000;0.157;0.940437522;121.601463;33.081;43.893;44.627463;-0.30;18.71489;1.00435;0.75;0.25;0.52125;75.38080;101.96000;48.69000;27.94000;1907.7;275.0;154.0;50.0;16.85;0.926;0.17498;0.04096;0.00;0.000;0.579;0.947;0.000;0.557;38.571;0.00;-4.00;26944.3;2153.30;12.08;3.35;1.42;263077.48;37354.32;24859.38;26914.9;9.77;1.39;0.92;07/04/2024 16:08:16;
08/04/2024;13;2.0TD;1;0.000120272340000000;0.155;0.927751651;121.442314;33.081;43.893;44.468314;-0.31;18.71489;1.00435;0.75;0.25;0.52125;75.38080;101.96000;48.69000;27.94000;1907.7;275.0;154.0;50.0;16.79;0.926;0.17498;0.04096;0.00;0.000;0.578;0.947;0.000;0.557;38.500;0.00;-4.00;27207.9;2301.60;12.02;3.35;1.42;282344.80;10839.20;24859.38;26470.8;10.67;0.41;0.94;07/04/2024 16:08:16;
08/04/2024;14;2.0TD;1;0.000127682966000000;0.151;0.902088901;120.072855;33.081;43.893;43.098855;-0.54;18.71489;1.00435;0.75;0.25;0.52125;75.38080;101.96000;48.69000;27.94000;1907.7;275.0;154.0;50.0;15.98;0.926;0.17498;0.04096;0.00;0.000;0.562;0.947;0.000;0.557;37.444;0.00;-5.53;26442.5;2836.50;11.21;3.35;1.42;260041.24;11926.72;24859.38;26483.0;9.82;0.45;0.94;07/04/2024 16:08:16;
08/04/2024;15;2.0TD;2;0.000127526381000000;0.167;1.025753123;71.492923;19.184;8.779;43.529923;-0.61;18.71489;1.00435;0.75;0.25;0.52125;75.38080;101.96000;48.69000;27.94000;1907.7;275.0;154.0;50.0;16.68;0.154;0.17498;0.04096;0.00;0.000;0.560;0.947;0.000;0.557;37.300;0.00;-6.00;26491.7;2974.60;11.91;3.35;1.42;273373.08;12800.00;24859.38;26118.9;10.47;0.49;0.95;07/04/2024 16:08:16;
08/04/2024;16;2.0TD;2;0.000116091377000000;0.173;1.060877967;71.645174;19.184;8.779;43.682174;-0.71;18.71489;1.00435;0.75;0.25;0.52125;75.38080;101.96000;48.69000;27.94000;1907.7;275.0;154.0;50.0;16.72;0.154;0.17498;0.04096;0.00;0.000;0.559;0.947;0.000;0.557;37.239;0.00;-7.00;26138.9;2972.80;11.95;3.35;1.42;267184.80;11979.36;24859.38;25445.4;10.50;0.47;0.98;07/04/2024 16:08:16;
08/04/2024;17;2.0TD;2;0.000107629259000000;0.180;1.104166043;71.857472;19.184;8.779;43.894472;-0.61;18.71489;1.00435;0.75;0.25;0.52125;75.38080;101.96000;48.69000;27.94000;1907.7;275.0;154.0;50.0;16.58;0.154;0.17498;0.04096;0.00;0.000;0.558;0.947;0.000;0.557;37.198;-0.01;-6.00;25904.0;2861.30;11.81;3.35;1.42;259114.92;11994.40;24859.38;25066.9;10.34;0.48;0.99;07/04/2024 16:08:16;
08/04/2024;18;2.0TD;2;0.000105229791000000;0.185;1.137854787;71.165380;19.184;8.779;43.202380;-0.53;18.71489;1.00435;0.75;0.25;0.52125;75.38080;101.96000;48.69000;27.94000;1907.7;275.0;154.0;50.0;15.77;0.154;0.17498;0.04096;0.00;0.000;0.547;0.947;0.000;0.557;36.457;0.00;-5.53;25740.2;2719.30;11.00;3.35;1.42;239563.96;13468.32;24859.38;25252.8;9.49;0.53;0.98;07/04/2024 16:08:16;
08/04/2024;19;2.0TD;1;0.000106203938000000;0.164;0.980932477;125.510129;33.081;43.893;48.536129;-0.44;18.71489;1.00435;0.75;0.25;0.52125;75.38080;101.96000;48.69000;27.94000;1907.7;275.0;154.0;50.0;20.07;0.926;0.17498;0.04096;0.00;0.000;0.625;0.947;0.000;0.557;41.697;0.00;-5.53;26968.3;2327.40;15.30;3.35;1.42;346400.88;17930.00;24859.38;25450.5;13.61;0.70;0.98;07/04/2024 16:08:16;
08/04/2024;20;2.0TD;1;0.000113055325000000;0.164;0.984112621;123.041285;33.081;43.893;46.067285;0.00;18.71489;1.00435;0.75;0.25;0.52125;75.38080;101.96000;48.69000;27.94000;1907.7;275.0;154.0;50.0;17.54;0.926;0.17498;0.04096;0.00;0.000;0.594;0.947;0.000;0.557;39.576;0.00;0.00;27094.5;1946.60;12.77;3.35;1.42;310077.60;3434.88;24859.38;26493.9;11.70;0.13;0.94;07/04/2024 16:08:16;
08/04/2024;21;2.0TD;1;0.000133336687000000;0.169;1.008991392;122.348390;33.081;43.893;45.374390;0.45;18.71489;1.00435;0.75;0.25;0.52125;75.38080;101.96000;48.69000;27.94000;1907.7;275.0;154.0;50.0;16.34;0.926;0.17498;0.04096;0.00;0.000;0.582;0.947;0.000;0.557;38.814;0.44;0.65;29227.5;1147.70;11.57;3.35;1.42;287873.72;12704.00;24859.38;28118.3;10.24;0.45;0.88;07/04/2024 16:08:16;
08/04/2024;22;2.0TD;1;0.000157169739000000;0.171;1.022509462;122.901446;33.081;43.893;45.927446;3.25;18.71489;1.00435;0.75;0.25;0.52125;75.38080;101.96000;48.69000;27.94000;1907.7;275.0;154.0;50.0;13.94;0.926;0.17498;0.04096;0.00;0.000;0.588;0.947;0.000;0.557;39.220;3.25;3.25;30003.2;1411.70;9.17;3.35;1.42;228520.64;11964.32;24859.38;28954.1;7.89;0.41;0.86;07/04/2024 16:08:16;
08/04/2024;23;2.0TD;2;0.000140327883000000;0.202;1.238377901;72.711903;19.184;8.779;44.748903;1.00;18.71489;1.00435;0.75;0.25;0.52125;75.38080;101.96000;48.69000;27.94000;1907.7;275.0;154.0;50.0;15.00;0.154;0.17498;0.04096;0.00;0.000;0.558;0.947;0.000;0.557;37.228;1.00;1.00;27505.8;1130.70;10.23;3.35;1.42;233853.40;12282.52;24859.38;26491.3;8.83;0.46;0.94;07/04/2024 16:08:16;
08/04/2024;24;2.0TD;2;0.000114991285000000;0.213;1.306305953;68.996006;19.184;8.779;41.033006;0.00;18.71489;1.00435;0.75;0.25;0.52125;75.38080;101.96000;48.69000;27.94000;1907.7;275.0;154.0;50.0;12.65;0.154;0.17498;0.04096;0.00;0.000;0.507;0.947;0.000;0.557;33.827;0.00;0.00;24956.9;1266.10;7.88;3.35;1.42;157792.40;7109.76;24859.38;24077.8;6.55;0.30;1.03;07/04/2024 16:08:16;
*
