pvpcdata;
2024;04;10;12;05;53;
26/03/2024;1;2.0TD;3;0.000101572374000000;0.205;1.139819536;52.029684;0.557;2.195;49.277684;3.15;22.86975;0.95152;0.75;0.25;2.35958;93.83860;101.96000;97.42000;37.09000;2093.5;275.0;177.0;46.0;13.65;0.000;0.17498;0.04096;0.00;0.000;0.000;0.613;0.947;0.000;0.557;40.894;3.20;2.77;19337.2;2264.90;8.84;3.40;1.41;156467.04;17277.44;24859.38;22484.7;6.96;0.77;1.11;25/03/2024 16:06:01;
26/03/2024;2;2.0TD;3;0.000083805088000000;0.210;1.168942715;54.531946;0.557;2.195;51.779946;3.17;22.86975;0.95152;0.75;0.25;2.35958;93.83860;101.96000;97.42000;37.09000;2093.5;275.0;177.0;46.0;15.50;0.000;0.17498;0.04096;0.00;0.000;0.000;0.642;0.947;0.000;0.557;42.793;3.19;3.03;17986.0;2388.20;10.69;3.40;1.41;156604.20;45353.28;24859.38;21219.1;7.38;2.14;1.17;25/03/2024 16:06:01;
26/03/2024;3;2.0TD;3;0.000073961861000000;0.215;1.194156867;53.807933;0.557;2.195;51.055933;1.44;22.86975;0.95152;0.75;0.25;2.35958;93.83860;101.96000;97.42000;37.09000;2093.5;275.0;177.0;46.0;16.47;0.000;0.17498;0.04096;0.00;0.000;0.000;0.630;0.947;0.000;0.557;42.021;1.54;0.60;17801.8;2087.80;11.66;3.40;1.41;166578.04;46653.04;24859.38;20419.2;8.16;2.28;1.22;25/03/2024 16:06:01;
26/03/2024;4;2.0TD;3;0.000069346491000000;0.218;1.208451643;52.042443;0.557;2.195;49.290443;0.89;22.86975;0.95152;0.75;0.25;2.35958;93.83860;101.96000;97.42000;37.09000;2093.5;275.0;177.0;46.0;15.49;0.000;0.17498;0.04096;0.00;0.000;0.000;0.607;0.947;0.000;0.557;40.468;1.00;0.01;18034.9;2159.00;10.68;3.40;1.41;193874.92;20579.00;0.00;20070.6;9.66;1.03;0.00;25/03/2024 16:06:01;
26/03/2024;5;2.0TD;3;0.000067785956000000;0.217;1.208166265;51.977634;0.557;2.195;49.225634;0.87;22.86975;0.95152;0.75;0.25;2.35958;93.83860;101.96000;97.42000;37.09000;2093.5;275.0;177.0;46.0;15.49;0.000;0.17498;0.04096;0.00;0.000;0.000;0.607;0.947;0.000;0.557;40.448;0.98;-0.02;18437.5;2166.40;10.68;3.40;1.41;193907.80;20605.00;0.00;20094.3;9.65;1.03;0.00;25/03/2024 16:06:01;
26/03/2024;6;2.0TD;3;0.000070009923000000;0.217;1.204686744;51.754923;0.557;2.195;49.002923;0.98;22.86975;0.95152;0.75;0.25;2.35958;93.83860;101.96000;97.42000;37.09000;2093.5;275.0;177.0;46.0;15.20;0.000;0.17498;0.04096;0.00;0.000;0.000;0.604;0.947;0.000;0.557;40.265;0.98;0.98;18539.1;2278.60;10.39;3.40;1.41;193903.64;20224.00;0.00;20608.6;9.41;0.98;0.00;25/03/2024 16:06:01;
26/03/2024;7;2.0TD;3;0.000079772326000000;0.203;1.127932224;53.182173;0.557;2.195;50.430173;3.18;22.86975;0.95152;0.75;0.25;2.35958;93.83860;101.96000;97.42000;37.09000;2093.5;275.0;177.0;46.0;14.63;0.000;0.17498;0.04096;0.00;0.000;0.000;0.629;0.947;0.000;0.557;41.920;3.20;3.05;19083.2;2392.90;9.82;3.40;1.41;193348.24;10594.48;24859.38;23307.0;8.30;0.45;1.07;25/03/2024 16:06:01;
26/03/2024;8;2.0TD;3;0.000097585724000000;0.189;1.048759998;53.488228;0.557;2.195;50.736228;4.00;22.86975;0.95152;0.75;0.25;2.35958;93.83860;101.96000;97.42000;37.09000;2093.5;275.0;177.0;46.0;14.55;0.000;0.17498;0.04096;0.00;0.000;0.000;0.640;0.947;0.000;0.557;42.671;4.00;4.00;21404.1;2638.30;9.74;3.40;1.41;224574.92;8760.24;24859.38;26515.1;8.47;0.33;0.94;25/03/2024 16:06:01;
26/03/2024;9;2.0TD;2;0.000106527631000000;0.180;1.106466660;78.356486;19.184;8.779;50.393486;3.20;22.86975;0.95152;0.75;0.25;2.35958;93.83860;101.96000;97.42000;37.09000;2093.5;275.0;177.0;46.0;15.23;0.154;0.17498;0.04096;0.00;0.000;0.000;0.641;0.947;0.000;0.557;42.706;3.20;3.19;22888.4;2570.60;10.42;3.40;1.41;242042.32;26455.52;24859.38;28142.0;8.60;0.94;0.88;25/03/2024 16:06:01;
26/03/2024;10;2.0TD;2;0.000111085988000000;0.162;0.996129829;77.150859;19.184;8.779;49.187859;1.14;22.86975;0.95152;0.75;0.25;2.35958;93.83860;101.96000;97.42000;37.09000;2093.5;275.0;177.0;46.0;16.92;0.154;0.17498;0.04096;0.00;0.000;0.000;0.635;0.947;0.000;0.557;42.330;1.20;0.60;25533.2;2741.80;12.11;3.40;1.41;294584.84;22568.00;24859.38;28243.0;10.43;0.80;0.88;25/03/2024 16:06:01;
26/03/2024;11;2.0TD;1;0.000114117671000000;0.165;0.985398675;126.362245;33.081;43.893;49.388245;0.20;22.86975;0.95152;0.75;0.25;2.35958;93.83860;101.96000;97.42000;37.09000;2093.5;275.0;177.0;46.0;17.15;0.926;0.17498;0.04096;0.00;0.000;0.000;0.636;0.947;0.000;0.557;42.393;0.20;0.20;27376.0;2855.80;12.34;3.40;1.41;302331.12;18597.60;24859.38;28032.6;10.78;0.66;0.89;25/03/2024 16:06:01;
26/03/2024;12;2.0TD;1;0.000112698576000000;0.168;1.003092942;126.512785;33.081;43.893;49.538785;-0.09;22.86975;0.95152;0.75;0.25;2.35958;93.83860;101.96000;97.42000;37.09000;2093.5;275.0;177.0;46.0;17.46;0.926;0.17498;0.04096;0.00;0.000;0.000;0.636;0.947;0.000;0.557;42.413;0.00;-1.10;28213.1;2643.80;12.65;3.40;1.41;309984.36;15696.72;24859.38;27718.8;11.18;0.57;0.90;25/03/2024 16:06:01;
26/03/2024;13;2.0TD;1;0.000113769101000000;0.166;0.995815096;126.818569;33.081;43.893;49.844569;-0.16;22.86975;0.95152;0.75;0.25;2.35958;93.83860;101.96000;97.42000;37.09000;2093.5;275.0;177.0;46.0;17.86;0.926;0.17498;0.04096;0.00;0.000;0.000;0.641;0.947;0.000;0.557;42.748;0.00;-2.00;28295.1;2598.30;13.05;3.40;1.41;317765.88;17294.88;24859.38;27574.5;11.52;0.63;0.90;25/03/2024 16:06:01;
26/03/2024;14;2.0TD;1;0.000120300844000000;0.164;0.981543241;126.414136;33.081;43.893;49.440136;-0.15;22.86975;0.95152;0.75;0.25;2.35958;93.83860;101.96000;97.42000;37.09000;2093.5;275.0;177.0;46.0;17.58;0.926;0.17498;0.04096;0.00;0.000;0.000;0.637;0.947;0.000;0.557;42.474;0.00;-2.00;28317.9;2480.00;12.77;3.40;1.41;310635.68;17612.96;24859.38;27664.0;11.23;0.64;0.90;25/03/2024 16:06:01;
26/03/2024;15;2.0TD;2;0.000120915374000000;0.170;1.041926165;76.514892;19.184;8.779;48.551892;-0.14;22.86975;0.95152;0.75;0.25;2.35958;93.83860;101.96000;97.42000;37.09000;2093.5;275.0;177.0;46.0;17.38;0.154;0.17498;0.04096;0.00;0.000;0.000;0.622;0.947;0.000;0.557;41.497;0.00;-2.00;28042.7;2311.00;12.57;3.40;1.41;303257.64;16113.76;24859.38;27386.7;11.07;0.59;0.91;25/03/2024 16:06:01;
26/03/2024;16;2.0TD;2;0.000113341464000000;0.177;1.088671271;76.925428;19.184;8.779;48.962428;-0.14;22.86975;0.95152;0.75;0.25;2.35958;93.83860;101.96000;97.42000;37.09000;2093.5;275.0;177.0;46.0;17.48;0.154;0.17498;0.04096;0.00;0.000;0.000;0.624;0.947;0.000;0.557;41.599;0.00;-2.00;27598.0;2208.30;12.67;3.40;1.41;295417.08;17669.68;24859.38;26660.8;11.08;0.66;0.93;25/03/2024 16:06:01;
26/03/2024;17;2.0TD;2;0.000108400989000000;0.184;1.126144706;76.999951;19.184;8.779;49.036951;-0.14;22.86975;0.95152;0.75;0.25;2.35958;93.83860;101.96000;97.42000;37.09000;2093.5;275.0;177.0;46.0;17.30;0.154;0.17498;0.04096;0.00;0.000;0.000;0.621;0.947;0.000;0.557;41.416;0.00;-2.00;26811.9;2305.20;12.49;3.40;1.41;287251.92;20064.00;24859.38;26591.2;10.80;0.75;0.93;25/03/2024 16:06:01;
26/03/2024;18;2.0TD;2;0.000109001089000000;0.185;1.134566020;74.383412;19.184;8.779;46.420412;0.51;22.86975;0.95152;0.75;0.25;2.35958;93.83860;101.96000;97.42000;37.09000;2093.5;275.0;177.0;46.0;14.44;0.154;0.17498;0.04096;0.00;0.000;0.000;0.588;0.947;0.000;0.557;39.173;0.55;0.10;25555.4;2248.40;9.63;3.40;1.41;213441.28;21655.00;24859.38;26997.4;7.91;0.80;0.92;25/03/2024 16:06:01;
26/03/2024;19;2.0TD;1;0.000114638518000000;0.171;1.023130107;124.025182;33.081;43.893;47.051182;1.91;22.86975;0.95152;0.75;0.25;2.35958;93.83860;101.96000;97.42000;37.09000;2093.5;275.0;177.0;46.0;13.26;0.926;0.17498;0.04096;0.00;0.000;0.000;0.603;0.947;0.000;0.557;40.180;2.00;1.10;22636.4;2519.50;8.45;3.40;1.41;190301.56;14804.64;24859.38;27188.0;7.00;0.54;0.91;25/03/2024 16:06:01;
26/03/2024;20;2.0TD;1;0.000132790949000000;0.171;1.023794944;126.033447;33.081;43.893;49.059447;4.91;22.86975;0.95152;0.75;0.25;2.35958;93.83860;101.96000;97.42000;37.09000;2093.5;275.0;177.0;46.0;11.95;0.926;0.17498;0.04096;0.00;0.000;0.000;0.628;0.947;0.000;0.557;41.895;5.00;4.01;23263.3;2443.40;7.14;3.40;1.41;172082.56;9570.00;24859.38;28938.3;5.95;0.33;0.86;25/03/2024 16:06:01;
26/03/2024;21;2.0TD;1;0.000157871410000000;0.174;1.039346750;135.241198;33.081;43.893;58.267198;13.82;22.86975;0.95152;0.75;0.25;2.35958;93.83860;101.96000;97.42000;37.09000;2093.5;275.0;177.0;46.0;10.66;0.926;0.17498;0.04096;0.00;0.000;0.000;0.744;0.947;0.000;0.557;49.631;14.00;12.00;23650.7;2374.10;5.85;3.40;1.41;134126.12;18186.24;24859.38;30302.9;4.43;0.60;0.82;25/03/2024 16:06:01;
26/03/2024;22;2.0TD;1;0.000168139774000000;0.175;1.050318787;127.633354;33.081;43.893;50.659354;7.31;22.86975;0.95152;0.75;0.25;2.35958;93.83860;101.96000;97.42000;37.09000;2093.5;275.0;177.0;46.0;10.75;0.926;0.17498;0.04096;0.00;0.000;0.000;0.647;0.947;0.000;0.557;43.114;7.50;5.55;23443.7;2564.90;5.94;3.40;1.41;138874.96;13406.40;24859.38;29772.0;4.66;0.45;0.83;25/03/2024 16:06:01;
26/03/2024;23;2.0TD;2;0.000150454429000000;0.189;1.157481582;73.814816;19.184;8.779;45.851816;2.99;22.86975;0.95152;0.75;0.25;2.35958;93.83860;101.96000;97.42000;37.09000;2093.5;275.0;177.0;46.0;11.36;0.154;0.17498;0.04096;0.00;0.000;0.000;0.578;0.947;0.000;0.557;38.563;3.20;1.00;21555.0;2306.00;6.55;3.40;1.41;141733.72;12394.20;24859.38;27307.8;5.19;0.45;0.91;25/03/2024 16:06:01;
26/03/2024;24;2.0TD;2;0.000124153585000000;0.196;1.204601409;73.150683;19.184;8.779;45.187683;1.53;22.86975;0.95152;0.75;0.25;2.35958;93.83860;101.96000;97.42000;37.09000;2093.5;275.0;177.0;46.0;12.05;0.154;0.17498;0.04096;0.00;0.000;0.000;0.567;0.947;0.000;0.557;37.782;1.69;0.06;19956.1;2217.00;7.24;3.40;1.41;142277.08;13639.60;24859.38;24973.2;5.70;0.55;1.00;25/03/2024 16:06:01;
*
