pvpcdata;
2024;06;11;12;31;16;
27/05/2024;1;2.0TD;3;0.000085667823000000;0.188;1.045738066;93.551195;0.557;2.195;90.799195;31.41;11.14470;1.13452;0.75;0.25;30.84000;75.41880;101.96000;48.69000;28.32000;1727.6;275.0;154.0;61.0;29.51;0.000;0.17498;0.04096;0.00;0.000;1.146;0.947;0.000;0.557;76.430;32.30;22.30;16282.6;1590.00;25.10;3.16;1.25;471101.36;53453.96;24859.38;21895.3;21.52;2.44;1.14;26/05/2024 16:12:37;
27/05/2024;2;2.0TD;3;0.000072501428000000;0.192;1.068210600;94.535164;0.557;2.195;91.783164;32.04;11.14470;1.13452;0.75;0.25;30.84000;75.41880;101.96000;48.69000;28.32000;1727.6;275.0;154.0;61.0;29.44;0.000;0.17498;0.04096;0.00;0.000;1.155;0.947;0.000;0.557;76.999;33.00;23.00;15089.4;1600.70;25.03;3.16;1.25;469018.00;51610.72;0.00;20802.2;22.55;2.48;0.00;26/05/2024 16:12:37;
27/05/2024;3;2.0TD;3;0.000064798932000000;0.195;1.082745163;94.220047;0.557;2.195;91.468047;29.80;11.14470;1.13452;0.75;0.25;30.84000;75.41880;101.96000;48.69000;28.32000;1727.6;275.0;154.0;61.0;31.23;0.000;0.17498;0.04096;0.00;0.000;1.148;0.947;0.000;0.557;76.542;31.00;18.50;14852.1;1576.80;26.82;3.16;1.25;486628.56;57739.68;0.00;20294.2;23.98;2.85;0.00;26/05/2024 16:12:37;
27/05/2024;4;2.0TD;3;0.000061244233000000;0.195;1.084900465;96.719987;0.557;2.195;93.967987;29.65;11.14470;1.13452;0.75;0.25;30.84000;75.41880;101.96000;48.69000;28.32000;1727.6;275.0;154.0;61.0;33.44;0.000;0.17498;0.04096;0.00;0.000;1.180;0.947;0.000;0.557;78.634;30.90;18.40;14718.0;1639.30;29.03;3.16;1.25;522246.24;57939.60;0.00;19989.0;26.13;2.90;0.00;26/05/2024 16:12:37;
27/05/2024;5;2.0TD;3;0.000060066401000000;0.193;1.072964236;93.994190;0.557;2.195;91.242190;26.81;11.14470;1.13452;0.75;0.25;30.84000;75.41880;101.96000;48.69000;28.32000;1727.6;275.0;154.0;61.0;34.16;0.000;0.17498;0.04096;0.00;0.000;1.147;0.947;0.000;0.557;76.481;28.00;16.00;15597.8;1724.20;29.75;3.16;1.25;532256.76;60712.56;0.00;19928.8;26.71;3.05;0.00;26/05/2024 16:12:37;
27/05/2024;6;2.0TD;3;0.000061820490000000;0.188;1.044611549;96.156479;0.557;2.195;93.404479;29.96;11.14470;1.13452;0.75;0.25;30.84000;75.41880;101.96000;48.69000;28.32000;1727.6;275.0;154.0;61.0;33.12;0.000;0.17498;0.04096;0.00;0.000;1.179;0.947;0.000;0.557;78.623;30.80;23.30;15046.1;1891.90;28.71;3.16;1.25;523880.24;58003.20;0.00;20265.2;25.85;2.86;0.00;26/05/2024 16:12:37;
27/05/2024;7;2.0TD;3;0.000068287541000000;0.174;0.965809676;92.517565;0.557;2.195;89.765565;34.47;11.14470;1.13452;0.75;0.25;30.84000;75.41880;101.96000;48.69000;28.32000;1727.6;275.0;154.0;61.0;26.48;0.000;0.17498;0.04096;0.00;0.000;1.147;0.947;0.000;0.557;76.461;35.01;28.00;16047.9;1345.70;22.07;3.16;1.25;421861.68;55226.88;24859.38;22738.0;18.55;2.43;1.09;26/05/2024 16:12:37;
27/05/2024;8;2.0TD;3;0.000082095967000000;0.164;0.909721226;92.828488;0.557;2.195;90.076488;42.30;11.14470;1.13452;0.75;0.25;30.84000;75.41880;101.96000;48.69000;28.32000;1727.6;275.0;154.0;61.0;19.56;0.000;0.17498;0.04096;0.00;0.000;1.161;0.947;0.000;0.557;77.385;43.01;35.51;15775.1;1650.20;15.15;3.16;1.25;210137.16;151144.84;24859.38;25496.7;8.24;5.93;0.98;26/05/2024 16:12:37;
27/05/2024;9;2.0TD;2;0.000096324317000000;0.179;1.097100627;104.685599;19.184;8.779;76.722599;34.89;11.14470;1.13452;0.75;0.25;30.84000;75.41880;101.96000;48.69000;28.32000;1727.6;275.0;154.0;61.0;14.69;0.154;0.17498;0.04096;0.00;0.000;0.976;0.947;0.000;0.557;65.074;35.00;33.02;19314.0;1187.20;10.28;3.16;1.25;163643.44;89157.48;24859.38;26999.0;6.06;3.30;0.92;26/05/2024 16:12:37;
27/05/2024;10;2.0TD;2;0.000103297858000000;0.147;0.901129802;104.233108;19.184;8.779;76.270108;33.31;11.14470;1.13452;0.75;0.25;30.84000;75.41880;101.96000;48.69000;28.32000;1727.6;275.0;154.0;61.0;17.67;0.154;0.17498;0.04096;0.00;0.000;0.997;0.947;0.000;0.557;66.495;33.50;30.70;22846.4;1682.90;13.26;3.16;1.25;167875.40;173692.80;24859.38;27643.5;6.07;6.28;0.90;26/05/2024 16:12:37;
27/05/2024;11;2.0TD;1;0.000109031233000000;0.145;0.871033070;146.360197;33.081;43.893;69.386197;31.61;11.14470;1.13452;0.75;0.25;30.84000;75.41880;101.96000;48.69000;28.32000;1727.6;275.0;154.0;61.0;12.79;0.926;0.17498;0.04096;0.00;0.000;0.909;0.947;0.000;0.557;60.599;31.53;33.04;24830.2;1458.10;8.38;3.16;1.25;168156.48;36151.92;24859.38;27359.8;6.15;1.32;0.91;26/05/2024 16:12:37;
27/05/2024;12;2.0TD;1;0.000111643496000000;0.145;0.866367581;140.512682;33.081;43.893;63.538682;26.03;11.14470;1.13452;0.75;0.25;30.84000;75.41880;101.96000;48.69000;28.32000;1727.6;275.0;154.0;61.0;13.34;0.926;0.17498;0.04096;0.00;0.000;0.832;0.947;0.000;0.557;55.492;26.12;24.22;26146.1;1349.10;8.93;3.16;1.25;188408.96;33642.96;24859.38;27641.8;6.82;1.22;0.90;26/05/2024 16:12:37;
27/05/2024;13;2.0TD;1;0.000116204142000000;0.143;0.855639026;146.273289;33.081;43.893;69.299289;30.38;11.14470;1.13452;0.75;0.25;30.84000;75.41880;101.96000;48.69000;28.32000;1727.6;275.0;154.0;61.0;14.05;0.926;0.17498;0.04096;0.00;0.000;0.909;0.947;0.000;0.557;60.629;30.60;26.15;26057.6;1336.70;9.64;3.16;1.25;203462.28;39762.64;24859.38;27804.9;7.32;1.43;0.89;26/05/2024 16:12:37;
27/05/2024;14;2.0TD;1;0.000123811019000000;0.140;0.837740526;140.293361;33.081;43.893;63.319361;24.90;11.14470;1.13452;0.75;0.25;30.84000;75.41880;101.96000;48.69000;28.32000;1727.6;275.0;154.0;61.0;14.52;0.926;0.17498;0.04096;0.00;0.000;0.833;0.947;0.000;0.557;55.543;25.00;23.00;26430.9;1417.70;10.11;3.16;1.25;224698.32;35118.72;24859.38;28144.4;7.98;1.25;0.88;26/05/2024 16:12:37;
27/05/2024;15;2.0TD;2;0.000123124919000000;0.161;0.985518053;88.533878;19.184;8.779;60.570878;22.23;11.14470;1.13452;0.75;0.25;30.84000;75.41880;101.96000;48.69000;28.32000;1727.6;275.0;154.0;61.0;14.64;0.154;0.17498;0.04096;0.00;0.000;0.783;0.947;0.000;0.557;52.171;22.23;22.23;26693.3;1517.50;10.23;3.16;1.25;221915.04;36114.80;24859.38;27642.5;8.03;1.31;0.90;26/05/2024 16:12:37;
27/05/2024;16;2.0TD;2;0.000112531651000000;0.170;1.040890793;80.557190;19.184;8.779;52.594190;14.41;11.14470;1.13452;0.75;0.25;30.84000;75.41880;101.96000;48.69000;28.32000;1727.6;275.0;154.0;61.0;15.35;0.154;0.17498;0.04096;0.00;0.000;0.674;0.947;0.000;0.557;44.952;14.33;15.83;26842.1;1545.00;10.94;3.16;1.25;229647.08;37642.00;24859.38;26699.2;8.60;1.41;0.93;26/05/2024 16:12:37;
27/05/2024;17;2.0TD;2;0.000105967277000000;0.176;1.079001900;72.278560;19.184;8.779;44.315560;6.00;11.14470;1.13452;0.75;0.25;30.84000;75.41880;101.96000;48.69000;28.32000;1727.6;275.0;154.0;61.0;16.60;0.154;0.17498;0.04096;0.00;0.000;0.565;0.947;0.000;0.557;37.683;6.00;6.00;26471.8;1553.20;12.19;3.16;1.25;249155.52;51835.52;24859.38;26735.7;9.32;1.94;0.93;26/05/2024 16:12:37;
27/05/2024;18;2.0TD;2;0.000105758658000000;0.176;1.080611788;85.136944;19.184;8.779;57.173944;17.72;11.14470;1.13452;0.75;0.25;30.84000;75.41880;101.96000;48.69000;28.32000;1727.6;275.0;154.0;61.0;15.65;0.154;0.17498;0.04096;0.00;0.000;0.729;0.947;0.000;0.557;48.617;17.72;17.72;26221.0;1455.20;11.24;3.16;1.25;223063.20;53699.80;24859.38;26853.4;8.31;2.00;0.93;26/05/2024 16:12:37;
27/05/2024;19;2.0TD;1;0.000107307270000000;0.154;0.922311831;145.136509;33.081;43.893;68.162509;25.49;11.14470;1.13452;0.75;0.25;30.84000;75.41880;101.96000;48.69000;28.32000;1727.6;275.0;154.0;61.0;17.40;0.926;0.17498;0.04096;0.00;0.000;0.886;0.947;0.000;0.557;59.066;25.57;24.07;25598.6;1418.20;12.99;3.16;1.25;205780.80;119650.00;24859.38;26965.2;7.63;4.44;0.92;26/05/2024 16:12:37;
27/05/2024;20;2.0TD;1;0.000112056347000000;0.158;0.945930887;153.061894;33.081;43.893;76.087894;31.56;11.14470;1.13452;0.75;0.25;30.84000;75.41880;101.96000;48.69000;28.32000;1727.6;275.0;154.0;61.0;17.87;0.926;0.17498;0.04096;0.00;0.000;0.986;0.947;0.000;0.557;65.706;31.66;30.16;23556.3;1736.80;13.46;3.16;1.25;195712.36;147632.16;24859.38;27352.7;7.16;5.40;0.91;26/05/2024 16:12:37;
27/05/2024;21;2.0TD;1;0.000124136211000000;0.158;0.943815887;154.365802;33.081;43.893;77.391802;34.92;11.14470;1.13452;0.75;0.25;30.84000;75.41880;101.96000;48.69000;28.32000;1727.6;275.0;154.0;61.0;15.62;0.926;0.17498;0.04096;0.00;0.000;1.002;0.947;0.000;0.557;66.832;35.01;33.02;19813.7;901.50;11.21;3.16;1.25;178075.56;112605.76;24859.38;28130.6;6.33;4.00;0.88;26/05/2024 16:12:37;
27/05/2024;22;2.0TD;1;0.000139245499000000;0.163;0.974339374;173.839455;33.081;43.893;96.865455;54.00;11.14470;1.13452;0.75;0.25;30.84000;75.41880;101.96000;48.69000;28.32000;1727.6;275.0;154.0;61.0;12.75;0.926;0.17498;0.04096;0.00;0.000;1.249;0.947;0.000;0.557;83.289;54.00;54.00;19682.4;1024.00;8.34;3.16;1.25;178248.40;32813.76;24859.38;28300.2;6.30;1.16;0.88;26/05/2024 16:12:37;
27/05/2024;23;2.0TD;2;0.000132058329000000;0.190;1.167333569;123.897586;19.184;8.779;95.934586;52.37;11.14470;1.13452;0.75;0.25;30.84000;75.41880;101.96000;48.69000;28.32000;1727.6;275.0;154.0;61.0;12.52;0.154;0.17498;0.04096;0.00;0.000;1.209;0.947;0.000;0.557;80.617;52.82;46.82;18233.0;1485.20;8.11;3.16;1.25;159999.64;35239.68;24859.38;27167.5;5.89;1.30;0.92;26/05/2024 16:12:37;
27/05/2024;24;2.0TD;2;0.000108052435000000;0.196;1.202205165;104.747754;19.184;8.779;76.784754;34.94;11.14470;1.13452;0.75;0.25;30.84000;75.41880;101.96000;48.69000;28.32000;1727.6;275.0;154.0;61.0;13.78;0.154;0.17498;0.04096;0.00;0.000;0.963;0.947;0.000;0.557;64.201;35.05;33.04;16632.2;951.10;9.37;3.16;1.25;183524.44;23110.08;24859.38;24730.0;7.42;0.93;1.01;26/05/2024 16:12:37;
*
