pvpcdata;
2024;06;11;12;31;08;
19/05/2024;1;2.0TD;3;0.000089089143000000;0.198;1.101227227;115.665584;0.557;2.195;112.913584;58.18;12.20418;1.08138;0.75;0.25;26.60208;75.41880;101.96000;48.69000;28.32000;1812.5;275.0;154.0;61.0;19.74;0.000;0.17498;0.04096;0.00;0.000;1.414;0.947;0.000;0.557;94.251;58.15;59.00;16815.4;633.50;15.33;3.16;1.25;273292.40;23729.16;24859.38;20991.2;13.02;1.13;1.18;18/05/2024 16:10:35;
19/05/2024;2;2.0TD;3;0.000075534129000000;0.200;1.112420602;111.054088;0.557;2.195;108.302088;53.88;12.20418;1.08138;0.75;0.25;26.60208;75.41880;101.96000;48.69000;28.32000;1812.5;275.0;154.0;61.0;20.10;0.000;0.17498;0.04096;0.00;0.000;1.354;0.947;0.000;0.557;90.251;53.85;54.70;16235.3;621.80;15.69;3.16;1.25;278103.40;30726.28;0.00;19686.9;14.13;1.56;0.00;18/05/2024 16:10:35;
19/05/2024;3;2.0TD;3;0.000066118100000000;0.204;1.134049047;108.774723;0.557;2.195;106.022723;50.92;12.20418;1.08138;0.75;0.25;26.60208;75.41880;101.96000;48.69000;28.32000;1812.5;275.0;154.0;61.0;20.90;0.000;0.17498;0.04096;0.00;0.000;1.321;0.947;0.000;0.557;88.058;50.91;51.11;15509.4;624.80;16.49;3.16;1.25;279782.24;33217.60;0.00;18981.2;14.74;1.75;0.00;18/05/2024 16:10:35;
19/05/2024;4;2.0TD;3;0.000061058277000000;0.205;1.136222997;108.886882;0.557;2.195;106.134882;49.98;12.20418;1.08138;0.75;0.25;26.60208;75.41880;101.96000;48.69000;28.32000;1812.5;275.0;154.0;61.0;21.86;0.000;0.17498;0.04096;0.00;0.000;1.321;0.947;0.000;0.557;88.078;49.98;49.98;14766.6;774.10;17.45;3.16;1.25;277062.80;43657.36;0.00;18378.7;15.08;2.38;0.00;18/05/2024 16:10:35;
19/05/2024;5;2.0TD;3;0.000058627064000000;0.205;1.139602405;107.846967;0.557;2.195;105.094967;48.54;12.20418;1.08138;0.75;0.25;26.60208;75.41880;101.96000;48.69000;28.32000;1812.5;275.0;154.0;61.0;22.45;0.000;0.17498;0.04096;0.00;0.000;1.308;0.947;0.000;0.557;87.215;48.47;50.01;14712.0;734.70;18.04;3.16;1.25;277655.88;44680.08;0.00;17869.7;15.54;2.50;0.00;18/05/2024 16:10:35;
19/05/2024;6;2.0TD;3;0.000058067731000000;0.205;1.138176963;99.357742;0.557;2.195;96.605742;40.88;12.20418;1.08138;0.75;0.25;26.60208;75.41880;101.96000;48.69000;28.32000;1812.5;275.0;154.0;61.0;23.17;0.000;0.17498;0.04096;0.00;0.000;1.203;0.947;0.000;0.557;80.170;39.90;57.90;14463.4;836.30;18.76;3.16;1.25;286047.28;50688.96;0.00;17952.8;15.93;2.82;0.00;18/05/2024 16:10:35;
19/05/2024;7;2.0TD;3;0.000057763774000000;0.202;1.122721195;101.081297;0.557;2.195;98.329297;42.55;12.20418;1.08138;0.75;0.25;26.60208;75.41880;101.96000;48.69000;28.32000;1812.5;275.0;154.0;61.0;23.11;0.000;0.17498;0.04096;0.00;0.000;1.227;0.947;0.000;0.557;81.804;41.20;65.01;14338.9;864.00;18.70;3.16;1.25;283401.40;53181.44;0.00;17999.6;15.74;2.95;0.00;18/05/2024 16:10:35;
19/05/2024;8;2.0TD;3;0.000057131446000000;0.199;1.107419227;116.307779;0.557;2.195;113.555779;49.54;12.20418;1.08138;0.75;0.25;26.60208;75.41880;101.96000;48.69000;28.32000;1812.5;275.0;154.0;61.0;28.83;0.000;0.17498;0.04096;0.00;0.000;1.421;0.947;0.000;0.557;94.708;49.19;58.73;14321.4;545.70;24.42;3.16;1.25;314624.88;119650.00;0.00;17782.8;17.69;6.73;0.00;18/05/2024 16:10:35;
19/05/2024;9;2.0TD;3;0.000068706358000000;0.179;0.993139702;101.413950;0.557;2.195;98.661950;34.34;12.20418;1.08138;0.75;0.25;26.60208;75.41880;101.96000;48.69000;28.32000;1812.5;275.0;154.0;61.0;33.17;0.000;0.17498;0.04096;0.00;0.000;1.255;0.947;0.000;0.557;83.682;35.00;26.00;15707.5;1248.10;28.76;3.16;1.25;367611.68;182977.20;0.00;19145.1;19.20;9.56;0.00;18/05/2024 16:10:35;
19/05/2024;10;2.0TD;3;0.000087102503000000;0.162;0.900960019;66.358416;0.557;2.195;63.606416;6.01;12.20418;1.08138;0.75;0.25;26.60208;75.41880;101.96000;48.69000;28.32000;1812.5;275.0;154.0;61.0;32.99;0.000;0.17498;0.04096;0.00;0.000;0.821;0.947;0.000;0.557;54.738;6.69;-2.00;21912.1;1866.70;28.58;3.16;1.25;447186.64;148371.20;0.00;20840.0;21.46;7.12;0.00;18/05/2024 16:10:35;
19/05/2024;11;2.0TD;3;0.000102296442000000;0.149;0.825152296;46.563071;0.557;2.195;43.811071;-0.30;12.20418;1.08138;0.75;0.25;26.60208;75.41880;101.96000;48.69000;28.32000;1812.5;275.0;154.0;61.0;22.94;0.000;0.17498;0.04096;0.00;0.000;0.572;0.947;0.000;0.557;38.129;0.00;-5.00;24177.7;1546.30;18.53;3.16;1.25;379987.28;18996.00;0.00;21529.5;17.65;0.88;0.00;18/05/2024 16:10:35;
19/05/2024;12;2.0TD;3;0.000108705480000000;0.148;0.822150178;44.414917;0.557;2.195;41.662917;-0.29;12.20418;1.08138;0.75;0.25;26.60208;75.41880;101.96000;48.69000;28.32000;1812.5;275.0;154.0;61.0;21.12;0.000;0.17498;0.04096;0.00;0.000;0.544;0.947;0.000;0.557;36.291;0.00;-5.00;24607.3;1491.10;16.71;3.16;1.25;347475.64;19140.00;0.00;21945.5;15.83;0.87;0.00;18/05/2024 16:10:35;
19/05/2024;13;2.0TD;3;0.000111206522000000;0.148;0.820552373;45.021061;0.557;2.195;42.269061;-0.26;12.20418;1.08138;0.75;0.25;26.60208;75.41880;101.96000;48.69000;28.32000;1812.5;275.0;154.0;61.0;21.61;0.000;0.17498;0.04096;0.00;0.000;0.552;0.947;0.000;0.557;36.819;0.00;-5.00;24693.7;1361.30;17.20;3.16;1.25;361039.48;19140.00;0.00;22104.4;16.33;0.87;0.00;18/05/2024 16:10:35;
19/05/2024;14;2.0TD;3;0.000117348077000000;0.144;0.799941388;44.571766;0.557;2.195;41.819766;-0.26;12.20418;1.08138;0.75;0.25;26.60208;75.41880;101.96000;48.69000;28.32000;1812.5;275.0;154.0;61.0;21.35;0.000;0.17498;0.04096;0.00;0.000;0.548;0.947;0.000;0.557;36.555;0.00;-5.00;25009.9;1355.00;16.94;3.16;1.25;361667.72;19152.00;0.00;22475.3;16.09;0.85;0.00;18/05/2024 16:10:35;
19/05/2024;15;2.0TD;3;0.000115237085000000;0.144;0.800409299;44.758238;0.557;2.195;42.006238;-0.39;12.20418;1.08138;0.75;0.25;26.60208;75.41880;101.96000;48.69000;28.32000;1812.5;275.0;154.0;61.0;21.64;0.000;0.17498;0.04096;0.00;0.000;0.551;0.947;0.000;0.557;36.718;0.00;-7.00;24643.6;1473.00;17.23;3.16;1.25;363569.16;19104.00;0.00;22206.3;16.37;0.86;0.00;18/05/2024 16:10:35;
19/05/2024;16;2.0TD;3;0.000099545562000000;0.153;0.850614853;47.149118;0.557;2.195;44.397118;-1.16;12.20418;1.08138;0.75;0.25;26.60208;75.41880;101.96000;48.69000;28.32000;1812.5;275.0;154.0;61.0;24.17;0.000;0.17498;0.04096;0.00;0.000;0.578;0.947;0.000;0.557;38.505;-0.62;-9.62;22668.4;1448.10;19.76;3.16;1.25;367869.56;47490.00;0.00;21016.0;17.50;2.26;0.00;18/05/2024 16:10:35;
19/05/2024;17;2.0TD;3;0.000090311911000000;0.159;0.880682831;48.309670;0.557;2.195;45.557670;-1.12;12.20418;1.08138;0.75;0.25;26.60208;75.41880;101.96000;48.69000;28.32000;1812.5;275.0;154.0;61.0;24.92;0.000;0.17498;0.04096;0.00;0.000;0.590;0.947;0.000;0.557;39.307;-0.62;-9.00;22032.4;1445.00;20.51;3.16;1.25;367636.32;51983.28;0.00;20458.6;17.97;2.54;0.00;18/05/2024 16:10:35;
19/05/2024;18;2.0TD;3;0.000087714733000000;0.163;0.904995943;51.253449;0.557;2.195;48.501449;-0.22;12.20418;1.08138;0.75;0.25;26.60208;75.41880;101.96000;48.69000;28.32000;1812.5;275.0;154.0;61.0;26.38;0.000;0.17498;0.04096;0.00;0.000;0.626;0.947;0.000;0.557;41.703;0.00;-4.60;22863.5;1178.70;21.97;3.16;1.25;434914.84;19056.00;0.00;20660.0;21.05;0.92;0.00;18/05/2024 16:10:35;
19/05/2024;19;2.0TD;3;0.000089563468000000;0.168;0.932452749;65.370512;0.557;2.195;62.618512;4.67;12.20418;1.08138;0.75;0.25;26.60208;75.41880;101.96000;48.69000;28.32000;1812.5;275.0;154.0;61.0;33.22;0.000;0.17498;0.04096;0.00;0.000;0.804;0.947;0.000;0.557;53.611;5.00;0.00;24546.2;1715.60;28.81;3.16;1.25;410985.88;205692.48;0.00;21407.1;19.20;9.61;0.00;18/05/2024 16:10:35;
19/05/2024;20;2.0TD;3;0.000094464104000000;0.173;0.962010943;79.476452;0.557;2.195;76.724452;20.47;12.20418;1.08138;0.75;0.25;26.60208;75.41880;101.96000;48.69000;28.32000;1812.5;275.0;154.0;61.0;29.04;0.000;0.17498;0.04096;0.00;0.000;0.981;0.947;0.000;0.557;65.408;20.80;15.00;19802.7;1203.60;24.63;3.16;1.25;365831.20;182596.00;0.00;22270.1;16.43;8.20;0.00;18/05/2024 16:10:35;
19/05/2024;21;2.0TD;3;0.000106241557000000;0.176;0.977091275;84.962326;0.557;2.195;82.210326;34.77;12.20418;1.08138;0.75;0.25;26.60208;75.41880;101.96000;48.69000;28.32000;1812.5;275.0;154.0;61.0;19.17;0.000;0.17498;0.04096;0.00;0.000;1.049;0.947;0.000;0.557;69.906;35.00;30.51;18808.2;1024.20;14.76;3.16;1.25;161826.88;183437.52;0.00;23388.4;6.92;7.84;0.00;18/05/2024 16:10:35;
19/05/2024;22;2.0TD;3;0.000125957135000000;0.174;0.966951855;96.156309;0.557;2.195;93.404309;51.88;12.20418;1.08138;0.75;0.25;26.60208;75.41880;101.96000;48.69000;28.32000;1812.5;275.0;154.0;61.0;11.57;0.000;0.17498;0.04096;0.00;0.000;1.193;0.947;0.000;0.557;79.560;51.86;52.55;19425.7;524.80;7.16;3.16;1.25;124246.24;30094.72;24859.38;24995.3;4.97;1.20;0.99;18/05/2024 16:10:35;
19/05/2024;23;2.0TD;3;0.000123472391000000;0.179;0.992944833;90.211092;0.557;2.195;87.459092;45.93;12.20418;1.08138;0.75;0.25;26.60208;75.41880;101.96000;48.69000;28.32000;1812.5;275.0;154.0;61.0;12.22;0.000;0.17498;0.04096;0.00;0.000;1.113;0.947;0.000;0.557;74.180;45.54;55.01;17041.7;732.40;7.81;3.16;1.25;128975.12;38328.00;24859.38;24603.1;5.24;1.56;1.01;18/05/2024 16:10:35;
19/05/2024;24;2.0TD;3;0.000104208427000000;0.185;1.026698583;94.240802;0.557;2.195;91.488802;48.15;12.20418;1.08138;0.75;0.25;26.60208;75.41880;101.96000;48.69000;28.32000;1812.5;275.0;154.0;61.0;12.98;0.000;0.17498;0.04096;0.00;0.000;1.158;0.947;0.000;0.557;77.205;48.15;48.16;18032.2;568.30;8.57;3.16;1.25;128428.84;40934.40;24859.38;22664.7;5.67;1.81;1.10;18/05/2024 16:10:35;
*
