pvpcdata;
2024;10;09;11;29;33;
11/09/2024;1;2.0TD;3;0.000093215627000000;0.162;0.902739836;119.094038;0.557;2.195;116.342038;81.90;3.48656;1.23613;0.75;0.25;76.73875;90.68500;101.96000;73.51000;91.63000;1802.4;275.0;234.0;48.0;10.69;0.000;0.17498;0.04096;0.00;0.000;1.502;0.947;0.000;0.557;100.122;80.89;95.89;17547.1;1265.60;6.56;3.08;1.05;94484.24;40423.84;24859.38;24363.5;3.88;1.66;1.02;10/09/2024 16:08:09;
11/09/2024;2;2.0TD;3;0.000080034743000000;0.170;0.944899601;118.730866;0.557;2.195;115.978866;78.94;3.48656;1.23613;0.75;0.25;76.73875;90.68500;101.96000;73.51000;91.63000;1802.4;275.0;234.0;48.0;12.67;0.000;0.17498;0.04096;0.00;0.000;1.487;0.947;0.000;0.557;99.127;77.75;94.99;16618.1;1237.50;8.54;3.08;1.05;109340.16;63840.00;24859.38;23186.9;4.72;2.75;1.07;10/09/2024 16:08:09;
11/09/2024;3;2.0TD;3;0.000072421432000000;0.173;0.961780103;112.050071;0.557;2.195;109.298071;71.78;3.48656;1.23613;0.75;0.25;76.73875;90.68500;101.96000;73.51000;91.63000;1802.4;275.0;234.0;48.0;13.97;0.000;0.17498;0.04096;0.00;0.000;1.398;0.947;0.000;0.557;93.178;71.00;82.21;16278.1;1213.20;9.84;3.08;1.05;125156.52;70640.40;24859.38;22426.8;5.58;3.15;1.11;10/09/2024 16:08:09;
11/09/2024;4;2.0TD;3;0.000068362206000000;0.176;0.976852288;124.029630;0.557;2.195;121.277630;80.30;3.48656;1.23613;0.75;0.25;76.73875;90.68500;101.96000;73.51000;91.63000;1802.4;275.0;234.0;48.0;15.25;0.000;0.17498;0.04096;0.00;0.000;1.547;0.947;0.000;0.557;103.127;79.77;87.93;15328.2;1065.90;11.12;3.08;1.05;163860.52;79700.00;0.00;21901.6;7.48;3.64;0.00;10/09/2024 16:08:09;
11/09/2024;5;2.0TD;3;0.000066355310000000;0.176;0.979712855;127.957470;0.557;2.195;125.205470;84.84;3.48656;1.23613;0.75;0.25;76.73875;90.68500;101.96000;73.51000;91.63000;1802.4;275.0;234.0;48.0;14.00;0.000;0.17498;0.04096;0.00;0.000;1.597;0.947;0.000;0.557;106.467;84.84;84.84;14467.3;1049.10;9.87;3.08;1.05;133918.80;82458.24;0.00;21927.2;6.11;3.76;0.00;10/09/2024 16:08:09;
11/09/2024;6;2.0TD;3;0.000066633544000000;0.172;0.957003679;132.505569;0.557;2.195;129.753569;89.85;3.48656;1.23613;0.75;0.25;76.73875;90.68500;101.96000;73.51000;91.63000;1802.4;275.0;234.0;48.0;13.17;0.000;0.17498;0.04096;0.00;0.000;1.661;0.947;0.000;0.557;110.711;89.84;89.94;14415.4;1005.00;9.04;3.08;1.05;122947.72;75858.00;0.00;21985.9;5.59;3.45;0.00;10/09/2024 16:08:09;
11/09/2024;7;2.0TD;3;0.000072403237000000;0.160;0.887493253;136.793754;0.557;2.195;134.041754;97.67;3.48656;1.23613;0.75;0.25;76.73875;90.68500;101.96000;73.51000;91.63000;1802.4;275.0;234.0;48.0;10.12;0.000;0.17498;0.04096;0.00;0.000;1.733;0.947;0.000;0.557;115.553;97.63;98.20;15326.4;1067.80;5.99;3.08;1.05;96753.20;19048.16;24859.38;23498.9;4.12;0.81;1.06;10/09/2024 16:08:09;
11/09/2024;8;2.0TD;3;0.000084948981000000;0.151;0.839458813;139.130809;0.557;2.195;136.378809;102.79;3.48656;1.23613;0.75;0.25;76.73875;90.68500;101.96000;73.51000;91.63000;1802.4;275.0;234.0;48.0;7.89;0.000;0.17498;0.04096;0.00;0.000;1.777;0.947;0.000;0.557;118.487;102.98;100.22;16239.6;1229.80;3.76;3.08;1.05;59656.76;12768.00;24859.38;25884.5;2.30;0.49;0.96;10/09/2024 16:08:09;
11/09/2024;9;2.0TD;2;0.000088900417000000;0.154;0.944077072;169.564842;19.184;8.779;141.601842;103.50;3.48656;1.23613;0.75;0.25;76.73875;90.68500;101.96000;73.51000;91.63000;1802.4;275.0;234.0;48.0;11.18;0.154;0.17498;0.04096;0.00;0.000;1.841;0.947;0.000;0.557;122.705;103.70;100.64;17121.9;1180.70;7.05;3.08;1.05;55244.88;110890.08;24859.38;27093.9;2.04;4.09;0.92;10/09/2024 16:08:09;
11/09/2024;10;2.0TD;2;0.000092678896000000;0.140;0.859617545;158.426009;19.184;8.779;130.463009;94.38;3.48656;1.23613;0.75;0.25;76.73875;90.68500;101.96000;73.51000;91.63000;1802.4;275.0;234.0;48.0;12.16;0.154;0.17498;0.04096;0.00;0.000;1.717;0.947;0.000;0.557;114.441;94.44;93.08;20041.8;979.70;8.03;3.08;1.05;66377.44;133760.64;24859.38;28018.4;2.37;4.77;0.89;10/09/2024 16:08:09;
11/09/2024;11;2.0TD;1;0.000096727821000000;0.144;0.864337368;181.474094;33.081;43.893;104.500094;69.90;3.48656;1.23613;0.75;0.25;76.73875;90.68500;101.96000;73.51000;91.63000;1802.4;275.0;234.0;48.0;13.12;0.926;0.17498;0.04096;0.00;0.000;1.370;0.947;0.000;0.557;91.346;70.10;65.22;23777.5;994.20;8.99;3.08;1.05;102791.64;134067.12;24859.38;29086.7;3.53;4.61;0.85;10/09/2024 16:08:09;
11/09/2024;12;2.0TD;1;0.000098473578000000;0.149;0.893543203;158.834776;33.081;43.893;81.860776;51.98;3.48656;1.23613;0.75;0.25;76.73875;90.68500;101.96000;73.51000;91.63000;1802.4;275.0;234.0;48.0;11.24;0.926;0.17498;0.04096;0.00;0.000;1.069;0.947;0.000;0.557;71.245;51.99;51.80;28673.2;1067.10;7.11;3.08;1.05;127192.48;57348.00;24859.38;29453.3;4.32;1.95;0.84;10/09/2024 16:08:09;
11/09/2024;13;2.0TD;1;0.000102483967000000;0.144;0.863393782;156.445662;33.081;43.893;79.471662;50.23;3.48656;1.23613;0.75;0.25;76.73875;90.68500;101.96000;73.51000;91.63000;1802.4;275.0;234.0;48.0;11.24;0.926;0.17498;0.04096;0.00;0.000;1.042;0.947;0.000;0.557;69.468;50.24;50.05;29199.8;1038.50;7.11;3.08;1.05;129626.72;55968.00;24859.38;29615.0;4.38;1.89;0.84;10/09/2024 16:08:09;
11/09/2024;14;2.0TD;1;0.000109647215000000;0.138;0.824143632;153.048431;33.081;43.893;76.074431;47.70;3.48656;1.23613;0.75;0.25;76.73875;90.68500;101.96000;73.51000;91.63000;1802.4;275.0;234.0;48.0;11.19;0.926;0.17498;0.04096;0.00;0.000;1.003;0.947;0.000;0.557;66.849;47.70;47.70;29080.6;1245.60;7.06;3.08;1.05;133097.00;53390.40;24859.38;29915.6;4.45;1.78;0.83;10/09/2024 16:08:09;
11/09/2024;15;2.0TD;2;0.000110674345000000;0.136;0.835031316;100.107220;19.184;8.779;72.144220;45.00;3.48656;1.23613;0.75;0.25;76.73875;90.68500;101.96000;73.51000;91.63000;1802.4;275.0;234.0;48.0;11.37;0.154;0.17498;0.04096;0.00;0.000;0.953;0.947;0.000;0.557;63.507;45.00;44.89;29025.3;1241.60;7.24;3.08;1.05;137633.64;50720.00;24859.38;29447.0;4.67;1.72;0.84;10/09/2024 16:08:09;
11/09/2024;16;2.0TD;2;0.000104307056000000;0.141;0.863783371;76.399860;19.184;8.779;48.436860;23.76;3.48656;1.23613;0.75;0.25;76.73875;90.68500;101.96000;73.51000;91.63000;1802.4;275.0;234.0;48.0;11.87;0.154;0.17498;0.04096;0.00;0.000;0.637;0.947;0.000;0.557;42.451;23.75;24.00;28833.8;1283.10;7.74;3.08;1.05;166930.32;28710.00;24859.38;28480.8;5.86;1.01;0.87;10/09/2024 16:08:09;
11/09/2024;17;2.0TD;2;0.000102460182000000;0.147;0.904273924;66.570144;19.184;8.779;38.607144;15.00;3.48656;1.23613;0.75;0.25;76.73875;90.68500;101.96000;73.51000;91.63000;1802.4;275.0;234.0;48.0;11.97;0.154;0.17498;0.04096;0.00;0.000;0.505;0.947;0.000;0.557;33.659;15.00;15.00;28441.9;1270.40;7.84;3.08;1.05;178207.80;19159.92;24859.38;28358.6;6.28;0.68;0.88;10/09/2024 16:08:09;
11/09/2024;18;2.0TD;2;0.000105847027000000;0.149;0.913513895;108.957430;19.184;8.779;80.994430;50.24;3.48656;1.23613;0.75;0.25;76.73875;90.68500;101.96000;73.51000;91.63000;1802.4;275.0;234.0;48.0;13.01;0.154;0.17498;0.04096;0.00;0.000;1.057;0.947;0.000;0.557;70.491;50.24;50.24;27909.9;1113.80;8.88;3.08;1.05;129965.00;98800.00;24859.38;28546.5;4.55;3.46;0.87;10/09/2024 16:08:09;
11/09/2024;19;2.0TD;1;0.000109094490000000;0.158;0.945445200;190.348263;33.081;43.893;113.374263;75.99;3.48656;1.23613;0.75;0.25;76.73875;90.68500;101.96000;73.51000;91.63000;1802.4;275.0;234.0;48.0;13.49;0.926;0.17498;0.04096;0.00;0.000;1.469;0.947;0.000;0.557;97.905;76.16;71.85;22987.8;956.40;9.36;3.08;1.05;93895.24;149340.80;24859.38;28633.2;3.28;5.22;0.87;10/09/2024 16:08:09;
11/09/2024;20;2.0TD;1;0.000113300101000000;0.157;0.939518099;215.645351;33.081;43.893;138.671351;99.95;3.48656;1.23613;0.75;0.25;76.73875;90.68500;101.96000;73.51000;91.63000;1802.4;275.0;234.0;48.0;11.15;0.926;0.17498;0.04096;0.00;0.000;1.798;0.947;0.000;0.557;119.854;99.95;99.95;19461.0;1105.80;7.02;3.08;1.05;58777.44;110127.68;24859.38;27589.7;2.13;3.99;0.90;10/09/2024 16:08:09;
11/09/2024;21;2.0TD;1;0.000131356227000000;0.151;0.901605280;230.175825;33.081;43.893;153.201825;112.86;3.48656;1.23613;0.75;0.25;76.73875;90.68500;101.96000;73.51000;91.63000;1802.4;275.0;234.0;48.0;11.29;0.926;0.17498;0.04096;0.00;0.000;1.997;0.947;0.000;0.557;133.103;113.00;111.12;18223.0;1412.00;7.16;3.08;1.05;160982.44;14382.00;24859.38;27948.7;5.76;0.51;0.89;10/09/2024 16:08:09;
11/09/2024;22;2.0TD;1;0.000145054517000000;0.144;0.864540325;227.641358;33.081;43.893;150.667358;109.80;3.48656;1.23613;0.75;0.25;76.73875;90.68500;101.96000;73.51000;91.63000;1802.4;275.0;234.0;48.0;12.97;0.926;0.17498;0.04096;0.00;0.000;1.976;0.947;0.000;0.557;131.702;110.04;106.98;18402.8;1580.90;8.84;3.08;1.05;215808.52;11186.00;24859.38;28475.6;7.58;0.39;0.87;10/09/2024 16:08:09;
11/09/2024;23;2.0TD;2;0.000129426288000000;0.151;0.927659335;171.650659;19.184;8.779;143.687659;102.56;3.48656;1.23613;0.75;0.25;76.73875;90.68500;101.96000;73.51000;91.63000;1802.4;275.0;234.0;48.0;14.22;0.154;0.17498;0.04096;0.00;0.000;1.873;0.947;0.000;0.557;124.837;102.98;97.98;17208.5;1593.00;10.09;3.08;1.05;232203.68;10035.44;24859.38;26482.6;8.77;0.38;0.94;10/09/2024 16:08:09;
11/09/2024;24;2.0TD;2;0.000109376065000000;0.158;0.967227320;173.640831;19.184;8.779;145.677831;102.18;3.48656;1.23613;0.75;0.25;76.73875;90.68500;101.96000;73.51000;91.63000;1802.4;275.0;234.0;48.0;15.55;0.154;0.17498;0.04096;0.00;0.000;1.887;0.947;0.000;0.557;125.801;102.74;96.91;15723.4;1668.90;11.42;3.08;1.05;247628.40;9779.76;24859.38;24718.0;10.02;0.40;1.01;10/09/2024 16:08:09;
*
