pvpcdata;
2024;09;10;12;18;58;
10/08/2024;1;2.0TD;3;0.000117120746000000;0.181;1.007958879;148.378781;0.557;2.195;145.626781;110.06;4.42402;0.86067;0.75;0.25;71.35792;89.05400;101.96000;73.51000;75.32000;2630.5;275.0;234.0;57.0;5.87;0.000;0.17498;0.04096;0.00;0.000;1.850;0.947;0.000;0.557;123.308;109.56;119.00;19532.0;1102.60;1.74;3.08;1.05;14206.52;7931.04;24859.38;26926.2;0.53;0.29;0.92;09/08/2024 16:14:26;
10/08/2024;2;2.0TD;3;0.000103250245000000;0.179;0.995641325;143.188618;0.557;2.195;140.436618;105.44;4.42402;0.86067;0.75;0.25;71.35792;89.05400;101.96000;73.51000;75.32000;2630.5;275.0;234.0;57.0;6.36;0.000;0.17498;0.04096;0.00;0.000;1.787;0.947;0.000;0.557;119.115;105.00;114.00;18437.1;947.10;2.23;3.08;1.05;15807.28;15980.00;24859.38;25436.3;0.62;0.63;0.98;09/08/2024 16:14:26;
10/08/2024;3;2.0TD;3;0.000092336708000000;0.179;0.995239306;136.928128;0.557;2.195;134.176128;99.68;4.42402;0.86067;0.75;0.25;71.35792;89.05400;101.96000;73.51000;75.32000;2630.5;275.0;234.0;57.0;6.89;0.000;0.17498;0.04096;0.00;0.000;1.707;0.947;0.000;0.557;113.805;99.00;113.85;17418.7;834.20;2.76;3.08;1.05;18051.32;23839.20;24859.38;24156.1;0.75;0.99;1.03;09/08/2024 16:14:26;
10/08/2024;4;2.0TD;3;0.000085354356000000;0.179;0.993812609;159.251314;0.557;2.195;156.499314;117.75;4.42402;0.86067;0.75;0.25;71.35792;89.05400;101.96000;73.51000;75.32000;2630.5;275.0;234.0;57.0;7.47;0.000;0.17498;0.04096;0.00;0.000;1.991;0.947;0.000;0.557;132.739;117.75;117.75;15828.8;1138.10;3.34;3.08;1.05;30249.84;46912.00;0.00;23115.8;1.31;2.03;0.00;09/08/2024 16:14:26;
10/08/2024;5;2.0TD;3;0.000081217829000000;0.178;0.987967879;156.056953;0.557;2.195;153.304953;115.16;4.42402;0.86067;0.75;0.25;71.35792;89.05400;101.96000;73.51000;75.32000;2630.5;275.0;234.0;57.0;7.50;0.000;0.17498;0.04096;0.00;0.000;1.952;0.947;0.000;0.557;130.140;115.01;117.39;15466.2;1035.80;3.37;3.08;1.05;25150.36;50304.00;0.00;22407.7;1.12;2.24;0.00;09/08/2024 16:14:26;
10/08/2024;6;2.0TD;3;0.000078863995000000;0.176;0.978344146;156.310585;0.557;2.195;153.558585;115.57;4.42402;0.86067;0.75;0.25;71.35792;89.05400;101.96000;73.51000;75.32000;2630.5;275.0;234.0;57.0;7.52;0.000;0.17498;0.04096;0.00;0.000;1.959;0.947;0.000;0.557;130.577;115.43;117.64;15166.2;1036.40;3.39;3.08;1.05;24706.12;49792.00;0.00;21948.4;1.13;2.27;0.00;09/08/2024 16:14:26;
10/08/2024;7;2.0TD;3;0.000078125133000000;0.174;0.969044249;156.024777;0.557;2.195;153.272777;117.01;4.42402;0.86067;0.75;0.25;71.35792;89.05400;101.96000;73.51000;75.32000;2630.5;275.0;234.0;57.0;6.06;0.000;0.17498;0.04096;0.00;0.000;1.958;0.947;0.000;0.557;130.556;116.93;117.92;15190.0;1251.70;1.93;3.08;1.05;23516.40;19072.00;0.00;22067.2;1.07;0.86;0.00;09/08/2024 16:14:26;
10/08/2024;8;2.0TD;3;0.000075004363000000;0.171;0.952202576;156.465689;0.557;2.195;153.713689;117.89;4.42402;0.86067;0.75;0.25;71.35792;89.05400;101.96000;73.51000;75.32000;2630.5;275.0;234.0;57.0;5.88;0.000;0.17498;0.04096;0.00;0.000;1.969;0.947;0.000;0.557;131.267;117.89;117.89;15280.1;1186.50;1.75;3.08;1.05;22849.60;15872.00;0.00;22187.5;1.03;0.72;0.00;09/08/2024 16:14:26;
10/08/2024;9;2.0TD;3;0.000080810180000000;0.167;0.926645055;154.637082;0.557;2.195;151.885082;113.43;4.42402;0.86067;0.75;0.25;71.35792;89.05400;101.96000;73.51000;75.32000;2630.5;275.0;234.0;57.0;9.24;0.000;0.17498;0.04096;0.00;0.000;1.952;0.947;0.000;0.557;130.150;113.30;115.51;16732.3;1049.10;5.11;3.08;1.05;18958.04;99360.00;0.00;23162.4;0.82;4.29;0.00;09/08/2024 16:14:26;
10/08/2024;10;2.0TD;3;0.000093083852000000;0.161;0.892190561;106.096125;0.557;2.195;103.344125;69.10;4.42402;0.86067;0.75;0.25;71.35792;89.05400;101.96000;73.51000;75.32000;2630.5;275.0;234.0;57.0;13.05;0.000;0.17498;0.04096;0.00;0.000;1.335;0.947;0.000;0.557;89.013;68.99;71.86;21209.6;854.30;8.92;3.08;1.05;77988.64;147076.80;0.00;25243.2;3.09;5.83;0.00;09/08/2024 16:14:26;
10/08/2024;11;2.0TD;3;0.000103755929000000;0.160;0.891508785;35.748232;0.557;2.195;32.996232;12.60;4.42402;0.86067;0.75;0.25;71.35792;89.05400;101.96000;73.51000;75.32000;2630.5;275.0;234.0;57.0;9.89;0.000;0.17498;0.04096;0.00;0.000;0.427;0.947;0.000;0.557;28.445;12.55;14.43;27005.6;802.20;5.76;3.08;1.05;127932.76;27724.00;0.00;27003.1;4.74;1.03;0.00;09/08/2024 16:14:26;
10/08/2024;12;2.0TD;3;0.000109260008000000;0.159;0.881394897;20.517184;0.557;2.195;17.765184;0.44;4.42402;0.86067;0.75;0.25;71.35792;89.05400;101.96000;73.51000;75.32000;2630.5;275.0;234.0;57.0;9.13;0.000;0.17498;0.04096;0.00;0.000;0.230;0.947;0.000;0.557;15.328;0.44;0.51;27910.0;1222.20;5.00;3.08;1.05;137779.28;2171.92;0.00;27990.5;4.92;0.08;0.00;09/08/2024 16:14:26;
10/08/2024;13;2.0TD;3;0.000114342945000000;0.160;0.886535655;22.251632;0.557;2.195;19.499632;0.44;4.42402;0.86067;0.75;0.25;71.35792;89.05400;101.96000;73.51000;75.32000;2630.5;275.0;234.0;57.0;10.59;0.000;0.17498;0.04096;0.00;0.000;0.252;0.947;0.000;0.557;16.810;0.44;0.51;28577.4;1111.60;6.46;3.08;1.05;184050.68;2106.72;0.00;28824.4;6.39;0.07;0.00;09/08/2024 16:14:26;
10/08/2024;14;2.0TD;3;0.000123582698000000;0.158;0.879900996;23.687514;0.557;2.195;20.935514;1.91;4.42402;0.86067;0.75;0.25;71.35792;89.05400;101.96000;73.51000;75.32000;2630.5;275.0;234.0;57.0;10.37;0.000;0.17498;0.04096;0.00;0.000;0.271;0.947;0.000;0.557;18.079;1.90;2.19;29550.7;1121.30;6.24;3.08;1.05;183106.88;3077.56;0.00;29821.7;6.14;0.10;0.00;09/08/2024 16:14:26;
10/08/2024;15;2.0TD;3;0.000129144574000000;0.156;0.867971207;24.156528;0.557;2.195;21.404528;2.41;4.42402;0.86067;0.75;0.25;71.35792;89.05400;101.96000;73.51000;75.32000;2630.5;275.0;234.0;57.0;10.30;0.000;0.17498;0.04096;0.00;0.000;0.278;0.947;0.000;0.557;18.516;2.40;2.76;29710.8;1145.40;6.17;3.08;1.05;182736.64;3702.72;0.00;30196.9;6.05;0.12;0.00;09/08/2024 16:14:26;
10/08/2024;16;2.0TD;3;0.000125372870000000;0.158;0.876115586;21.948198;0.557;2.195;19.196198;0.45;4.42402;0.86067;0.75;0.25;71.35792;89.05400;101.96000;73.51000;75.32000;2630.5;275.0;234.0;57.0;10.35;0.000;0.17498;0.04096;0.00;0.000;0.249;0.947;0.000;0.557;16.577;0.45;0.52;29557.3;1199.70;6.22;3.08;1.05;184030.12;2188.24;0.00;29945.7;6.15;0.07;0.00;09/08/2024 16:14:26;
10/08/2024;17;2.0TD;3;0.000122116493000000;0.159;0.885435223;22.035474;0.557;2.195;19.283474;0.45;4.42402;0.86067;0.75;0.25;71.35792;89.05400;101.96000;73.51000;75.32000;2630.5;275.0;234.0;57.0;10.41;0.000;0.17498;0.04096;0.00;0.000;0.250;0.947;0.000;0.557;16.638;0.45;0.52;29140.3;1219.30;6.28;3.08;1.05;184047.16;2344.32;0.00;29681.4;6.20;0.08;0.00;09/08/2024 16:14:26;
10/08/2024;18;2.0TD;3;0.000121650849000000;0.163;0.905210399;23.896535;0.557;2.195;21.144535;3.47;4.42402;0.86067;0.75;0.25;71.35792;89.05400;101.96000;73.51000;75.32000;2630.5;275.0;234.0;57.0;8.91;0.000;0.17498;0.04096;0.00;0.000;0.273;0.947;0.000;0.557;18.181;3.32;6.32;29211.0;1508.10;4.78;3.08;1.05;136141.80;5129.60;0.00;29563.3;4.61;0.17;0.00;09/08/2024 16:14:26;
10/08/2024;19;2.0TD;3;0.000122611903000000;0.170;0.944303314;81.039072;0.557;2.195;78.287072;50.08;4.42402;0.86067;0.75;0.25;71.35792;89.05400;101.96000;73.51000;75.32000;2630.5;275.0;234.0;57.0;10.30;0.000;0.17498;0.04096;0.00;0.000;1.004;0.947;0.000;0.557;66.912;50.00;53.00;28293.2;785.60;6.17;3.08;1.05;94467.40;88838.24;0.00;29721.8;3.18;2.99;0.00;09/08/2024 16:14:26;
10/08/2024;20;2.0TD;3;0.000122859173000000;0.178;0.989356026;119.879395;0.557;2.195;117.127395;81.67;4.42402;0.86067;0.75;0.25;71.35792;89.05400;101.96000;73.51000;75.32000;2630.5;275.0;234.0;57.0;10.74;0.000;0.17498;0.04096;0.00;0.000;1.491;0.947;0.000;0.557;99.429;81.67;81.67;23229.5;746.10;6.61;3.08;1.05;61426.64;134244.88;0.00;29592.5;2.08;4.54;0.00;09/08/2024 16:14:26;
10/08/2024;21;2.0TD;3;0.000124846688000000;0.188;1.047091436;155.380333;0.557;2.195;152.628333;115.52;4.42402;0.86067;0.75;0.25;71.35792;89.05400;101.96000;73.51000;75.32000;2630.5;275.0;234.0;57.0;5.50;0.000;0.17498;0.04096;0.00;0.000;1.927;0.947;0.000;0.557;128.475;115.43;117.43;20757.0;950.20;1.37;3.08;1.05;13810.76;26271.12;0.00;29245.1;0.47;0.90;0.00;09/08/2024 16:14:26;
10/08/2024;22;2.0TD;3;0.000138964217000000;0.192;1.068227218;171.747833;0.557;2.195;168.995833;127.83;4.42402;0.86067;0.75;0.25;71.35792;89.05400;101.96000;73.51000;75.32000;2630.5;275.0;234.0;57.0;6.29;0.000;0.17498;0.04096;0.00;0.000;2.127;0.947;0.000;0.557;141.775;127.57;132.57;20119.5;1109.20;2.16;3.08;1.05;25020.56;12672.00;24859.38;29034.2;0.86;0.44;0.86;09/08/2024 16:14:26;
10/08/2024;23;2.0TD;3;0.000140034945000000;0.192;1.069237499;167.802313;0.557;2.195;165.050313;124.55;4.42402;0.86067;0.75;0.25;71.35792;89.05400;101.96000;73.51000;75.32000;2630.5;275.0;234.0;57.0;6.31;0.000;0.17498;0.04096;0.00;0.000;2.077;0.947;0.000;0.557;138.465;124.29;128.74;19965.2;1251.80;2.18;3.08;1.05;22965.32;14400.00;24859.38;28443.4;0.81;0.51;0.87;09/08/2024 16:14:26;
10/08/2024;24;2.0TD;3;0.000127639950000000;0.191;1.063284545;154.338940;0.557;2.195;151.586940;113.01;4.42402;0.86067;0.75;0.25;71.35792;89.05400;101.96000;73.51000;75.32000;2630.5;275.0;234.0;57.0;6.83;0.000;0.17498;0.04096;0.00;0.000;1.909;0.947;0.000;0.557;127.277;112.82;116.29;19205.4;1124.20;2.70;3.08;1.05;32810.08;14720.00;24859.38;26803.7;1.22;0.55;0.93;09/08/2024 16:14:26;
*
