pvpcdata;
2024;08;09;11;56;41;
13/07/2024;1;2.0TD;3;0.000115615140000000;0.178;0.988340868;134.689230;0.557;2.195;131.937230;90.23;9.38850;1.10674;0.75;0.25;51.37500;88.92900;101.96000;73.51000;74.07000;2060.1;275.0;234.0;61.0;7.98;0.000;0.17498;0.04096;0.00;0.000;1.680;0.947;0.000;0.557;112.001;90.22;90.47;21942.6;1394.50;3.76;3.13;1.09;47712.36;26685.12;24859.38;26408.4;1.81;1.01;0.94;12/07/2024 16:08:40;
13/07/2024;2;2.0TD;3;0.000101358726000000;0.175;0.973862365;130.428727;0.557;2.195;127.676727;86.21;9.38850;1.10674;0.75;0.25;51.37500;88.92900;101.96000;73.51000;74.07000;2060.1;275.0;234.0;61.0;8.71;0.000;0.17498;0.04096;0.00;0.000;1.630;0.947;0.000;0.557;108.661;86.11;87.86;20658.6;1259.70;4.49;3.13;1.09;55010.04;31536.96;24859.38;24795.7;2.22;1.27;1.00;12/07/2024 16:08:40;
13/07/2024;3;2.0TD;3;0.000090062133000000;0.175;0.970633181;120.062877;0.557;2.195;117.310877;76.14;9.38850;1.10674;0.75;0.25;51.37500;88.92900;101.96000;73.51000;74.07000;2060.1;275.0;234.0;61.0;10.09;0.000;0.17498;0.04096;0.00;0.000;1.498;0.947;0.000;0.557;99.839;75.90;80.90;19464.5;985.20;5.87;3.13;1.09;69150.80;44688.00;24859.38;23613.9;2.93;1.89;1.05;12/07/2024 16:08:40;
13/07/2024;4;2.0TD;3;0.000082918803000000;0.172;0.958266349;118.322971;0.557;2.195;115.570971;75.76;9.38850;1.10674;0.75;0.25;51.37500;88.92900;101.96000;73.51000;74.07000;2060.1;275.0;234.0;61.0;9.26;0.000;0.17498;0.04096;0.00;0.000;1.479;0.947;0.000;0.557;98.610;75.59;78.90;19507.5;1024.40;5.04;3.13;1.09;69528.84;45645.60;0.00;22850.8;3.04;2.00;0.00;12/07/2024 16:08:40;
13/07/2024;5;2.0TD;3;0.000078710668000000;0.171;0.950305651;122.064070;0.557;2.195;119.312070;79.18;9.38850;1.10674;0.75;0.25;51.37500;88.92900;101.96000;73.51000;74.07000;2060.1;275.0;234.0;61.0;9.07;0.000;0.17498;0.04096;0.00;0.000;1.528;0.947;0.000;0.557;101.889;79.00;82.00;19229.4;1216.30;4.85;3.13;1.09;65098.88;43283.52;0.00;22338.1;2.91;1.94;0.00;12/07/2024 16:08:40;
13/07/2024;6;2.0TD;3;0.000076630420000000;0.172;0.953756538;127.020383;0.557;2.195;124.268383;83.77;9.38850;1.10674;0.75;0.25;51.37500;88.92900;101.96000;73.51000;74.07000;2060.1;275.0;234.0;61.0;8.56;0.000;0.17498;0.04096;0.00;0.000;1.590;0.947;0.000;0.557;106.031;83.61;86.61;18850.8;1092.00;4.34;3.13;1.09;58595.64;36580.32;0.00;21941.9;2.67;1.67;0.00;12/07/2024 16:08:40;
13/07/2024;7;2.0TD;3;0.000074872376000000;0.170;0.945299271;128.970481;0.557;2.195;126.218481;86.27;9.38850;1.10674;0.75;0.25;51.37500;88.92900;101.96000;73.51000;74.07000;2060.1;275.0;234.0;61.0;7.88;0.000;0.17498;0.04096;0.00;0.000;1.618;0.947;0.000;0.557;107.879;86.22;86.98;18802.4;1306.20;3.66;3.13;1.09;49247.80;31345.44;0.00;21990.4;2.24;1.43;0.00;12/07/2024 16:08:40;
13/07/2024;8;2.0TD;3;0.000073848654000000;0.166;0.923141247;133.924719;0.557;2.195;131.172719;86.35;9.38850;1.10674;0.75;0.25;51.37500;88.92900;101.96000;73.51000;74.07000;2060.1;275.0;234.0;61.0;12.35;0.000;0.17498;0.04096;0.00;0.000;1.687;0.947;0.000;0.557;112.498;86.46;84.73;19133.9;1345.70;8.13;3.13;1.09;50955.16;131882.88;0.00;22483.6;2.27;5.87;0.00;12/07/2024 16:08:40;
13/07/2024;9;2.0TD;3;0.000084614507000000;0.159;0.884301043;93.543475;0.557;2.195;90.791475;50.89;9.38850;1.10674;0.75;0.25;51.37500;88.92900;101.96000;73.51000;74.07000;2060.1;275.0;234.0;61.0;14.16;0.000;0.17498;0.04096;0.00;0.000;1.175;0.947;0.000;0.557;78.336;50.01;68.68;21715.6;1076.70;9.94;3.13;1.09;92491.60;142691.04;0.00;23660.7;3.91;6.03;0.00;12/07/2024 16:08:40;
13/07/2024;10;2.0TD;3;0.000100229439000000;0.155;0.862544815;82.852456;0.557;2.195;80.100456;44.22;9.38850;1.10674;0.75;0.25;51.37500;88.92900;101.96000;73.51000;74.07000;2060.1;275.0;234.0;61.0;11.98;0.000;0.17498;0.04096;0.00;0.000;1.040;0.947;0.000;0.557;69.351;43.99;48.39;25521.0;1393.20;7.76;3.13;1.09;95759.80;100432.24;0.00;25274.0;3.79;3.97;0.00;12/07/2024 16:08:40;
13/07/2024;11;2.0TD;3;0.000113692194000000;0.156;0.865024422;40.613363;0.557;2.195;37.861363;10.08;9.38850;1.10674;0.75;0.25;51.37500;88.92900;101.96000;73.51000;74.07000;2060.1;275.0;234.0;61.0;10.07;0.000;0.17498;0.04096;0.00;0.000;0.491;0.947;0.000;0.557;32.752;10.00;12.00;28337.6;1179.20;5.85;3.13;1.09;143363.28;12976.48;0.00;26737.1;5.36;0.49;0.00;12/07/2024 16:08:40;
13/07/2024;12;2.0TD;3;0.000120957537000000;0.156;0.869276185;32.715571;0.557;2.195;29.963571;3.37;9.38850;1.10674;0.75;0.25;51.37500;88.92900;101.96000;73.51000;74.07000;2060.1;275.0;234.0;61.0;10.05;0.000;0.17498;0.04096;0.00;0.000;0.389;0.947;0.000;0.557;25.920;3.32;4.31;29053.4;1441.30;5.83;3.13;1.09;148724.28;10091.96;0.00;27236.1;5.46;0.37;0.00;12/07/2024 16:08:40;
13/07/2024;13;2.0TD;3;0.000126942623000000;0.157;0.873977422;29.393133;0.557;2.195;26.641133;0.56;9.38850;1.10674;0.75;0.25;51.37500;88.92900;101.96000;73.51000;74.07000;2060.1;275.0;234.0;61.0;10.01;0.000;0.17498;0.04096;0.00;0.000;0.345;0.947;0.000;0.557;23.026;0.44;2.65;29146.9;1731.50;5.79;3.13;1.09;151240.28;7660.80;0.00;27450.8;5.51;0.28;0.00;12/07/2024 16:08:40;
13/07/2024;14;2.0TD;3;0.000136702542000000;0.154;0.855987107;29.066713;0.557;2.195;26.314713;0.44;9.38850;1.10674;0.75;0.25;51.37500;88.92900;101.96000;73.51000;74.07000;2060.1;275.0;234.0;61.0;9.91;0.000;0.17498;0.04096;0.00;0.000;0.342;0.947;0.000;0.557;22.803;0.44;0.44;29465.1;1852.70;5.69;3.13;1.09;151257.08;7704.00;0.00;27947.3;5.41;0.28;0.00;12/07/2024 16:08:40;
13/07/2024;15;2.0TD;3;0.000140879238000000;0.151;0.840562936;28.565528;0.557;2.195;25.813528;0.02;9.38850;1.10674;0.75;0.25;51.37500;88.92900;101.96000;73.51000;74.07000;2060.1;275.0;234.0;61.0;9.96;0.000;0.17498;0.04096;0.00;0.000;0.336;0.947;0.000;0.557;22.427;0.00;0.44;29308.7;1526.40;5.74;3.13;1.09;151627.08;7176.96;0.00;27652.0;5.48;0.26;0.00;12/07/2024 16:08:40;
13/07/2024;16;2.0TD;3;0.000134076778000000;0.153;0.852088562;28.751048;0.557;2.195;25.999048;0.00;9.38850;1.10674;0.75;0.25;51.37500;88.92900;101.96000;73.51000;74.07000;2060.1;275.0;234.0;61.0;10.10;0.000;0.17498;0.04096;0.00;0.000;0.338;0.947;0.000;0.557;22.549;0.00;0.00;28261.8;1755.40;5.88;3.13;1.09;151627.08;7066.40;0.00;27001.4;5.62;0.26;0.00;12/07/2024 16:08:40;
13/07/2024;17;2.0TD;3;0.000127805348000000;0.155;0.858813126;29.417536;0.557;2.195;26.665536;0.00;9.38850;1.10674;0.75;0.25;51.37500;88.92900;101.96000;73.51000;74.07000;2060.1;275.0;234.0;61.0;10.63;0.000;0.17498;0.04096;0.00;0.000;0.346;0.947;0.000;0.557;23.087;0.00;0.00;27490.7;1778.20;6.41;3.13;1.09;162700.88;7070.80;0.00;26487.0;6.14;0.27;0.00;12/07/2024 16:08:40;
13/07/2024;18;2.0TD;3;0.000125446567000000;0.161;0.896506577;34.588993;0.557;2.195;31.836993;1.08;9.38850;1.10674;0.75;0.25;51.37500;88.92900;101.96000;73.51000;74.07000;2060.1;275.0;234.0;61.0;13.82;0.000;0.17498;0.04096;0.00;0.000;0.411;0.947;0.000;0.557;27.422;0.90;3.32;26970.1;2113.80;9.60;3.13;1.09;246284.00;7194.88;0.00;26411.2;9.32;0.27;0.00;12/07/2024 16:08:40;
13/07/2024;19;2.0TD;3;0.000123850864000000;0.169;0.940607340;69.819919;0.557;2.195;67.067919;30.71;9.38850;1.10674;0.75;0.25;51.37500;88.92900;101.96000;73.51000;74.07000;2060.1;275.0;234.0;61.0;13.69;0.000;0.17498;0.04096;0.00;0.000;0.861;0.947;0.000;0.557;57.372;30.51;35.51;27675.8;1127.80;9.47;3.13;1.09;195369.16;56761.96;0.00;26612.8;7.34;2.13;0.00;12/07/2024 16:08:40;
13/07/2024;20;2.0TD;3;0.000121833947000000;0.178;0.987779143;93.082270;0.557;2.195;90.330270;49.54;9.38850;1.10674;0.75;0.25;51.37500;88.92900;101.96000;73.51000;74.07000;2060.1;275.0;234.0;61.0;13.88;0.000;0.17498;0.04096;0.00;0.000;1.150;0.947;0.000;0.557;76.681;49.38;52.75;25534.8;1266.50;9.66;3.13;1.09;173506.40;87344.80;0.00;27004.9;6.42;3.23;0.00;12/07/2024 16:08:40;
13/07/2024;21;2.0TD;3;0.000122131721000000;0.186;1.030948300;121.112480;0.557;2.195;118.360480;75.60;9.38850;1.10674;0.75;0.25;51.37500;88.92900;101.96000;73.51000;74.07000;2060.1;275.0;234.0;61.0;10.59;0.000;0.17498;0.04096;0.00;0.000;1.497;0.947;0.000;0.557;99.798;75.45;78.57;24318.7;1258.00;6.37;3.13;1.09;96990.92;75713.60;0.00;27104.9;3.58;2.79;0.00;12/07/2024 16:08:40;
13/07/2024;22;2.0TD;3;0.000129172527000000;0.188;1.044506669;147.604892;0.557;2.195;144.852892;97.48;9.38850;1.10674;0.75;0.25;51.37500;88.92900;101.96000;73.51000;74.07000;2060.1;275.0;234.0;61.0;10.51;0.000;0.17498;0.04096;0.00;0.000;1.829;0.947;0.000;0.557;121.930;97.81;92.92;20710.3;1512.60;6.29;3.13;1.09;119255.76;29101.80;24859.38;27528.1;4.33;1.06;0.90;12/07/2024 16:08:40;
13/07/2024;23;2.0TD;3;0.000136394101000000;0.188;1.043677687;159.171260;0.557;2.195;156.419260;107.18;9.38850;1.10674;0.75;0.25;51.37500;88.92900;101.96000;73.51000;74.07000;2060.1;275.0;234.0;61.0;10.40;0.000;0.17498;0.04096;0.00;0.000;1.975;0.947;0.000;0.557;131.666;107.48;102.61;20800.1;1356.80;6.18;3.13;1.09;95218.60;48256.00;24859.38;27225.4;3.50;1.77;0.91;12/07/2024 16:08:40;
13/07/2024;24;2.0TD;3;0.000127940590000000;0.188;1.044487219;151.693988;0.557;2.195;148.941988;99.72;9.38850;1.10674;0.75;0.25;51.37500;88.92900;101.96000;73.51000;74.07000;2060.1;275.0;234.0;61.0;11.66;0.000;0.17498;0.04096;0.00;0.000;1.881;0.947;0.000;0.557;125.372;100.16;93.91;19558.0;1485.40;7.44;3.13;1.09;116110.12;48898.80;24859.38;25518.3;4.55;1.92;0.97;12/07/2024 16:08:40;
*
