pvpcdata;
2024;12;11;12;05;22;
03/11/2024;1;2.0TD;3;0.000100692386000000;0.225;1.251022213;155.969762;0.557;2.195;153.217762;100.32;5.13649;1.07064;0.75;0.25;72.57083;93.11680;101.96000;84.74000;75.52000;1946.5;275.0;200.0;46.0;15.66;0.000;0.17498;0.04096;0.00;0.000;1.876;0.947;0.000;0.557;125.075;101.19;91.19;12579.9;1200.50;11.42;3.21;1.03;194978.40;17796.48;24859.38;20807.8;9.37;0.86;1.19;02/11/2024 16:12:52;
03/11/2024;2;2.0TD;3;0.000086035990000000;0.234;1.300356239;149.954286;0.557;2.195;147.202286;90.89;5.13649;1.07064;0.75;0.25;72.57083;93.11680;101.96000;84.74000;75.52000;1946.5;275.0;200.0;46.0;19.39;0.000;0.17498;0.04096;0.00;0.000;1.789;0.947;0.000;0.557;119.288;91.36;85.63;11921.9;1061.60;15.15;3.21;1.03;270337.64;23301.60;0.00;19384.1;13.95;1.20;0.00;02/11/2024 16:12:52;
03/11/2024;3;2.0TD;3;0.000075332635000000;0.242;1.347077912;146.546692;0.557;2.195;143.794692;84.96;5.13649;1.07064;0.75;0.25;72.57083;93.11680;101.96000;84.74000;75.52000;1946.5;275.0;200.0;46.0;21.86;0.000;0.17498;0.04096;0.00;0.000;1.737;0.947;0.000;0.557;115.776;85.51;79.10;11633.1;1100.10;17.62;3.21;1.03;298532.20;27996.96;0.00;18530.2;16.11;1.51;0.00;02/11/2024 16:12:52;
03/11/2024;4;2.0TD;3;0.000069455397000000;0.247;1.371549336;147.187925;0.557;2.195;144.435925;84.41;5.13649;1.07064;0.75;0.25;72.57083;93.11680;101.96000;84.74000;75.52000;1946.5;275.0;200.0;46.0;22.46;0.000;0.17498;0.04096;0.00;0.000;1.737;0.947;0.000;0.557;115.826;85.00;79.10;11183.8;1241.20;18.22;3.21;1.03;298976.28;28444.40;0.00;17975.3;16.63;1.58;0.00;02/11/2024 16:12:52;
03/11/2024;5;2.0TD;3;0.000066823104000000;0.249;1.383285496;138.010862;0.557;2.195;135.258862;75.82;5.13649;1.07064;0.75;0.25;72.57083;93.11680;101.96000;84.74000;75.52000;1946.5;275.0;200.0;46.0;23.63;0.000;0.17498;0.04096;0.00;0.000;1.624;0.947;0.000;0.557;108.293;76.25;71.25;12285.4;1162.20;19.39;3.21;1.03;309406.92;35411.68;0.00;17779.1;17.40;1.99;0.00;02/11/2024 16:12:52;
03/11/2024;6;2.0TD;3;0.000066743566000000;0.247;1.372808949;136.478689;0.557;2.195;133.726689;74.64;5.13649;1.07064;0.75;0.25;72.57083;93.11680;101.96000;84.74000;75.52000;1946.5;275.0;200.0;46.0;23.77;0.000;0.17498;0.04096;0.00;0.000;1.609;0.947;0.000;0.557;107.238;75.12;69.22;12199.1;1083.70;19.53;3.21;1.03;311745.12;36306.56;0.00;17820.9;17.49;2.04;0.00;02/11/2024 16:12:52;
03/11/2024;7;2.0TD;3;0.000068704274000000;0.238;1.324847691;144.512563;0.557;2.195;141.760563;83.72;5.13649;1.07064;0.75;0.25;72.57083;93.11680;101.96000;84.74000;75.52000;1946.5;275.0;200.0;46.0;21.85;0.000;0.17498;0.04096;0.00;0.000;1.718;0.947;0.000;0.557;114.507;84.18;79.10;11240.5;1122.10;17.61;3.21;1.03;291343.20;29083.60;0.00;18197.8;16.01;1.60;0.00;02/11/2024 16:12:52;
03/11/2024;8;2.0TD;3;0.000072848983000000;0.228;1.266046099;145.412106;0.557;2.195;142.660106;86.48;5.13649;1.07064;0.75;0.25;72.57083;93.11680;101.96000;84.74000;75.52000;1946.5;275.0;200.0;46.0;20.73;0.000;0.17498;0.04096;0.00;0.000;1.743;0.947;0.000;0.557;116.172;87.14;80.14;11443.1;1201.10;16.49;3.21;1.03;282760.24;26718.56;0.00;18766.5;15.07;1.42;0.00;02/11/2024 16:12:52;
03/11/2024;9;2.0TD;3;0.000081862310000000;0.216;1.199504572;130.327089;0.557;2.195;127.575089;77.52;5.13649;1.07064;0.75;0.25;72.57083;93.11680;101.96000;84.74000;75.52000;1946.5;275.0;200.0;46.0;18.60;0.000;0.17498;0.04096;0.00;0.000;1.574;0.947;0.000;0.557;104.913;77.89;72.89;13385.9;1083.60;14.36;3.21;1.03;221555.96;60137.28;0.00;19615.3;11.30;3.07;0.00;02/11/2024 16:12:52;
03/11/2024;10;2.0TD;3;0.000100963919000000;0.188;1.046213844;84.693973;0.557;2.195;81.941973;40.25;5.13649;1.07064;0.75;0.25;72.57083;93.11680;101.96000;84.74000;75.52000;1946.5;275.0;200.0;46.0;20.47;0.000;0.17498;0.04096;0.00;0.000;1.035;0.947;0.000;0.557;68.974;40.10;43.10;18882.8;971.80;16.23;3.21;1.03;261967.20;83743.72;0.00;21303.9;12.30;3.93;0.00;02/11/2024 16:12:52;
03/11/2024;11;2.0TD;3;0.000113297465000000;0.170;0.944774162;67.036158;0.557;2.195;64.284158;30.19;5.13649;1.07064;0.75;0.25;72.57083;93.11680;101.96000;84.74000;75.52000;1946.5;275.0;200.0;46.0;16.71;0.000;0.17498;0.04096;0.00;0.000;0.824;0.947;0.000;0.557;54.943;30.00;33.71;21080.9;1125.30;12.47;3.21;1.03;226410.12;52602.00;0.00;22382.3;10.12;2.35;0.00;02/11/2024 16:12:52;
03/11/2024;12;2.0TD;3;0.000115783604000000;0.166;0.921727506;54.315697;0.557;2.195;51.563697;20.04;5.13649;1.07064;0.75;0.25;72.57083;93.11680;101.96000;84.74000;75.52000;1946.5;275.0;200.0;46.0;16.30;0.000;0.17498;0.04096;0.00;0.000;0.663;0.947;0.000;0.557;44.222;19.99;20.99;22645.8;1119.80;12.06;3.21;1.03;244464.84;32493.12;0.00;22960.7;10.65;1.42;0.00;02/11/2024 16:12:52;
03/11/2024;13;2.0TD;3;0.000115666092000000;0.164;0.909176680;40.212691;0.557;2.195;37.460691;7.40;5.13649;1.07064;0.75;0.25;72.57083;93.11680;101.96000;84.74000;75.52000;1946.5;275.0;200.0;46.0;17.08;0.000;0.17498;0.04096;0.00;0.000;0.483;0.947;0.000;0.557;32.182;7.40;7.40;23210.1;982.50;12.84;3.21;1.03;278157.44;18335.60;0.00;23084.9;12.05;0.79;0.00;02/11/2024 16:12:52;
03/11/2024;14;2.0TD;3;0.000122452468000000;0.160;0.890578686;59.491920;0.557;2.195;56.739920;24.90;5.13649;1.07064;0.75;0.25;72.57083;93.11680;101.96000;84.74000;75.52000;1946.5;275.0;200.0;46.0;16.06;0.000;0.17498;0.04096;0.00;0.000;0.734;0.947;0.000;0.557;48.913;24.77;27.77;23214.5;1081.90;11.82;3.21;1.03;246538.40;31168.96;0.00;23485.6;10.50;1.33;0.00;02/11/2024 16:12:52;
03/11/2024;15;2.0TD;3;0.000122388684000000;0.164;0.913039513;59.368639;0.557;2.195;56.616639;25.10;5.13649;1.07064;0.75;0.25;72.57083;93.11680;101.96000;84.74000;75.52000;1946.5;275.0;200.0;46.0;15.59;0.000;0.17498;0.04096;0.00;0.000;0.730;0.947;0.000;0.557;48.639;25.10;25.10;22762.7;974.40;11.35;3.21;1.03;236389.36;32225.76;0.00;23672.7;9.99;1.36;0.00;02/11/2024 16:12:52;
03/11/2024;16;2.0TD;3;0.000109501703000000;0.176;0.980341367;67.938532;0.557;2.195;65.186532;30.43;5.13649;1.07064;0.75;0.25;72.57083;93.11680;101.96000;84.74000;75.52000;1946.5;275.0;200.0;46.0;16.95;0.000;0.17498;0.04096;0.00;0.000;0.831;0.947;0.000;0.557;55.430;30.30;33.30;21918.2;999.30;12.71;3.21;1.03;227256.16;60112.16;0.00;22613.7;10.05;2.66;0.00;02/11/2024 16:12:52;
03/11/2024;17;2.0TD;3;0.000103985820000000;0.188;1.046829035;110.069653;0.557;2.195;107.317653;66.12;5.13649;1.07064;0.75;0.25;72.57083;93.11680;101.96000;84.74000;75.52000;1946.5;275.0;200.0;46.0;15.64;0.000;0.17498;0.04096;0.00;0.000;1.355;0.947;0.000;0.557;90.334;65.97;69.68;18842.8;770.00;11.40;3.21;1.03;165208.84;82039.04;0.00;21692.5;7.62;3.78;0.00;02/11/2024 16:12:52;
03/11/2024;18;2.0TD;3;0.000107722381000000;0.204;1.133247959;143.124824;0.557;2.195;140.372824;94.95;5.13649;1.07064;0.75;0.25;72.57083;93.11680;101.96000;84.74000;75.52000;1946.5;275.0;200.0;46.0;12.67;0.000;0.17498;0.04096;0.00;0.000;1.749;0.947;0.000;0.557;116.588;94.73;98.74;14493.9;822.30;8.43;3.21;1.03;118391.32;60137.28;0.00;21175.8;5.59;2.84;0.00;02/11/2024 16:12:52;
03/11/2024;19;2.0TD;3;0.000127715246000000;0.203;1.129440273;164.124494;0.557;2.195;161.372494;116.31;5.13649;1.07064;0.75;0.25;72.57083;93.11680;101.96000;84.74000;75.52000;1946.5;275.0;200.0;46.0;8.60;0.000;0.17498;0.04096;0.00;0.000;2.012;0.947;0.000;0.557;134.141;116.67;110.84;16468.8;1075.40;4.36;3.21;1.03;81671.68;21784.32;0.00;23727.4;3.44;0.92;0.00;02/11/2024 16:12:52;
03/11/2024;20;2.0TD;3;0.000141638179000000;0.203;1.128855705;160.582862;0.557;2.195;157.830862;114.01;5.13649;1.07064;0.75;0.25;72.57083;93.11680;101.96000;84.74000;75.52000;1946.5;275.0;200.0;46.0;8.00;0.000;0.17498;0.04096;0.00;0.000;1.968;0.947;0.000;0.557;131.197;114.01;113.97;17521.9;985.70;3.76;3.21;1.03;71500.20;19820.16;0.00;24259.8;2.95;0.82;0.00;02/11/2024 16:12:52;
03/11/2024;21;2.0TD;3;0.000150438595000000;0.203;1.126512113;156.600932;0.557;2.195;153.848932;111.04;5.13649;1.07064;0.75;0.25;72.57083;93.11680;101.96000;84.74000;75.52000;1946.5;275.0;200.0;46.0;7.71;0.000;0.17498;0.04096;0.00;0.000;1.918;0.947;0.000;0.557;127.887;111.04;111.04;16452.7;960.70;3.47;3.21;1.03;68393.32;19800.32;0.00;25414.5;2.69;0.78;0.00;02/11/2024 16:12:52;
03/11/2024;22;2.0TD;3;0.000149316331000000;0.202;1.123150661;148.053035;0.557;2.195;145.301035;102.54;5.13649;1.07064;0.75;0.25;72.57083;93.11680;101.96000;84.74000;75.52000;1946.5;275.0;200.0;46.0;9.31;0.000;0.17498;0.04096;0.00;0.000;1.813;0.947;0.000;0.557;120.882;102.54;102.54;16287.4;1089.00;5.07;3.21;1.03;84958.92;17816.32;24859.38;25199.9;3.37;0.71;0.99;02/11/2024 16:12:52;
03/11/2024;23;2.0TD;3;0.000132455075000000;0.205;1.141018949;146.287653;0.557;2.195;143.535653;100.32;5.13649;1.07064;0.75;0.25;72.57083;93.11680;101.96000;84.74000;75.52000;1946.5;275.0;200.0;46.0;9.79;0.000;0.17498;0.04096;0.00;0.000;1.787;0.947;0.000;0.557;119.116;100.20;102.20;15741.4;963.60;5.55;3.21;1.03;88063.60;18319.20;24859.38;23633.9;3.73;0.78;1.05;02/11/2024 16:12:52;
03/11/2024;24;2.0TD;3;0.000110671175000000;0.212;1.179527264;147.809886;0.557;2.195;145.057886;95.40;5.13649;1.07064;0.75;0.25;72.57083;93.11680;101.96000;84.74000;75.52000;1946.5;275.0;200.0;46.0;15.27;0.000;0.17498;0.04096;0.00;0.000;1.795;0.947;0.000;0.557;119.684;95.24;99.00;14294.2;628.20;11.03;3.21;1.03;194586.40;22773.28;24859.38;21947.4;8.87;1.04;1.13;02/11/2024 16:12:52;
*
