pvpcdata;
2024;05;13;12;31;23;
16/04/2024;1;2.0TD;3;0.000093437926000000;0.199;1.104798461;57.599977;0.557;2.195;54.847977;0.41;18.50343;1.05431;0.75;0.25;1.36708;75.38080;101.96000;48.69000;27.94000;1817.3;275.0;154.0;50.0;23.42;0.000;0.17498;0.04096;0.00;0.000;0.686;0.947;0.000;0.557;45.744;0.44;0.00;16863.7;1372.80;18.65;3.35;1.42;372354.08;34808.96;24859.38;23162.3;16.08;1.50;1.07;15/04/2024 16:08:16;
16/04/2024;2;2.0TD;3;0.000077521344000000;0.205;1.139725148;60.039831;0.557;2.195;57.287831;-0.07;18.50343;1.05431;0.75;0.25;1.36708;75.38080;101.96000;48.69000;27.94000;1817.3;275.0;154.0;50.0;25.67;0.000;0.17498;0.04096;0.00;0.000;0.713;0.947;0.000;0.557;47.541;0.00;-1.01;16417.9;1383.10;20.90;3.35;1.42;398160.44;35866.20;24859.38;21953.3;18.14;1.63;1.13;15/04/2024 16:08:16;
16/04/2024;3;2.0TD;3;0.000068605180000000;0.209;1.159279857;61.642110;0.557;2.195;58.890110;-0.25;18.50343;1.05431;0.75;0.25;1.36708;75.38080;101.96000;48.69000;27.94000;1817.3;275.0;154.0;50.0;27.00;0.000;0.17498;0.04096;0.00;0.000;0.731;0.947;0.000;0.557;48.709;0.00;-3.01;15588.2;1643.20;22.23;3.35;1.42;413292.88;36142.88;24859.38;21336.7;19.37;1.69;1.17;15/04/2024 16:08:16;
16/04/2024;4;2.0TD;3;0.000064277858000000;0.210;1.168396297;63.545750;0.557;2.195;60.793750;-0.27;18.50343;1.05431;0.75;0.25;1.36708;75.38080;101.96000;48.69000;27.94000;1817.3;275.0;154.0;50.0;28.53;0.000;0.17498;0.04096;0.00;0.000;0.754;0.947;0.000;0.557;50.242;0.00;-3.01;15499.9;1661.40;23.76;3.35;1.42;445381.64;51992.08;0.00;20933.1;21.28;2.48;0.00;15/04/2024 16:08:16;
16/04/2024;5;2.0TD;3;0.000062727980000000;0.210;1.165779537;63.545750;0.557;2.195;60.793750;-0.28;18.50343;1.05431;0.75;0.25;1.36708;75.38080;101.96000;48.69000;27.94000;1817.3;275.0;154.0;50.0;28.54;0.000;0.17498;0.04096;0.00;0.000;0.754;0.947;0.000;0.557;50.242;0.00;-3.00;15472.1;1704.90;23.77;3.35;1.42;446362.84;51992.08;0.00;20963.6;21.29;2.48;0.00;15/04/2024 16:08:16;
16/04/2024;6;2.0TD;3;0.000064689661000000;0.202;1.124647230;62.582473;0.557;2.195;59.830473;-0.17;18.50343;1.05431;0.75;0.25;1.36708;75.38080;101.96000;48.69000;27.94000;1817.3;275.0;154.0;50.0;27.97;0.000;0.17498;0.04096;0.00;0.000;0.747;0.947;0.000;0.557;49.775;0.00;-2.00;15851.0;1554.10;23.20;3.35;1.42;443879.72;50657.40;0.00;21318.4;20.82;2.38;0.00;15/04/2024 16:08:16;
16/04/2024;7;2.0TD;3;0.000073051035000000;0.189;1.048192458;59.387361;0.557;2.195;56.635361;0.07;18.50343;1.05431;0.75;0.25;1.36708;75.38080;101.96000;48.69000;27.94000;1817.3;275.0;154.0;50.0;25.62;0.000;0.17498;0.04096;0.00;0.000;0.714;0.947;0.000;0.557;47.632;0.08;0.00;16906.5;1500.70;20.85;3.35;1.42;438665.48;34980.00;24859.38;23915.3;18.34;1.46;1.04;15/04/2024 16:08:16;
16/04/2024;8;2.0TD;3;0.000089070234000000;0.175;0.974881191;52.183978;0.557;2.195;49.431978;5.85;18.50343;1.05431;0.75;0.25;1.36708;75.38080;101.96000;48.69000;27.94000;1817.3;275.0;154.0;50.0;14.36;0.000;0.17498;0.04096;0.00;0.000;0.631;0.947;0.000;0.557;42.069;6.00;3.99;20505.1;1659.90;9.59;3.35;1.42;213753.96;22260.00;24859.38;27195.5;7.86;0.82;0.91;15/04/2024 16:08:16;
16/04/2024;9;2.0TD;2;0.000101120386000000;0.190;1.163126561;78.272354;19.184;8.779;50.309354;4.47;18.50343;1.05431;0.75;0.25;1.36708;75.38080;101.96000;48.69000;27.94000;1817.3;275.0;154.0;50.0;15.79;0.154;0.17498;0.04096;0.00;0.000;0.634;0.947;0.000;0.557;42.276;4.47;4.47;22744.5;1328.60;11.02;3.35;1.42;218229.64;69699.44;24859.38;28383.8;7.69;2.46;0.88;15/04/2024 16:08:16;
16/04/2024;10;2.0TD;2;0.000109335619000000;0.153;0.937206526;74.355994;19.184;8.779;46.392994;0.00;18.50343;1.05431;0.75;0.25;1.36708;75.38080;101.96000;48.69000;27.94000;1817.3;275.0;154.0;50.0;18.25;0.154;0.17498;0.04096;0.00;0.000;0.604;0.947;0.000;0.557;40.236;0.00;0.00;23574.7;2002.40;13.48;3.35;1.42;260126.40;88458.48;24859.38;27707.1;9.39;3.19;0.90;15/04/2024 16:08:16;
16/04/2024;11;2.0TD;1;0.000115700910000000;0.159;0.953036527;124.457961;33.081;43.893;47.483961;-0.01;18.50343;1.05431;0.75;0.25;1.36708;75.38080;101.96000;48.69000;27.94000;1817.3;275.0;154.0;50.0;18.21;0.926;0.17498;0.04096;0.00;0.000;0.615;0.947;0.000;0.557;40.969;-0.01;0.00;25054.4;2008.70;13.44;3.35;1.42;300516.84;39402.00;24859.38;27141.0;11.07;1.45;0.92;15/04/2024 16:08:16;
16/04/2024;12;2.0TD;1;0.000117615138000000;0.162;0.970880391;124.403085;33.081;43.893;47.429085;-0.01;18.50343;1.05431;0.75;0.25;1.36708;75.38080;101.96000;48.69000;27.94000;1817.3;275.0;154.0;50.0;18.06;0.926;0.17498;0.04096;0.00;0.000;0.612;0.947;0.000;0.557;40.816;-0.01;0.00;26950.4;2060.10;13.29;3.35;1.42;306745.28;20681.44;24859.38;26509.5;11.57;0.78;0.94;15/04/2024 16:08:16;
16/04/2024;13;2.0TD;1;0.000121125309000000;0.159;0.954460208;124.234274;33.081;43.893;47.260274;-0.03;18.50343;1.05431;0.75;0.25;1.36708;75.38080;101.96000;48.69000;27.94000;1817.3;275.0;154.0;50.0;18.04;0.926;0.17498;0.04096;0.00;0.000;0.612;0.947;0.000;0.557;40.776;-0.03;-0.01;26954.5;1770.30;13.27;3.35;1.42;306461.60;15920.00;24859.38;26166.1;11.71;0.61;0.95;15/04/2024 16:08:16;
16/04/2024;14;2.0TD;1;0.000128417926000000;0.154;0.922036361;124.006157;33.081;43.893;47.032157;-0.09;18.50343;1.05431;0.75;0.25;1.36708;75.38080;101.96000;48.69000;27.94000;1817.3;275.0;154.0;50.0;18.08;0.926;0.17498;0.04096;0.00;0.000;0.611;0.947;0.000;0.557;40.755;-0.10;0.00;27175.2;1867.10;13.31;3.35;1.42;306676.80;16334.92;24859.38;26132.7;11.74;0.63;0.95;15/04/2024 16:08:16;
16/04/2024;15;2.0TD;2;0.000128282009000000;0.173;1.063528737;75.089176;19.184;8.779;47.126176;-0.10;18.50343;1.05431;0.75;0.25;1.36708;75.38080;101.96000;48.69000;27.94000;1817.3;275.0;154.0;50.0;18.29;0.154;0.17498;0.04096;0.00;0.000;0.603;0.947;0.000;0.557;40.175;-0.10;-0.09;26968.9;1972.70;13.52;3.35;1.42;307126.28;17606.12;24859.38;25846.3;11.88;0.68;0.96;15/04/2024 16:08:16;
16/04/2024;16;2.0TD;2;0.000117914115000000;0.180;1.102606596;75.250046;19.184;8.779;47.287046;-0.10;18.50343;1.05431;0.75;0.25;1.36708;75.38080;101.96000;48.69000;27.94000;1817.3;275.0;154.0;50.0;18.19;0.154;0.17498;0.04096;0.00;0.000;0.601;0.947;0.000;0.557;40.073;-0.10;-0.10;26767.5;2260.50;13.42;3.35;1.42;298759.92;15920.00;24859.38;25292.1;11.81;0.63;0.98;15/04/2024 16:08:16;
16/04/2024;17;2.0TD;2;0.000110243773000000;0.186;1.142085386;75.382563;19.184;8.779;47.419563;-0.13;18.50343;1.05431;0.75;0.25;1.36708;75.38080;101.96000;48.69000;27.94000;1817.3;275.0;154.0;50.0;18.13;0.154;0.17498;0.04096;0.00;0.000;0.600;0.947;0.000;0.557;39.982;-0.13;-0.12;26278.5;2099.00;13.36;3.35;1.42;290386.20;15890.00;24859.38;24774.1;11.72;0.64;1.00;15/04/2024 16:08:16;
16/04/2024;18;2.0TD;2;0.000108269461000000;0.192;1.177544452;75.198108;19.184;8.779;47.235108;-0.09;18.50343;1.05431;0.75;0.25;1.36708;75.38080;101.96000;48.69000;27.94000;1817.3;275.0;154.0;50.0;17.74;0.154;0.17498;0.04096;0.00;0.000;0.594;0.947;0.000;0.557;39.626;-0.10;0.00;25936.8;2174.80;12.97;3.35;1.42;256645.92;40457.68;24859.38;24817.6;10.34;1.63;1.00;15/04/2024 16:08:16;
16/04/2024;19;2.0TD;1;0.000109334114000000;0.167;1.000441794;123.611718;33.081;43.893;46.637718;-0.01;18.50343;1.05431;0.75;0.25;1.36708;75.38080;101.96000;48.69000;27.94000;1817.3;275.0;154.0;50.0;17.22;0.926;0.17498;0.04096;0.00;0.000;0.599;0.947;0.000;0.557;39.963;-0.01;0.00;25160.4;2292.90;12.45;3.35;1.42;249526.16;39192.96;24859.38;25185.3;9.91;1.56;0.99;15/04/2024 16:08:16;
16/04/2024;20;2.0TD;1;0.000116014613000000;0.167;1.001551733;122.130795;33.081;43.893;45.156795;0.03;18.50343;1.05431;0.75;0.25;1.36708;75.38080;101.96000;48.69000;27.94000;1817.3;275.0;154.0;50.0;15.93;0.926;0.17498;0.04096;0.00;0.000;0.580;0.947;0.000;0.557;38.694;0.00;0.44;24675.1;1562.80;11.16;3.35;1.42;219556.16;48114.00;24859.38;26218.6;8.37;1.84;0.95;15/04/2024 16:08:16;
16/04/2024;21;2.0TD;1;0.000134319921000000;0.170;1.016552420;124.492109;33.081;43.893;47.518109;4.15;18.50343;1.05431;0.75;0.25;1.36708;75.38080;101.96000;48.69000;27.94000;1817.3;275.0;154.0;50.0;13.70;0.926;0.17498;0.04096;0.00;0.000;0.609;0.947;0.000;0.557;40.613;4.15;4.16;23913.9;1455.00;8.93;3.35;1.42;218957.32;8257.60;24859.38;28208.3;7.76;0.29;0.88;15/04/2024 16:08:16;
16/04/2024;22;2.0TD;1;0.000156912547000000;0.171;1.021433227;130.501310;33.081;43.893;53.527310;10.01;18.50343;1.05431;0.75;0.25;1.36708;75.38080;101.96000;48.69000;27.94000;1817.3;275.0;154.0;50.0;12.86;0.926;0.17498;0.04096;0.00;0.000;0.686;0.947;0.000;0.557;45.710;10.01;10.01;24374.2;1785.50;8.09;3.35;1.42;197531.36;13386.88;24859.38;29132.6;6.78;0.46;0.85;15/04/2024 16:08:16;
16/04/2024;23;2.0TD;2;0.000141933105000000;0.198;1.213292687;76.688976;19.184;8.779;48.725976;5.00;18.50343;1.05431;0.75;0.25;1.36708;75.38080;101.96000;48.69000;27.94000;1817.3;275.0;154.0;50.0;13.68;0.154;0.17498;0.04096;0.00;0.000;0.610;0.947;0.000;0.557;40.672;5.00;5.00;22774.8;1657.00;8.91;3.35;1.42;208718.92;8288.80;24859.38;27150.3;7.69;0.31;0.92;15/04/2024 16:08:16;
16/04/2024;24;2.0TD;2;0.000117826226000000;0.206;1.261438233;76.267844;19.184;8.779;48.304844;3.19;18.50343;1.05431;0.75;0.25;1.36708;75.38080;101.96000;48.69000;27.94000;1817.3;275.0;154.0;50.0;14.88;0.154;0.17498;0.04096;0.00;0.000;0.601;0.947;0.000;0.557;40.053;3.25;2.51;20386.1;1670.90;10.11;3.35;1.42;213752.40;10500.60;24859.38;24635.6;8.68;0.43;1.01;15/04/2024 16:08:16;
*
