pvpcdata;
2024;10;09;11;29;31;
09/09/2024;1;2.0TD;3;0.000095324144000000;0.171;0.952015892;153.065603;0.557;2.195;150.313603;114.81;1.03729;1.19355;0.75;0.25;86.53583;90.68500;101.96000;73.51000;91.63000;1866.7;275.0;234.0;48.0;8.67;0.000;0.17498;0.04096;0.00;0.000;1.925;0.947;0.000;0.557;128.363;115.70;106.01;15759.9;1598.30;4.54;3.08;1.05;63794.68;15920.00;24859.38;23017.0;2.77;0.69;1.08;08/09/2024 16:16:47;
09/09/2024;2;2.0TD;3;0.000080463524000000;0.178;0.991469477;148.081215;0.557;2.195;145.329215;109.77;1.03729;1.19355;0.75;0.25;86.53583;90.68500;101.96000;73.51000;91.63000;1866.7;275.0;234.0;48.0;8.79;0.000;0.17498;0.04096;0.00;0.000;1.851;0.947;0.000;0.557;123.369;110.30;104.79;14764.3;1562.80;4.66;3.08;1.05;86094.88;15940.00;0.00;21905.9;3.93;0.73;0.00;08/09/2024 16:16:47;
09/09/2024;3;2.0TD;3;0.000072691974000000;0.182;1.012258069;146.989631;0.557;2.195;144.237631;108.13;1.03729;1.19355;0.75;0.25;86.53583;90.68500;101.96000;73.51000;91.63000;1866.7;275.0;234.0;48.0;9.11;0.000;0.17498;0.04096;0.00;0.000;1.830;0.947;0.000;0.557;122.028;108.75;102.42;14076.9;1530.40;4.98;3.08;1.05;90087.80;15940.00;0.00;21272.6;4.23;0.75;0.00;08/09/2024 16:16:47;
09/09/2024;4;2.0TD;3;0.000068666569000000;0.182;1.013061846;147.073553;0.557;2.195;144.321553;107.68;1.03729;1.19355;0.75;0.25;86.53583;90.68500;101.96000;73.51000;91.63000;1866.7;275.0;234.0;48.0;9.63;0.000;0.17498;0.04096;0.00;0.000;1.831;0.947;0.000;0.557;122.099;108.66;98.94;13807.2;1556.10;5.50;3.08;1.05;98182.92;15940.00;0.00;20755.8;4.73;0.77;0.00;08/09/2024 16:16:47;
09/09/2024;5;2.0TD;3;0.000066489822000000;0.184;1.024040333;138.386840;0.557;2.195;135.634840;99.23;1.03729;1.19355;0.75;0.25;86.53583;90.68500;101.96000;73.51000;91.63000;1866.7;275.0;234.0;48.0;10.65;0.000;0.17498;0.04096;0.00;0.000;1.718;0.947;0.000;0.557;114.556;100.20;89.60;14214.0;1430.00;6.52;3.08;1.05;117409.04;18171.60;0.00;20804.1;5.64;0.87;0.00;08/09/2024 16:16:47;
09/09/2024;6;2.0TD;3;0.000066609824000000;0.177;0.985174231;146.511313;0.557;2.195;143.759313;107.72;1.03729;1.19355;0.75;0.25;86.53583;90.68500;101.96000;73.51000;91.63000;1866.7;275.0;234.0;48.0;9.63;0.000;0.17498;0.04096;0.00;0.000;1.832;0.947;0.000;0.557;122.140;108.36;102.13;14134.5;1607.10;5.50;3.08;1.05;100854.20;15920.00;0.00;21236.2;4.75;0.75;0.00;08/09/2024 16:16:47;
09/09/2024;7;2.0TD;3;0.000072146813000000;0.160;0.887770758;154.304205;0.557;2.195;151.552205;116.01;1.03729;1.19355;0.75;0.25;86.53583;90.68500;101.96000;73.51000;91.63000;1866.7;275.0;234.0;48.0;9.72;0.000;0.17498;0.04096;0.00;0.000;1.960;0.947;0.000;0.557;130.648;116.42;111.33;15335.8;1343.80;5.59;3.08;1.05;89275.44;15920.00;24859.38;23280.3;3.83;0.68;1.07;08/09/2024 16:16:47;
09/09/2024;8;2.0TD;3;0.000083683368000000;0.150;0.834461857;154.409920;0.557;2.195;151.657920;119.86;1.03729;1.19355;0.75;0.25;86.53583;90.68500;101.96000;73.51000;91.63000;1866.7;275.0;234.0;48.0;7.08;0.000;0.17498;0.04096;0.00;0.000;1.978;0.947;0.000;0.557;131.876;120.00;118.00;16767.5;1245.10;2.95;3.08;1.05;37119.08;14346.00;24859.38;25862.2;1.44;0.55;0.96;08/09/2024 16:16:47;
09/09/2024;9;2.0TD;2;0.000087761687000000;0.147;0.899077091;181.559436;19.184;8.779;153.596436;119.88;1.03729;1.19355;0.75;0.25;86.53583;90.68500;101.96000;73.51000;91.63000;1866.7;275.0;234.0;48.0;8.91;0.154;0.17498;0.04096;0.00;0.000;2.009;0.947;0.000;0.557;133.911;120.00;118.00;18770.2;1231.90;4.78;3.08;1.05;28165.08;78618.96;24859.38;27519.4;1.02;2.86;0.90;08/09/2024 16:16:47;
09/09/2024;10;2.0TD;2;0.000091960201000000;0.138;0.843746248;176.033247;19.184;8.779;148.070247;115.07;1.03729;1.19355;0.75;0.25;86.53583;90.68500;101.96000;73.51000;91.63000;1866.7;275.0;234.0;48.0;9.98;0.154;0.17498;0.04096;0.00;0.000;1.952;0.947;0.000;0.557;130.114;115.10;114.60;21542.1;1268.60;5.85;3.08;1.05;35228.44;107448.64;24859.38;28655.9;1.23;3.75;0.87;08/09/2024 16:16:47;
09/09/2024;11;2.0TD;1;0.000096408672000000;0.136;0.814308581;179.876802;33.081;43.893;102.902802;72.44;1.03729;1.19355;0.75;0.25;86.53583;90.68500;101.96000;73.51000;91.63000;1866.7;275.0;234.0;48.0;12.90;0.926;0.17498;0.04096;0.00;0.000;1.359;0.947;0.000;0.557;90.583;72.20;79.20;25936.7;907.80;8.77;3.08;1.05;115307.12;116729.60;24859.38;29299.5;3.94;3.98;0.85;08/09/2024 16:16:47;
09/09/2024;12;2.0TD;1;0.000098289247000000;0.139;0.833659054;153.147418;33.081;43.893;76.173418;50.40;1.03729;1.19355;0.75;0.25;86.53583;90.68500;101.96000;73.51000;91.63000;1866.7;275.0;234.0;48.0;11.59;0.926;0.17498;0.04096;0.00;0.000;1.003;0.947;0.000;0.557;66.877;50.24;55.26;27773.9;899.30;7.46;3.08;1.05;148079.12;48960.00;24859.38;29749.0;4.98;1.65;0.84;08/09/2024 16:16:47;
09/09/2024;13;2.0TD;1;0.000102052276000000;0.137;0.817742595;147.553790;33.081;43.893;70.579790;45.47;1.03729;1.19355;0.75;0.25;86.53583;90.68500;101.96000;73.51000;91.63000;1866.7;275.0;234.0;48.0;11.79;0.926;0.17498;0.04096;0.00;0.000;0.931;0.947;0.000;0.557;62.075;45.31;50.30;29167.7;979.90;7.66;3.08;1.05;155772.84;50976.00;24859.38;30205.4;5.16;1.69;0.82;08/09/2024 16:16:47;
09/09/2024;14;2.0TD;1;0.000110198855000000;0.130;0.780923016;141.888491;33.081;43.893;64.914491;40.88;1.03729;1.19355;0.75;0.25;86.53583;90.68500;101.96000;73.51000;91.63000;1866.7;275.0;234.0;48.0;11.82;0.926;0.17498;0.04096;0.00;0.000;0.862;0.947;0.000;0.557;57.446;40.50;51.95;28942.1;993.80;7.69;3.08;1.05;163029.04;47181.12;24859.38;30568.6;5.33;1.54;0.81;08/09/2024 16:16:47;
09/09/2024;15;2.0TD;2;0.000112028826000000;0.131;0.806235983;68.704394;19.184;8.779;40.741394;20.24;1.03729;1.19355;0.75;0.25;86.53583;90.68500;101.96000;73.51000;91.63000;1866.7;275.0;234.0;48.0;12.13;0.154;0.17498;0.04096;0.00;0.000;0.540;0.947;0.000;0.557;36.022;20.00;27.00;29357.6;1051.90;8.00;3.08;1.05;194237.24;24486.00;24859.38;30450.3;6.38;0.80;0.82;08/09/2024 16:16:47;
09/09/2024;16;2.0TD;2;0.000105919882000000;0.135;0.830017815;53.293309;19.184;8.779;25.330309;6.39;1.03729;1.19355;0.75;0.25;86.53583;90.68500;101.96000;73.51000;91.63000;1866.7;275.0;234.0;48.0;12.48;0.154;0.17498;0.04096;0.00;0.000;0.335;0.947;0.000;0.557;22.317;6.12;14.00;29556.3;1048.90;8.35;3.08;1.05;215329.40;9157.72;24859.38;29832.4;7.22;0.31;0.83;08/09/2024 16:16:47;
09/09/2024;17;2.0TD;2;0.000103621047000000;0.140;0.857272362;57.246696;19.184;8.779;29.283696;9.73;1.03729;1.19355;0.75;0.25;86.53583;90.68500;101.96000;73.51000;91.63000;1866.7;275.0;234.0;48.0;12.46;0.154;0.17498;0.04096;0.00;0.000;0.385;0.947;0.000;0.557;25.687;9.54;15.00;29533.4;1087.10;8.33;3.08;1.05;210129.24;11611.60;24859.38;29622.0;7.09;0.39;0.84;08/09/2024 16:16:47;
09/09/2024;18;2.0TD;2;0.000106966440000000;0.141;0.865556029;94.526033;19.184;8.779;66.563033;41.43;1.03729;1.19355;0.75;0.25;86.53583;90.68500;101.96000;73.51000;91.63000;1866.7;275.0;234.0;48.0;12.92;0.154;0.17498;0.04096;0.00;0.000;0.875;0.947;0.000;0.557;58.337;40.50;70.50;27835.2;887.90;8.79;3.08;1.05;162988.28;71580.00;24859.38;29519.5;5.52;2.42;0.84;08/09/2024 16:16:47;
09/09/2024;19;2.0TD;1;0.000110083671000000;0.145;0.868330129;179.970703;33.081;43.893;102.996703;72.24;1.03729;1.19355;0.75;0.25;86.53583;90.68500;101.96000;73.51000;91.63000;1866.7;275.0;234.0;48.0;12.48;0.926;0.17498;0.04096;0.00;0.000;1.349;0.947;0.000;0.557;89.953;71.94;81.54;25682.5;841.70;8.35;3.08;1.05;99160.92;121139.20;24859.38;29389.6;3.37;4.12;0.85;08/09/2024 16:16:47;
09/09/2024;20;2.0TD;1;0.000114551775000000;0.147;0.882894577;231.585531;33.081;43.893;154.611531;116.50;1.03729;1.19355;0.75;0.25;86.53583;90.68500;101.96000;73.51000;91.63000;1866.7;275.0;234.0;48.0;12.39;0.926;0.17498;0.04096;0.00;0.000;2.022;0.947;0.000;0.557;134.796;116.50;116.50;21437.7;1293.00;8.26;3.08;1.05;26606.52;186278.40;24859.38;28773.9;0.92;6.47;0.86;08/09/2024 16:16:47;
09/09/2024;21;2.0TD;1;0.000133565617000000;0.142;0.849687868;232.545751;33.081;43.893;155.571751;121.51;1.03729;1.19355;0.75;0.25;86.53583;90.68500;101.96000;73.51000;91.63000;1866.7;275.0;234.0;48.0;8.79;0.926;0.17498;0.04096;0.00;0.000;2.043;0.947;0.000;0.557;136.227;121.56;120.69;20861.8;1327.10;4.66;3.08;1.05;93459.24;17215.20;24859.38;29083.7;3.21;0.59;0.85;08/09/2024 16:16:47;
09/09/2024;22;2.0TD;1;0.000147654716000000;0.141;0.843135476;244.734605;33.081;43.893;167.760605;131.89;1.03729;1.19355;0.75;0.25;86.53583;90.68500;101.96000;73.51000;91.63000;1866.7;275.0;234.0;48.0;9.05;0.926;0.17498;0.04096;0.00;0.000;2.205;0.947;0.000;0.557;147.029;132.00;130.28;21095.7;1394.50;4.92;3.08;1.05;98495.96;20275.68;24859.38;29190.5;3.37;0.69;0.85;08/09/2024 16:16:47;
09/09/2024;23;2.0TD;2;0.000131598978000000;0.148;0.910162884;181.075724;19.184;8.779;153.112724;118.12;1.03729;1.19355;0.75;0.25;86.53583;90.68500;101.96000;73.51000;91.63000;1866.7;275.0;234.0;48.0;10.14;0.154;0.17498;0.04096;0.00;0.000;2.001;0.947;0.000;0.557;133.373;118.30;115.77;19109.2;1449.30;6.01;3.08;1.05;123530.12;15429.92;24859.38;27240.7;4.53;0.57;0.91;08/09/2024 16:16:47;
09/09/2024;24;2.0TD;2;0.000111011885000000;0.155;0.951564401;172.827088;19.184;8.779;144.864088;108.45;1.03729;1.19355;0.75;0.25;86.53583;90.68500;101.96000;73.51000;91.63000;1866.7;275.0;234.0;48.0;11.98;0.154;0.17498;0.04096;0.00;0.000;1.881;0.947;0.000;0.557;125.423;108.66;106.01;17799.2;1502.30;7.85;3.08;1.05;153126.20;19152.00;24859.38;25121.9;6.10;0.76;0.99;08/09/2024 16:16:47;
*
