pvpcdata;
2024;11;12;10;29;21;
22/10/2024;1;2.0TD;3;0.000084003146000000;0.181;1.004291034;122.134977;0.557;2.195;119.382977;81.04;3.23253;1.16007;0.75;0.25;80.17667;93.10680;101.96000;84.74000;75.42000;1793.0;275.0;200.0;45.0;13.06;0.000;0.17498;0.04096;0.00;0.000;1.516;0.947;0.000;0.557;101.086;80.85;84.76;16147.9;806.20;8.82;3.19;1.05;113441.20;58980.96;24859.38;22360.2;5.07;2.64;1.11;21/10/2024 16:06:05;
22/10/2024;2;2.0TD;3;0.000071036692000000;0.187;1.038947700;112.812240;0.557;2.195;110.060240;70.04;3.23253;1.16007;0.75;0.25;80.17667;93.10680;101.96000;84.74000;75.42000;1793.0;275.0;200.0;45.0;15.82;0.000;0.17498;0.04096;0.00;0.000;1.391;0.947;0.000;0.557;92.721;70.00;70.70;15765.9;846.40;11.58;3.19;1.05;131604.72;92215.20;24859.38;21488.0;6.12;4.29;1.16;21/10/2024 16:06:05;
22/10/2024;3;2.0TD;3;0.000064023558000000;0.191;1.061131092;108.043960;0.557;2.195;105.291960;63.79;3.23253;1.16007;0.75;0.25;80.17667;93.10680;101.96000;84.74000;75.42000;1793.0;275.0;200.0;45.0;17.82;0.000;0.17498;0.04096;0.00;0.000;1.326;0.947;0.000;0.557;88.406;63.79;63.79;15446.5;957.60;13.58;3.19;1.05;147592.68;111480.60;24859.38;20905.8;7.06;5.33;1.19;21/10/2024 16:06:05;
22/10/2024;4;2.0TD;3;0.000060792250000000;0.192;1.065920691;114.678831;0.557;2.195;111.926831;69.25;3.23253;1.16007;0.75;0.25;80.17667;93.10680;101.96000;84.74000;75.42000;1793.0;275.0;200.0;45.0;17.77;0.000;0.17498;0.04096;0.00;0.000;1.408;0.947;0.000;0.557;93.898;69.40;67.40;15092.5;1183.70;13.53;3.19;1.05;153734.08;123991.52;0.00;20520.3;7.49;6.04;0.00;21/10/2024 16:06:05;
22/10/2024;5;2.0TD;3;0.000059595216000000;0.191;1.059037363;105.299896;0.557;2.195;102.547896;59.99;3.23253;1.16007;0.75;0.25;80.17667;93.10680;101.96000;84.74000;75.42000;1793.0;275.0;200.0;45.0;19.35;0.000;0.17498;0.04096;0.00;0.000;1.292;0.947;0.000;0.557;86.102;60.00;59.86;16379.1;989.40;15.11;3.19;1.05;171680.00;138670.00;0.00;20539.7;8.36;6.75;0.00;21/10/2024 16:06:05;
22/10/2024;6;2.0TD;3;0.000061036509000000;0.186;1.035382991;113.032623;0.557;2.195;110.280623;70.00;3.23253;1.16007;0.75;0.25;80.17667;93.10680;101.96000;84.74000;75.42000;1793.0;275.0;200.0;45.0;16.12;0.000;0.17498;0.04096;0.00;0.000;1.395;0.947;0.000;0.557;92.985;70.00;70.00;16018.0;1035.00;11.88;3.19;1.05;124487.76;123113.28;0.00;20848.3;5.97;5.91;0.00;21/10/2024 16:06:05;
22/10/2024;7;2.0TD;3;0.000069525648000000;0.173;0.959626593;116.074765;0.557;2.195;113.322765;76.41;3.23253;1.16007;0.75;0.25;80.17667;93.10680;101.96000;84.74000;75.42000;1793.0;275.0;200.0;45.0;13.28;0.000;0.17498;0.04096;0.00;0.000;1.449;0.947;0.000;0.557;96.609;75.97;80.97;15939.7;1540.40;9.04;3.19;1.05;108561.32;75528.64;24859.38;23124.9;4.69;3.27;1.08;21/10/2024 16:06:05;
22/10/2024;8;2.0TD;3;0.000089679956000000;0.163;0.904868760;141.344789;0.557;2.195;138.592789;102.14;3.23253;1.16007;0.75;0.25;80.17667;93.10680;101.96000;84.74000;75.42000;1793.0;275.0;200.0;45.0;9.77;0.000;0.17498;0.04096;0.00;0.000;1.788;0.947;0.000;0.557;119.168;102.17;101.68;17254.0;1301.00;5.53;3.19;1.05;58401.20;61519.76;24859.38;26200.3;2.23;2.35;0.95;21/10/2024 16:06:05;
22/10/2024;9;2.0TD;2;0.000097134276000000;0.188;1.154877450;197.906813;19.184;8.779;169.943813;123.02;3.23253;1.16007;0.75;0.25;80.17667;93.10680;101.96000;84.74000;75.42000;1793.0;275.0;200.0;45.0;12.26;0.154;0.17498;0.04096;0.00;0.000;2.146;0.947;0.000;0.557;143.050;123.02;123.02;18660.9;1613.80;8.02;3.19;1.05;24209.32;172378.88;24859.38;27597.7;0.88;6.25;0.90;21/10/2024 16:06:05;
22/10/2024;10;2.0TD;2;0.000095618014000000;0.150;0.921696139;179.475900;19.184;8.779;151.512900;105.44;3.23253;1.16007;0.75;0.25;80.17667;93.10680;101.96000;84.74000;75.42000;1793.0;275.0;200.0;45.0;18.71;0.154;0.17498;0.04096;0.00;0.000;1.976;0.947;0.000;0.557;131.750;105.50;104.60;19161.6;1352.20;14.47;3.19;1.05;48041.24;332326.80;24859.38;28015.2;1.71;11.86;0.89;21/10/2024 16:06:05;
22/10/2024;11;2.0TD;1;0.000097002451000000;0.150;0.896670667;209.155400;33.081;43.893;132.181400;93.02;3.23253;1.16007;0.75;0.25;80.17667;93.10680;101.96000;84.74000;75.42000;1793.0;275.0;200.0;45.0;13.80;0.926;0.17498;0.04096;0.00;0.000;1.724;0.947;0.000;0.557;114.940;93.02;93.02;21360.4;1412.70;9.56;3.19;1.05;62159.44;185303.20;24859.38;28475.9;2.18;6.51;0.87;21/10/2024 16:06:05;
22/10/2024;12;2.0TD;1;0.000096370909000000;0.151;0.903102674;166.922749;33.081;43.893;89.948749;55.64;3.23253;1.16007;0.75;0.25;80.17667;93.10680;101.96000;84.74000;75.42000;1793.0;275.0;200.0;45.0;14.94;0.926;0.17498;0.04096;0.00;0.000;1.172;0.947;0.000;0.557;78.148;55.40;60.50;22792.8;1112.20;10.70;3.19;1.05;133514.80;150193.68;24859.38;28820.1;4.63;5.21;0.86;21/10/2024 16:06:05;
22/10/2024;13;2.0TD;1;0.000098981863000000;0.147;0.882283705;160.846480;33.081;43.893;83.872480;53.70;3.23253;1.16007;0.75;0.25;80.17667;93.10680;101.96000;84.74000;75.42000;1793.0;275.0;200.0;45.0;11.93;0.926;0.17498;0.04096;0.00;0.000;1.097;0.947;0.000;0.557;73.123;53.54;56.54;25911.1;1436.10;7.69;3.19;1.05;136232.68;61335.44;24859.38;28947.5;4.71;2.12;0.86;21/10/2024 16:06:05;
22/10/2024;14;2.0TD;1;0.000105631086000000;0.148;0.886469350;157.714388;33.081;43.893;80.740388;50.49;3.23253;1.16007;0.75;0.25;80.17667;93.10680;101.96000;84.74000;75.42000;1793.0;275.0;200.0;45.0;12.39;0.926;0.17498;0.04096;0.00;0.000;1.055;0.947;0.000;0.557;70.331;50.24;55.55;25995.1;1262.50;8.15;3.19;1.05;145059.56;65736.00;24859.38;28899.5;5.02;2.27;0.86;21/10/2024 16:06:05;
22/10/2024;15;2.0TD;2;0.000105614616000000;0.172;1.054843829;112.970912;19.184;8.779;85.007912;53.54;3.23253;1.16007;0.75;0.25;80.17667;93.10680;101.96000;84.74000;75.42000;1793.0;275.0;200.0;45.0;12.28;0.154;0.17498;0.04096;0.00;0.000;1.088;0.947;0.000;0.557;72.532;53.54;53.65;27046.3;1165.20;8.04;3.19;1.05;146657.32;57325.12;24859.38;28458.9;5.15;2.01;0.87;21/10/2024 16:06:05;
22/10/2024;16;2.0TD;2;0.000098189194000000;0.181;1.108204218;112.772202;19.184;8.779;84.809202;53.54;3.23253;1.16007;0.75;0.25;80.17667;93.10680;101.96000;84.74000;75.42000;1793.0;275.0;200.0;45.0;11.57;0.154;0.17498;0.04096;0.00;0.000;1.077;0.947;0.000;0.557;71.811;53.54;53.54;26624.8;1245.80;7.33;3.19;1.05;118438.40;60617.60;24859.38;27815.5;4.26;2.18;0.89;21/10/2024 16:06:05;
22/10/2024;17;2.0TD;2;0.000094400957000000;0.188;1.153345129;112.611977;19.184;8.779;84.648977;52.75;3.23253;1.16007;0.75;0.25;80.17667;93.10680;101.96000;84.74000;75.42000;1793.0;275.0;200.0;45.0;11.81;0.154;0.17498;0.04096;0.00;0.000;1.069;0.947;0.000;0.557;71.253;52.50;57.50;22866.0;1225.20;7.57;3.19;1.05;114200.92;68422.88;24859.38;27409.7;4.17;2.50;0.91;21/10/2024 16:06:05;
22/10/2024;18;2.0TD;2;0.000097443951000000;0.188;1.154259446;139.061609;19.184;8.779;111.098609;75.12;3.23253;1.16007;0.75;0.25;80.17667;93.10680;101.96000;84.74000;75.42000;1793.0;275.0;200.0;45.0;11.37;0.154;0.17498;0.04096;0.00;0.000;1.403;0.947;0.000;0.557;93.517;74.99;77.94;21008.8;934.70;7.13;3.19;1.05;77351.44;92946.48;24859.38;27379.8;2.83;3.39;0.91;21/10/2024 16:06:05;
22/10/2024;19;2.0TD;1;0.000104092255000000;0.167;0.998701906;208.478968;33.081;43.893;131.504968;95.93;3.23253;1.16007;0.75;0.25;80.17667;93.10680;101.96000;84.74000;75.42000;1793.0;275.0;200.0;45.0;8.67;0.926;0.17498;0.04096;0.00;0.000;1.690;0.947;0.000;0.557;112.686;95.91;96.31;20440.9;1074.20;4.43;3.19;1.05;52277.04;42876.24;24859.38;27114.2;1.93;1.58;0.92;21/10/2024 16:06:05;
22/10/2024;20;2.0TD;1;0.000120834714000000;0.168;1.003520887;247.580662;33.081;43.893;170.606662;124.71;3.23253;1.16007;0.75;0.25;80.17667;93.10680;101.96000;84.74000;75.42000;1793.0;275.0;200.0;45.0;12.77;0.926;0.17498;0.04096;0.00;0.000;2.191;0.947;0.000;0.557;146.067;124.71;124.71;19386.1;1415.40;8.53;3.19;1.05;17885.20;198536.00;24859.38;28278.4;0.63;7.02;0.88;21/10/2024 16:06:05;
22/10/2024;21;2.0TD;1;0.000143515041000000;0.167;0.998337376;225.480991;33.081;43.893;148.506991;112.02;3.23253;1.16007;0.75;0.25;80.17667;93.10680;101.96000;84.74000;75.42000;1793.0;275.0;200.0;45.0;6.93;0.926;0.17498;0.04096;0.00;0.000;1.909;0.947;0.000;0.557;127.255;112.02;112.02;19246.9;1252.90;2.69;3.19;1.05;27020.80;27916.00;24859.38;29725.3;0.91;0.94;0.84;21/10/2024 16:06:05;
22/10/2024;22;2.0TD;1;0.000144674528000000;0.169;1.013340319;211.838430;33.081;43.893;134.864430;100.00;3.23253;1.16007;0.75;0.25;80.17667;93.10680;101.96000;84.74000;75.42000;1793.0;275.0;200.0;45.0;7.24;0.926;0.17498;0.04096;0.00;0.000;1.731;0.947;0.000;0.557;115.367;100.00;100.00;18983.8;1100.10;3.00;3.19;1.05;34376.92;26773.20;24859.38;28642.7;1.20;0.93;0.87;21/10/2024 16:06:05;
22/10/2024;23;2.0TD;2;0.000125687119000000;0.200;1.224511173;160.651018;19.184;8.779;132.688018;95.84;3.23253;1.16007;0.75;0.25;80.17667;93.10680;101.96000;84.74000;75.42000;1793.0;275.0;200.0;45.0;7.45;0.154;0.17498;0.04096;0.00;0.000;1.659;0.947;0.000;0.557;110.573;95.78;96.80;17920.3;1156.00;3.21;3.19;1.05;34120.28;23976.00;24859.38;25793.2;1.32;0.93;0.96;21/10/2024 16:06:05;
22/10/2024;24;2.0TD;2;0.000104252785000000;0.210;1.286986986;154.852491;19.184;8.779;126.889491;88.47;3.23253;1.16007;0.75;0.25;80.17667;93.10680;101.96000;84.74000;75.42000;1793.0;275.0;200.0;45.0;9.20;0.154;0.17498;0.04096;0.00;0.000;1.573;0.947;0.000;0.557;104.867;88.35;90.35;17267.2;1142.30;4.96;3.19;1.05;42918.00;47792.16;24859.38;23316.6;1.84;2.05;1.07;21/10/2024 16:06:05;
*
