pvpcdata;
2024;10;09;11;29;26;
04/09/2024;1;2.0TD;3;0.000097358139000000;0.162;0.902739836;141.293600;0.557;2.195;138.541600;108.00;-1.18188;1.06741;0.75;0.25;95.41250;90.68500;101.96000;73.51000;91.63000;2087.3;275.0;234.0;48.0;8.98;0.000;0.17498;0.04096;0.00;0.000;1.788;0.947;0.000;0.557;119.226;108.38;103.77;17507.5;1580.80;4.85;3.08;1.05;68694.80;31920.00;24859.38;25886.3;2.65;1.23;0.96;03/09/2024 16:08:25;
04/09/2024;2;2.0TD;3;0.000083223694000000;0.170;0.944899601;135.335055;0.557;2.195;132.583055;99.55;-1.18188;1.06741;0.75;0.25;95.41250;90.68500;101.96000;73.51000;91.63000;2087.3;275.0;234.0;48.0;11.61;0.000;0.17498;0.04096;0.00;0.000;1.700;0.947;0.000;0.557;113.318;99.35;102.35;16690.0;1176.10;7.48;3.08;1.05;86449.60;71373.12;24859.38;24423.5;3.54;2.92;1.02;03/09/2024 16:08:25;
04/09/2024;3;2.0TD;3;0.000074927155000000;0.173;0.961780103;131.184768;0.557;2.195;128.432768;94.68;-1.18188;1.06741;0.75;0.25;95.41250;90.68500;101.96000;73.51000;91.63000;2087.3;275.0;234.0;48.0;12.71;0.000;0.17498;0.04096;0.00;0.000;1.642;0.947;0.000;0.557;109.490;94.50;97.55;15982.2;996.90;8.58;3.08;1.05;98528.80;76735.68;24859.38;23334.5;4.22;3.29;1.07;03/09/2024 16:08:25;
04/09/2024;4;2.0TD;3;0.000070546272000000;0.176;0.976852288;138.963200;0.557;2.195;136.211200;101.06;-1.18188;1.06741;0.75;0.25;95.41250;90.68500;101.96000;73.51000;91.63000;2087.3;275.0;234.0;48.0;12.57;0.000;0.17498;0.04096;0.00;0.000;1.737;0.947;0.000;0.557;115.825;101.31;98.31;15601.7;1403.50;8.44;3.08;1.05;123097.32;68947.20;0.00;22754.7;5.41;3.03;0.00;03/09/2024 16:08:25;
04/09/2024;5;2.0TD;3;0.000068298063000000;0.176;0.979712855;138.784448;0.557;2.195;136.032448;100.75;-1.18188;1.06741;0.75;0.25;95.41250;90.68500;101.96000;73.51000;91.63000;2087.3;275.0;234.0;48.0;12.73;0.000;0.17498;0.04096;0.00;0.000;1.735;0.947;0.000;0.557;115.673;101.00;98.05;15368.8;1410.20;8.60;3.08;1.05;124027.44;69266.40;0.00;22478.9;5.52;3.08;0.00;03/09/2024 16:08:25;
04/09/2024;6;2.0TD;3;0.000068535788000000;0.172;0.957003679;136.037525;0.557;2.195;133.285525;98.21;-1.18188;1.06741;0.75;0.25;95.41250;90.68500;101.96000;73.51000;91.63000;2087.3;275.0;234.0;48.0;13.35;0.000;0.17498;0.04096;0.00;0.000;1.706;0.947;0.000;0.557;113.724;98.00;101.00;15061.3;1145.70;9.22;3.08;1.05;120929.00;87205.44;0.00;22577.1;5.36;3.86;0.00;03/09/2024 16:08:25;
04/09/2024;7;2.0TD;3;0.000074127621000000;0.160;0.887493253;144.529347;0.557;2.195;141.777347;108.78;-1.18188;1.06741;0.75;0.25;95.41250;90.68500;101.96000;73.51000;91.63000;2087.3;275.0;234.0;48.0;11.15;0.000;0.17498;0.04096;0.00;0.000;1.833;0.947;0.000;0.557;122.221;109.28;104.28;15468.4;1722.80;7.02;3.08;1.05;94276.96;53071.84;24859.38;24520.0;3.84;2.16;1.01;03/09/2024 16:08:25;
04/09/2024;8;2.0TD;3;0.000085610769000000;0.151;0.839458813;154.262562;0.557;2.195;151.510562;122.30;-1.18188;1.06741;0.75;0.25;95.41250;90.68500;101.96000;73.51000;91.63000;2087.3;275.0;234.0;48.0;6.90;0.000;0.17498;0.04096;0.00;0.000;1.975;0.947;0.000;0.557;131.633;122.30;122.30;16976.7;1369.70;2.77;3.08;1.05;34247.16;14382.00;24859.38;26549.2;1.29;0.54;0.94;03/09/2024 16:08:25;
04/09/2024;9;2.0TD;2;0.000089521309000000;0.154;0.944077072;189.503210;19.184;8.779;161.540210;127.35;-1.18188;1.06741;0.75;0.25;95.41250;90.68500;101.96000;73.51000;91.63000;2087.3;275.0;234.0;48.0;9.92;0.154;0.17498;0.04096;0.00;0.000;2.100;0.947;0.000;0.557;139.982;127.42;126.43;18038.7;1375.30;5.79;3.08;1.05;42617.48;93635.68;24859.38;27785.5;1.53;3.37;0.89;03/09/2024 16:08:25;
04/09/2024;10;2.0TD;2;0.000094455335000000;0.140;0.859617545;177.844330;19.184;8.779;149.881330;117.80;-1.18188;1.06741;0.75;0.25;95.41250;90.68500;101.96000;73.51000;91.63000;2087.3;275.0;234.0;48.0;11.09;0.154;0.17498;0.04096;0.00;0.000;1.972;0.947;0.000;0.557;131.474;117.99;115.33;20523.1;1613.20;6.96;3.08;1.05;56486.00;119895.84;24859.38;28912.7;1.95;4.15;0.86;03/09/2024 16:08:25;
04/09/2024;11;2.0TD;1;0.000098968910000000;0.144;0.864337368;198.290453;33.081;43.893;121.316453;89.76;-1.18188;1.06741;0.75;0.25;95.41250;90.68500;101.96000;73.51000;91.63000;2087.3;275.0;234.0;48.0;13.31;0.926;0.17498;0.04096;0.00;0.000;1.591;0.947;0.000;0.557;106.045;89.50;94.60;22850.2;1234.90;9.18;3.08;1.05;106709.00;142354.80;24859.38;29835.8;3.58;4.77;0.83;03/09/2024 16:08:25;
04/09/2024;12;2.0TD;1;0.000101089966000000;0.149;0.893543203;186.198917;33.081;43.893;109.224917;79.96;-1.18188;1.06741;0.75;0.25;95.41250;90.68500;101.96000;73.51000;91.63000;2087.3;275.0;234.0;48.0;12.29;0.926;0.17498;0.04096;0.00;0.000;1.426;0.947;0.000;0.557;95.060;79.96;79.96;25062.9;1285.10;8.16;3.08;1.05;181459.72;44488.32;24859.38;30755.5;5.90;1.45;0.81;03/09/2024 16:08:25;
04/09/2024;13;2.0TD;1;0.000105511720000000;0.144;0.863393782;180.671709;33.081;43.893;103.697709;75.50;-1.18188;1.06741;0.75;0.25;95.41250;90.68500;101.96000;73.51000;91.63000;2087.3;275.0;234.0;48.0;12.40;0.926;0.17498;0.04096;0.00;0.000;1.360;0.947;0.000;0.557;90.644;75.50;75.50;26119.5;1338.30;8.27;3.08;1.05;190599.72;44688.00;24859.38;31464.3;6.06;1.42;0.79;03/09/2024 16:08:25;
04/09/2024;14;2.0TD;1;0.000113556806000000;0.138;0.824143632;181.329568;33.081;43.893;104.355568;75.81;-1.18188;1.06741;0.75;0.25;95.41250;90.68500;101.96000;73.51000;91.63000;2087.3;275.0;234.0;48.0;13.13;0.926;0.17498;0.04096;0.00;0.000;1.376;0.947;0.000;0.557;91.700;76.00;72.02;28568.1;1436.90;9.00;3.08;1.05;216621.40;46342.00;24859.38;31984.7;6.77;1.45;0.78;03/09/2024 16:08:25;
04/09/2024;15;2.0TD;2;0.000114873715000000;0.136;0.835031316;125.270318;19.184;8.779;97.307318;69.89;-1.18188;1.06741;0.75;0.25;95.41250;90.68500;101.96000;73.51000;91.63000;2087.3;275.0;234.0;48.0;13.87;0.154;0.17498;0.04096;0.00;0.000;1.285;0.947;0.000;0.557;85.657;70.50;59.90;27138.4;1658.60;9.74;3.08;1.05;231949.92;56179.20;24859.38;32105.8;7.22;1.75;0.77;03/09/2024 16:08:25;
04/09/2024;16;2.0TD;2;0.000108773784000000;0.141;0.863783371;115.585925;19.184;8.779;87.622925;60.42;-1.18188;1.06741;0.75;0.25;95.41250;90.68500;101.96000;73.51000;91.63000;2087.3;275.0;234.0;48.0;14.61;0.154;0.17498;0.04096;0.00;0.000;1.152;0.947;0.000;0.557;76.794;60.89;51.80;26896.0;1477.50;10.48;3.08;1.05;252396.72;52672.00;24859.38;31494.1;8.01;1.67;0.79;03/09/2024 16:08:25;
04/09/2024;17;2.0TD;2;0.000106801280000000;0.147;0.904273924;106.323575;19.184;8.779;78.360575;51.43;-1.18188;1.06741;0.75;0.25;95.41250;90.68500;101.96000;73.51000;91.63000;2087.3;275.0;234.0;48.0;15.25;0.154;0.17498;0.04096;0.00;0.000;1.025;0.947;0.000;0.557;68.317;51.99;41.40;27307.6;1520.20;11.12;3.08;1.05;269423.60;54877.68;24859.38;31403.4;8.58;1.75;0.79;03/09/2024 16:08:25;
04/09/2024;18;2.0TD;2;0.000110074901000000;0.149;0.913513895;108.303206;19.184;8.779;80.340206;53.10;-1.18188;1.06741;0.75;0.25;95.41250;90.68500;101.96000;73.51000;91.63000;2087.3;275.0;234.0;48.0;15.16;0.154;0.17498;0.04096;0.00;0.000;1.049;0.947;0.000;0.557;69.921;53.10;53.10;26374.1;1345.60;11.03;3.08;1.05;264678.44;51583.44;24859.38;30905.4;8.56;1.67;0.80;03/09/2024 16:08:25;
04/09/2024;19;2.0TD;1;0.000113208705000000;0.158;0.945445200;188.030659;33.081;43.893;111.056659;76.99;-1.18188;1.06741;0.75;0.25;95.41250;90.68500;101.96000;73.51000;91.63000;2087.3;275.0;234.0;48.0;16.09;0.926;0.17498;0.04096;0.00;0.000;1.439;0.947;0.000;0.557;95.903;76.99;76.99;25485.1;1214.80;11.96;3.08;1.05;214451.32;125026.40;24859.38;30482.7;7.04;4.10;0.82;03/09/2024 16:08:25;
04/09/2024;20;2.0TD;1;0.000117101213000000;0.157;0.939518099;214.715834;33.081;43.893;137.741834;102.63;-1.18188;1.06741;0.75;0.25;95.41250;90.68500;101.96000;73.51000;91.63000;2087.3;275.0;234.0;48.0;13.25;0.926;0.17498;0.04096;0.00;0.000;1.786;0.947;0.000;0.557;119.050;103.00;98.00;21988.6;1780.40;9.12;3.08;1.05;165248.48;85870.40;24859.38;30242.1;5.46;2.84;0.82;03/09/2024 16:08:25;
04/09/2024;21;2.0TD;1;0.000133399207000000;0.151;0.901605280;236.028216;33.081;43.893;159.054216;122.36;-1.18188;1.06741;0.75;0.25;95.41250;90.68500;101.96000;73.51000;91.63000;2087.3;275.0;234.0;48.0;12.37;0.926;0.17498;0.04096;0.00;0.000;2.073;0.947;0.000;0.557;138.187;122.81;117.81;20473.8;2040.10;8.24;3.08;1.05;106012.92;116731.44;24859.38;30052.0;3.53;3.88;0.83;03/09/2024 16:08:25;
04/09/2024;22;2.0TD;1;0.000148860599000000;0.144;0.864540325;236.187741;33.081;43.893;159.213741;123.02;-1.18188;1.06741;0.75;0.25;95.41250;90.68500;101.96000;73.51000;91.63000;2087.3;275.0;234.0;48.0;12.68;0.926;0.17498;0.04096;0.00;0.000;2.088;0.947;0.000;0.557;139.172;124.44;112.90;21020.7;2946.00;8.55;3.08;1.05;215417.28;27677.36;24859.38;31320.5;6.88;0.88;0.79;03/09/2024 16:08:25;
04/09/2024;23;2.0TD;2;0.000134147852000000;0.151;0.927659335;180.412778;19.184;8.779;152.449778;115.61;-1.18188;1.06741;0.75;0.25;95.41250;90.68500;101.96000;73.51000;91.63000;2087.3;275.0;234.0;48.0;14.24;0.154;0.17498;0.04096;0.00;0.000;1.987;0.947;0.000;0.557;132.449;117.14;105.02;20152.4;2912.90;10.11;3.08;1.05;243419.04;26557.44;24859.38;29152.0;8.35;0.91;0.85;03/09/2024 16:08:25;
04/09/2024;24;2.0TD;2;0.000113893099000000;0.158;0.967227320;173.792083;19.184;8.779;145.829083;107.35;-1.18188;1.06741;0.75;0.25;95.41250;90.68500;101.96000;73.51000;91.63000;2087.3;275.0;234.0;48.0;16.08;0.154;0.17498;0.04096;0.00;0.000;1.889;0.947;0.000;0.557;125.931;108.55;97.40;19123.3;2304.50;11.95;3.08;1.05;265873.36;31920.00;24859.38;26989.6;9.85;1.18;0.92;03/09/2024 16:08:25;
*
