pvpcdata;
2024;09;10;12;19;07;
20/08/2024;1;2.0TD;3;0.000115090992000000;0.167;0.927160625;154.204608;0.557;2.195;151.452608;119.12;-1.64213;0.95483;0.75;0.25;95.62250;89.05400;101.96000;73.51000;75.32000;2371.1;275.0;234.0;57.0;8.56;0.000;0.17498;0.04096;0.00;0.000;1.947;0.947;0.000;0.557;129.779;119.81;109.81;18686.7;1387.00;4.43;3.08;1.05;62722.48;28441.60;24859.38;26170.7;2.40;1.09;0.95;19/08/2024 16:12:13;
20/08/2024;2;2.0TD;3;0.000099309777000000;0.167;0.928090279;147.676410;0.557;2.195;144.924410;111.92;-1.64213;0.95483;0.75;0.25;95.62250;89.05400;101.96000;73.51000;75.32000;2371.1;275.0;234.0;57.0;10.25;0.000;0.17498;0.04096;0.00;0.000;1.863;0.947;0.000;0.557;124.185;113.20;98.20;17080.0;1594.40;6.12;3.08;1.05;77438.32;49476.00;24859.38;24788.7;3.12;2.00;1.00;19/08/2024 16:12:13;
20/08/2024;3;2.0TD;3;0.000089031880000000;0.167;0.925472620;154.678410;0.557;2.195;151.926410;116.50;-1.64213;0.95483;0.75;0.25;95.62250;89.05400;101.96000;73.51000;75.32000;2371.1;275.0;234.0;57.0;11.58;0.000;0.17498;0.04096;0.00;0.000;1.953;0.947;0.000;0.557;130.185;119.88;86.55;16198.0;1827.40;7.45;3.08;1.05;83005.76;69091.84;24859.38;23772.2;3.49;2.91;1.05;19/08/2024 16:12:13;
20/08/2024;4;2.0TD;3;0.000082992603000000;0.169;0.938016877;150.083924;0.557;2.195;147.331924;112.66;-1.64213;0.95483;0.75;0.25;95.62250;89.05400;101.96000;73.51000;75.32000;2371.1;275.0;234.0;57.0;11.33;0.000;0.17498;0.04096;0.00;0.000;1.890;0.947;0.000;0.557;126.032;117.78;73.60;15788.5;2071.10;7.20;3.08;1.05;86214.08;80347.44;0.00;23130.6;3.73;3.47;0.00;19/08/2024 16:12:13;
20/08/2024;5;2.0TD;3;0.000079389503000000;0.169;0.937130068;147.521476;0.557;2.195;144.769476;112.47;-1.64213;0.95483;0.75;0.25;95.62250;89.05400;101.96000;73.51000;75.32000;2371.1;275.0;234.0;57.0;9.36;0.000;0.17498;0.04096;0.00;0.000;1.858;0.947;0.000;0.557;123.840;117.08;79.20;15372.8;2127.60;5.23;3.08;1.05;37416.40;81166.48;0.00;22668.2;1.65;3.58;0.00;19/08/2024 16:12:13;
20/08/2024;6;2.0TD;3;0.000077923747000000;0.165;0.916071795;146.032369;0.557;2.195;143.280369;112.17;-1.64213;0.95483;0.75;0.25;95.62250;89.05400;101.96000;73.51000;75.32000;2371.1;275.0;234.0;57.0;8.82;0.000;0.17498;0.04096;0.00;0.000;1.845;0.947;0.000;0.557;122.987;115.00;89.56;14949.0;1872.70;4.69;3.08;1.05;39797.80;66938.08;0.00;22749.7;1.75;2.94;0.00;19/08/2024 16:12:13;
20/08/2024;7;2.0TD;3;0.000079570072000000;0.162;0.897645548;154.405132;0.557;2.195;151.653132;120.06;-1.64213;0.95483;0.75;0.25;95.62250;89.05400;101.96000;73.51000;75.32000;2371.1;275.0;234.0;57.0;8.34;0.000;0.17498;0.04096;0.00;0.000;1.958;0.947;0.000;0.557;130.510;120.78;112.61;15216.2;1466.50;4.21;3.08;1.05;34364.72;41623.68;24859.38;23962.7;1.43;1.74;1.04;19/08/2024 16:12:13;
20/08/2024;8;2.0TD;3;0.000081244703000000;0.161;0.895902967;159.353997;0.557;2.195;156.601997;125.08;-1.64213;0.95483;0.75;0.25;95.62250;89.05400;101.96000;73.51000;75.32000;2371.1;275.0;234.0;57.0;7.63;0.000;0.17498;0.04096;0.00;0.000;2.023;0.947;0.000;0.557;134.885;125.08;125.08;16512.8;1206.80;3.50;3.08;1.05;38284.56;25631.92;24859.38;25360.5;1.51;1.01;0.98;19/08/2024 16:12:13;
20/08/2024;9;2.0TD;2;0.000088023784000000;0.152;0.929621926;192.396532;19.184;8.779;164.433532;120.50;-1.64213;0.95483;0.75;0.25;95.62250;89.05400;101.96000;73.51000;75.32000;2371.1;275.0;234.0;57.0;19.79;0.154;0.17498;0.04096;0.00;0.000;2.141;0.947;0.000;0.557;142.737;120.78;116.90;17340.0;1346.50;15.66;3.08;1.05;44899.28;347354.60;24859.38;26634.7;1.69;13.04;0.93;19/08/2024 16:12:13;
20/08/2024;10;2.0TD;2;0.000099549273000000;0.141;0.866045191;155.299103;19.184;8.779;127.336103;95.51;-1.64213;0.95483;0.75;0.25;95.62250;89.05400;101.96000;73.51000;75.32000;2371.1;275.0;234.0;57.0;14.11;0.154;0.17498;0.04096;0.00;0.000;1.674;0.947;0.000;0.557;111.600;96.76;80.04;20760.9;1678.90;9.98;3.08;1.05;62289.08;198681.60;24859.38;28661.7;2.17;6.93;0.87;19/08/2024 16:12:13;
20/08/2024;11;2.0TD;1;0.000107760555000000;0.147;0.878647102;173.424589;33.081;43.893;96.450589;69.72;-1.64213;0.95483;0.75;0.25;95.62250;89.05400;101.96000;73.51000;75.32000;2371.1;275.0;234.0;57.0;12.03;0.926;0.17498;0.04096;0.00;0.000;1.261;0.947;0.000;0.557;84.089;71.50;51.50;24085.4;2350.60;7.90;3.08;1.05;90150.88;123751.04;24859.38;30201.3;2.98;4.10;0.82;19/08/2024 16:12:13;
20/08/2024;12;2.0TD;1;0.000112443525000000;0.150;0.898433502;161.979057;33.081;43.893;85.005057;61.86;-1.64213;0.95483;0.75;0.25;95.62250;89.05400;101.96000;73.51000;75.32000;2371.1;275.0;234.0;57.0;9.87;0.926;0.17498;0.04096;0.00;0.000;1.109;0.947;0.000;0.557;73.917;63.37;45.02;26771.4;2401.90;5.74;3.08;1.05;97134.48;54957.12;24859.38;30867.7;3.15;1.78;0.81;19/08/2024 16:12:13;
20/08/2024;13;2.0TD;1;0.000118259530000000;0.151;0.901884149;162.660703;33.081;43.893;85.686703;62.51;-1.64213;0.95483;0.75;0.25;95.62250;89.05400;101.96000;73.51000;75.32000;2371.1;275.0;234.0;57.0;9.74;0.926;0.17498;0.04096;0.00;0.000;1.117;0.947;0.000;0.557;74.445;65.16;30.80;27986.4;2339.80;5.61;3.08;1.05;95846.96;57681.60;24859.38;31819.3;3.01;1.81;0.78;19/08/2024 16:12:13;
20/08/2024;14;2.0TD;1;0.000129063970000000;0.147;0.881426816;163.934311;33.081;43.893;86.960311;64.15;-1.64213;0.95483;0.75;0.25;95.62250;89.05400;101.96000;73.51000;75.32000;2371.1;275.0;234.0;57.0;9.45;0.926;0.17498;0.04096;0.00;0.000;1.137;0.947;0.000;0.557;75.815;68.14;16.18;28346.9;2360.00;5.32;3.08;1.05;93290.40;55042.68;24859.38;32552.9;2.87;1.69;0.76;19/08/2024 16:12:13;
20/08/2024;15;2.0TD;2;0.000134404825000000;0.149;0.914496868;110.418045;19.184;8.779;82.455045;60.84;-1.64213;0.95483;0.75;0.25;95.62250;89.05400;101.96000;73.51000;75.32000;2371.1;275.0;234.0;57.0;9.54;0.154;0.17498;0.04096;0.00;0.000;1.076;0.947;0.000;0.557;71.762;65.16;10.30;27330.1;2337.90;5.41;3.08;1.05;95830.60;57615.68;24859.38;32945.2;2.91;1.75;0.75;19/08/2024 16:12:13;
20/08/2024;16;2.0TD;2;0.000130218769000000;0.147;0.902401719;109.774428;19.184;8.779;81.811428;60.25;-1.64213;0.95483;0.75;0.25;95.62250;89.05400;101.96000;73.51000;75.32000;2371.1;275.0;234.0;57.0;9.70;0.154;0.17498;0.04096;0.00;0.000;1.070;0.947;0.000;0.557;71.326;63.10;25.66;28642.1;2356.70;5.57;3.08;1.05;97280.44;59798.16;24859.38;32670.6;2.98;1.83;0.76;19/08/2024 16:12:13;
20/08/2024;17;2.0TD;2;0.000128183267000000;0.148;0.909477607;105.451210;19.184;8.779;77.488210;56.40;-1.64213;0.95483;0.75;0.25;95.62250;89.05400;101.96000;73.51000;75.32000;2371.1;275.0;234.0;57.0;9.78;0.154;0.17498;0.04096;0.00;0.000;1.012;0.947;0.000;0.557;67.498;60.00;11.30;28729.7;2296.10;5.65;3.08;1.05;95427.60;64112.40;24859.38;32592.8;2.93;1.97;0.76;19/08/2024 16:12:13;
20/08/2024;18;2.0TD;2;0.000129505022000000;0.152;0.935076909;110.646004;19.184;8.779;82.683004;58.55;-1.64213;0.95483;0.75;0.25;95.62250;89.05400;101.96000;73.51000;75.32000;2371.1;275.0;234.0;57.0;11.84;0.154;0.17498;0.04096;0.00;0.000;1.077;0.947;0.000;0.557;71.773;61.99;18.65;26842.6;2316.00;7.71;3.08;1.05;164625.20;61236.00;24859.38;32518.0;5.06;1.88;0.76;19/08/2024 16:12:13;
20/08/2024;19;2.0TD;1;0.000130490755000000;0.152;0.909830633;166.676140;33.081;43.893;89.702140;62.07;-1.64213;0.95483;0.75;0.25;95.62250;89.05400;101.96000;73.51000;75.32000;2371.1;275.0;234.0;57.0;13.55;0.926;0.17498;0.04096;0.00;0.000;1.168;0.947;0.000;0.557;77.866;63.37;47.86;25749.2;2356.90;9.42;3.08;1.05;152711.72;125580.00;24859.38;32162.7;4.75;3.90;0.77;19/08/2024 16:12:13;
20/08/2024;20;2.0TD;1;0.000130191205000000;0.156;0.933542589;203.779618;33.081;43.893;126.805618;92.92;-1.64213;0.95483;0.75;0.25;95.62250;89.05400;101.96000;73.51000;75.32000;2371.1;275.0;234.0;57.0;14.05;0.926;0.17498;0.04096;0.00;0.000;1.645;0.947;0.000;0.557;109.693;95.00;72.00;23233.6;2311.50;9.92;3.08;1.05;171653.60;116495.44;24859.38;31550.6;5.44;3.69;0.79;19/08/2024 16:12:13;
20/08/2024;21;2.0TD;1;0.000133035561000000;0.158;0.947117590;225.736981;33.081;43.893;148.762981;109.38;-1.64213;0.95483;0.75;0.25;95.62250;89.05400;101.96000;73.51000;75.32000;2371.1;275.0;234.0;57.0;16.08;0.926;0.17498;0.04096;0.00;0.000;1.927;0.947;0.000;0.557;128.465;110.00;100.00;20372.3;1355.50;11.95;3.08;1.05;233921.00;105416.08;24859.38;30498.3;7.67;3.46;0.82;19/08/2024 16:12:13;
20/08/2024;22;2.0TD;1;0.000151038475000000;0.158;0.948065405;236.212249;33.081;43.893;159.238249;120.80;-1.64213;0.95483;0.75;0.25;95.62250;89.05400;101.96000;73.51000;75.32000;2371.1;275.0;234.0;57.0;13.57;0.926;0.17498;0.04096;0.00;0.000;2.063;0.947;0.000;0.557;137.511;121.50;111.50;20220.9;1522.70;9.44;3.08;1.05;245595.96;18856.40;24859.38;30646.1;8.01;0.62;0.81;19/08/2024 16:12:13;
20/08/2024;23;2.0TD;2;0.000148931877000000;0.163;0.999039966;178.428964;19.184;8.779;150.465964;113.16;-1.64213;0.95483;0.75;0.25;95.62250;89.05400;101.96000;73.51000;75.32000;2371.1;275.0;234.0;57.0;13.97;0.154;0.17498;0.04096;0.00;0.000;1.941;0.947;0.000;0.557;129.377;113.86;104.16;19523.3;1527.30;9.84;3.08;1.05;252945.28;11186.00;24859.38;29394.3;8.61;0.38;0.85;19/08/2024 16:12:13;
20/08/2024;24;2.0TD;2;0.000132320905000000;0.160;0.984534041;166.793472;19.184;8.779;138.830472;102.91;-1.64213;0.95483;0.75;0.25;95.62250;89.05400;101.96000;73.51000;75.32000;2371.1;275.0;234.0;57.0;14.67;0.154;0.17498;0.04096;0.00;0.000;1.795;0.947;0.000;0.557;119.681;106.64;72.49;19279.0;2361.70;10.54;3.08;1.05;225118.68;40411.28;24859.38;27547.6;8.17;1.47;0.90;19/08/2024 16:12:13;
*
