pvpcdata;
2024;07;09;11;18;21;
30/06/2024;1;2.0TD;3;0.000101922222000000;0.181;1.004890804;146.547958;0.557;2.195;143.795958;102.38;4.96760;1.09135;0.75;0.25;57.93542;77.80580;101.96000;48.69000;52.19000;1799.6;275.0;154.0;62.0;10.41;0.000;0.17498;0.04096;0.00;0.000;1.826;0.947;0.000;0.557;121.757;102.90;94.82;16238.1;1127.90;6.07;3.20;1.14;79094.00;33005.28;24859.38;22536.8;3.51;1.46;1.10;29/06/2024 16:17:23;
30/06/2024;2;2.0TD;3;0.000088463600000000;0.182;1.009467750;144.342358;0.557;2.195;141.590358;101.16;4.96760;1.09135;0.75;0.25;57.93542;77.80580;101.96000;48.69000;52.19000;1799.6;275.0;154.0;62.0;9.69;0.000;0.17498;0.04096;0.00;0.000;1.797;0.947;0.000;0.557;119.788;101.70;93.71;15334.7;1108.00;5.35;3.20;1.14;92348.32;21029.68;0.00;21209.9;4.35;0.99;0.00;29/06/2024 16:17:23;
30/06/2024;3;2.0TD;3;0.000078096500000000;0.184;1.020300011;148.452431;0.557;2.195;145.700431;101.10;4.96760;1.09135;0.75;0.25;57.93542;77.80580;101.96000;48.69000;52.19000;1799.6;275.0;154.0;62.0;12.97;0.000;0.17498;0.04096;0.00;0.000;1.846;0.947;0.000;0.557;123.057;101.70;92.50;15757.8;1099.50;8.63;3.20;1.14;96710.72;78429.84;0.00;20303.6;4.76;3.86;0.00;29/06/2024 16:17:23;
30/06/2024;4;2.0TD;3;0.000071782040000000;0.184;1.023692416;148.921295;0.557;2.195;146.169295;100.91;4.96760;1.09135;0.75;0.25;57.93542;77.80580;101.96000;48.69000;52.19000;1799.6;275.0;154.0;62.0;13.55;0.000;0.17498;0.04096;0.00;0.000;1.852;0.947;0.000;0.557;123.453;101.70;91.63;14397.5;1222.80;9.21;3.20;1.14;101153.04;79900.00;0.00;19658.6;5.15;4.06;0.00;29/06/2024 16:17:23;
30/06/2024;5;2.0TD;3;0.000068321712000000;0.184;1.020374591;148.259439;0.557;2.195;145.507439;100.11;4.96760;1.09135;0.75;0.25;57.93542;77.80580;101.96000;48.69000;52.19000;1799.6;275.0;154.0;62.0;13.80;0.000;0.17498;0.04096;0.00;0.000;1.843;0.947;0.000;0.557;122.894;100.92;90.83;13659.4;1190.60;9.46;3.20;1.14;102779.32;79644.32;0.00;19286.2;5.33;4.13;0.00;29/06/2024 16:17:23;
30/06/2024;6;2.0TD;3;0.000066586872000000;0.184;1.020722916;145.783695;0.557;2.195;143.031695;100.10;4.96760;1.09135;0.75;0.25;57.93542;77.80580;101.96000;48.69000;52.19000;1799.6;275.0;154.0;62.0;11.75;0.000;0.17498;0.04096;0.00;0.000;1.812;0.947;0.000;0.557;120.803;100.92;90.83;13456.9;1185.90;7.41;3.20;1.14;102828.68;38814.72;0.00;19121.9;5.38;2.03;0.00;29/06/2024 16:17:23;
30/06/2024;7;2.0TD;3;0.000064124271000000;0.183;1.014143264;143.693197;0.557;2.195;140.941197;99.03;4.96760;1.09135;0.75;0.25;57.93542;77.80580;101.96000;48.69000;52.19000;1799.6;275.0;154.0;62.0;11.18;0.000;0.17498;0.04096;0.00;0.000;1.787;0.947;0.000;0.557;119.138;99.75;90.85;13402.4;1174.10;6.84;3.20;1.14;102934.92;27200.00;0.00;19037.6;5.41;1.43;0.00;29/06/2024 16:17:23;
30/06/2024;8;2.0TD;3;0.000062509556000000;0.173;0.958713034;123.412407;0.557;2.195;120.660407;73.23;4.96760;1.09135;0.75;0.25;57.93542;77.80580;101.96000;48.69000;52.19000;1799.6;275.0;154.0;62.0;20.95;0.000;0.17498;0.04096;0.00;0.000;1.543;0.947;0.000;0.557;102.864;73.37;71.04;13972.3;893.00;16.61;3.20;1.14;151410.36;164772.00;0.00;19033.2;7.96;8.66;0.00;29/06/2024 16:17:23;
30/06/2024;9;2.0TD;3;0.000072229676000000;0.158;0.875611845;91.150011;0.557;2.195;88.398011;47.50;4.96760;1.09135;0.75;0.25;57.93542;77.80580;101.96000;48.69000;52.19000;1799.6;275.0;154.0;62.0;20.55;0.000;0.17498;0.04096;0.00;0.000;1.145;0.947;0.000;0.557;76.336;47.50;47.50;16946.0;1012.00;16.21;3.20;1.14;175246.08;150923.52;0.00;20124.3;8.71;7.50;0.00;29/06/2024 16:17:23;
30/06/2024;10;2.0TD;3;0.000088348777000000;0.146;0.813825303;88.233053;0.557;2.195;85.481053;44.37;4.96760;1.09135;0.75;0.25;57.93542;77.80580;101.96000;48.69000;52.19000;1799.6;275.0;154.0;62.0;21.96;0.000;0.17498;0.04096;0.00;0.000;1.119;0.947;0.000;0.557;74.590;44.01;53.01;20104.8;836.60;17.62;3.20;1.14;203569.52;170856.00;0.00;21249.1;9.58;8.04;0.00;29/06/2024 16:17:23;
30/06/2024;11;2.0TD;3;0.000103040918000000;0.142;0.787753149;69.894516;0.557;2.195;67.142516;35.84;4.96760;1.09135;0.75;0.25;57.93542;77.80580;101.96000;48.69000;52.19000;1799.6;275.0;154.0;62.0;14.93;0.000;0.17498;0.04096;0.00;0.000;0.882;0.947;0.000;0.557;58.793;35.01;45.00;21124.4;1902.30;10.59;3.20;1.14;189675.52;45377.60;0.00;22197.4;8.54;2.04;0.00;29/06/2024 16:17:23;
30/06/2024;12;2.0TD;3;0.000111813438000000;0.141;0.781092911;55.529864;0.557;2.195;52.777864;21.89;4.96760;1.09135;0.75;0.25;57.93542;77.80580;101.96000;48.69000;52.19000;1799.6;275.0;154.0;62.0;16.53;0.000;0.17498;0.04096;0.00;0.000;0.694;0.947;0.000;0.557;46.255;22.99;12.76;21336.8;2570.50;12.19;3.20;1.14;254085.36;27926.88;0.00;23141.3;10.98;1.21;0.00;29/06/2024 16:17:23;
30/06/2024;13;2.0TD;3;0.000117446882000000;0.143;0.792760251;41.059413;0.557;2.195;38.307413;8.99;4.96760;1.09135;0.75;0.25;57.93542;77.80580;101.96000;48.69000;52.19000;1799.6;275.0;154.0;62.0;16.88;0.000;0.17498;0.04096;0.00;0.000;0.503;0.947;0.000;0.557;33.514;10.00;0.00;22081.5;2473.30;12.54;3.20;1.14;282827.04;13986.88;0.00;23663.8;11.95;0.59;0.00;29/06/2024 16:17:23;
30/06/2024;14;2.0TD;3;0.000126108254000000;0.140;0.777492571;35.091288;0.557;2.195;32.339288;4.08;4.96760;1.09135;0.75;0.25;57.93542;77.80580;101.96000;48.69000;52.19000;1799.6;275.0;154.0;62.0;16.72;0.000;0.17498;0.04096;0.00;0.000;0.426;0.947;0.000;0.557;28.367;4.49;0.00;22793.4;2293.10;12.38;3.20;1.14;288608.32;9588.00;0.00;24083.9;11.98;0.40;0.00;29/06/2024 16:17:23;
30/06/2024;15;2.0TD;3;0.000127447664000000;0.138;0.769252446;30.447275;0.557;2.195;27.695275;-0.17;4.96760;1.09135;0.75;0.25;57.93542;77.80580;101.96000;48.69000;52.19000;1799.6;275.0;154.0;62.0;17.00;0.000;0.17498;0.04096;0.00;0.000;0.365;0.947;0.000;0.557;24.336;0.02;-1.98;22747.4;2449.30;12.66;3.20;1.14;291122.48;12776.00;0.00;24007.2;12.13;0.53;0.00;29/06/2024 16:17:23;
30/06/2024;16;2.0TD;3;0.000114480294000000;0.146;0.811382790;30.978893;0.557;2.195;28.226893;-0.38;4.96760;1.09135;0.75;0.25;57.93542;77.80580;101.96000;48.69000;52.19000;1799.6;275.0;154.0;62.0;17.50;0.000;0.17498;0.04096;0.00;0.000;0.369;0.947;0.000;0.557;24.630;0.00;-3.99;20940.4;2539.10;13.16;3.20;1.14;291129.24;12768.00;0.00;23084.3;12.61;0.55;0.00;29/06/2024 16:17:23;
30/06/2024;17;2.0TD;3;0.000106195090000000;0.150;0.834718397;32.817366;0.557;2.195;30.065366;0.74;4.96760;1.09135;0.75;0.25;57.93542;77.80580;101.96000;48.69000;52.19000;1799.6;275.0;154.0;62.0;17.87;0.000;0.17498;0.04096;0.00;0.000;0.392;0.947;0.000;0.557;26.143;0.94;-1.07;20377.6;2253.60;13.53;3.20;1.14;290687.44;14036.00;0.00;22527.5;12.90;0.62;0.00;29/06/2024 16:17:23;
30/06/2024;18;2.0TD;3;0.000102709321000000;0.158;0.876870976;36.600105;0.557;2.195;33.848105;3.27;4.96760;1.09135;0.75;0.25;57.93542;77.80580;101.96000;48.69000;52.19000;1799.6;275.0;154.0;62.0;18.38;0.000;0.17498;0.04096;0.00;0.000;0.438;0.947;0.000;0.557;29.229;3.60;0.00;20570.1;2089.70;14.04;3.20;1.14;289064.88;31880.00;0.00;22852.8;12.65;1.40;0.00;29/06/2024 16:17:23;
30/06/2024;19;2.0TD;3;0.000103270388000000;0.165;0.918486759;72.228868;0.557;2.195;69.476868;26.52;4.96760;1.09135;0.75;0.25;57.93542;77.80580;101.96000;48.69000;52.19000;1799.6;275.0;154.0;62.0;25.08;0.000;0.17498;0.04096;0.00;0.000;0.895;0.947;0.000;0.557;59.636;27.43;19.00;20538.9;2497.40;20.74;3.20;1.14;243357.76;247484.16;0.00;23665.2;10.28;10.46;0.00;29/06/2024 16:17:23;
30/06/2024;20;2.0TD;3;0.000105504302000000;0.168;0.933773236;87.289267;0.557;2.195;84.537267;47.25;4.96760;1.09135;0.75;0.25;57.93542;77.80580;101.96000;48.69000;52.19000;1799.6;275.0;154.0;62.0;16.90;0.000;0.17498;0.04096;0.00;0.000;1.086;0.947;0.000;0.557;72.377;46.62;60.83;20714.6;956.90;12.56;3.20;1.14;40562.64;259784.80;0.00;23905.3;1.70;10.87;0.00;29/06/2024 16:17:23;
30/06/2024;21;2.0TD;3;0.000112429699000000;0.170;0.945460087;99.834852;0.557;2.195;97.082852;59.66;4.96760;1.09135;0.75;0.25;57.93542;77.80580;101.96000;48.69000;52.19000;1799.6;275.0;154.0;62.0;14.93;0.000;0.17498;0.04096;0.00;0.000;1.245;0.947;0.000;0.557;82.976;59.10;71.11;18461.2;901.10;10.59;3.20;1.14;34419.60;228384.00;0.00;24827.0;1.39;9.20;0.00;29/06/2024 16:17:23;
30/06/2024;22;2.0TD;3;0.000123789576000000;0.170;0.942071747;140.837502;0.557;2.195;138.085502;101.64;4.96760;1.09135;0.75;0.25;57.93542;77.80580;101.96000;48.69000;52.19000;1799.6;275.0;154.0;62.0;7.47;0.000;0.17498;0.04096;0.00;0.000;1.770;0.947;0.000;0.557;118.021;101.64;101.70;17037.2;1090.80;3.13;3.20;1.14;11719.32;42123.28;24859.38;25175.6;0.47;1.67;0.99;29/06/2024 16:17:23;
30/06/2024;23;2.0TD;3;0.000130971970000000;0.171;0.947325392;141.181527;0.557;2.195;138.429527;103.28;4.96760;1.09135;0.75;0.25;57.93542;77.80580;101.96000;48.69000;52.19000;1799.6;275.0;154.0;62.0;6.02;0.000;0.17498;0.04096;0.00;0.000;1.773;0.947;0.000;0.557;118.214;103.22;104.25;17097.7;1005.40;1.68;3.20;1.14;10121.36;8112.76;24859.38;25549.0;0.40;0.32;0.97;29/06/2024 16:17:23;
30/06/2024;24;2.0TD;3;0.000116079828000000;0.175;0.974778357;141.499286;0.557;2.195;138.747286;100.97;4.96760;1.09135;0.75;0.25;57.93542;77.80580;101.96000;48.69000;52.19000;1799.6;275.0;154.0;62.0;8.20;0.000;0.17498;0.04096;0.00;0.000;1.771;0.947;0.000;0.557;118.082;100.92;101.70;15900.1;1084.60;3.86;3.20;1.14;11683.12;55674.32;24859.38;23886.3;0.49;2.33;1.04;29/06/2024 16:17:23;
*
