pvpcdata;
2024;02;09;12;01;39;
13/01/2024;1;2.0TD;3;0.000139374889000000;0.255;1.416276533;134.364013;0.557;2.195;131.612013;89.81;2.73555;0.69188;0.75;0.25;87.35042;98.29260;101.96000;97.42000;81.63000;2971.6;275.0;177.0;62.0;10.26;0.000;0.17498;0.03702;0.00;0.000;0.000;1.573;0.565;0.000;0.557;104.870;90.00;87.00;13920.1;958.20;5.12;3.56;1.58;44559.88;67326.72;24859.38;26708.5;1.67;2.52;0.93;12/01/2024 16:06:13;
13/01/2024;2;2.0TD;3;0.000114857766000000;0.267;1.483686473;133.243029;0.557;2.195;130.491029;87.26;2.73555;0.69188;0.75;0.25;87.35042;98.29260;101.96000;97.42000;81.63000;2971.6;275.0;177.0;62.0;10.96;0.000;0.17498;0.03702;0.00;0.000;0.000;1.545;0.565;0.000;0.557;102.992;87.48;84.00;13245.7;904.10;5.82;3.56;1.58;59411.44;60197.60;24859.38;24793.1;2.40;2.43;1.00;12/01/2024 16:06:13;
13/01/2024;3;2.0TD;3;0.000098702396000000;0.275;1.528401010;128.655866;0.557;2.195;125.903866;81.73;2.73555;0.69188;0.75;0.25;87.35042;98.29260;101.96000;97.42000;81.63000;2971.6;275.0;177.0;62.0;12.31;0.000;0.17498;0.03702;0.00;0.000;0.000;1.481;0.565;0.000;0.557;98.748;82.00;78.00;13169.1;948.20;7.17;3.56;1.58;77657.64;65942.76;24859.38;23511.0;3.30;2.80;1.06;12/01/2024 16:06:13;
13/01/2024;4;2.0TD;3;0.000089961963000000;0.280;1.556703967;126.031527;0.557;2.195;123.279527;78.07;2.73555;0.69188;0.75;0.25;87.35042;98.29260;101.96000;97.42000;81.63000;2971.6;275.0;177.0;62.0;13.57;0.000;0.17498;0.03702;0.00;0.000;0.000;1.445;0.565;0.000;0.557;96.312;78.47;73.49;12071.2;1050.40;8.43;3.56;1.58;112239.32;79950.00;0.00;22805.4;4.92;3.51;0.00;12/01/2024 16:06:13;
13/01/2024;5;2.0TD;3;0.000086005828000000;0.280;1.557797024;122.249127;0.557;2.195;119.497127;74.63;2.73555;0.69188;0.75;0.25;87.35042;98.29260;101.96000;97.42000;81.63000;2971.6;275.0;177.0;62.0;14.10;0.000;0.17498;0.03702;0.00;0.000;0.000;1.400;0.565;0.000;0.557;93.357;75.00;70.00;11992.1;965.10;8.96;3.56;1.58;116747.24;85205.36;0.00;22531.4;5.18;3.78;0.00;12/01/2024 16:06:13;
13/01/2024;6;2.0TD;3;0.000085842527000000;0.280;1.553989495;122.263207;0.557;2.195;119.511207;74.63;2.73555;0.69188;0.75;0.25;87.35042;98.29260;101.96000;97.42000;81.63000;2971.6;275.0;177.0;62.0;14.11;0.000;0.17498;0.03702;0.00;0.000;0.000;1.401;0.565;0.000;0.557;93.368;75.00;70.00;11868.5;958.30;8.97;3.56;1.58;116599.40;85205.36;0.00;22487.1;5.19;3.79;0.00;12/01/2024 16:06:13;
13/01/2024;7;2.0TD;3;0.000088838345000000;0.272;1.509357557;124.654285;0.557;2.195;121.902285;77.81;2.73555;0.69188;0.75;0.25;87.35042;98.29260;101.96000;97.42000;81.63000;2971.6;275.0;177.0;62.0;13.36;0.000;0.17498;0.03702;0.00;0.000;0.000;1.438;0.565;0.000;0.557;95.835;78.30;72.61;11965.3;1128.90;8.22;3.56;1.58;112289.36;78606.84;0.00;23212.5;4.84;3.39;0.00;12/01/2024 16:06:13;
13/01/2024;8;2.0TD;3;0.000097047809000000;0.259;1.441486180;129.057562;0.557;2.195;126.305562;84.96;2.73555;0.69188;0.75;0.25;87.35042;98.29260;101.96000;97.42000;81.63000;2971.6;275.0;177.0;62.0;10.63;0.000;0.17498;0.03702;0.00;0.000;0.000;1.505;0.565;0.000;0.557;100.322;85.59;77.60;13162.1;1119.60;5.49;3.56;1.58;66807.24;70547.88;0.00;25008.8;2.67;2.82;0.00;12/01/2024 16:06:13;
13/01/2024;9;2.0TD;3;0.000112191600000000;0.247;1.370917268;134.335602;0.557;2.195;131.583602;92.08;2.73555;0.69188;0.75;0.25;87.35042;98.29260;101.96000;97.42000;81.63000;2971.6;275.0;177.0;62.0;8.63;0.000;0.17498;0.03702;0.00;0.000;0.000;1.583;0.565;0.000;0.557;105.520;92.71;84.41;14487.1;1179.80;3.49;3.56;1.58;12310.88;80955.00;0.00;26743.4;0.46;3.03;0.00;12/01/2024 16:06:13;
13/01/2024;10;2.0TD;3;0.000138000058000000;0.226;1.254599966;135.641977;0.557;2.195;132.889977;94.31;2.73555;0.69188;0.75;0.25;87.35042;98.29260;101.96000;97.42000;81.63000;2971.6;275.0;177.0;62.0;9.23;0.000;0.17498;0.03702;0.00;0.000;0.000;1.626;0.565;0.000;0.557;108.393;94.83;86.80;15822.7;1105.50;4.09;3.56;1.58;44230.72;72616.32;0.00;28552.5;1.55;2.54;0.00;12/01/2024 16:06:13;
13/01/2024;11;2.0TD;3;0.000157411062000000;0.207;1.152683101;129.146783;0.557;2.195;126.394783;90.55;2.73555;0.69188;0.75;0.25;87.35042;98.29260;101.96000;97.42000;81.63000;2971.6;275.0;177.0;62.0;9.37;0.000;0.17498;0.03702;0.00;0.000;0.000;1.571;0.565;0.000;0.557;104.718;90.93;84.41;17258.0;1072.90;4.23;3.56;1.58;47982.52;76206.88;0.00;29338.4;1.64;2.60;0.00;12/01/2024 16:06:13;
13/01/2024;12;2.0TD;3;0.000160228540000000;0.203;1.125231391;119.616389;0.557;2.195;116.864389;83.15;2.73555;0.69188;0.75;0.25;87.35042;98.29260;101.96000;97.42000;81.63000;2971.6;275.0;177.0;62.0;9.31;0.000;0.17498;0.03702;0.00;0.000;0.000;1.457;0.565;0.000;0.557;97.144;83.39;78.99;17953.0;1052.90;4.17;3.56;1.58;45170.28;75856.56;0.00;29044.2;1.56;2.61;0.00;12/01/2024 16:06:13;
13/01/2024;13;2.0TD;3;0.000157730396000000;0.202;1.120527147;108.915200;0.557;2.195;106.163200;73.67;2.73555;0.69188;0.75;0.25;87.35042;98.29260;101.96000;97.42000;81.63000;2971.6;275.0;177.0;62.0;10.10;0.000;0.17498;0.03702;0.00;0.000;0.000;1.325;0.565;0.000;0.557;88.322;73.96;68.96;16910.3;1028.90;4.96;3.56;1.58;48447.96;95760.00;0.00;29078.8;1.67;3.29;0.00;12/01/2024 16:06:13;
13/01/2024;14;2.0TD;3;0.000164332560000000;0.198;1.101357987;106.262950;0.557;2.195;103.510950;71.17;2.73555;0.69188;0.75;0.25;87.35042;98.29260;101.96000;97.42000;81.63000;2971.6;275.0;177.0;62.0;10.71;0.000;0.17498;0.03702;0.00;0.000;0.000;1.296;0.565;0.000;0.557;86.403;71.45;66.00;16352.8;877.10;5.57;3.56;1.58;66697.48;95640.00;0.00;29161.4;2.29;3.28;0.00;12/01/2024 16:06:13;
13/01/2024;15;2.0TD;3;0.000166560441000000;0.200;1.110389156;109.566556;0.557;2.195;106.814556;74.21;2.73555;0.69188;0.75;0.25;87.35042;98.29260;101.96000;97.42000;81.63000;2971.6;275.0;177.0;62.0;10.24;0.000;0.17498;0.03702;0.00;0.000;0.000;1.335;0.565;0.000;0.557;89.012;74.51;69.51;15361.2;981.00;5.10;3.56;1.58;48210.20;99019.28;0.00;28889.0;1.67;3.43;0.00;12/01/2024 16:06:13;
13/01/2024;16;2.0TD;3;0.000154834515000000;0.210;1.169392658;119.695027;0.557;2.195;116.943027;80.09;2.73555;0.69188;0.75;0.25;87.35042;98.29260;101.96000;97.42000;81.63000;2971.6;275.0;177.0;62.0;11.88;0.000;0.17498;0.03702;0.00;0.000;0.000;1.450;0.565;0.000;0.557;96.647;80.40;76.00;14834.7;1140.90;6.74;3.56;1.58;46308.68;142300.08;0.00;27963.3;1.66;5.09;0.00;12/01/2024 16:06:13;
13/01/2024;17;2.0TD;3;0.000146536548000000;0.224;1.245315452;131.448415;0.557;2.195;128.696415;90.76;2.73555;0.69188;0.75;0.25;87.35042;98.29260;101.96000;97.42000;81.63000;2971.6;275.0;177.0;62.0;9.58;0.000;0.17498;0.03702;0.00;0.000;0.000;1.577;0.565;0.000;0.557;105.144;91.23;84.41;14855.0;1098.60;4.44;3.56;1.58;41716.68;81386.60;0.00;27715.9;1.51;2.94;0.00;12/01/2024 16:06:13;
13/01/2024;18;2.0TD;3;0.000147310040000000;0.236;1.311061555;140.992581;0.557;2.195;138.240581;98.95;2.73555;0.69188;0.75;0.25;87.35042;98.29260;101.96000;97.42000;81.63000;2971.6;275.0;177.0;62.0;7.99;0.000;0.17498;0.03702;0.00;0.000;0.000;1.678;0.565;0.000;0.557;111.845;99.30;94.00;15353.4;1070.90;2.85;3.56;1.58;37947.00;42431.56;0.00;28246.0;1.34;1.50;0.00;12/01/2024 16:06:13;
13/01/2024;19;2.0TD;3;0.000165923707000000;0.238;1.323447877;150.667163;0.557;2.195;147.915163;107.65;2.73555;0.69188;0.75;0.25;87.35042;98.29260;101.96000;97.42000;81.63000;2971.6;275.0;177.0;62.0;6.81;0.000;0.17498;0.03702;0.00;0.000;0.000;1.792;0.565;0.000;0.557;119.479;107.99;103.01;16183.6;1182.50;1.67;3.56;1.58;34519.16;15552.00;0.00;29928.4;1.15;0.52;0.00;12/01/2024 16:06:13;
13/01/2024;20;2.0TD;3;0.000179083533000000;0.243;1.349194888;145.560432;0.557;2.195;142.808432;102.75;2.73555;0.69188;0.75;0.25;87.35042;98.29260;101.96000;97.42000;81.63000;2971.6;275.0;177.0;62.0;7.19;0.000;0.17498;0.03702;0.00;0.000;0.000;1.723;0.565;0.000;0.557;114.890;103.14;97.14;17167.7;1177.80;2.05;3.56;1.58;50884.24;12736.00;0.00;31028.0;1.64;0.41;0.00;12/01/2024 16:06:13;
13/01/2024;21;2.0TD;3;0.000188257500000000;0.242;1.343409296;141.663652;0.557;2.195;138.911652;99.74;2.73555;0.69188;0.75;0.25;87.35042;98.29260;101.96000;97.42000;81.63000;2971.6;275.0;177.0;62.0;7.20;0.000;0.17498;0.03702;0.00;0.000;0.000;1.678;0.565;0.000;0.557;111.845;100.00;96.00;17468.4;1236.30;2.06;3.56;1.58;51746.00;12864.00;0.00;31398.0;1.65;0.41;0.00;12/01/2024 16:06:13;
13/01/2024;22;2.0TD;3;0.000194533565000000;0.240;1.335242505;139.752321;0.557;2.195;137.000321;97.24;2.73555;0.69188;0.75;0.25;87.35042;98.29260;101.96000;97.42000;81.63000;2971.6;275.0;177.0;62.0;8.36;0.000;0.17498;0.03702;0.00;0.000;0.000;1.657;0.565;0.000;0.557;110.484;97.61;91.63;17354.8;1143.00;3.22;3.56;1.58;53584.32;22478.04;24859.38;31358.5;1.71;0.72;0.79;12/01/2024 16:06:13;
13/01/2024;23;2.0TD;3;0.000185254219000000;0.244;1.353832945;135.168498;0.557;2.195;132.416498;92.79;2.73555;0.69188;0.75;0.25;87.35042;98.29260;101.96000;97.42000;81.63000;2971.6;275.0;177.0;62.0;8.83;0.000;0.17498;0.03702;0.00;0.000;0.000;1.597;0.565;0.000;0.557;106.444;93.12;88.15;15617.0;1097.10;3.69;3.56;1.58;41099.36;42330.44;24859.38;29350.3;1.40;1.44;0.85;12/01/2024 16:06:13;
13/01/2024;24;2.0TD;3;0.000164678977000000;0.250;1.390216917;133.788413;0.557;2.195;131.036413;89.60;2.73555;0.69188;0.75;0.25;87.35042;98.29260;101.96000;97.42000;81.63000;2971.6;275.0;177.0;62.0;10.43;0.000;0.17498;0.03702;0.00;0.000;0.000;1.572;0.565;0.000;0.557;104.829;90.00;84.41;13719.7;1071.40;5.29;3.56;1.58;42719.16;75681.28;24859.38;27103.5;1.58;2.79;0.92;12/01/2024 16:06:13;
*
