pvpcdata;
2024;11;12;10;29;27;
28/10/2024;1;2.0TD;3;0.000084191295000000;0.187;1.036559840;109.647852;0.557;2.195;106.895852;60.62;4.26670;1.10485;0.75;0.25;76.04000;93.10680;101.96000;84.74000;75.42000;1882.6;275.0;200.0;45.0;21.65;0.000;0.17498;0.04096;0.00;0.000;1.351;0.947;0.000;0.557;90.055;60.61;60.76;17060.9;1054.90;17.41;3.19;1.05;271974.00;65806.80;24859.38;20820.4;13.06;3.16;1.19;27/10/2024 16:08:41;
28/10/2024;2;2.0TD;3;0.000070961738000000;0.198;1.097250647;100.872366;0.557;2.195;98.120366;50.80;4.26670;1.10485;0.75;0.25;76.04000;93.10680;101.96000;84.74000;75.42000;1882.6;275.0;200.0;45.0;23.44;0.000;0.17498;0.04096;0.00;0.000;1.229;0.947;0.000;0.557;81.903;50.31;58.01;17019.5;1163.70;19.20;3.19;1.05;322097.44;56441.36;0.00;19711.0;16.34;2.86;0.00;27/10/2024 16:08:41;
28/10/2024;3;2.0TD;3;0.000064418571000000;0.201;1.118494648;101.104866;0.557;2.195;98.352866;49.09;4.26670;1.10485;0.75;0.25;76.04000;93.10680;101.96000;84.74000;75.42000;1882.6;275.0;200.0;45.0;25.14;0.000;0.17498;0.04096;0.00;0.000;1.228;0.947;0.000;0.557;81.892;49.00;50.25;15420.4;1234.10;20.90;3.19;1.05;347431.52;54885.76;0.00;19250.3;18.05;2.85;0.00;27/10/2024 16:08:41;
28/10/2024;4;2.0TD;3;0.000061153381000000;0.202;1.124429999;96.781428;0.557;2.195;94.029428;43.17;4.26670;1.10485;0.75;0.25;76.04000;93.10680;101.96000;84.74000;75.42000;1882.6;275.0;200.0;45.0;27.45;0.000;0.17498;0.04096;0.00;0.000;1.173;0.947;0.000;0.557;78.227;43.10;44.11;15341.7;1220.40;23.21;3.19;1.05;388864.36;53628.88;0.00;19062.6;20.40;2.81;0.00;27/10/2024 16:08:41;
28/10/2024;5;2.0TD;3;0.000059945512000000;0.200;1.113419873;97.392973;0.557;2.195;94.640973;43.96;4.26670;1.10485;0.75;0.25;76.04000;93.10680;101.96000;84.74000;75.42000;1882.6;275.0;200.0;45.0;27.29;0.000;0.17498;0.04096;0.00;0.000;1.183;0.947;0.000;0.557;78.867;43.92;44.42;15191.0;1242.20;23.05;3.19;1.05;386168.04;54332.00;0.00;19111.4;20.21;2.84;0.00;27/10/2024 16:08:41;
28/10/2024;6;2.0TD;3;0.000061434136000000;0.191;1.059486130;101.338785;0.557;2.195;98.586785;49.20;4.26670;1.10485;0.75;0.25;76.04000;93.10680;101.96000;84.74000;75.42000;1882.6;275.0;200.0;45.0;25.90;0.000;0.17498;0.04096;0.00;0.000;1.242;0.947;0.000;0.557;82.776;49.20;49.20;15220.9;1184.40;21.66;3.19;1.05;371708.56;58295.04;0.00;19856.0;18.72;2.94;0.00;27/10/2024 16:08:41;
28/10/2024;7;2.0TD;3;0.000069824133000000;0.170;0.946954530;115.706699;0.557;2.195;112.954699;65.65;4.26670;1.10485;0.75;0.25;76.04000;93.10680;101.96000;84.74000;75.42000;1882.6;275.0;200.0;45.0;23.01;0.000;0.17498;0.04096;0.00;0.000;1.448;0.947;0.000;0.557;96.542;65.78;63.80;15961.3;1158.30;18.77;3.19;1.05;333302.76;68343.04;24859.38;22722.6;14.67;3.01;1.09;27/10/2024 16:08:41;
28/10/2024;8;2.0TD;3;0.000087920122000000;0.158;0.878243131;128.421029;0.557;2.195;125.669029;86.75;4.26670;1.10485;0.75;0.25;76.04000;93.10680;101.96000;84.74000;75.42000;1882.6;275.0;200.0;45.0;13.71;0.000;0.17498;0.04096;0.00;0.000;1.628;0.947;0.000;0.557;108.522;86.74;86.84;16778.5;1258.00;9.47;3.19;1.05;153807.80;67223.52;24859.38;25958.4;5.93;2.59;0.96;27/10/2024 16:08:41;
28/10/2024;9;2.0TD;2;0.000094962200000000;0.185;1.136475828;169.595951;19.184;8.779;141.632951;99.19;4.26670;1.10485;0.75;0.25;76.04000;93.10680;101.96000;84.74000;75.42000;1882.6;275.0;200.0;45.0;11.95;0.154;0.17498;0.04096;0.00;0.000;1.793;0.947;0.000;0.557;119.521;98.94;103.53;18647.8;1076.70;7.71;3.19;1.05;99075.92;89610.40;24859.38;27694.7;3.58;3.24;0.90;27/10/2024 16:08:41;
28/10/2024;10;2.0TD;2;0.000096671238000000;0.149;0.912498827;130.823178;19.184;8.779;102.860178;68.54;4.26670;1.10485;0.75;0.25;76.04000;93.10680;101.96000;84.74000;75.42000;1882.6;275.0;200.0;45.0;13.05;0.154;0.17498;0.04096;0.00;0.000;1.343;0.947;0.000;0.557;89.521;68.39;71.39;21760.3;1126.30;8.81;3.19;1.05;125077.88;102856.00;24859.38;28711.0;4.36;3.58;0.87;27/10/2024 16:08:41;
28/10/2024;11;2.0TD;1;0.000098654198000000;0.145;0.870913935;171.701542;33.081;43.893;94.727542;60.61;4.26670;1.10485;0.75;0.25;76.04000;93.10680;101.96000;84.74000;75.42000;1882.6;275.0;200.0;45.0;13.52;0.926;0.17498;0.04096;0.00;0.000;1.241;0.947;0.000;0.557;82.731;60.61;60.61;24291.8;996.80;9.28;3.19;1.05;154676.88;88250.40;24859.38;28847.1;5.36;3.06;0.86;27/10/2024 16:08:41;
28/10/2024;12;2.0TD;1;0.000098498475000000;0.143;0.854604340;161.777145;33.081;43.893;84.803145;52.20;4.26670;1.10485;0.75;0.25;76.04000;93.10680;101.96000;84.74000;75.42000;1882.6;275.0;200.0;45.0;13.52;0.926;0.17498;0.04096;0.00;0.000;1.113;0.947;0.000;0.557;74.193;51.99;57.00;25209.7;1076.20;9.28;3.19;1.05;165890.40;73630.64;24859.38;28474.2;5.83;2.59;0.87;27/10/2024 16:08:41;
28/10/2024;13;2.0TD;1;0.000100970858000000;0.141;0.844197604;158.825321;33.081;43.893;81.851321;50.44;4.26670;1.10485;0.75;0.25;76.04000;93.10680;101.96000;84.74000;75.42000;1882.6;275.0;200.0;45.0;12.86;0.926;0.17498;0.04096;0.00;0.000;1.076;0.947;0.000;0.557;71.736;50.24;55.60;25822.9;986.50;8.62;3.19;1.05;171313.64;50114.40;24859.38;28586.1;5.99;1.75;0.87;27/10/2024 16:08:41;
28/10/2024;14;2.0TD;1;0.000107598320000000;0.139;0.832455384;160.427935;33.081;43.893;83.453935;52.10;4.26670;1.10485;0.75;0.25;76.04000;93.10680;101.96000;84.74000;75.42000;1882.6;275.0;200.0;45.0;12.71;0.926;0.17498;0.04096;0.00;0.000;1.099;0.947;0.000;0.557;73.269;51.97;55.47;25774.0;974.50;8.47;3.19;1.05;169902.68;50139.52;24859.38;28922.1;5.87;1.73;0.86;27/10/2024 16:08:41;
28/10/2024;15;2.0TD;2;0.000107810408000000;0.160;0.984054111;112.635434;19.184;8.779;84.672434;52.16;4.26670;1.10485;0.75;0.25;76.04000;93.10680;101.96000;84.74000;75.42000;1882.6;275.0;200.0;45.0;13.15;0.154;0.17498;0.04096;0.00;0.000;1.095;0.947;0.000;0.557;72.993;51.97;56.97;25470.0;1000.60;8.91;3.19;1.05;169334.88;60655.20;24859.38;28598.9;5.92;2.12;0.87;27/10/2024 16:08:41;
28/10/2024;16;2.0TD;2;0.000099821382000000;0.171;1.048854928;115.566069;19.184;8.779;87.603069;52.70;4.26670;1.10485;0.75;0.25;76.04000;93.10680;101.96000;84.74000;75.42000;1882.6;275.0;200.0;45.0;14.40;0.154;0.17498;0.04096;0.00;0.000;1.122;0.947;0.000;0.557;74.810;52.51;57.52;24618.1;965.50;10.16;3.19;1.05;168864.28;90916.20;24859.38;28026.8;6.03;3.24;0.89;27/10/2024 16:08:41;
28/10/2024;17;2.0TD;2;0.000095809233000000;0.182;1.114534457;155.184589;19.184;8.779;127.221589;84.89;4.26670;1.10485;0.75;0.25;76.04000;93.10680;101.96000;84.74000;75.42000;1882.6;275.0;200.0;45.0;14.54;0.154;0.17498;0.04096;0.00;0.000;1.614;0.947;0.000;0.557;107.632;84.89;84.89;22772.1;1403.20;10.30;3.19;1.05;119531.88;141132.80;24859.38;27736.5;4.31;5.09;0.90;27/10/2024 16:08:41;
28/10/2024;18;2.0TD;2;0.000099449716000000;0.188;1.151825360;187.141312;19.184;8.779;159.178312;115.43;4.26670;1.10485;0.75;0.25;76.04000;93.10680;101.96000;84.74000;75.42000;1882.6;275.0;200.0;45.0;9.96;0.154;0.17498;0.04096;0.00;0.000;2.010;0.947;0.000;0.557;133.988;115.57;113.56;20286.2;1506.80;5.72;3.19;1.05;70946.16;62600.88;24859.38;27713.1;2.56;2.26;0.90;27/10/2024 16:08:41;
28/10/2024;19;2.0TD;1;0.000110687705000000;0.168;1.007205924;275.617486;33.081;43.893;198.643486;149.17;4.26670;1.10485;0.75;0.25;76.04000;93.10680;101.96000;84.74000;75.42000;1882.6;275.0;200.0;45.0;10.99;0.926;0.17498;0.04096;0.00;0.000;2.551;0.947;0.000;0.557;170.071;149.48;144.49;20890.6;1372.20;6.75;3.19;1.05;36381.64;127896.00;24859.38;28017.4;1.30;4.56;0.89;27/10/2024 16:08:41;
28/10/2024;20;2.0TD;1;0.000125564493000000;0.166;0.991786936;254.739419;33.081;43.893;177.765419;133.49;4.26670;1.10485;0.75;0.25;76.04000;93.10680;101.96000;84.74000;75.42000;1882.6;275.0;200.0;45.0;9.32;0.926;0.17498;0.04096;0.00;0.000;2.287;0.947;0.000;0.557;152.457;133.66;130.66;20370.7;1213.30;5.08;3.19;1.05;64059.80;59820.00;24859.38;29294.3;2.19;2.04;0.85;27/10/2024 16:08:41;
28/10/2024;21;2.0TD;1;0.000144118586000000;0.160;0.960150396;232.037554;33.081;43.893;155.063554;115.59;4.26670;1.10485;0.75;0.25;76.04000;93.10680;101.96000;84.74000;75.42000;1882.6;275.0;200.0;45.0;8.72;0.926;0.17498;0.04096;0.00;0.000;2.005;0.947;0.000;0.557;133.675;115.73;113.00;19584.1;1065.60;4.48;3.19;1.05;86078.96;23952.00;24859.38;30125.4;2.86;0.80;0.83;27/10/2024 16:08:41;
28/10/2024;22;2.0TD;1;0.000144823212000000;0.161;0.963575865;226.536897;33.081;43.893;149.562897;110.31;4.26670;1.10485;0.75;0.25;76.04000;93.10680;101.96000;84.74000;75.42000;1882.6;275.0;200.0;45.0;9.22;0.926;0.17498;0.04096;0.00;0.000;1.932;0.947;0.000;0.557;128.822;110.49;107.49;18885.6;1239.00;4.98;3.19;1.05;97161.04;21956.00;24859.38;28895.3;3.36;0.76;0.86;27/10/2024 16:08:41;
28/10/2024;23;2.0TD;2;0.000126224366000000;0.186;1.141533167;166.018711;19.184;8.779;138.055711;98.61;4.26670;1.10485;0.75;0.25;76.04000;93.10680;101.96000;84.74000;75.42000;1882.6;275.0;200.0;45.0;9.46;0.154;0.17498;0.04096;0.00;0.000;1.746;0.947;0.000;0.557;116.404;98.61;98.61;17817.7;1371.50;5.22;3.19;1.05;77962.72;32462.32;24859.38;25917.9;3.01;1.25;0.96;27/10/2024 16:08:41;
28/10/2024;24;2.0TD;2;0.000104446763000000;0.196;1.201624725;149.771387;19.184;8.779;121.808387;81.68;4.26670;1.10485;0.75;0.25;76.04000;93.10680;101.96000;84.74000;75.42000;1882.6;275.0;200.0;45.0;12.05;0.154;0.17498;0.04096;0.00;0.000;1.528;0.947;0.000;0.557;101.846;81.25;87.30;16618.1;1285.70;7.81;3.19;1.05;74966.84;85428.80;24859.38;23729.4;3.16;3.60;1.05;27/10/2024 16:08:41;
*
