pvpcdata;
2024;09;10;12;19;04;
17/08/2024;1;2.0TD;3;0.000113089524000000;0.181;1.007958879;152.750095;0.557;2.195;149.998095;114.01;1.46006;0.96160;0.75;0.25;83.21375;89.05400;101.96000;73.51000;75.32000;2354.4;275.0;234.0;57.0;7.97;0.000;0.17498;0.04096;0.00;0.000;1.905;0.947;0.000;0.557;127.009;114.02;113.87;18303.3;1146.70;3.84;3.08;1.05;59259.24;11200.00;24859.38;24772.8;2.39;0.45;1.00;16/08/2024 16:10:26;
17/08/2024;2;2.0TD;3;0.000099761504000000;0.179;0.995641325;152.208400;0.557;2.195;149.456400;112.94;1.46006;0.96160;0.75;0.25;83.21375;89.05400;101.96000;73.51000;75.32000;2354.4;275.0;234.0;57.0;8.80;0.000;0.17498;0.04096;0.00;0.000;1.901;0.947;0.000;0.557;126.765;112.94;112.94;17366.9;1104.40;4.67;3.08;1.05;62588.48;21696.00;24859.38;23373.6;2.68;0.93;1.06;16/08/2024 16:10:26;
17/08/2024;3;2.0TD;3;0.000089312133000000;0.179;0.995239306;153.741100;0.557;2.195;150.989100;113.28;1.46006;0.96160;0.75;0.25;83.21375;89.05400;101.96000;73.51000;75.32000;2354.4;275.0;234.0;57.0;9.74;0.000;0.17498;0.04096;0.00;0.000;1.921;0.947;0.000;0.557;128.065;113.37;111.77;16873.5;1005.60;5.61;3.08;1.05;76021.92;24064.00;24859.38;22293.3;3.41;1.08;1.12;16/08/2024 16:10:26;
17/08/2024;4;2.0TD;3;0.000082759442000000;0.179;0.993812609;149.898739;0.557;2.195;147.146739;110.55;1.46006;0.96160;0.75;0.25;83.21375;89.05400;101.96000;73.51000;75.32000;2354.4;275.0;234.0;57.0;9.26;0.000;0.17498;0.04096;0.00;0.000;1.872;0.947;0.000;0.557;124.806;110.68;108.68;16038.2;1128.30;5.13;3.08;1.05;87131.88;22528.00;0.00;21377.4;4.08;1.05;0.00;16/08/2024 16:10:26;
17/08/2024;5;2.0TD;3;0.000078771236000000;0.178;0.987967879;144.822799;0.557;2.195;142.070799;105.50;1.46006;0.96160;0.75;0.25;83.21375;89.05400;101.96000;73.51000;75.32000;2354.4;275.0;234.0;57.0;10.17;0.000;0.17498;0.04096;0.00;0.000;1.809;0.947;0.000;0.557;120.603;105.50;105.50;15589.1;1096.80;6.04;3.08;1.05;95416.64;28764.00;0.00;20568.5;4.64;1.40;0.00;16/08/2024 16:10:26;
17/08/2024;6;2.0TD;3;0.000076566285000000;0.176;0.978344146;140.546736;0.557;2.195;137.794736;101.49;1.46006;0.96160;0.75;0.25;83.21375;89.05400;101.96000;73.51000;75.32000;2354.4;275.0;234.0;57.0;10.80;0.000;0.17498;0.04096;0.00;0.000;1.758;0.947;0.000;0.557;117.172;101.50;101.35;15188.9;1147.40;6.67;3.08;1.05;101834.40;33941.52;0.00;20357.3;5.00;1.67;0.00;16/08/2024 16:10:26;
17/08/2024;7;2.0TD;3;0.000076054520000000;0.174;0.969044249;138.596003;0.557;2.195;135.844003;100.63;1.46006;0.96160;0.75;0.25;83.21375;89.05400;101.96000;73.51000;75.32000;2354.4;275.0;234.0;57.0;10.22;0.000;0.17498;0.04096;0.00;0.000;1.736;0.947;0.000;0.557;115.710;100.64;100.49;14373.1;1110.20;6.09;3.08;1.05;102780.56;23970.00;0.00;20803.9;4.94;1.15;0.00;16/08/2024 16:10:26;
17/08/2024;8;2.0TD;3;0.000073228766000000;0.171;0.952202576;138.581436;0.557;2.195;135.829436;100.96;1.46006;0.96160;0.75;0.25;83.21375;89.05400;101.96000;73.51000;75.32000;2354.4;275.0;234.0;57.0;10.17;0.000;0.17498;0.04096;0.00;0.000;1.740;0.947;0.000;0.557;115.994;101.10;99.10;14530.1;1133.00;6.04;3.08;1.05;102906.36;25529.28;0.00;21263.4;4.84;1.20;0.00;16/08/2024 16:10:26;
17/08/2024;9;2.0TD;3;0.000078233931000000;0.167;0.926645055;139.171260;0.557;2.195;136.419260;90.67;1.46006;0.96160;0.75;0.25;83.21375;89.05400;101.96000;73.51000;75.32000;2354.4;275.0;234.0;57.0;21.35;0.000;0.17498;0.04096;0.00;0.000;1.753;0.947;0.000;0.557;116.897;90.00;102.44;16626.6;952.90;17.22;3.08;1.05;101608.80;278428.80;0.00;22070.8;4.60;12.62;0.00;16/08/2024 16:10:26;
17/08/2024;10;2.0TD;3;0.000090051576000000;0.161;0.892190561;108.095793;0.557;2.195;105.343793;71.74;1.46006;0.96160;0.75;0.25;83.21375;89.05400;101.96000;73.51000;75.32000;2354.4;275.0;234.0;57.0;14.51;0.000;0.17498;0.04096;0.00;0.000;1.361;0.947;0.000;0.557;90.735;71.74;71.74;19237.4;1033.10;10.38;3.08;1.05;95648.96;151813.20;0.00;23842.4;4.01;6.37;0.00;16/08/2024 16:10:26;
17/08/2024;11;2.0TD;3;0.000100260831000000;0.160;0.891508785;103.330258;0.557;2.195;100.578258;67.82;1.46006;0.96160;0.75;0.25;83.21375;89.05400;101.96000;73.51000;75.32000;2354.4;275.0;234.0;57.0;14.46;0.000;0.17498;0.04096;0.00;0.000;1.301;0.947;0.000;0.557;86.705;68.01;63.01;24342.7;981.00;10.33;3.08;1.05;141308.36;120384.00;0.00;25342.0;5.58;4.75;0.00;16/08/2024 16:10:26;
17/08/2024;12;2.0TD;3;0.000105603298000000;0.159;0.881394897;82.580900;0.557;2.195;79.828900;52.64;1.46006;0.96160;0.75;0.25;83.21375;89.05400;101.96000;73.51000;75.32000;2354.4;275.0;234.0;57.0;12.08;0.000;0.17498;0.04096;0.00;0.000;1.033;0.947;0.000;0.557;68.877;52.66;52.01;25453.1;802.70;7.95;3.08;1.05;160147.44;45852.64;0.00;25910.8;6.18;1.77;0.00;16/08/2024 16:10:26;
17/08/2024;13;2.0TD;3;0.000110517212000000;0.160;0.886535655;71.379218;0.557;2.195;68.627218;43.30;1.46006;0.96160;0.75;0.25;83.21375;89.05400;101.96000;73.51000;75.32000;2354.4;275.0;234.0;57.0;11.85;0.000;0.17498;0.04096;0.00;0.000;0.887;0.947;0.000;0.557;59.161;43.31;43.09;26029.3;885.80;7.72;3.08;1.05;172146.24;34236.00;0.00;26725.1;6.44;1.28;0.00;16/08/2024 16:10:26;
17/08/2024;14;2.0TD;3;0.000119880496000000;0.158;0.879900996;64.054661;0.557;2.195;61.302661;37.35;1.46006;0.96160;0.75;0.25;83.21375;89.05400;101.96000;73.51000;75.32000;2354.4;275.0;234.0;57.0;11.67;0.000;0.17498;0.04096;0.00;0.000;0.794;0.947;0.000;0.557;52.938;37.37;36.72;26405.7;874.10;7.54;3.08;1.05;179906.80;28508.32;0.00;27637.3;6.51;1.03;0.00;16/08/2024 16:10:26;
17/08/2024;15;2.0TD;3;0.000125603405000000;0.156;0.867971207;61.014856;0.557;2.195;58.262856;34.70;1.46006;0.96160;0.75;0.25;83.21375;89.05400;101.96000;73.51000;75.32000;2354.4;275.0;234.0;57.0;11.82;0.000;0.17498;0.04096;0.00;0.000;0.756;0.947;0.000;0.557;50.400;34.72;34.07;26514.3;845.60;7.69;3.08;1.05;183648.84;31488.00;0.00;27966.6;6.57;1.13;0.00;16/08/2024 16:10:26;
17/08/2024;16;2.0TD;3;0.000121365530000000;0.158;0.876115586;64.536389;0.557;2.195;61.784389;37.53;1.46006;0.96160;0.75;0.25;83.21375;89.05400;101.96000;73.51000;75.32000;2354.4;275.0;234.0;57.0;11.90;0.000;0.17498;0.04096;0.00;0.000;0.800;0.947;0.000;0.557;53.354;37.57;36.27;26850.9;834.10;7.77;3.08;1.05;180073.68;33813.12;0.00;27535.2;6.54;1.23;0.00;16/08/2024 16:10:26;
17/08/2024;17;2.0TD;3;0.000118264256000000;0.159;0.885435223;76.638707;0.557;2.195;73.886707;47.81;1.46006;0.96160;0.75;0.25;83.21375;89.05400;101.96000;73.51000;75.32000;2354.4;275.0;234.0;57.0;11.86;0.000;0.17498;0.04096;0.00;0.000;0.956;0.947;0.000;0.557;63.750;47.81;47.81;26751.6;1237.20;7.73;3.08;1.05;166726.44;43785.20;0.00;27243.2;6.12;1.61;0.00;16/08/2024 16:10:26;
17/08/2024;18;2.0TD;3;0.000118495833000000;0.163;0.905210399;86.410538;0.557;2.195;83.658538;56.10;1.46006;0.96160;0.75;0.25;83.21375;89.05400;101.96000;73.51000;75.32000;2354.4;275.0;234.0;57.0;11.63;0.000;0.17498;0.04096;0.00;0.000;1.079;0.947;0.000;0.557;71.933;56.10;56.10;26357.9;1248.30;7.50;3.08;1.05;156697.52;47271.20;0.00;27208.1;5.76;1.74;0.00;16/08/2024 16:10:26;
17/08/2024;19;2.0TD;3;0.000119695059000000;0.170;0.944303314;103.959802;0.557;2.195;101.207802;68.38;1.46006;0.96160;0.75;0.25;83.21375;89.05400;101.96000;73.51000;75.32000;2354.4;275.0;234.0;57.0;13.70;0.000;0.17498;0.04096;0.00;0.000;1.298;0.947;0.000;0.557;86.502;68.54;64.57;22740.7;953.20;9.57;3.08;1.05;141924.44;122555.04;0.00;27650.1;5.13;4.43;0.00;16/08/2024 16:10:26;
17/08/2024;20;2.0TD;3;0.000119897360000000;0.178;0.989356026;127.206987;0.557;2.195;124.454987;87.41;1.46006;0.96160;0.75;0.25;83.21375;89.05400;101.96000;73.51000;75.32000;2354.4;275.0;234.0;57.0;13.53;0.000;0.17498;0.04096;0.00;0.000;1.585;0.947;0.000;0.557;105.649;87.41;87.41;19638.9;775.00;9.40;3.08;1.05;79362.16;177369.60;0.00;27321.7;2.90;6.49;0.00;16/08/2024 16:10:26;
17/08/2024;21;2.0TD;3;0.000122200555000000;0.188;1.047091436;149.212673;0.557;2.195;146.460673;103.82;1.46006;0.96160;0.75;0.25;83.21375;89.05400;101.96000;73.51000;75.32000;2354.4;275.0;234.0;57.0;14.49;0.000;0.17498;0.04096;0.00;0.000;1.849;0.947;0.000;0.557;123.283;103.92;102.27;18686.5;1190.90;10.36;3.08;1.05;160741.44;122208.00;0.00;27304.1;5.89;4.48;0.00;16/08/2024 16:10:26;
17/08/2024;22;2.0TD;3;0.000137388380000000;0.192;1.068227218;165.075454;0.557;2.195;162.323454;119.78;1.46006;0.96160;0.75;0.25;83.21375;89.05400;101.96000;73.51000;75.32000;2354.4;275.0;234.0;57.0;11.23;0.000;0.17498;0.04096;0.00;0.000;2.043;0.947;0.000;0.557;136.177;120.00;116.52;18352.3;1262.40;7.10;3.08;1.05;161570.84;12800.00;24859.38;28073.3;5.76;0.46;0.89;16/08/2024 16:10:26;
17/08/2024;23;2.0TD;3;0.000137543393000000;0.192;1.069237499;157.717238;0.557;2.195;154.965238;112.88;1.46006;0.96160;0.75;0.25;83.21375;89.05400;101.96000;73.51000;75.32000;2354.4;275.0;234.0;57.0;12.05;0.000;0.17498;0.04096;0.00;0.000;1.950;0.947;0.000;0.557;130.004;113.20;108.20;17734.0;1212.40;7.92;3.08;1.05;174661.48;15488.00;24859.38;27146.8;6.43;0.57;0.92;16/08/2024 16:10:26;
17/08/2024;24;2.0TD;3;0.000125246467000000;0.191;1.063284545;149.232369;0.557;2.195;146.480369;104.86;1.46006;0.96160;0.75;0.25;83.21375;89.05400;101.96000;73.51000;75.32000;2354.4;275.0;234.0;57.0;13.16;0.000;0.17498;0.04096;0.00;0.000;1.845;0.947;0.000;0.557;122.989;105.02;102.02;17182.0;993.40;9.03;3.08;1.05;189919.64;13376.00;24859.38;25261.8;7.52;0.53;0.98;16/08/2024 16:10:26;
*
