pvpcdata;
2024;08;09;11;56;42;
15/07/2024;1;2.0TD;3;0.000113753507000000;0.176;0.980315626;137.451618;0.557;2.195;134.699618;89.57;8.74392;1.10615;0.75;0.25;53.95333;88.92900;101.96000;73.51000;74.07000;2061.2;275.0;234.0;61.0;11.86;0.000;0.17498;0.04096;0.00;0.000;1.718;0.947;0.000;0.557;114.540;89.61;89.01;17530.6;1310.70;7.64;3.13;1.09;129793.16;31680.00;24859.38;24403.2;5.32;1.30;1.02;14/07/2024 16:12:53;
15/07/2024;2;2.0TD;3;0.000097618864000000;0.177;0.981842178;120.765661;0.557;2.195;118.013661;74.69;8.74392;1.10615;0.75;0.25;53.95333;88.92900;101.96000;73.51000;74.07000;2061.2;275.0;234.0;61.0;12.68;0.000;0.17498;0.04096;0.00;0.000;1.504;0.947;0.000;0.557;100.266;75.00;70.00;16850.3;1124.30;8.46;3.13;1.09;159526.60;36608.00;0.00;23178.7;6.88;1.58;0.00;14/07/2024 16:12:53;
15/07/2024;3;2.0TD;3;0.000086665571000000;0.176;0.975625890;106.338186;0.557;2.195;103.586186;60.08;8.74392;1.10615;0.75;0.25;53.95333;88.92900;101.96000;73.51000;74.07000;2061.2;275.0;234.0;61.0;15.29;0.000;0.17498;0.04096;0.00;0.000;1.321;0.947;0.000;0.557;88.083;60.31;56.48;18324.7;1166.60;11.07;3.13;1.09;199699.24;48512.00;0.00;22415.6;8.91;2.16;0.00;14/07/2024 16:12:53;
15/07/2024;4;2.0TD;3;0.000080585655000000;0.173;0.960939977;107.955428;0.557;2.195;105.203428;60.02;8.74392;1.10615;0.75;0.25;53.95333;88.92900;101.96000;73.51000;74.07000;2061.2;275.0;234.0;61.0;16.93;0.000;0.17498;0.04096;0.00;0.000;1.345;0.947;0.000;0.557;89.687;60.31;55.31;18225.3;1106.60;12.71;3.13;1.09;226805.04;51584.00;0.00;21908.0;10.35;2.35;0.00;14/07/2024 16:12:53;
15/07/2024;5;2.0TD;3;0.000077221379000000;0.170;0.945633566;107.448855;0.557;2.195;104.696855;59.59;8.74392;1.10615;0.75;0.25;53.95333;88.92900;101.96000;73.51000;74.07000;2061.2;275.0;234.0;61.0;17.16;0.000;0.17498;0.04096;0.00;0.000;1.342;0.947;0.000;0.557;89.484;59.79;56.29;18723.5;1157.50;12.94;3.13;1.09;228977.20;53504.00;0.00;21829.5;10.49;2.45;0.00;14/07/2024 16:12:53;
15/07/2024;6;2.0TD;3;0.000076142490000000;0.166;0.924793070;106.617521;0.557;2.195;103.865521;59.52;8.74392;1.10615;0.75;0.25;53.95333;88.92900;101.96000;73.51000;74.07000;2061.2;275.0;234.0;61.0;16.83;0.000;0.17498;0.04096;0.00;0.000;1.336;0.947;0.000;0.557;89.078;59.92;52.41;19030.5;1081.50;12.61;3.13;1.09;229883.44;52544.00;0.00;22399.0;10.26;2.35;0.00;14/07/2024 16:12:53;
15/07/2024;7;2.0TD;3;0.000077499619000000;0.160;0.888667278;113.019850;0.557;2.195;110.267850;66.24;8.74392;1.10615;0.75;0.25;53.95333;88.92900;101.96000;73.51000;74.07000;2061.2;275.0;234.0;61.0;16.00;0.000;0.17498;0.04096;0.00;0.000;1.426;0.947;0.000;0.557;95.058;66.56;61.56;17470.7;1182.00;11.78;3.13;1.09;212488.40;52928.00;24859.38;24645.3;8.62;2.15;1.01;14/07/2024 16:12:53;
15/07/2024;8;2.0TD;3;0.000081027837000000;0.159;0.882521905;144.059009;0.557;2.195;141.307009;89.39;8.74392;1.10615;0.75;0.25;53.95333;88.92900;101.96000;73.51000;74.07000;2061.2;275.0;234.0;61.0;19.31;0.000;0.17498;0.04096;0.00;0.000;1.829;0.947;0.000;0.557;121.921;89.87;82.22;18626.9;1258.10;15.09;3.13;1.09;135992.56;243270.00;24859.38;26783.2;5.08;9.08;0.93;14/07/2024 16:12:53;
15/07/2024;9;2.0TD;2;0.000093013714000000;0.141;0.864594452;153.005751;19.184;8.779;125.042751;82.04;8.74392;1.10615;0.75;0.25;53.95333;88.92900;101.96000;73.51000;74.07000;2061.2;275.0;234.0;61.0;14.36;0.154;0.17498;0.04096;0.00;0.000;1.644;0.947;0.000;0.557;109.590;82.15;80.15;20597.3;1254.20;10.14;3.13;1.09;65837.84;197107.20;24859.38;28404.7;2.32;6.94;0.88;14/07/2024 16:12:53;
15/07/2024;10;2.0TD;2;0.000105971078000000;0.139;0.852788477;129.613615;19.184;8.779;101.650615;61.80;8.74392;1.10615;0.75;0.25;53.95333;88.92900;101.96000;73.51000;74.07000;2061.2;275.0;234.0;61.0;14.56;0.154;0.17498;0.04096;0.00;0.000;1.339;0.947;0.000;0.557;89.245;62.01;57.11;24961.5;1101.60;10.34;3.13;1.09;74633.00;207987.68;24859.38;29744.3;2.51;6.99;0.84;14/07/2024 16:12:53;
15/07/2024;11;2.0TD;1;0.000116245798000000;0.144;0.860885043;148.353299;33.081;43.893;71.379299;39.60;8.74392;1.10615;0.75;0.25;53.95333;88.92900;101.96000;73.51000;74.07000;2061.2;275.0;234.0;61.0;9.54;0.926;0.17498;0.04096;0.00;0.000;0.936;0.947;0.000;0.557;62.394;39.49;42.49;28528.8;1054.20;5.32;3.13;1.09;97348.04;40294.80;24859.38;30549.5;3.19;1.32;0.81;14/07/2024 16:12:53;
15/07/2024;12;2.0TD;1;0.000122107854000000;0.146;0.873011565;120.764370;33.081;43.893;43.790370;16.00;8.74392;1.10615;0.75;0.25;53.95333;88.92900;101.96000;73.51000;74.07000;2061.2;275.0;234.0;61.0;9.32;0.926;0.17498;0.04096;0.00;0.000;0.573;0.947;0.000;0.557;38.211;15.84;20.09;29157.9;1129.60;5.10;3.13;1.09;113516.80;20441.60;24859.38;31169.2;3.64;0.66;0.80;14/07/2024 16:12:53;
15/07/2024;13;2.0TD;1;0.000129616334000000;0.146;0.875034086;109.374276;33.081;43.893;32.400276;6.18;8.74392;1.10615;0.75;0.25;53.95333;88.92900;101.96000;73.51000;74.07000;2061.2;275.0;234.0;61.0;9.35;0.926;0.17498;0.04096;0.00;0.000;0.424;0.947;0.000;0.557;28.272;6.06;9.31;29345.6;1133.50;5.13;3.13;1.09;127676.92;10630.64;24859.38;31817.2;4.01;0.33;0.78;14/07/2024 16:12:53;
15/07/2024;14;2.0TD;1;0.000141235311000000;0.142;0.850287432;107.220432;33.081;43.893;30.246432;3.86;8.74392;1.10615;0.75;0.25;53.95333;88.92900;101.96000;73.51000;74.07000;2061.2;275.0;234.0;61.0;9.91;0.926;0.17498;0.04096;0.00;0.000;0.397;0.947;0.000;0.557;26.485;3.74;6.99;29573.7;1173.40;5.69;3.13;1.09;152689.52;6476.12;24859.38;32327.1;4.72;0.20;0.77;14/07/2024 16:12:53;
15/07/2024;15;2.0TD;2;0.000147330582000000;0.143;0.876158771;58.906858;19.184;8.779;30.943858;4.02;8.74392;1.10615;0.75;0.25;53.95333;88.92900;101.96000;73.51000;74.07000;2061.2;275.0;234.0;61.0;11.10;0.154;0.17498;0.04096;0.00;0.000;0.406;0.947;0.000;0.557;27.072;3.90;7.15;29508.2;1172.60;6.88;3.13;1.09;191330.20;6309.12;24859.38;32371.5;5.91;0.19;0.77;14/07/2024 16:12:53;
15/07/2024;16;2.0TD;2;0.000143338470000000;0.141;0.864952043;64.540598;19.184;8.779;36.577598;7.60;8.74392;1.10615;0.75;0.25;53.95333;88.92900;101.96000;73.51000;74.07000;2061.2;275.0;234.0;61.0;12.43;0.154;0.17498;0.04096;0.00;0.000;0.481;0.947;0.000;0.557;32.057;7.48;10.73;30120.1;1191.00;8.21;3.13;1.09;224880.72;10029.84;24859.38;31639.6;7.11;0.32;0.79;14/07/2024 16:12:53;
15/07/2024;17;2.0TD;2;0.000140269608000000;0.141;0.867001910;63.057298;19.184;8.779;35.094298;6.16;8.74392;1.10615;0.75;0.25;53.95333;88.92900;101.96000;73.51000;74.07000;2061.2;275.0;234.0;61.0;12.59;0.154;0.17498;0.04096;0.00;0.000;0.461;0.947;0.000;0.557;30.757;5.99;10.49;29939.2;1207.80;8.37;3.13;1.09;230369.64;7915.00;24859.38;31418.0;7.33;0.25;0.79;14/07/2024 16:12:53;
15/07/2024;18;2.0TD;2;0.000140490174000000;0.144;0.880420518;72.476603;19.184;8.779;44.513603;14.15;8.74392;1.10615;0.75;0.25;53.95333;88.92900;101.96000;73.51000;74.07000;2061.2;275.0;234.0;61.0;12.63;0.154;0.17498;0.04096;0.00;0.000;0.584;0.947;0.000;0.557;38.910;14.00;18.25;29658.0;1112.50;8.41;3.13;1.09;223709.28;16586.68;24859.38;31526.4;7.10;0.53;0.79;14/07/2024 16:12:53;
15/07/2024;19;2.0TD;1;0.000139448377000000;0.142;0.852430197;153.909960;33.081;43.893;76.935960;40.28;8.74392;1.10615;0.75;0.25;53.95333;88.92900;101.96000;73.51000;74.07000;2061.2;275.0;234.0;61.0;13.76;0.926;0.17498;0.04096;0.00;0.000;1.011;0.947;0.000;0.557;67.369;40.00;47.35;28547.7;1122.20;9.54;3.13;1.09;198312.12;72475.20;24859.38;30987.2;6.40;2.34;0.80;14/07/2024 16:12:53;
15/07/2024;20;2.0TD;1;0.000137039771000000;0.146;0.873176424;175.830816;33.081;43.893;98.856816;59.89;8.74392;1.10615;0.75;0.25;53.95333;88.92900;101.96000;73.51000;74.07000;2061.2;275.0;234.0;61.0;12.76;0.926;0.17498;0.04096;0.00;0.000;1.294;0.947;0.000;0.557;86.262;60.00;57.01;26891.7;1064.20;8.54;3.13;1.09;137319.80;104499.72;24859.38;31256.9;4.39;3.34;0.80;14/07/2024 16:12:53;
15/07/2024;21;2.0TD;1;0.000138041669000000;0.147;0.878200225;198.728614;33.081;43.893;121.754614;80.00;8.74392;1.10615;0.75;0.25;53.95333;88.92900;101.96000;73.51000;74.07000;2061.2;275.0;234.0;61.0;12.24;0.926;0.17498;0.04096;0.00;0.000;1.592;0.947;0.000;0.557;106.150;80.00;80.00;22915.4;909.70;8.02;3.13;1.09;89661.60;136742.40;24859.38;31327.7;2.86;4.36;0.79;14/07/2024 16:12:53;
15/07/2024;22;2.0TD;1;0.000147584635000000;0.145;0.869687579;227.460768;33.081;43.893;150.486768;108.59;8.74392;1.10615;0.75;0.25;53.95333;88.92900;101.96000;73.51000;74.07000;2061.2;275.0;234.0;61.0;8.55;0.926;0.17498;0.04096;0.00;0.000;1.971;0.947;0.000;0.557;131.429;108.78;105.70;21265.9;1376.90;4.33;3.13;1.09;96301.56;12408.24;24859.38;30853.5;3.12;0.40;0.81;14/07/2024 16:12:53;
15/07/2024;23;2.0TD;2;0.000153847658000000;0.151;0.925162872;179.213023;19.184;8.779;151.250023;109.22;8.74392;1.10615;0.75;0.25;53.95333;88.92900;101.96000;73.51000;74.07000;2061.2;275.0;234.0;61.0;8.67;0.154;0.17498;0.04096;0.00;0.000;1.971;0.947;0.000;0.557;131.407;109.37;106.88;20931.2;1353.30;4.45;3.13;1.09;91960.24;15980.00;24859.38;29851.0;3.08;0.54;0.83;14/07/2024 16:12:53;
15/07/2024;24;2.0TD;2;0.000136431845000000;0.148;0.910798713;162.968365;19.184;8.779;135.005365;94.45;8.74392;1.10615;0.75;0.25;53.95333;88.92900;101.96000;73.51000;74.07000;2061.2;275.0;234.0;61.0;9.84;0.154;0.17498;0.04096;0.00;0.000;1.764;0.947;0.000;0.557;117.600;94.70;90.70;19939.9;1343.10;5.62;3.13;1.09;123880.76;6008.48;24859.38;27523.0;4.50;0.22;0.90;14/07/2024 16:12:53;
*
