pvpcdata;
2024;05;13;12;31;32;
26/04/2024;1;2.0TD;3;0.000093940410000000;0.191;1.059751628;119.816069;0.557;2.195;117.064069;79.75;4.47239;1.04557;0.75;0.25;57.49125;75.38080;101.96000;48.69000;27.94000;1832.5;275.0;154.0;50.0;10.67;0.000;0.17498;0.04096;0.00;0.000;1.474;0.947;0.000;0.557;98.290;79.87;77.86;18168.2;1162.30;5.90;3.35;1.42;92834.28;21029.68;24859.38;23541.8;3.94;0.89;1.06;25/04/2024 16:10:15;
26/04/2024;2;2.0TD;3;0.000078139594000000;0.197;1.094206180;114.038969;0.557;2.195;111.286969;74.00;4.47239;1.04557;0.75;0.25;57.49125;75.38080;101.96000;48.69000;27.94000;1832.5;275.0;154.0;50.0;11.18;0.000;0.17498;0.04096;0.00;0.000;1.395;0.947;0.000;0.557;92.971;74.00;73.95;18029.2;1088.40;6.41;3.35;1.42;101396.76;15980.00;24859.38;22186.0;4.57;0.72;1.12;25/04/2024 16:10:15;
26/04/2024;3;2.0TD;3;0.000068927007000000;0.201;1.118919587;105.509044;0.557;2.195;102.757044;65.32;4.47239;1.04557;0.75;0.25;57.49125;75.38080;101.96000;48.69000;27.94000;1832.5;275.0;154.0;50.0;12.56;0.000;0.17498;0.04096;0.00;0.000;1.283;0.947;0.000;0.557;85.559;65.15;68.36;18044.6;1030.00;7.79;3.35;1.42;121400.80;19188.00;24859.38;21237.0;5.72;0.90;1.17;25/04/2024 16:10:15;
26/04/2024;4;2.0TD;3;0.000064537219000000;0.202;1.124598611;115.210603;0.557;2.195;112.458603;74.06;4.47239;1.04557;0.75;0.25;57.49125;75.38080;101.96000;48.69000;27.94000;1832.5;275.0;154.0;50.0;11.70;0.000;0.17498;0.04096;0.00;0.000;1.403;0.947;0.000;0.557;93.559;74.07;73.84;17600.4;1141.00;6.93;3.35;1.42;125898.08;19188.00;0.00;20934.8;6.01;0.92;0.00;25/04/2024 16:10:15;
26/04/2024;5;2.0TD;3;0.000063051030000000;0.202;1.119558213;118.578607;0.557;2.195;115.826607;77.03;4.47239;1.04557;0.75;0.25;57.49125;75.38080;101.96000;48.69000;27.94000;1832.5;275.0;154.0;50.0;11.49;0.000;0.17498;0.04096;0.00;0.000;1.445;0.947;0.000;0.557;96.361;77.10;76.10;17490.3;1269.70;6.72;3.35;1.42;120756.60;19188.00;0.00;20826.6;5.80;0.92;0.00;25/04/2024 16:10:15;
26/04/2024;6;2.0TD;3;0.000064844794000000;0.198;1.100249990;114.179861;0.557;2.195;111.427861;73.82;4.47239;1.04557;0.75;0.25;57.49125;75.38080;101.96000;48.69000;27.94000;1832.5;275.0;154.0;50.0;11.40;0.000;0.17498;0.04096;0.00;0.000;1.395;0.947;0.000;0.557;93.011;73.88;72.88;17633.1;1215.20;6.63;3.35;1.42;126191.56;15862.08;0.00;21430.0;5.89;0.74;0.00;25/04/2024 16:10:15;
26/04/2024;7;2.0TD;3;0.000072877576000000;0.189;1.052332340;133.200246;0.557;2.195;130.448246;91.39;4.47239;1.04557;0.75;0.25;57.49125;75.38080;101.96000;48.69000;27.94000;1832.5;275.0;154.0;50.0;10.28;0.000;0.17498;0.04096;0.00;0.000;1.646;0.947;0.000;0.557;109.712;91.82;86.82;16355.2;1540.40;5.51;3.35;1.42;93282.64;16128.00;24859.38;24364.0;3.83;0.66;1.02;25/04/2024 16:10:15;
26/04/2024;8;2.0TD;3;0.000088866744000000;0.178;0.990873116;144.467250;0.557;2.195;141.715250;103.95;4.47239;1.04557;0.75;0.25;57.49125;75.38080;101.96000;48.69000;27.94000;1832.5;275.0;154.0;50.0;8.15;0.000;0.17498;0.04096;0.00;0.000;1.805;0.947;0.000;0.557;120.301;104.06;102.76;17606.6;1622.40;3.38;3.35;1.42;37112.24;29248.00;24859.38;26994.1;1.37;1.08;0.92;25/04/2024 16:10:15;
26/04/2024;9;2.0TD;2;0.000100798573000000;0.191;1.173803679;160.811392;19.184;8.779;132.848392;95.97;4.47239;1.04557;0.75;0.25;57.49125;75.38080;101.96000;48.69000;27.94000;1832.5;275.0;154.0;50.0;7.35;0.154;0.17498;0.04096;0.00;0.000;1.673;0.947;0.000;0.557;111.543;96.06;94.76;18537.0;1353.80;2.58;3.35;1.42;30856.24;17270.40;24859.38;28327.0;1.09;0.61;0.88;25/04/2024 16:10:15;
26/04/2024;10;2.0TD;2;0.000107562868000000;0.155;0.949241497;141.306118;19.184;8.779;113.343118;81.03;4.47239;1.04557;0.75;0.25;57.49125;75.38080;101.96000;48.69000;27.94000;1832.5;275.0;154.0;50.0;9.08;0.154;0.17498;0.04096;0.00;0.000;1.472;0.947;0.000;0.557;98.132;81.08;80.08;22258.4;1132.60;4.31;3.35;1.42;79764.16;18223.04;24859.38;28467.2;2.80;0.64;0.87;25/04/2024 16:10:15;
26/04/2024;11;2.0TD;1;0.000113046855000000;0.157;0.942756529;142.720028;33.081;43.893;65.746028;35.42;4.47239;1.04557;0.75;0.25;57.49125;75.38080;101.96000;48.69000;27.94000;1832.5;275.0;154.0;50.0;13.23;0.926;0.17498;0.04096;0.00;0.000;0.852;0.947;0.000;0.557;56.824;35.33;37.82;26216.4;1012.20;8.46;3.35;1.42;165525.16;49121.36;24859.38;28317.2;5.85;1.73;0.88;25/04/2024 16:10:15;
26/04/2024;12;2.0TD;1;0.000114713321000000;0.153;0.913685142;142.165277;33.081;43.893;65.191277;34.22;4.47239;1.04557;0.75;0.25;57.49125;75.38080;101.96000;48.69000;27.94000;1832.5;275.0;154.0;50.0;14.15;0.926;0.17498;0.04096;0.00;0.000;0.848;0.947;0.000;0.557;56.540;35.00;22.51;26293.5;1761.40;9.38;3.35;1.42;199076.32;43876.56;24859.38;28539.8;6.98;1.54;0.87;25/04/2024 16:10:15;
26/04/2024;13;2.0TD;1;0.000117826123000000;0.152;0.912750615;141.745857;33.081;43.893;64.771857;32.92;4.47239;1.04557;0.75;0.25;57.49125;75.38080;101.96000;48.69000;27.94000;1832.5;275.0;154.0;50.0;15.14;0.926;0.17498;0.04096;0.00;0.000;0.843;0.947;0.000;0.557;56.225;33.75;21.51;26226.6;1903.80;10.37;3.35;1.42;232523.96;36083.88;24859.38;28309.4;8.21;1.27;0.88;25/04/2024 16:10:15;
26/04/2024;14;2.0TD;1;0.000124669464000000;0.148;0.889055910;139.003390;33.081;43.893;62.029390;30.55;4.47239;1.04557;0.75;0.25;57.49125;75.38080;101.96000;48.69000;27.94000;1832.5;275.0;154.0;50.0;15.35;0.926;0.17498;0.04096;0.00;0.000;0.810;0.947;0.000;0.557;54.032;31.20;21.51;26280.1;1896.60;10.58;3.35;1.42;232426.76;40568.80;24859.38;28131.0;8.26;1.44;0.88;25/04/2024 16:10:15;
26/04/2024;15;2.0TD;2;0.000125160769000000;0.167;1.025470966;79.999028;19.184;8.779;52.036028;21.20;4.47239;1.04557;0.75;0.25;57.49125;75.38080;101.96000;48.69000;27.94000;1832.5;275.0;154.0;50.0;16.17;0.154;0.17498;0.04096;0.00;0.000;0.669;0.947;0.000;0.557;44.589;21.20;21.20;26059.5;1696.30;11.40;3.35;1.42;250841.36;35425.00;24859.38;27296.0;9.19;1.30;0.91;25/04/2024 16:10:15;
26/04/2024;16;2.0TD;2;0.000116392028000000;0.173;1.062587522;79.527576;19.184;8.779;51.564576;20.11;4.47239;1.04557;0.75;0.25;57.49125;75.38080;101.96000;48.69000;27.94000;1832.5;275.0;154.0;50.0;16.64;0.154;0.17498;0.04096;0.00;0.000;0.659;0.947;0.000;0.557;43.959;20.10;20.20;26664.5;1732.10;11.87;3.35;1.42;254504.88;32424.48;24859.38;26283.9;9.68;1.23;0.95;25/04/2024 16:10:15;
26/04/2024;17;2.0TD;2;0.000109447457000000;0.179;1.098502254;77.014788;19.184;8.779;49.051788;16.98;4.47239;1.04557;0.75;0.25;57.49125;75.38080;101.96000;48.69000;27.94000;1832.5;275.0;154.0;50.0;17.45;0.154;0.17498;0.04096;0.00;0.000;0.624;0.947;0.000;0.557;41.604;16.98;16.98;25927.2;1732.70;12.68;3.35;1.42;259147.52;42341.04;24859.38;25755.0;10.06;1.64;0.97;25/04/2024 16:10:15;
26/04/2024;18;2.0TD;2;0.000106798763000000;0.186;1.141599169;80.580566;19.184;8.779;52.617566;20.21;4.47239;1.04557;0.75;0.25;57.49125;75.38080;101.96000;48.69000;27.94000;1832.5;275.0;154.0;50.0;16.94;0.154;0.17498;0.04096;0.00;0.000;0.665;0.947;0.000;0.557;44.365;20.20;20.40;25244.1;1400.80;12.17;3.35;1.42;239176.04;49923.72;24859.38;25800.3;9.27;1.94;0.96;25/04/2024 16:10:15;
26/04/2024;19;2.0TD;1;0.000106422912000000;0.170;1.018466289;133.778167;33.081;43.893;56.804167;24.84;4.47239;1.04557;0.75;0.25;57.49125;75.38080;101.96000;48.69000;27.94000;1832.5;275.0;154.0;50.0;15.66;0.926;0.17498;0.04096;0.00;0.000;0.728;0.947;0.000;0.557;48.550;24.89;23.89;23304.0;1099.00;10.89;3.35;1.42;212704.28;44114.20;24859.38;25853.4;8.23;1.71;0.96;25/04/2024 16:10:15;
26/04/2024;20;2.0TD;1;0.000109477451000000;0.176;1.052984027;143.776174;33.081;43.893;66.802174;34.90;4.47239;1.04557;0.75;0.25;57.49125;75.38080;101.96000;48.69000;27.94000;1832.5;275.0;154.0;50.0;13.73;0.926;0.17498;0.04096;0.00;0.000;0.852;0.947;0.000;0.557;56.804;35.00;32.64;22369.3;960.20;8.96;3.35;1.42;180955.64;31230.64;24859.38;26457.9;6.84;1.18;0.94;25/04/2024 16:10:15;
26/04/2024;21;2.0TD;1;0.000122313792000000;0.181;1.082620308;170.665765;33.081;43.893;93.691765;58.53;4.47239;1.04557;0.75;0.25;57.49125;75.38080;101.96000;48.69000;27.94000;1832.5;275.0;154.0;50.0;12.29;0.926;0.17498;0.04096;0.00;0.000;1.190;0.947;0.000;0.557;79.332;58.53;58.52;20769.4;948.60;7.52;3.35;1.42;166347.12;14190.24;24859.38;27319.3;6.09;0.52;0.91;25/04/2024 16:10:15;
26/04/2024;22;2.0TD;1;0.000144875077000000;0.180;1.074891599;212.192053;33.081;43.893;135.218053;95.78;4.47239;1.04557;0.75;0.25;57.49125;75.38080;101.96000;48.69000;27.94000;1832.5;275.0;154.0;50.0;9.77;0.926;0.17498;0.04096;0.00;0.000;1.719;0.947;0.000;0.557;114.591;96.06;91.26;19693.7;1224.00;5.00;3.35;1.42;103102.08;14400.00;24859.38;28423.9;3.63;0.51;0.87;25/04/2024 16:10:15;
26/04/2024;23;2.0TD;2;0.000137248678000000;0.210;1.290940499;150.217250;19.184;8.779;122.254250;81.37;4.47239;1.04557;0.75;0.25;57.49125;75.38080;101.96000;48.69000;27.94000;1832.5;275.0;154.0;50.0;11.60;0.154;0.17498;0.04096;0.00;0.000;1.516;0.947;0.000;0.557;101.036;81.49;79.00;19752.1;1011.80;6.83;3.35;1.42;124410.56;31744.00;24859.38;26532.8;4.69;1.20;0.94;25/04/2024 16:10:15;
26/04/2024;24;2.0TD;2;0.000118429090000000;0.219;1.340696150;115.051493;19.184;8.779;87.088493;52.96;4.47239;1.04557;0.75;0.25;57.49125;75.38080;101.96000;48.69000;27.94000;1832.5;275.0;154.0;50.0;10.86;0.154;0.17498;0.04096;0.00;0.000;1.072;0.947;0.000;0.557;71.442;52.97;52.82;20484.1;945.00;6.09;3.35;1.42;106447.24;17408.00;24859.38;24450.8;4.35;0.71;1.02;25/04/2024 16:10:15;
*
