pvpcdata;
2025;02;11;13;50;35;
01/01/2025;1;2.0TD;3;0.000120550623000000;0.238;1.321106612;182.785261;0.079;2.915;179.791261;134.04;-10.41014;0.83810;0.60;0.40;100.92875;74.90340;72.22000;74.11000;92.25000;2604.1;488.0;285.0;100.0;16.02;0.000;0.16853;0.04096;0.00;0.000;2.178;0.947;0.000;0.557;145.227;134.49;129.89;17174.1;1849.80;11.97;3.17;0.88;167427.76;28000.00;64781.64;21742.8;7.70;1.29;2.98;02/01/2025 17:47:32;
01/01/2025;2;2.0TD;3;0.000106064150000000;0.242;1.347108577;183.189805;0.079;2.915;180.195805;131.08;-10.41014;0.83810;0.60;0.40;100.92875;74.90340;72.22000;74.11000;92.25000;2604.1;488.0;285.0;100.0;18.84;0.000;0.16853;0.04096;0.00;0.000;2.176;0.947;0.000;0.557;145.085;131.59;126.59;16167.0;1849.60;14.79;3.17;0.88;212828.12;28560.00;64781.64;20694.3;10.28;1.38;3.13;02/01/2025 17:47:32;
01/01/2025;3;2.0TD;3;0.000091964173000000;0.256;1.420202289;188.740310;0.079;2.915;185.746310;130.61;-10.41014;0.83810;0.60;0.40;100.92875;74.90340;72.22000;74.11000;92.25000;2604.1;488.0;285.0;100.0;22.07;0.000;0.16853;0.04096;0.00;0.000;2.218;0.947;0.000;0.557;147.887;131.49;123.92;15037.4;1975.90;18.02;3.17;0.88;257936.88;27720.00;64781.64;19450.4;13.26;1.43;3.33;02/01/2025 17:47:32;
01/01/2025;4;2.0TD;3;0.000081882956000000;0.268;1.486423225;187.773540;0.079;2.915;184.779540;130.16;-10.41014;0.83810;0.60;0.40;100.92875;74.90340;72.22000;74.11000;92.25000;2604.1;488.0;285.0;100.0;20.39;0.000;0.16853;0.04096;0.00;0.000;2.186;0.947;0.000;0.557;145.725;131.42;121.42;14087.0;2035.10;16.34;3.17;0.88;274144.64;27102.64;0.00;18436.5;14.87;1.47;0.00;02/01/2025 17:47:32;
01/01/2025;5;2.0TD;3;0.000076297233000000;0.276;1.532004658;180.194914;0.079;2.915;177.200914;119.93;-10.41014;0.83810;0.60;0.40;100.92875;74.90340;72.22000;74.11000;92.25000;2604.1;488.0;285.0;100.0;23.87;0.000;0.16853;0.04096;0.00;0.000;2.083;0.947;0.000;0.557;138.872;120.49;115.49;13375.7;1688.80;19.82;3.17;0.88;311382.84;38120.00;0.00;17632.2;17.66;2.16;0.00;02/01/2025 17:47:32;
01/01/2025;6;2.0TD;3;0.000074247673000000;0.279;1.547998489;172.301867;0.079;2.915;169.307867;111.81;-10.41014;0.83810;0.60;0.40;100.92875;74.90340;72.22000;74.11000;92.25000;2604.1;488.0;285.0;100.0;25.59;0.000;0.16853;0.04096;0.00;0.000;1.986;0.947;0.000;0.557;132.375;112.30;108.09;13244.8;1762.70;21.54;3.17;0.88;332612.60;43011.60;0.00;17438.9;19.07;2.47;0.00;02/01/2025 17:47:32;
01/01/2025;7;2.0TD;3;0.000074866075000000;0.274;1.519627375;171.276901;0.079;2.915;168.282901;111.93;-10.41014;0.83810;0.60;0.40;100.92875;74.90340;72.22000;74.11000;92.25000;2604.1;488.0;285.0;100.0;25.19;0.000;0.16853;0.04096;0.00;0.000;1.981;0.947;0.000;0.557;132.090;112.30;109.30;13239.2;1843.60;21.14;3.17;0.88;332184.48;41880.00;0.00;17695.5;18.77;2.37;0.00;02/01/2025 17:47:32;
01/01/2025;8;2.0TD;3;0.000078006483000000;0.261;1.452603781;167.896470;0.079;2.915;164.902470;111.14;-10.41014;0.83810;0.60;0.40;100.92875;74.90340;72.22000;74.11000;92.25000;2604.1;488.0;285.0;100.0;24.68;0.000;0.16853;0.04096;0.00;0.000;1.962;0.947;0.000;0.557;130.771;111.88;105.12;13786.3;1700.50;20.63;3.17;0.88;336557.84;42080.00;0.00;18356.7;18.33;2.29;0.00;02/01/2025 17:47:32;
01/01/2025;9;2.0TD;3;0.000083374216000000;0.254;1.409569850;165.975364;0.079;2.915;162.981364;111.45;-10.41014;0.83810;0.60;0.40;100.92875;74.90340;72.22000;74.11000;92.25000;2604.1;488.0;285.0;100.0;23.58;0.000;0.16853;0.04096;0.00;0.000;1.950;0.947;0.000;0.557;129.969;112.09;106.27;13774.7;1696.80;19.53;3.17;0.88;317584.52;44220.00;0.00;18523.6;17.14;2.39;0.00;02/01/2025 17:47:32;
01/01/2025;10;2.0TD;3;0.000098767056000000;0.232;1.290738794;423.149353;0.079;2.915;420.155353;94.99;-10.41014;0.83810;0.60;0.40;100.92875;74.90340;72.22000;74.11000;92.25000;2604.1;488.0;285.0;100.0;247.94;0.000;0.16853;0.04096;0.00;0.000;5.116;0.947;0.000;0.557;341.035;94.99;95.00;15756.3;1300.50;243.89;3.17;0.88;205596.04;4484017.44;0.00;19228.3;10.69;233.20;0.00;02/01/2025 17:47:32;
01/01/2025;11;2.0TD;3;0.000115989221000000;0.205;1.136825181;74.950803;0.079;2.915;71.956803;35.00;-10.41014;0.83810;0.60;0.40;100.92875;74.90340;72.22000;74.11000;92.25000;2604.1;488.0;285.0;100.0;30.83;0.000;0.16853;0.04096;0.00;0.000;0.896;0.947;0.000;0.557;59.715;35.00;35.00;19643.0;1462.00;26.78;3.17;0.88;217852.04;351835.44;0.00;21271.1;10.24;16.54;0.00;02/01/2025 17:47:32;
01/01/2025;12;2.0TD;3;0.000124418768000000;0.192;1.068435678;49.752810;0.079;2.915;46.758810;20.56;-10.41014;0.83810;0.60;0.40;100.92875;74.90340;72.22000;74.11000;92.25000;2604.1;488.0;285.0;100.0;25.09;0.000;0.16853;0.04096;0.00;0.000;0.588;0.947;0.000;0.557;39.227;20.59;20.21;22925.9;1829.60;21.04;3.17;0.88;203384.44;267801.36;0.00;22389.6;9.08;11.96;0.00;02/01/2025 17:47:32;
01/01/2025;13;2.0TD;3;0.000127447138000000;0.187;1.040413159;45.809315;0.079;2.915;42.815315;27.97;-10.41014;0.83810;0.60;0.40;100.92875;74.90340;72.22000;74.11000;92.25000;2604.1;488.0;285.0;100.0;14.57;0.000;0.16853;0.04096;0.00;0.000;0.541;0.947;0.000;0.557;36.070;28.11;25.99;23411.7;1690.70;10.52;3.17;0.88;194421.84;46600.00;0.00;22910.3;8.49;2.03;0.00;02/01/2025 17:47:32;
01/01/2025;14;2.0TD;3;0.000134210053000000;0.183;1.018320855;51.574119;0.079;2.915;48.580119;30.00;-10.41014;0.83810;0.60;0.40;100.92875;74.90340;72.22000;74.11000;92.25000;2604.1;488.0;285.0;100.0;17.46;0.000;0.16853;0.04096;0.00;0.000;0.616;0.947;0.000;0.557;41.065;30.00;30.00;24022.2;1587.20;13.41;3.17;0.88;192157.08;120758.00;0.00;23329.2;8.24;5.18;0.00;02/01/2025 17:47:32;
01/01/2025;15;2.0TD;3;0.000136342764000000;0.186;1.033956142;41.727799;0.079;2.915;38.733799;21.69;-10.41014;0.83810;0.60;0.40;100.92875;74.90340;72.22000;74.11000;92.25000;2604.1;488.0;285.0;100.0;17.49;0.000;0.16853;0.04096;0.00;0.000;0.490;0.947;0.000;0.557;32.659;21.50;25.50;24104.4;1191.20;13.44;3.17;0.88;202317.00;104832.00;0.00;22860.7;8.85;4.59;0.00;02/01/2025 17:47:32;
01/01/2025;16;2.0TD;3;0.000122896837000000;0.202;1.123660306;29.119698;0.079;2.915;26.125698;10.73;-10.41014;0.83810;0.60;0.40;100.92875;74.90340;72.22000;74.11000;92.25000;2604.1;488.0;285.0;100.0;17.69;0.000;0.16853;0.04096;0.00;0.000;0.326;0.947;0.000;0.557;21.735;10.68;11.75;23109.9;1235.00;13.64;3.17;0.88;215399.76;84652.04;0.00;21992.6;9.79;3.85;0.00;02/01/2025 17:47:32;
01/01/2025;17;2.0TD;3;0.000117839635000000;0.212;1.179189584;149.060834;0.079;2.915;146.066834;72.18;-10.41014;0.83810;0.60;0.40;100.92875;74.90340;72.22000;74.11000;92.25000;2604.1;488.0;285.0;100.0;53.54;0.000;0.16853;0.04096;0.00;0.000;1.808;0.947;0.000;0.557;120.517;72.00;75.60;20067.7;1046.20;49.49;3.17;0.88;142688.68;899619.64;0.00;21061.9;6.77;42.71;0.00;02/01/2025 17:47:32;
01/01/2025;18;2.0TD;3;0.000121385584000000;0.224;1.244285633;272.856856;0.079;2.915;269.862856;125.91;-10.41014;0.83810;0.60;0.40;100.92875;74.90340;72.22000;74.11000;92.25000;2604.1;488.0;285.0;100.0;98.27;0.000;0.16853;0.04096;0.00;0.000;3.307;0.947;0.000;0.557;220.476;125.49;131.80;16851.0;1193.50;94.22;3.17;0.88;77984.96;1954776.24;0.00;21574.9;3.61;90.60;0.00;02/01/2025 17:47:32;
01/01/2025;19;2.0TD;3;0.000142039286000000;0.228;1.265900197;191.182777;0.079;2.915;188.188777;149.96;-10.41014;0.83810;0.60;0.40;100.92875;74.90340;72.22000;74.11000;92.25000;2604.1;488.0;285.0;100.0;8.00;0.000;0.16853;0.04096;0.00;0.000;2.299;0.947;0.000;0.557;153.248;149.72;152.78;17754.1;1491.90;3.95;3.17;0.88;37454.72;56016.00;0.00;23683.0;1.58;2.37;0.00;02/01/2025 17:47:32;
01/01/2025;20;2.0TD;3;0.000156884912000000;0.232;1.289437740;191.570313;0.079;2.915;188.576313;150.82;-10.41014;0.83810;0.60;0.40;100.92875;74.90340;72.22000;74.11000;92.25000;2604.1;488.0;285.0;100.0;6.96;0.000;0.16853;0.04096;0.00;0.000;2.296;0.947;0.000;0.557;153.065;150.67;152.78;18901.0;1465.30;2.91;3.17;0.88;36821.04;35240.00;0.00;24791.5;1.49;1.42;0.00;02/01/2025 17:47:32;
01/01/2025;21;2.0TD;3;0.000168081747000000;0.233;1.292427594;194.051283;0.079;2.915;191.057283;153.03;-10.41014;0.83810;0.60;0.40;100.92875;74.90340;72.22000;74.11000;92.25000;2604.1;488.0;285.0;100.0;6.61;0.000;0.16853;0.04096;0.00;0.000;2.324;0.947;0.000;0.557;154.953;152.99;153.50;19453.5;1495.20;2.56;3.17;0.88;34661.20;31040.00;0.00;25644.9;1.35;1.21;0.00;02/01/2025 17:47:32;
01/01/2025;22;2.0TD;3;0.000171077649000000;0.232;1.290934649;195.872457;0.079;2.915;192.878457;151.77;-10.41014;0.83810;0.60;0.40;100.92875;74.90340;72.22000;74.11000;92.25000;2604.1;488.0;285.0;100.0;9.45;0.000;0.16853;0.04096;0.00;0.000;2.348;0.947;0.000;0.557;156.557;151.69;152.78;19159.9;1437.90;5.40;3.17;0.88;36534.04;37136.00;64781.64;25634.3;1.43;1.45;2.53;02/01/2025 17:47:32;
01/01/2025;23;2.0TD;3;0.000156374825000000;0.239;1.328491292;193.006036;0.079;2.915;190.012036;147.98;-10.41014;0.83810;0.60;0.40;100.92875;74.90340;72.22000;74.11000;92.25000;2604.1;488.0;285.0;100.0;10.09;0.000;0.16853;0.04096;0.00;0.000;2.300;0.947;0.000;0.557;153.359;147.75;151.20;17978.0;1276.40;6.04;3.17;0.88;39400.08;41888.00;64781.64;24162.9;1.63;1.73;2.68;02/01/2025 17:47:32;
01/01/2025;24;2.0TD;3;0.000132210638000000;0.250;1.387218136;181.254237;0.079;2.915;178.260237;133.35;-10.41014;0.83810;0.60;0.40;100.92875;74.90340;72.22000;74.11000;92.25000;2604.1;488.0;285.0;100.0;14.13;0.000;0.16853;0.04096;0.00;0.000;2.139;0.947;0.000;0.557;142.608;133.06;137.62;16534.3;1142.60;10.08;3.17;0.88;50965.76;103312.00;64781.64;21723.2;2.35;4.76;2.98;02/01/2025 17:47:32;
*
