pvpcdata;
2024;05;13;12;31;35;
29/04/2024;1;2.0TD;3;0.000093856095000000;0.201;1.118357064;103.156424;0.557;2.195;100.404424;63.28;4.27708;1.00683;0.75;0.25;58.27250;75.38080;101.96000;48.69000;27.94000;1903.0;275.0;154.0;50.0;13.04;0.000;0.17498;0.04096;0.00;0.000;1.254;0.947;0.000;0.557;83.600;63.15;66.15;17472.1;816.20;8.27;3.35;1.42;135026.96;15936.00;24859.38;21262.1;6.35;0.75;1.17;28/04/2024 16:14:50;
29/04/2024;2;2.0TD;3;0.000075825865000000;0.210;1.164864196;102.766590;0.557;2.195;100.014590;60.05;4.27708;1.00683;0.75;0.25;58.27250;75.38080;101.96000;48.69000;27.94000;1903.0;275.0;154.0;50.0;15.34;0.000;0.17498;0.04096;0.00;0.000;1.240;0.947;0.000;0.557;82.656;60.05;60.05;15424.7;911.90;10.57;3.35;1.42;193694.32;20800.00;0.00;20285.2;9.55;1.03;0.00;28/04/2024 16:14:50;
29/04/2024;3;2.0TD;3;0.000067066631000000;0.215;1.192491350;103.426519;0.557;2.195;100.674519;59.04;4.27708;1.00683;0.75;0.25;58.27250;75.38080;101.96000;48.69000;27.94000;1903.0;275.0;154.0;50.0;16.55;0.000;0.17498;0.04096;0.00;0.000;1.243;0.947;0.000;0.557;82.859;58.93;60.92;14767.7;857.90;11.78;3.35;1.42;205261.52;23040.00;0.00;19381.7;10.59;1.19;0.00;28/04/2024 16:14:50;
29/04/2024;4;2.0TD;3;0.000062774958000000;0.216;1.201068254;104.854274;0.557;2.195;102.102274;58.87;4.27708;1.00683;0.75;0.25;58.27250;75.38080;101.96000;48.69000;27.94000;1903.0;275.0;154.0;50.0;17.81;0.000;0.17498;0.04096;0.00;0.000;1.259;0.947;0.000;0.557;83.965;58.87;58.87;14360.3;837.70;13.04;3.35;1.42;227951.32;22656.00;0.00;19213.5;11.86;1.18;0.00;28/04/2024 16:14:50;
29/04/2024;5;2.0TD;3;0.000061164167000000;0.214;1.191479470;101.642845;0.557;2.195;98.890845;56.12;4.27708;1.00683;0.75;0.25;58.27250;75.38080;101.96000;48.69000;27.94000;1903.0;275.0;154.0;50.0;18.09;0.000;0.17498;0.04096;0.00;0.000;1.222;0.947;0.000;0.557;81.458;56.00;57.90;13479.7;917.70;13.32;3.35;1.42;234936.92;21248.00;0.00;19233.6;12.21;1.10;0.00;28/04/2024 16:14:50;
29/04/2024;6;2.0TD;3;0.000062872679000000;0.207;1.150747536;103.180056;0.557;2.195;100.428056;58.52;4.27708;1.00683;0.75;0.25;58.27250;75.38080;101.96000;48.69000;27.94000;1903.0;275.0;154.0;50.0;17.41;0.000;0.17498;0.04096;0.00;0.000;1.248;0.947;0.000;0.557;83.204;58.52;58.52;13625.9;867.90;12.64;3.35;1.42;230179.76;21376.00;0.00;19896.0;11.57;1.07;0.00;28/04/2024 16:14:50;
29/04/2024;7;2.0TD;3;0.000070458301000000;0.192;1.067644787;93.109994;0.557;2.195;90.357994;52.54;4.27708;1.00683;0.75;0.25;58.27250;75.38080;101.96000;48.69000;27.94000;1903.0;275.0;154.0;50.0;16.10;0.000;0.17498;0.04096;0.00;0.000;1.137;0.947;0.000;0.557;75.803;52.25;57.48;14543.8;849.10;11.33;3.35;1.42;208285.72;21952.00;24859.38;22515.8;9.25;0.97;1.10;28/04/2024 16:14:50;
29/04/2024;8;2.0TD;3;0.000083397309000000;0.178;0.990975041;142.840568;0.557;2.195;140.088568;102.87;4.27708;1.00683;0.75;0.25;58.27250;75.38080;101.96000;48.69000;27.94000;1903.0;275.0;154.0;50.0;8.24;0.000;0.17498;0.04096;0.00;0.000;1.784;0.947;0.000;0.557;118.920;102.26;112.26;17983.0;1170.90;3.47;3.35;1.42;47649.28;15488.00;24859.38;25343.3;1.88;0.61;0.98;28/04/2024 16:14:50;
29/04/2024;9;2.0TD;2;0.000095422428000000;0.190;1.166372656;162.971696;19.184;8.779;135.008696;96.91;4.27708;1.00683;0.75;0.25;58.27250;75.38080;101.96000;48.69000;27.94000;1903.0;275.0;154.0;50.0;8.66;0.154;0.17498;0.04096;0.00;0.000;1.702;0.947;0.000;0.557;113.452;96.24;107.55;19872.7;1250.20;3.89;3.35;1.42;33476.12;46440.00;24859.38;26931.3;1.24;1.72;0.92;28/04/2024 16:14:50;
29/04/2024;10;2.0TD;2;0.000106028919000000;0.154;0.947066447;117.858084;19.184;8.779;89.895084;60.59;4.27708;1.00683;0.75;0.25;58.27250;75.38080;101.96000;48.69000;27.94000;1903.0;275.0;154.0;50.0;9.96;0.154;0.17498;0.04096;0.00;0.000;1.168;0.947;0.000;0.557;77.898;59.79;76.13;19972.2;1021.50;5.19;3.35;1.42;75649.44;41587.20;24859.38;27412.9;2.76;1.52;0.91;28/04/2024 16:14:50;
29/04/2024;11;2.0TD;1;0.000114195291000000;0.156;0.935515461;153.555169;33.081;43.893;76.581169;46.37;4.27708;1.00683;0.75;0.25;58.27250;75.38080;101.96000;48.69000;27.94000;1903.0;275.0;154.0;50.0;11.93;0.926;0.17498;0.04096;0.00;0.000;0.994;0.947;0.000;0.557;66.246;45.50;64.13;24345.6;1198.80;7.16;3.35;1.42;106736.76;65376.00;24859.38;27510.6;3.88;2.38;0.90;28/04/2024 16:14:50;
29/04/2024;12;2.0TD;1;0.000116887685000000;0.157;0.940437522;143.613366;33.081;43.893;66.639366;37.70;4.27708;1.00683;0.75;0.25;58.27250;75.38080;101.96000;48.69000;27.94000;1903.0;275.0;154.0;50.0;12.08;0.926;0.17498;0.04096;0.00;0.000;0.864;0.947;0.000;0.557;57.596;36.73;56.72;27298.5;1384.90;7.31;3.35;1.42;122975.84;51455.60;24859.38;27276.0;4.51;1.89;0.91;28/04/2024 16:14:50;
29/04/2024;13;2.0TD;1;0.000120263668000000;0.155;0.927751651;142.114482;33.081;43.893;65.140482;36.07;4.27708;1.00683;0.75;0.25;58.27250;75.38080;101.96000;48.69000;27.94000;1903.0;275.0;154.0;50.0;12.53;0.926;0.17498;0.04096;0.00;0.000;0.846;0.947;0.000;0.557;56.398;35.10;54.88;27655.2;1428.70;7.76;3.35;1.42;131635.68;53659.20;24859.38;27086.5;4.86;1.98;0.92;28/04/2024 16:14:50;
29/04/2024;14;2.0TD;1;0.000128013290000000;0.151;0.902088901;141.550494;33.081;43.893;64.576494;35.99;4.27708;1.00683;0.75;0.25;58.27250;75.38080;101.96000;48.69000;27.94000;1903.0;275.0;154.0;50.0;12.32;0.926;0.17498;0.04096;0.00;0.000;0.842;0.947;0.000;0.557;56.104;35.01;54.88;27721.3;1433.80;7.55;3.35;1.42;125946.84;53491.20;24859.38;27071.1;4.65;1.98;0.92;28/04/2024 16:14:50;
29/04/2024;15;2.0TD;2;0.000128104431000000;0.167;1.025753123;92.747472;19.184;8.779;64.784472;35.93;4.27708;1.00683;0.75;0.25;58.27250;75.38080;101.96000;48.69000;27.94000;1903.0;275.0;154.0;50.0;12.57;0.154;0.17498;0.04096;0.00;0.000;0.833;0.947;0.000;0.557;55.513;35.01;54.88;27468.0;1328.40;7.80;3.35;1.42;129768.08;53625.60;24859.38;26694.0;4.86;2.01;0.93;28/04/2024 16:14:50;
29/04/2024;16;2.0TD;2;0.000117320813000000;0.173;1.060877967;93.603712;19.184;8.779;65.640712;35.75;4.27708;1.00683;0.75;0.25;58.27250;75.38080;101.96000;48.69000;27.94000;1903.0;275.0;154.0;50.0;13.19;0.154;0.17498;0.04096;0.00;0.000;0.839;0.947;0.000;0.557;55.959;35.01;54.13;26627.7;1077.60;8.42;3.35;1.42;139145.28;53558.40;24859.38;25820.5;5.39;2.07;0.96;28/04/2024 16:14:50;
29/04/2024;17;2.0TD;2;0.000109263785000000;0.180;1.104166043;93.960030;19.184;8.779;65.997030;35.56;4.27708;1.00683;0.75;0.25;58.27250;75.38080;101.96000;48.69000;27.94000;1903.0;275.0;154.0;50.0;13.35;0.154;0.17498;0.04096;0.00;0.000;0.839;0.947;0.000;0.557;55.929;35.00;50.90;25985.3;955.20;8.58;3.35;1.42;134273.24;58907.16;24859.38;25403.0;5.29;2.32;0.98;28/04/2024 16:14:50;
29/04/2024;18;2.0TD;2;0.000107026243000000;0.185;1.137854787;93.168438;19.184;8.779;65.205438;36.02;4.27708;1.00683;0.75;0.25;58.27250;75.38080;101.96000;48.69000;27.94000;1903.0;275.0;154.0;50.0;12.00;0.154;0.17498;0.04096;0.00;0.000;0.825;0.947;0.000;0.557;55.025;35.20;54.33;25739.9;1158.80;7.23;3.35;1.42;97313.60;62478.00;24859.38;25527.1;3.81;2.45;0.97;28/04/2024 16:14:50;
29/04/2024;19;2.0TD;1;0.000107626459000000;0.164;0.980932477;149.239411;33.081;43.893;72.265411;41.26;4.27708;1.00683;0.75;0.25;58.27250;75.38080;101.96000;48.69000;27.94000;1903.0;275.0;154.0;50.0;12.94;0.926;0.17498;0.04096;0.00;0.000;0.931;0.947;0.000;0.557;62.083;40.74;54.88;24318.6;927.00;8.17;3.35;1.42;98930.48;86256.00;24859.38;25724.8;3.85;3.35;0.97;28/04/2024 16:14:50;
29/04/2024;20;2.0TD;1;0.000113916075000000;0.164;0.984112621;168.750379;33.081;43.893;91.776379;60.70;4.27708;1.00683;0.75;0.25;58.27250;75.38080;101.96000;48.69000;27.94000;1903.0;275.0;154.0;50.0;10.01;0.926;0.17498;0.04096;0.00;0.000;1.183;0.947;0.000;0.557;78.845;60.53;65.00;21035.9;830.90;5.24;3.35;1.42;80937.16;34267.68;24859.38;26755.5;3.03;1.28;0.93;28/04/2024 16:14:50;
29/04/2024;21;2.0TD;1;0.000131920543000000;0.169;1.008991392;199.051134;33.081;43.893;122.077134;87.45;4.27708;1.00683;0.75;0.25;58.27250;75.38080;101.96000;48.69000;27.94000;1903.0;275.0;154.0;50.0;8.46;0.926;0.17498;0.04096;0.00;0.000;1.566;0.947;0.000;0.557;104.428;87.21;91.31;18238.3;1126.20;3.69;3.35;1.42;42468.96;36000.00;24859.38;28073.7;1.51;1.28;0.89;28/04/2024 16:14:50;
29/04/2024;22;2.0TD;1;0.000154484552000000;0.171;1.022509462;210.078860;33.081;43.893;133.104860;97.96;4.27708;1.00683;0.75;0.25;58.27250;75.38080;101.96000;48.69000;27.94000;1903.0;275.0;154.0;50.0;7.05;0.926;0.17498;0.04096;0.00;0.000;1.705;0.947;0.000;0.557;113.667;97.92;98.63;18814.6;1022.90;2.28;3.35;1.42;26677.28;14400.00;24859.38;29015.9;0.92;0.50;0.86;28/04/2024 16:14:50;
29/04/2024;23;2.0TD;2;0.000140316539000000;0.202;1.238377901;147.443827;19.184;8.779;119.480827;83.98;4.27708;1.00683;0.75;0.25;58.27250;75.38080;101.96000;48.69000;27.94000;1903.0;275.0;154.0;50.0;7.75;0.154;0.17498;0.04096;0.00;0.000;1.491;0.947;0.000;0.557;99.401;83.75;88.33;17151.8;913.50;2.98;3.35;1.42;35377.24;19212.00;24859.38;26646.3;1.33;0.72;0.93;28/04/2024 16:14:50;
29/04/2024;24;2.0TD;2;0.000114776530000000;0.213;1.306305953;132.059853;19.184;8.779;104.096853;70.10;4.27708;1.00683;0.75;0.25;58.27250;75.38080;101.96000;48.69000;27.94000;1903.0;275.0;154.0;50.0;8.25;0.154;0.17498;0.04096;0.00;0.000;1.287;0.947;0.000;0.557;85.817;69.77;75.92;16085.6;919.70;3.48;3.35;1.42;43517.16;15720.00;24859.38;24178.2;1.80;0.65;1.03;28/04/2024 16:14:50;
*
