pvpcdata;
2024;09;10;12;19;01;
14/08/2024;1;2.0TD;3;0.000109594446000000;0.172;0.954608323;148.830940;0.557;2.195;146.078940;114.98;0.00038;0.90935;0.75;0.25;89.05250;89.05400;101.96000;73.51000;75.32000;2489.7;275.0;234.0;57.0;6.07;0.000;0.17498;0.04096;0.00;0.000;1.870;0.947;0.000;0.557;124.640;115.02;114.52;17222.4;1367.30;1.94;3.08;1.05;11533.92;12928.00;24859.38;25458.6;0.45;0.51;0.98;13/08/2024 16:18:06;
14/08/2024;2;2.0TD;3;0.000094305112000000;0.171;0.947706207;142.273997;0.557;2.195;139.521997;108.60;0.00038;0.90935;0.75;0.25;89.05250;89.05400;101.96000;73.51000;75.32000;2489.7;275.0;234.0;57.0;7.04;0.000;0.17498;0.04096;0.00;0.000;1.787;0.947;0.000;0.557;119.147;108.64;108.14;15700.1;1240.90;2.91;3.08;1.05;28496.40;16000.00;24859.38;23808.2;1.20;0.67;1.04;13/08/2024 16:18:06;
14/08/2024;3;2.0TD;3;0.000084283567000000;0.170;0.945861695;138.187379;0.557;2.195;135.435379;104.63;0.00038;0.90935;0.75;0.25;89.05250;89.05400;101.96000;73.51000;75.32000;2489.7;275.0;234.0;57.0;7.67;0.000;0.17498;0.04096;0.00;0.000;1.736;0.947;0.000;0.557;115.756;104.63;104.63;15094.4;1032.30;3.54;3.08;1.05;35324.60;19176.00;24859.38;22462.8;1.57;0.85;1.11;13/08/2024 16:18:06;
14/08/2024;4;2.0TD;3;0.000078414533000000;0.170;0.942724868;139.102319;0.557;2.195;136.350319;104.92;0.00038;0.90935;0.75;0.25;89.05250;89.05400;101.96000;73.51000;75.32000;2489.7;275.0;234.0;57.0;8.15;0.000;0.17498;0.04096;0.00;0.000;1.748;0.947;0.000;0.557;116.538;105.25;100.25;14243.3;997.40;4.02;3.08;1.05;69227.24;18664.64;0.00;21879.9;3.16;0.85;0.00;13/08/2024 16:18:06;
14/08/2024;5;2.0TD;3;0.000074988189000000;0.169;0.937388077;128.530244;0.557;2.195;125.778244;93.42;0.00038;0.90935;0.75;0.25;89.05250;89.05400;101.96000;73.51000;75.32000;2489.7;275.0;234.0;57.0;10.84;0.000;0.17498;0.04096;0.00;0.000;1.614;0.947;0.000;0.557;107.594;93.63;89.58;14651.3;807.50;6.71;3.08;1.05;85907.92;59317.76;0.00;21639.9;3.97;2.74;0.00;13/08/2024 16:18:06;
14/08/2024;6;2.0TD;3;0.000073605950000000;0.167;0.927898368;129.014088;0.557;2.195;126.262088;94.20;0.00038;0.90935;0.75;0.25;89.05250;89.05400;101.96000;73.51000;75.32000;2489.7;275.0;234.0;57.0;10.65;0.000;0.17498;0.04096;0.00;0.000;1.623;0.947;0.000;0.557;108.193;94.37;90.92;14769.6;743.10;6.52;3.08;1.05;84502.88;58486.80;0.00;21918.1;3.86;2.67;0.00;13/08/2024 16:18:06;
14/08/2024;7;2.0TD;3;0.000074533710000000;0.164;0.909761100;134.492046;0.557;2.195;131.740046;98.98;0.00038;0.90935;0.75;0.25;89.05250;89.05400;101.96000;73.51000;75.32000;2489.7;275.0;234.0;57.0;10.78;0.000;0.17498;0.04096;0.00;0.000;1.698;0.947;0.000;0.557;113.178;99.45;91.00;15771.7;930.00;6.65;3.08;1.05;78481.00;52797.92;24859.38;23472.8;3.34;2.25;1.06;13/08/2024 16:18:06;
14/08/2024;8;2.0TD;3;0.000075064330000000;0.162;0.900498465;147.170861;0.557;2.195;144.418861;113.06;0.00038;0.90935;0.75;0.25;89.05250;89.05400;101.96000;73.51000;75.32000;2489.7;275.0;234.0;57.0;7.64;0.000;0.17498;0.04096;0.00;0.000;1.864;0.947;0.000;0.557;124.284;113.30;109.30;16353.4;1057.20;3.51;3.08;1.05;44668.96;17024.00;24859.38;24712.7;1.81;0.69;1.01;13/08/2024 16:18:06;
14/08/2024;9;2.0TD;2;0.000081770342000000;0.149;0.912428700;169.371273;19.184;8.779;141.408273;109.58;0.00038;0.90935;0.75;0.25;89.05250;89.05400;101.96000;73.51000;75.32000;2489.7;275.0;234.0;57.0;9.77;0.154;0.17498;0.04096;0.00;0.000;1.846;0.947;0.000;0.557;123.070;109.87;104.87;17665.2;1073.70;5.64;3.08;1.05;46311.96;75393.12;24859.38;25985.6;1.78;2.90;0.96;13/08/2024 16:18:06;
14/08/2024;10;2.0TD;2;0.000092627657000000;0.141;0.863685473;150.466161;19.184;8.779;122.503161;89.85;0.00038;0.90935;0.75;0.25;89.05250;89.05400;101.96000;73.51000;75.32000;2489.7;275.0;234.0;57.0;14.03;0.154;0.17498;0.04096;0.00;0.000;1.610;0.947;0.000;0.557;107.364;90.00;87.00;21334.8;1141.00;9.90;3.08;1.05;134572.56;112988.00;24859.38;27512.0;4.89;4.11;0.90;13/08/2024 16:18:06;
14/08/2024;11;2.0TD;1;0.000100213533000000;0.147;0.882671275;186.185300;33.081;43.893;109.211300;74.74;0.00038;0.90935;0.75;0.25;89.05250;89.05400;101.96000;73.51000;75.32000;2489.7;275.0;234.0;57.0;16.40;0.926;0.17498;0.04096;0.00;0.000;1.428;0.947;0.000;0.557;95.214;75.00;69.10;24715.2;1135.30;12.27;3.08;1.05;210903.80;118513.36;24859.38;28869.9;7.31;4.11;0.86;13/08/2024 16:18:06;
14/08/2024;12;2.0TD;1;0.000103933875000000;0.151;0.903128947;172.731139;33.081;43.893;95.757139;64.73;0.00038;0.90935;0.75;0.25;89.05250;89.05400;101.96000;73.51000;75.32000;2489.7;275.0;234.0;57.0;14.57;0.926;0.17498;0.04096;0.00;0.000;1.248;0.947;0.000;0.557;83.194;64.88;60.88;27739.5;1063.10;10.44;3.08;1.05;229995.12;55330.56;24859.38;29727.9;7.74;1.86;0.84;13/08/2024 16:18:06;
14/08/2024;13;2.0TD;1;0.000109034699000000;0.152;0.912549865;172.135806;33.081;43.893;95.161806;64.38;0.00038;0.90935;0.75;0.25;89.05250;89.05400;101.96000;73.51000;75.32000;2489.7;275.0;234.0;57.0;14.34;0.926;0.17498;0.04096;0.00;0.000;1.239;0.947;0.000;0.557;82.605;64.55;60.15;28571.9;1146.10;10.21;3.08;1.05;231239.84;55493.28;24859.38;30505.0;7.58;1.82;0.81;13/08/2024 16:18:06;
14/08/2024;14;2.0TD;1;0.000118604780000000;0.151;0.905312882;172.334044;33.081;43.893;95.360044;64.99;0.00038;0.90935;0.75;0.25;89.05250;89.05400;101.96000;73.51000;75.32000;2489.7;275.0;234.0;57.0;13.97;0.926;0.17498;0.04096;0.00;0.000;1.243;0.947;0.000;0.557;82.849;64.99;64.89;28898.9;1097.00;9.84;3.08;1.05;229216.00;54250.56;24859.38;31332.0;7.32;1.73;0.79;13/08/2024 16:18:06;
14/08/2024;15;2.0TD;2;0.000123383621000000;0.152;0.933348440;122.139846;19.184;8.779;94.176846;64.76;0.00038;0.90935;0.75;0.25;89.05250;89.05400;101.96000;73.51000;75.32000;2489.7;275.0;234.0;57.0;13.89;0.154;0.17498;0.04096;0.00;0.000;1.226;0.947;0.000;0.557;81.750;64.88;61.64;29028.8;1128.20;9.76;3.08;1.05;229098.60;54369.96;24859.38;31593.7;7.25;1.72;0.79;13/08/2024 16:18:06;
14/08/2024;16;2.0TD;2;0.000119654901000000;0.150;0.922020915;120.190394;19.184;8.779;92.227394;63.16;0.00038;0.90935;0.75;0.25;89.05250;89.05400;101.96000;73.51000;75.32000;2489.7;275.0;234.0;57.0;13.96;0.154;0.17498;0.04096;0.00;0.000;1.203;0.947;0.000;0.557;80.197;63.37;58.37;28972.6;1270.20;9.83;3.08;1.05;227131.08;53665.52;24859.38;31109.9;7.30;1.73;0.80;13/08/2024 16:18:06;
14/08/2024;17;2.0TD;2;0.000117765433000000;0.152;0.930916294;116.877510;19.184;8.779;88.914510;59.78;0.00038;0.90935;0.75;0.25;89.05250;89.05400;101.96000;73.51000;75.32000;2489.7;275.0;234.0;57.0;14.37;0.154;0.17498;0.04096;0.00;0.000;1.158;0.947;0.000;0.557;77.182;60.00;55.00;27338.6;1245.90;10.24;3.08;1.05;227441.84;64518.80;24859.38;30938.4;7.35;2.09;0.80;13/08/2024 16:18:06;
14/08/2024;18;2.0TD;2;0.000119203050000000;0.155;0.952156028;121.540793;19.184;8.779;93.577793;63.69;0.00038;0.90935;0.75;0.25;89.05250;89.05400;101.96000;73.51000;75.32000;2489.7;275.0;234.0;57.0;14.24;0.154;0.17498;0.04096;0.00;0.000;1.215;0.947;0.000;0.557;81.019;63.91;58.91;26443.5;1212.90;10.11;3.08;1.05;220251.84;67521.16;24859.38;30918.6;7.12;2.18;0.80;13/08/2024 16:18:06;
14/08/2024;19;2.0TD;1;0.000120743449000000;0.156;0.931898450;179.684293;33.081;43.893;102.710293;69.61;0.00038;0.90935;0.75;0.25;89.05250;89.05400;101.96000;73.51000;75.32000;2489.7;275.0;234.0;57.0;15.26;0.926;0.17498;0.04096;0.00;0.000;1.333;0.947;0.000;0.557;88.849;69.99;60.99;25221.2;1097.70;11.13;3.08;1.05;199084.04;119200.00;24859.38;30852.7;6.45;3.86;0.81;13/08/2024 16:18:06;
14/08/2024;20;2.0TD;1;0.000120926355000000;0.159;0.951631094;200.776913;33.081;43.893;123.802913;85.27;0.00038;0.90935;0.75;0.25;89.05250;89.05400;101.96000;73.51000;75.32000;2489.7;275.0;234.0;57.0;17.30;0.926;0.17498;0.04096;0.00;0.000;1.602;0.947;0.000;0.557;106.818;85.53;80.53;22976.1;1267.40;13.17;3.08;1.05;257341.80;120571.44;24859.38;30568.3;8.42;3.94;0.81;13/08/2024 16:18:06;
14/08/2024;21;2.0TD;1;0.000123596047000000;0.161;0.964590101;224.965200;33.081;43.893;147.991200;108.37;0.00038;0.90935;0.75;0.25;89.05250;89.05400;101.96000;73.51000;75.32000;2489.7;275.0;234.0;57.0;14.54;0.926;0.17498;0.04096;0.00;0.000;1.912;0.947;0.000;0.557;127.468;109.02;101.02;20178.3;1783.10;10.41;3.08;1.05;229909.96;59612.48;24859.38;30185.4;7.62;1.97;0.82;13/08/2024 16:18:06;
14/08/2024;22;2.0TD;1;0.000139606619000000;0.161;0.964857125;231.589866;33.081;43.893;154.615866;113.58;0.00038;0.90935;0.75;0.25;89.05250;89.05400;101.96000;73.51000;75.32000;2489.7;275.0;234.0;57.0;14.95;0.926;0.17498;0.04096;0.00;0.000;1.998;0.947;0.000;0.557;133.174;114.26;106.26;19632.5;1829.60;10.82;3.08;1.05;289116.28;12800.00;24859.38;30189.0;9.58;0.42;0.82;13/08/2024 16:18:06;
14/08/2024;23;2.0TD;2;0.000139594618000000;0.166;1.018322758;176.316368;19.184;8.779;148.353368;108.04;0.00038;0.90935;0.75;0.25;89.05250;89.05400;101.96000;73.51000;75.32000;2489.7;275.0;234.0;57.0;15.41;0.154;0.17498;0.04096;0.00;0.000;1.908;0.947;0.000;0.557;127.232;108.54;102.12;19159.0;1627.90;11.28;3.08;1.05;290790.88;9984.00;24859.38;28865.8;10.07;0.35;0.86;13/08/2024 16:18:06;
14/08/2024;24;2.0TD;2;0.000124302334000000;0.164;1.004491895;161.102174;19.184;8.779;133.139174;93.66;0.00038;0.90935;0.75;0.25;89.05250;89.05400;101.96000;73.51000;75.32000;2489.7;275.0;234.0;57.0;17.13;0.154;0.17498;0.04096;0.00;0.000;1.716;0.947;0.000;0.557;114.380;94.18;87.18;18415.4;1481.80;13.00;3.08;1.05;304035.08;21184.00;24859.38;26919.6;11.29;0.79;0.92;13/08/2024 16:18:06;
*
