pvpcdata;
2024;03;11;12;38;21;
02/02/2024;1;2.0TD;3;0.000112564534000000;0.226;1.255630220;104.916923;0.557;2.195;102.164923;63.26;7.90978;0.79869;0.75;0.25;65.31750;96.95660;101.96000;97.42000;68.27000;2504.1;275.0;177.0;48.0;11.17;0.000;0.17498;0.03702;0.00;0.000;0.000;1.250;0.565;0.000;0.557;83.331;62.95;69.25;16974.9;880.30;6.14;3.48;1.55;77596.48;50113.28;24859.38;24841.7;3.12;2.02;1.00;01/02/2024 16:16:41;
02/02/2024;2;2.0TD;3;0.000092463074000000;0.236;1.309629186;103.115090;0.557;2.195;100.363090;60.25;7.90978;0.79869;0.75;0.25;65.31750;96.95660;101.96000;97.42000;68.27000;2504.1;275.0;177.0;48.0;12.08;0.000;0.17498;0.03702;0.00;0.000;0.000;1.218;0.565;0.000;0.557;81.199;60.05;63.05;14927.0;1040.10;7.05;3.48;1.55;88835.64;50561.68;24859.38;23317.1;3.81;2.17;1.07;01/02/2024 16:16:41;
02/02/2024;3;2.0TD;3;0.000081379704000000;0.238;1.322105545;103.541184;0.557;2.195;100.789184;58.23;7.90978;0.79869;0.75;0.25;65.31750;96.95660;101.96000;97.42000;68.27000;2504.1;275.0;177.0;48.0;14.31;0.000;0.17498;0.03702;0.00;0.000;0.000;1.221;0.565;0.000;0.557;81.412;58.00;62.19;14400.0;854.10;9.28;3.48;1.55;96853.52;85565.92;24859.38;22324.5;4.34;3.83;1.11;01/02/2024 16:16:41;
02/02/2024;4;2.0TD;3;0.000075752655000000;0.242;1.342372940;100.247648;0.557;2.195;97.495648;55.03;7.90978;0.79869;0.75;0.25;65.31750;96.95660;101.96000;97.42000;68.27000;2504.1;275.0;177.0;48.0;14.64;0.000;0.17498;0.03702;0.00;0.000;0.000;1.177;0.565;0.000;0.557;78.498;54.69;60.99;14052.5;807.40;9.61;3.48;1.55;116413.28;93472.16;0.00;21849.9;5.33;4.28;0.00;01/02/2024 16:16:41;
02/02/2024;5;2.0TD;3;0.000073950410000000;0.241;1.341386672;97.599038;0.557;2.195;94.847038;52.84;7.90978;0.79869;0.75;0.25;65.31750;96.95660;101.96000;97.42000;68.27000;2504.1;275.0;177.0;48.0;14.79;0.000;0.17498;0.03702;0.00;0.000;0.000;1.146;0.565;0.000;0.557;76.427;52.41;60.99;13935.9;742.90;9.76;3.48;1.55;119883.56;92452.00;0.00;21752.7;5.51;4.25;0.00;01/02/2024 16:16:41;
02/02/2024;6;2.0TD;3;0.000076191902000000;0.236;1.313116043;99.814970;0.557;2.195;97.062970;55.33;7.90978;0.79869;0.75;0.25;65.31750;96.95660;101.96000;97.42000;68.27000;2504.1;275.0;177.0;48.0;14.37;0.000;0.17498;0.03702;0.00;0.000;0.000;1.178;0.565;0.000;0.557;78.529;55.00;61.04;13843.0;811.80;9.34;3.48;1.55;116346.44;92654.40;0.00;22379.7;5.20;4.14;0.00;01/02/2024 16:16:41;
02/02/2024;7;2.0TD;3;0.000087671723000000;0.220;1.223062224;103.301852;0.557;2.195;100.549852;61.17;7.90978;0.79869;0.75;0.25;65.31750;96.95660;101.96000;97.42000;68.27000;2504.1;275.0;177.0;48.0;12.36;0.000;0.17498;0.03702;0.00;0.000;0.000;1.236;0.565;0.000;0.557;82.417;61.00;65.14;15447.5;673.20;7.33;3.48;1.55;110759.72;49166.00;24859.38;25217.6;4.39;1.95;0.99;01/02/2024 16:16:41;
02/02/2024;8;2.0TD;3;0.000112868197000000;0.210;1.168792146;121.052383;0.557;2.195;118.300383;80.55;7.90978;0.79869;0.75;0.25;65.31750;96.95660;101.96000;97.42000;68.27000;2504.1;275.0;177.0;48.0;8.10;0.000;0.17498;0.03702;0.00;0.000;0.000;1.467;0.565;0.000;0.557;97.768;80.34;84.59;16919.0;889.80;3.07;3.48;1.55;29078.48;35795.20;24859.38;29211.0;1.00;1.23;0.85;01/02/2024 16:16:41;
02/02/2024;9;2.0TD;2;0.000124631642000000;0.200;1.224294793;157.952894;19.184;8.779;129.989894;90.80;7.90978;0.79869;0.75;0.25;65.31750;96.95660;101.96000;97.42000;68.27000;2504.1;275.0;177.0;48.0;8.07;0.178;0.17498;0.03702;0.00;0.000;0.000;1.625;0.565;0.000;0.557;108.324;90.75;91.75;18921.3;1056.70;3.04;3.48;1.55;22684.32;47940.00;24859.38;31362.7;0.72;1.53;0.79;01/02/2024 16:16:41;
02/02/2024;10;2.0TD;2;0.000128268050000000;0.192;1.176633046;148.941358;19.184;8.779;120.978358;83.97;7.90978;0.79869;0.75;0.25;65.31750;96.95660;101.96000;97.42000;68.27000;2504.1;275.0;177.0;48.0;8.17;0.178;0.17498;0.03702;0.00;0.000;0.000;1.522;0.565;0.000;0.557;101.491;83.98;83.83;19507.9;1051.00;3.14;3.48;1.55;29155.24;45813.04;24859.38;31830.5;0.92;1.44;0.78;01/02/2024 16:16:41;
02/02/2024;11;2.0TD;1;0.000131727029000000;0.188;1.126424600;174.582351;33.081;43.893;97.608351;61.42;7.90978;0.79869;0.75;0.25;65.31750;96.95660;101.96000;97.42000;68.27000;2504.1;275.0;177.0;48.0;10.79;1.068;0.17498;0.03702;0.00;0.000;0.000;1.232;0.565;0.000;0.557;82.161;61.42;61.42;19930.0;945.50;5.76;3.48;1.55;61250.00;95679.36;24859.38;31546.8;1.94;3.03;0.79;01/02/2024 16:16:41;
02/02/2024;12;2.0TD;1;0.000128890384000000;0.190;1.136420722;165.565825;33.081;43.893;88.591825;54.00;7.90978;0.79869;0.75;0.25;65.31750;96.95660;101.96000;97.42000;68.27000;2504.1;275.0;177.0;48.0;10.61;1.068;0.17498;0.03702;0.00;0.000;0.000;1.117;0.565;0.000;0.557;74.446;54.00;54.00;21345.9;967.30;5.58;3.48;1.55;62484.00;86425.60;24859.38;31125.4;2.01;2.78;0.80;01/02/2024 16:16:41;
02/02/2024;13;2.0TD;1;0.000127915784000000;0.185;1.105606006;165.325125;33.081;43.893;88.351125;54.09;7.90978;0.79869;0.75;0.25;65.31750;96.95660;101.96000;97.42000;68.27000;2504.1;275.0;177.0;48.0;10.63;1.068;0.17498;0.03702;0.00;0.000;0.000;1.118;0.565;0.000;0.557;74.557;54.00;56.00;21539.1;977.60;5.60;3.48;1.55;66901.96;79536.32;24859.38;30563.1;2.19;2.60;0.81;01/02/2024 16:16:41;
02/02/2024;14;2.0TD;1;0.000133127616000000;0.182;1.088051148;167.045841;33.081;43.893;90.071841;55.57;7.90978;0.79869;0.75;0.25;65.31750;96.95660;101.96000;97.42000;68.27000;2504.1;275.0;177.0;48.0;10.77;1.068;0.17498;0.03702;0.00;0.000;0.000;1.143;0.565;0.000;0.557;76.202;55.50;57.00;21110.4;993.50;5.74;3.48;1.55;65817.80;82800.48;24859.38;30194.0;2.18;2.74;0.82;01/02/2024 16:16:41;
02/02/2024;15;2.0TD;2;0.000134527217000000;0.180;1.107278641;114.192575;19.184;8.779;86.229575;53.42;7.90978;0.79869;0.75;0.25;65.31750;96.95660;101.96000;97.42000;68.27000;2504.1;275.0;177.0;48.0;10.73;0.178;0.17498;0.03702;0.00;0.000;0.000;1.096;0.565;0.000;0.557;73.075;53.30;56.00;20690.5;945.80;5.70;3.48;1.55;62895.88;81203.20;24859.38;29659.0;2.12;2.74;0.84;01/02/2024 16:16:41;
02/02/2024;16;2.0TD;2;0.000129407294000000;0.185;1.134524727;118.287150;19.184;8.779;90.324150;55.91;7.90978;0.79869;0.75;0.25;65.31750;96.95660;101.96000;97.42000;68.27000;2504.1;275.0;177.0;48.0;11.34;0.178;0.17498;0.03702;0.00;0.000;0.000;1.143;0.565;0.000;0.557;76.222;55.91;55.91;20391.5;932.70;6.31;3.48;1.55;56655.68;101422.68;24859.38;28988.6;1.95;3.50;0.86;01/02/2024 16:16:41;
02/02/2024;17;2.0TD;2;0.000125354430000000;0.187;1.150193202;117.656176;19.184;8.779;89.693176;55.58;7.90978;0.79869;0.75;0.25;65.31750;96.95660;101.96000;97.42000;68.27000;2504.1;275.0;177.0;48.0;11.02;0.178;0.17498;0.03702;0.00;0.000;0.000;1.133;0.565;0.000;0.557;75.562;55.50;57.49;19315.7;828.40;5.99;3.48;1.55;56986.84;89700.00;24859.38;28660.1;1.99;3.13;0.87;01/02/2024 16:16:41;
02/02/2024;18;2.0TD;2;0.000127258526000000;0.190;1.168358986;134.845125;19.184;8.779;106.882125;70.97;7.90978;0.79869;0.75;0.25;65.31750;96.95660;101.96000;97.42000;68.27000;2504.1;275.0;177.0;48.0;9.67;0.178;0.17498;0.03702;0.00;0.000;0.000;1.347;0.565;0.000;0.557;89.816;70.95;71.29;16565.5;784.90;4.64;3.48;1.55;46627.08;61635.44;24859.38;28687.4;1.63;2.15;0.87;01/02/2024 16:16:41;
02/02/2024;19;2.0TD;1;0.000139370976000000;0.196;1.173244537;194.764346;33.081;43.893;117.790346;80.16;7.90978;0.79869;0.75;0.25;65.31750;96.95660;101.96000;97.42000;68.27000;2504.1;275.0;177.0;48.0;8.13;1.068;0.17498;0.03702;0.00;0.000;0.000;1.477;0.565;0.000;0.557;98.486;80.16;80.15;16640.1;950.30;3.10;3.48;1.55;37187.96;31065.12;24859.38;30084.5;1.24;1.03;0.83;01/02/2024 16:16:41;
02/02/2024;20;2.0TD;1;0.000160836458000000;0.200;1.200411176;200.482694;33.081;43.893;123.508694;83.57;7.90978;0.79869;0.75;0.25;65.31750;96.95660;101.96000;97.42000;68.27000;2504.1;275.0;177.0;48.0;9.09;1.068;0.17498;0.03702;0.00;0.000;0.000;1.544;0.565;0.000;0.557;102.923;83.83;79.00;17841.5;1005.40;4.06;3.48;1.55;79786.40;23616.00;24859.38;31638.1;2.52;0.75;0.79;01/02/2024 16:16:41;
02/02/2024;21;2.0TD;1;0.000171767686000000;0.202;1.210981042;200.603199;33.081;43.893;123.629199;83.70;7.90978;0.79869;0.75;0.25;65.31750;96.95660;101.96000;97.42000;68.27000;2504.1;275.0;177.0;48.0;8.89;1.068;0.17498;0.03702;0.00;0.000;0.000;1.543;0.565;0.000;0.557;102.852;83.98;79.22;17773.9;1129.00;3.86;3.48;1.55;77090.52;20544.00;24859.38;31713.4;2.43;0.65;0.78;01/02/2024 16:16:41;
02/02/2024;22;2.0TD;1;0.000175953752000000;0.202;1.207248579;192.829865;33.081;43.893;115.855865;76.54;7.90978;0.79869;0.75;0.25;65.31750;96.95660;101.96000;97.42000;68.27000;2504.1;275.0;177.0;48.0;9.68;1.068;0.17498;0.03702;0.00;0.000;0.000;1.446;0.565;0.000;0.557;96.385;76.46;77.71;16815.0;1137.70;4.65;3.48;1.55;77890.08;39630.40;24859.38;30580.4;2.55;1.30;0.81;01/02/2024 16:16:41;
02/02/2024;23;2.0TD;2;0.000164875131000000;0.207;1.272802892;134.302007;19.184;8.779;106.339007;68.14;7.90978;0.79869;0.75;0.25;65.31750;96.95660;101.96000;97.42000;68.27000;2504.1;275.0;177.0;48.0;10.81;0.178;0.17498;0.03702;0.00;0.000;0.000;1.322;0.565;0.000;0.557;88.101;68.44;63.44;15932.3;1027.90;5.78;3.48;1.55;87872.28;50752.48;24859.38;28316.9;3.10;1.79;0.88;01/02/2024 16:16:41;
02/02/2024;24;2.0TD;2;0.000143744475000000;0.214;1.313859432;118.193442;19.184;8.779;90.230442;55.01;7.90978;0.79869;0.75;0.25;65.31750;96.95660;101.96000;97.42000;68.27000;2504.1;275.0;177.0;48.0;10.37;0.178;0.17498;0.03702;0.00;0.000;0.000;1.115;0.565;0.000;0.557;74.324;55.00;55.11;14834.6;768.20;5.34;3.48;1.55;31759.92;81178.40;24859.38;25789.0;1.23;3.15;0.96;01/02/2024 16:16:41;
*
