pvpcdata;
2024;05;13;12;31;27;
20/04/2024;1;2.0TD;3;0.000102813615000000;0.199;1.106589852;76.558919;0.557;2.195;73.806919;24.19;17.43062;1.07189;0.75;0.25;5.65833;75.38080;101.96000;48.69000;27.94000;1787.5;275.0;154.0;50.0;16.04;0.000;0.17498;0.04096;0.00;0.000;0.923;0.947;0.000;0.557;61.557;24.69;19.70;16751.9;1871.70;11.27;3.35;1.42;233647.92;6707.40;24859.38;23529.9;9.93;0.29;1.06;19/04/2024 16:06:48;
20/04/2024;2;2.0TD;3;0.000086183143000000;0.205;1.137372286;62.358607;0.557;2.195;59.606607;9.39;17.43062;1.07189;0.75;0.25;5.65833;75.38080;101.96000;48.69000;27.94000;1787.5;275.0;154.0;50.0;18.93;0.000;0.17498;0.04096;0.00;0.000;0.742;0.947;0.000;0.557;49.466;10.00;5.00;15787.4;2211.50;14.16;3.35;1.42;275980.16;15203.44;24859.38;22321.3;12.36;0.68;1.11;19/04/2024 16:06:48;
20/04/2024;3;2.0TD;3;0.000075306912000000;0.208;1.153453092;67.498461;0.557;2.195;64.746461;10.80;17.43062;1.07189;0.75;0.25;5.65833;75.38080;101.96000;48.69000;27.94000;1787.5;275.0;154.0;50.0;21.59;0.000;0.17498;0.04096;0.00;0.000;0.804;0.947;0.000;0.557;53.598;11.39;6.40;15744.2;2118.20;16.82;3.35;1.42;317636.08;12776.00;24859.38;21128.0;15.03;0.60;1.18;19/04/2024 16:06:48;
20/04/2024;4;2.0TD;3;0.000069305651000000;0.209;1.163791137;68.252070;0.557;2.195;65.500070;9.53;17.43062;1.07189;0.75;0.25;5.65833;75.38080;101.96000;48.69000;27.94000;1787.5;275.0;154.0;50.0;23.43;0.000;0.17498;0.04096;0.00;0.000;0.813;0.947;0.000;0.557;54.177;10.00;6.00;15771.7;2104.50;18.66;3.35;1.42;362741.40;19765.60;0.00;20493.9;17.70;0.96;0.00;19/04/2024 16:06:48;
20/04/2024;5;2.0TD;3;0.000066692627000000;0.210;1.168915207;68.342547;0.557;2.195;65.590547;9.31;17.43062;1.07189;0.75;0.25;5.65833;75.38080;101.96000;48.69000;27.94000;1787.5;275.0;154.0;50.0;23.68;0.000;0.17498;0.04096;0.00;0.000;0.813;0.947;0.000;0.557;54.207;9.57;7.17;15728.7;1902.00;18.91;3.35;1.42;362246.84;15720.00;0.00;19985.0;18.13;0.79;0.00;19/04/2024 16:06:48;
20/04/2024;6;2.0TD;3;0.000066614680000000;0.210;1.164991858;65.566807;0.557;2.195;62.814807;6.75;17.43062;1.07189;0.75;0.25;5.65833;75.38080;101.96000;48.69000;27.94000;1787.5;275.0;154.0;50.0;23.98;0.000;0.17498;0.04096;0.00;0.000;0.779;0.947;0.000;0.557;51.913;7.00;5.01;15008.8;2159.10;19.21;3.35;1.42;367848.16;14036.00;0.00;19878.8;18.50;0.71;0.00;19/04/2024 16:06:48;
20/04/2024;7;2.0TD;3;0.000068731457000000;0.203;1.128542533;65.336949;0.557;2.195;62.584949;7.43;17.43062;1.07189;0.75;0.25;5.65833;75.38080;101.96000;48.69000;27.94000;1787.5;275.0;154.0;50.0;23.41;0.000;0.17498;0.04096;0.00;0.000;0.780;0.947;0.000;0.557;52.024;7.54;6.54;16152.8;2050.60;18.64;3.35;1.42;366268.40;15312.00;0.00;20474.2;17.89;0.75;0.00;19/04/2024 16:06:48;
20/04/2024;8;2.0TD;3;0.000072472126000000;0.195;1.084833707;62.640696;0.557;2.195;59.888696;8.36;17.43062;1.07189;0.75;0.25;5.65833;75.38080;101.96000;48.69000;27.94000;1787.5;275.0;154.0;50.0;20.60;0.000;0.17498;0.04096;0.00;0.000;0.752;0.947;0.000;0.557;50.116;8.43;7.65;17916.4;1739.60;15.83;3.35;1.42;316908.28;16577.60;0.00;21069.3;15.04;0.79;0.00;19/04/2024 16:06:48;
20/04/2024;9;2.0TD;3;0.000086452495000000;0.180;0.998832443;61.601035;0.557;2.195;58.849035;7.49;17.43062;1.07189;0.75;0.25;5.65833;75.38080;101.96000;48.69000;27.94000;1787.5;275.0;154.0;50.0;21.23;0.000;0.17498;0.04096;0.00;0.000;0.748;0.947;0.000;0.557;49.872;7.42;8.42;19548.0;1516.20;16.46;3.35;1.42;333843.12;27101.60;0.00;21928.4;15.22;1.24;0.00;19/04/2024 16:06:48;
20/04/2024;10;2.0TD;3;0.000109668760000000;0.164;0.908938342;52.353606;0.557;2.195;49.601606;2.10;17.43062;1.07189;0.75;0.25;5.65833;75.38080;101.96000;48.69000;27.94000;1787.5;275.0;154.0;50.0;19.47;0.000;0.17498;0.04096;0.00;0.000;0.639;0.947;0.000;0.557;42.613;2.10;2.10;21078.7;1759.60;14.70;3.35;1.42;274429.76;67137.28;0.00;23231.7;11.81;2.89;0.00;19/04/2024 16:06:48;
20/04/2024;11;2.0TD;3;0.000125709671000000;0.158;0.877277748;47.477508;0.557;2.195;44.725508;0.44;17.43062;1.07189;0.75;0.25;5.65833;75.38080;101.96000;48.69000;27.94000;1787.5;275.0;154.0;50.0;17.20;0.000;0.17498;0.04096;0.00;0.000;0.579;0.947;0.000;0.557;38.623;0.44;0.44;24548.6;2259.50;12.43;3.35;1.42;277180.60;18564.00;0.00;23796.5;11.65;0.78;0.00;19/04/2024 16:06:48;
20/04/2024;12;2.0TD;3;0.000130492118000000;0.158;0.875190009;47.066418;0.557;2.195;44.314418;0.08;17.43062;1.07189;0.75;0.25;5.65833;75.38080;101.96000;48.69000;27.94000;1787.5;275.0;154.0;50.0;17.21;0.000;0.17498;0.04096;0.00;0.000;0.574;0.947;0.000;0.557;38.268;0.05;0.44;25706.7;2270.70;12.44;3.35;1.42;278005.44;15880.00;0.00;23616.8;11.77;0.67;0.00;19/04/2024 16:06:48;
20/04/2024;13;2.0TD;3;0.000132053263000000;0.157;0.869928008;48.284652;0.557;2.195;45.532652;0.03;17.43062;1.07189;0.75;0.25;5.65833;75.38080;101.96000;48.69000;27.94000;1787.5;275.0;154.0;50.0;18.33;0.000;0.17498;0.04096;0.00;0.000;0.590;0.947;0.000;0.557;39.354;0.00;0.44;26389.3;2154.60;13.56;3.35;1.42;278188.72;36702.72;0.00;23224.2;11.98;1.58;0.00;19/04/2024 16:06:48;
20/04/2024;14;2.0TD;3;0.000138752952000000;0.152;0.845698645;48.532553;0.557;2.195;45.780553;0.00;17.43062;1.07189;0.75;0.25;5.65833;75.38080;101.96000;48.69000;27.94000;1787.5;275.0;154.0;50.0;18.74;0.000;0.17498;0.04096;0.00;0.000;0.596;0.947;0.000;0.557;39.740;0.00;0.00;26005.0;2272.00;13.97;3.35;1.42;278370.80;47760.00;0.00;23352.2;11.92;2.05;0.00;19/04/2024 16:06:48;
20/04/2024;15;2.0TD;3;0.000137282948000000;0.152;0.845839282;44.673353;0.557;2.195;41.921353;-0.14;17.43062;1.07189;0.75;0.25;5.65833;75.38080;101.96000;48.69000;27.94000;1787.5;275.0;154.0;50.0;15.58;0.000;0.17498;0.04096;0.00;0.000;0.546;0.947;0.000;0.557;36.390;0.00;-1.29;23628.2;3008.30;10.81;3.35;1.42;231615.68;15890.00;0.00;22894.7;10.12;0.69;0.00;19/04/2024 16:06:48;
20/04/2024;16;2.0TD;3;0.000121223204000000;0.164;0.909717821;45.688542;0.557;2.195;42.936542;-0.16;17.43062;1.07189;0.75;0.25;5.65833;75.38080;101.96000;48.69000;27.94000;1787.5;275.0;154.0;50.0;16.09;0.000;0.17498;0.04096;0.00;0.000;0.553;0.947;0.000;0.557;36.887;-0.04;-1.04;22453.7;3055.60;11.32;3.35;1.42;231401.16;15900.00;0.00;21848.6;10.59;0.73;0.00;19/04/2024 16:06:48;
20/04/2024;17;2.0TD;3;0.000109837095000000;0.170;0.942626892;46.266715;0.557;2.195;43.514715;-0.21;17.43062;1.07189;0.75;0.25;5.65833;75.38080;101.96000;48.69000;27.94000;1787.5;275.0;154.0;50.0;16.44;0.000;0.17498;0.04096;0.00;0.000;0.558;0.947;0.000;0.557;37.192;-0.07;-1.29;21670.1;2810.00;11.67;3.35;1.42;231354.92;15910.00;0.00;21195.2;10.92;0.75;0.00;19/04/2024 16:06:48;
20/04/2024;18;2.0TD;3;0.000104822765000000;0.177;0.980737236;47.542810;0.557;2.195;44.790810;-0.15;17.43062;1.07189;0.75;0.25;5.65833;75.38080;101.96000;48.69000;27.94000;1787.5;275.0;154.0;50.0;17.23;0.000;0.17498;0.04096;0.00;0.000;0.571;0.947;0.000;0.557;38.055;-0.01;-1.29;21595.6;2716.90;12.46;3.35;1.42;231096.84;34843.20;0.00;21339.9;10.83;1.63;0.00;19/04/2024 16:06:48;
20/04/2024;19;2.0TD;3;0.000103373676000000;0.184;1.022253540;50.104972;0.557;2.195;47.352972;0.07;17.43062;1.07189;0.75;0.25;5.65833;75.38080;101.96000;48.69000;27.94000;1787.5;275.0;154.0;50.0;18.92;0.000;0.17498;0.04096;0.00;0.000;0.600;0.947;0.000;0.557;39.994;0.04;0.44;23836.1;2231.40;14.15;3.35;1.42;275923.08;32112.00;0.00;21776.8;12.67;1.47;0.00;19/04/2024 16:06:48;
20/04/2024;20;2.0TD;3;0.000105624813000000;0.190;1.057907511;50.888766;0.557;2.195;48.136766;3.25;17.43062;1.07189;0.75;0.25;5.65833;75.38080;101.96000;48.69000;27.94000;1787.5;275.0;154.0;50.0;16.19;0.000;0.17498;0.04096;0.00;0.000;0.607;0.947;0.000;0.557;40.451;3.25;3.25;21352.8;2057.90;11.42;3.35;1.42;244452.44;18431.52;0.00;23012.8;10.62;0.80;0.00;19/04/2024 16:06:48;
20/04/2024;21;2.0TD;3;0.000118930722000000;0.198;1.100961296;56.478782;0.557;2.195;53.726782;7.88;17.43062;1.07189;0.75;0.25;5.65833;75.38080;101.96000;48.69000;27.94000;1787.5;275.0;154.0;50.0;15.89;0.000;0.17498;0.04096;0.00;0.000;0.673;0.947;0.000;0.557;44.847;7.88;7.90;21496.2;1529.30;11.12;3.35;1.42;262343.68;9581.12;0.00;24450.0;10.73;0.39;0.00;19/04/2024 16:06:48;
20/04/2024;22;2.0TD;3;0.000143999412000000;0.196;1.088232046;58.185480;0.557;2.195;55.433480;10.00;17.43062;1.07189;0.75;0.25;5.65833;75.38080;101.96000;48.69000;27.94000;1787.5;275.0;154.0;50.0;15.25;0.000;0.17498;0.04096;0.00;0.000;0.695;0.947;0.000;0.557;46.349;10.00;10.00;21456.1;1747.40;10.48;3.35;1.42;239485.84;8490.72;24859.38;26031.3;9.20;0.33;0.95;19/04/2024 16:06:48;
20/04/2024;23;2.0TD;3;0.000137500012000000;0.203;1.125756538;57.741207;0.557;2.195;54.989207;8.58;17.43062;1.07189;0.75;0.25;5.65833;75.38080;101.96000;48.69000;27.94000;1787.5;275.0;154.0;50.0;16.04;0.000;0.17498;0.04096;0.00;0.000;0.686;0.947;0.000;0.557;45.710;8.58;8.58;20618.9;1667.70;11.27;3.35;1.42;243178.00;9187.20;24859.38;24608.7;9.88;0.37;1.01;19/04/2024 16:06:48;
20/04/2024;24;2.0TD;3;0.000120646326000000;0.207;1.152602374;56.563758;0.557;2.195;53.811758;7.54;17.43062;1.07189;0.75;0.25;5.65833;75.38080;101.96000;48.69000;27.94000;1787.5;275.0;154.0;50.0;15.97;0.000;0.17498;0.04096;0.00;0.000;0.669;0.947;0.000;0.557;44.583;7.54;7.54;19368.0;1613.50;11.20;3.35;1.42;218325.08;10256.40;24859.38;22638.8;9.64;0.45;1.10;19/04/2024 16:06:48;
*
