pvpcdata;
2024;09;10;12;19;11;
25/08/2024;1;2.0TD;3;0.000112850280000000;0.188;1.044730375;122.339506;0.557;2.195;119.587506;70.42;14.46329;0.94463;0.75;0.25;31.20083;89.05400;101.96000;73.51000;75.32000;2396.7;275.0;234.0;57.0;13.35;0.000;0.17498;0.04096;0.00;0.000;1.510;0.947;0.000;0.557;100.662;70.00;80.00;20756.1;907.20;9.22;3.08;1.05;146107.48;58094.40;24859.38;24851.8;5.88;2.34;1.00;24/08/2024 16:11:14;
25/08/2024;2;2.0TD;3;0.000100689171000000;0.187;1.037478734;108.055380;0.557;2.195;105.303380;56.66;14.46329;0.94463;0.75;0.25;31.20083;89.05400;101.96000;73.51000;75.32000;2396.7;275.0;234.0;57.0;15.34;0.000;0.17498;0.04096;0.00;0.000;1.331;0.947;0.000;0.557;88.713;56.44;61.34;20307.1;945.10;11.21;3.08;1.05;194385.08;68669.52;0.00;23462.5;8.28;2.93;0.00;24/08/2024 16:11:14;
25/08/2024;3;2.0TD;3;0.000090540256000000;0.185;1.030043085;101.622338;0.557;2.195;98.870338;50.10;14.46329;0.94463;0.75;0.25;31.20083;89.05400;101.96000;73.51000;75.32000;2396.7;275.0;234.0;57.0;16.70;0.000;0.17498;0.04096;0.00;0.000;1.252;0.947;0.000;0.557;83.434;50.00;52.01;19758.8;1030.90;12.57;3.08;1.05;220685.24;60481.68;0.00;22371.1;9.86;2.70;0.00;24/08/2024 16:11:14;
25/08/2024;4;2.0TD;3;0.000083805112000000;0.184;1.023623871;91.585015;0.557;2.195;88.833015;42.22;14.46329;0.94463;0.75;0.25;31.20083;89.05400;101.96000;73.51000;75.32000;2396.7;275.0;234.0;57.0;16.30;0.000;0.17498;0.04096;0.00;0.000;1.125;0.947;0.000;0.557;75.027;42.02;46.01;19574.6;1039.60;12.17;3.08;1.05;198976.80;65395.00;0.00;21723.4;9.16;3.01;0.00;24/08/2024 16:11:14;
25/08/2024;5;2.0TD;3;0.000079700392000000;0.182;1.010745196;55.735013;0.557;2.195;52.983013;8.18;14.46329;0.94463;0.75;0.25;31.20083;89.05400;101.96000;73.51000;75.32000;2396.7;275.0;234.0;57.0;20.59;0.000;0.17498;0.04096;0.00;0.000;0.672;0.947;0.000;0.557;44.824;8.00;11.00;19331.3;1218.60;16.46;3.08;1.05;260808.68;92162.00;0.00;21438.8;12.17;4.30;0.00;24/08/2024 16:11:14;
25/08/2024;6;2.0TD;3;0.000077245912000000;0.180;1.002486614;53.717243;0.557;2.195;50.965243;7.20;14.46329;0.94463;0.75;0.25;31.20083;89.05400;101.96000;73.51000;75.32000;2396.7;275.0;234.0;57.0;19.96;0.000;0.17498;0.04096;0.00;0.000;0.648;0.947;0.000;0.557;43.190;6.99;10.49;19125.0;1215.70;15.83;3.08;1.05;240560.96;93183.84;0.00;21077.0;11.41;4.42;0.00;24/08/2024 16:11:14;
25/08/2024;7;2.0TD;3;0.000076144651000000;0.179;0.996801952;61.178387;0.557;2.195;58.426387;14.33;14.46329;0.94463;0.75;0.25;31.20083;89.05400;101.96000;73.51000;75.32000;2396.7;275.0;234.0;57.0;19.10;0.000;0.17498;0.04096;0.00;0.000;0.743;0.947;0.000;0.557;49.555;14.00;20.01;19272.0;1108.50;14.97;3.08;1.05;231947.28;87326.40;0.00;21328.5;10.87;4.09;0.00;24/08/2024 16:11:14;
25/08/2024;8;2.0TD;3;0.000071991419000000;0.177;0.981088242;61.043966;0.557;2.195;58.291966;14.11;14.46329;0.94463;0.75;0.25;31.20083;89.05400;101.96000;73.51000;75.32000;2396.7;275.0;234.0;57.0;19.29;0.000;0.17498;0.04096;0.00;0.000;0.743;0.947;0.000;0.557;49.525;14.00;16.01;19107.1;1081.60;15.16;3.08;1.05;233554.08;87381.60;0.00;21170.7;11.03;4.13;0.00;24/08/2024 16:11:14;
25/08/2024;9;2.0TD;3;0.000074249922000000;0.169;0.938193090;50.238982;0.557;2.195;47.486982;3.32;14.46329;0.94463;0.75;0.25;31.20083;89.05400;101.96000;73.51000;75.32000;2396.7;275.0;234.0;57.0;21.31;0.000;0.17498;0.04096;0.00;0.000;0.609;0.947;0.000;0.557;40.621;3.32;3.32;20981.3;1499.80;17.18;3.08;1.05;181856.76;189120.00;0.00;21598.8;8.42;8.76;0.00;24/08/2024 16:11:14;
25/08/2024;10;2.0TD;3;0.000084511504000000;0.159;0.882008214;34.853848;0.557;2.195;32.101848;0.00;14.46329;0.94463;0.75;0.25;31.20083;89.05400;101.96000;73.51000;75.32000;2396.7;275.0;234.0;57.0;11.90;0.000;0.17498;0.04096;0.00;0.000;0.415;0.947;0.000;0.557;27.697;0.00;0.00;22132.9;1250.60;7.77;3.08;1.05;151523.24;22641.52;0.00;22409.4;6.76;1.01;0.00;24/08/2024 16:11:14;
25/08/2024;11;2.0TD;3;0.000094396737000000;0.154;0.857305611;31.892674;0.557;2.195;29.140674;-0.72;14.46329;0.94463;0.75;0.25;31.20083;89.05400;101.96000;73.51000;75.32000;2396.7;275.0;234.0;57.0;10.21;0.000;0.17498;0.04096;0.00;0.000;0.379;0.947;0.000;0.557;25.251;-0.72;-0.72;22696.5;1032.30;6.08;3.08;1.05;133623.40;8553.60;0.00;23378.2;5.72;0.37;0.00;24/08/2024 16:11:14;
25/08/2024;12;2.0TD;3;0.000100895124000000;0.152;0.842208943;31.081850;0.557;2.195;28.329850;-0.94;14.46329;0.94463;0.75;0.25;31.20083;89.05400;101.96000;73.51000;75.32000;2396.7;275.0;234.0;57.0;9.78;0.000;0.17498;0.04096;0.00;0.000;0.369;0.947;0.000;0.557;24.591;-0.95;-0.94;23891.1;1057.10;5.65;3.08;1.05;133969.72;1708.56;0.00;24008.0;5.58;0.07;0.00;24/08/2024 16:11:14;
25/08/2024;13;2.0TD;3;0.000106079587000000;0.152;0.846335034;31.198202;0.557;2.195;28.446202;-0.66;14.46329;0.94463;0.75;0.25;31.20083;89.05400;101.96000;73.51000;75.32000;2396.7;275.0;234.0;57.0;9.60;0.000;0.17498;0.04096;0.00;0.000;0.370;0.947;0.000;0.557;24.692;-0.66;-0.66;24997.6;1163.30;5.47;3.08;1.05;133767.48;2624.16;0.00;24923.2;5.37;0.11;0.00;24/08/2024 16:11:14;
25/08/2024;14;2.0TD;3;0.000114884662000000;0.150;0.834906421;31.604217;0.557;2.195;28.852217;-0.01;14.46329;0.94463;0.75;0.25;31.20083;89.05400;101.96000;73.51000;75.32000;2396.7;275.0;234.0;57.0;9.34;0.000;0.17498;0.04096;0.00;0.000;0.376;0.947;0.000;0.557;25.088;-0.01;0.00;26460.1;1216.60;5.21;3.08;1.05;133298.08;2051.84;0.00;25976.5;5.13;0.08;0.00;24/08/2024 16:11:14;
25/08/2024;15;2.0TD;3;0.000120688299000000;0.148;0.823597259;31.379543;0.557;2.195;28.627543;-0.04;14.46329;0.94463;0.75;0.25;31.20083;89.05400;101.96000;73.51000;75.32000;2396.7;275.0;234.0;57.0;9.22;0.000;0.17498;0.04096;0.00;0.000;0.374;0.947;0.000;0.557;24.936;0.00;-0.94;27033.7;1358.70;5.09;3.08;1.05;132346.40;3116.40;0.00;26639.0;4.97;0.12;0.00;24/08/2024 16:11:14;
25/08/2024;16;2.0TD;3;0.000116913320000000;0.150;0.832881744;31.488067;0.557;2.195;28.736067;-0.04;14.46329;0.94463;0.75;0.25;31.20083;89.05400;101.96000;73.51000;75.32000;2396.7;275.0;234.0;57.0;9.27;0.000;0.17498;0.04096;0.00;0.000;0.375;0.947;0.000;0.557;24.987;0.00;-1.00;26765.8;1321.20;5.14;3.08;1.05;132310.12;3156.00;0.00;26343.3;5.02;0.12;0.00;24/08/2024 16:11:14;
25/08/2024;17;2.0TD;3;0.000114156881000000;0.151;0.838152225;31.606286;0.557;2.195;28.854286;-0.04;14.46329;0.94463;0.75;0.25;31.20083;89.05400;101.96000;73.51000;75.32000;2396.7;275.0;234.0;57.0;9.35;0.000;0.17498;0.04096;0.00;0.000;0.376;0.947;0.000;0.557;25.068;0.00;-1.00;26286.3;1223.40;5.22;3.08;1.05;132334.96;3651.20;0.00;26038.0;5.08;0.14;0.00;24/08/2024 16:11:14;
25/08/2024;18;2.0TD;3;0.000114533118000000;0.154;0.857415625;32.208870;0.557;2.195;29.456870;0.44;14.46329;0.94463;0.75;0.25;31.20083;89.05400;101.96000;73.51000;75.32000;2396.7;275.0;234.0;57.0;9.32;0.000;0.17498;0.04096;0.00;0.000;0.383;0.947;0.000;0.557;25.525;0.44;0.44;25708.5;1315.30;5.19;3.08;1.05;132105.88;3951.36;0.00;26212.9;5.04;0.15;0.00;24/08/2024 16:11:14;
25/08/2024;19;2.0TD;3;0.000116756470000000;0.164;0.910500573;50.744749;0.557;2.195;47.992749;15.17;14.46329;0.94463;0.75;0.25;31.20083;89.05400;101.96000;73.51000;75.32000;2396.7;275.0;234.0;57.0;10.06;0.000;0.17498;0.04096;0.00;0.000;0.618;0.947;0.000;0.557;41.230;14.20;34.70;24374.4;1208.60;5.93;3.08;1.05;122607.48;35917.60;0.00;26742.0;4.58;1.34;0.00;24/08/2024 16:11:14;
25/08/2024;20;2.0TD;3;0.000118917941000000;0.173;0.961605789;123.210753;0.557;2.195;120.458753;72.01;14.46329;0.94463;0.75;0.25;31.20083;89.05400;101.96000;73.51000;75.32000;2396.7;275.0;234.0;57.0;13.76;0.000;0.17498;0.04096;0.00;0.000;1.540;0.947;0.000;0.557;102.692;71.41;85.01;22395.8;1036.70;9.63;3.08;1.05;82356.96;177071.44;0.00;26943.6;3.06;6.57;0.00;24/08/2024 16:11:14;
25/08/2024;21;2.0TD;3;0.000123712199000000;0.179;0.994951397;153.690980;0.557;2.195;150.938980;94.02;14.46329;0.94463;0.75;0.25;31.20083;89.05400;101.96000;73.51000;75.32000;2396.7;275.0;234.0;57.0;16.70;0.000;0.17498;0.04096;0.00;0.000;1.920;0.947;0.000;0.557;128.022;94.02;94.01;19621.5;1092.80;12.57;3.08;1.05;200911.08;142774.88;0.00;27336.7;7.35;5.22;0.00;24/08/2024 16:11:14;
25/08/2024;22;2.0TD;3;0.000142765185000000;0.182;1.012618554;167.863079;0.557;2.195;165.111079;109.23;14.46329;0.94463;0.75;0.25;31.20083;89.05400;101.96000;73.51000;75.32000;2396.7;275.0;234.0;57.0;12.98;0.000;0.17498;0.04096;0.00;0.000;2.095;0.947;0.000;0.557;139.687;109.91;101.92;20018.5;1850.10;8.85;3.08;1.05;173739.68;56945.28;24859.38;28878.3;6.02;1.97;0.86;24/08/2024 16:11:14;
25/08/2024;23;2.0TD;3;0.000142626987000000;0.182;1.013141811;160.555955;0.557;2.195;157.803955;102.57;14.46329;0.94463;0.75;0.25;31.20083;89.05400;101.96000;73.51000;75.32000;2396.7;275.0;234.0;57.0;13.55;0.000;0.17498;0.04096;0.00;0.000;2.003;0.947;0.000;0.557;133.505;102.88;99.00;19838.5;1750.70;9.42;3.08;1.05;179978.00;61286.40;24859.38;28252.4;6.37;2.17;0.88;24/08/2024 16:11:14;
25/08/2024;24;2.0TD;3;0.000128618708000000;0.183;1.016321865;151.993228;0.557;2.195;149.241228;93.52;14.46329;0.94463;0.75;0.25;31.20083;89.05400;101.96000;73.51000;75.32000;2396.7;275.0;234.0;57.0;15.36;0.000;0.17498;0.04096;0.00;0.000;1.892;0.947;0.000;0.557;126.154;93.53;93.44;19196.8;1170.30;11.23;3.08;1.05;190593.04;80975.20;24859.38;26381.2;7.22;3.07;0.94;24/08/2024 16:11:14;
*
