pvpcdata;
2024;06;11;12;31;13;
24/05/2024;1;2.0TD;3;0.000084823119000000;0.187;1.036536155;122.669843;0.557;2.195;119.917843;85.00;0.93824;1.14106;0.75;0.25;71.66583;75.41880;101.96000;48.69000;28.32000;1717.7;275.0;154.0;61.0;11.72;0.000;0.17498;0.04096;0.00;0.000;1.515;0.947;0.000;0.557;101.026;85.00;85.00;15118.4;1082.60;7.31;3.16;1.25;132229.52;14464.00;24859.38;23466.4;5.63;0.62;1.06;23/05/2024 16:06:25;
24/05/2024;2;2.0TD;3;0.000071525411000000;0.190;1.057929320;116.304161;0.557;2.195;113.552161;78.34;0.93824;1.14106;0.75;0.25;71.66583;75.41880;101.96000;48.69000;28.32000;1717.7;275.0;154.0;61.0;12.86;0.000;0.17498;0.04096;0.00;0.000;1.431;0.947;0.000;0.557;95.422;78.34;78.34;14755.4;911.70;8.45;3.16;1.25;144129.04;19840.00;24859.38;22340.6;6.45;0.89;1.11;23/05/2024 16:06:25;
24/05/2024;3;2.0TD;3;0.000063590376000000;0.190;1.058185379;116.352951;0.557;2.195;113.600951;77.51;0.93824;1.14106;0.75;0.25;71.66583;75.41880;101.96000;48.69000;28.32000;1717.7;275.0;154.0;61.0;13.73;0.000;0.17498;0.04096;0.00;0.000;1.432;0.947;0.000;0.557;95.463;77.51;77.50;15697.2;806.50;9.32;3.16;1.25;151727.48;24640.00;24859.38;21591.4;7.03;1.14;1.15;23/05/2024 16:06:25;
24/05/2024;4;2.0TD;3;0.000060089722000000;0.189;1.051883117;110.499161;0.557;2.195;107.747161;71.93;0.93824;1.14106;0.75;0.25;71.66583;75.41880;101.96000;48.69000;28.32000;1717.7;275.0;154.0;61.0;14.54;0.000;0.17498;0.04096;0.00;0.000;1.359;0.947;0.000;0.557;90.620;72.00;70.75;14406.7;905.80;10.13;3.16;1.25;181359.44;33088.00;0.00;21161.9;8.57;1.56;0.00;23/05/2024 16:06:25;
24/05/2024;5;2.0TD;3;0.000058763962000000;0.188;1.046132265;109.467645;0.557;2.195;106.715645;70.94;0.93824;1.14106;0.75;0.25;71.66583;75.41880;101.96000;48.69000;28.32000;1717.7;275.0;154.0;61.0;14.75;0.000;0.17498;0.04096;0.00;0.000;1.347;0.947;0.000;0.557;89.828;71.00;69.99;14589.3;961.30;10.34;3.16;1.25;183344.52;33600.00;0.00;20989.6;8.74;1.60;0.00;23/05/2024 16:06:25;
24/05/2024;6;2.0TD;3;0.000060116787000000;0.185;1.028307749;119.135571;0.557;2.195;116.383571;81.02;0.93824;1.14106;0.75;0.25;71.66583;75.41880;101.96000;48.69000;28.32000;1717.7;275.0;154.0;61.0;12.93;0.000;0.17498;0.04096;0.00;0.000;1.473;0.947;0.000;0.557;98.214;81.09;80.09;14008.0;1061.30;8.52;3.16;1.25;163270.12;19200.00;0.00;21426.3;7.62;0.90;0.00;23/05/2024 16:06:25;
24/05/2024;7;2.0TD;3;0.000065758319000000;0.176;0.977999296;120.233205;0.557;2.195;117.481205;83.25;0.93824;1.14106;0.75;0.25;71.66583;75.41880;101.96000;48.69000;28.32000;1717.7;275.0;154.0;61.0;12.36;0.000;0.17498;0.04096;0.00;0.000;1.498;0.947;0.000;0.557;99.899;83.34;82.09;15083.1;1164.30;7.95;3.16;1.25;148141.32;12800.00;24859.38;23368.1;6.34;0.55;1.06;23/05/2024 16:06:25;
24/05/2024;8;2.0TD;3;0.000078281034000000;0.169;0.938874091;125.432686;0.557;2.195;122.680686;89.66;0.93824;1.14106;0.75;0.25;71.66583;75.41880;101.96000;48.69000;28.32000;1717.7;275.0;154.0;61.0;10.92;0.000;0.17498;0.04096;0.00;0.000;1.574;0.947;0.000;0.557;104.945;89.72;88.72;16089.3;1077.20;6.51;3.16;1.25;85953.24;54720.00;24859.38;25431.6;3.38;2.15;0.98;23/05/2024 16:06:25;
24/05/2024;9;2.0TD;2;0.000091221123000000;0.181;1.110017999;147.399873;19.184;8.779;119.436873;86.52;0.93824;1.14106;0.75;0.25;71.66583;75.41880;101.96000;48.69000;28.32000;1717.7;275.0;154.0;61.0;10.15;0.154;0.17498;0.04096;0.00;0.000;1.517;0.947;0.000;0.557;101.132;86.84;81.94;16830.6;1175.30;5.74;3.16;1.25;66786.88;63936.00;24859.38;27118.5;2.46;2.36;0.92;23/05/2024 16:06:25;
24/05/2024;10;2.0TD;2;0.000097276681000000;0.148;0.910487295;134.132317;19.184;8.779;106.169317;74.73;0.93824;1.14106;0.75;0.25;71.66583;75.41880;101.96000;48.69000;28.32000;1717.7;275.0;154.0;61.0;13.42;0.154;0.17498;0.04096;0.00;0.000;1.387;0.947;0.000;0.557;92.482;74.90;71.00;23727.8;1059.80;9.01;3.16;1.25;78733.72;147870.00;24859.38;27908.5;2.82;5.30;0.89;23/05/2024 16:06:25;
24/05/2024;11;2.0TD;1;0.000101988158000000;0.150;0.896776570;165.339981;33.081;43.893;88.365981;61.16;0.93824;1.14106;0.75;0.25;71.66583;75.41880;101.96000;48.69000;28.32000;1717.7;275.0;154.0;61.0;10.81;0.926;0.17498;0.04096;0.00;0.000;1.153;0.947;0.000;0.557;76.840;61.22;59.72;25134.9;1011.70;6.40;3.16;1.25;91379.08;62867.20;24859.38;27973.8;3.27;2.25;0.89;23/05/2024 16:06:25;
24/05/2024;12;2.0TD;1;0.000103707065000000;0.153;0.915283145;150.703719;33.081;43.893;73.729719;48.26;0.93824;1.14106;0.75;0.25;71.66583;75.41880;101.96000;48.69000;28.32000;1717.7;275.0;154.0;61.0;11.01;0.926;0.17498;0.04096;0.00;0.000;0.959;0.947;0.000;0.557;63.946;48.10;52.77;26042.7;939.40;6.60;3.16;1.25;103391.64;55394.60;24859.38;27811.8;3.72;1.99;0.89;23/05/2024 16:06:25;
24/05/2024;13;2.0TD;1;0.000107490509000000;0.154;0.921116239;152.185931;33.081;43.893;75.211931;48.47;0.93824;1.14106;0.75;0.25;71.66583;75.41880;101.96000;48.69000;28.32000;1717.7;275.0;154.0;61.0;12.01;0.926;0.17498;0.04096;0.00;0.000;0.978;0.947;0.000;0.557;65.175;48.30;52.97;25619.2;983.20;7.60;3.16;1.25;131974.28;55360.00;24859.38;27929.0;4.73;1.98;0.89;23/05/2024 16:06:25;
24/05/2024;14;2.0TD;1;0.000114176172000000;0.148;0.888057958;143.310013;33.081;43.893;66.336013;40.98;0.93824;1.14106;0.75;0.25;71.66583;75.41880;101.96000;48.69000;28.32000;1717.7;275.0;154.0;61.0;12.22;0.926;0.17498;0.04096;0.00;0.000;0.867;0.947;0.000;0.557;57.784;40.80;45.80;26426.2;965.60;7.81;3.16;1.25;147752.72;45541.08;24859.38;27917.4;5.29;1.63;0.89;23/05/2024 16:06:25;
24/05/2024;15;2.0TD;2;0.000114089717000000;0.168;1.031831309;90.341189;19.184;8.779;62.378189;36.93;0.93824;1.14106;0.75;0.25;71.66583;75.41880;101.96000;48.69000;28.32000;1717.7;275.0;154.0;61.0;12.73;0.154;0.17498;0.04096;0.00;0.000;0.801;0.947;0.000;0.557;53.406;36.76;41.76;26297.7;935.00;8.32;3.16;1.25;152857.84;51358.32;24859.38;27527.9;5.55;1.87;0.90;23/05/2024 16:06:25;
24/05/2024;16;2.0TD;2;0.000105056440000000;0.176;1.080719340;88.691621;19.184;8.779;60.728621;35.27;0.93824;1.14106;0.75;0.25;71.66583;75.41880;101.96000;48.69000;28.32000;1717.7;275.0;154.0;61.0;12.65;0.154;0.17498;0.04096;0.00;0.000;0.775;0.947;0.000;0.557;51.640;35.01;42.19;25391.8;940.90;8.24;3.16;1.25;155670.60;38006.40;24859.38;26530.6;5.87;1.43;0.94;23/05/2024 16:06:25;
24/05/2024;17;2.0TD;2;0.000098894495000000;0.180;1.101996053;94.588141;19.184;8.779;66.625141;38.75;0.93824;1.14106;0.75;0.25;71.66583;75.41880;101.96000;48.69000;28.32000;1717.7;275.0;154.0;61.0;13.92;0.154;0.17498;0.04096;0.00;0.000;0.847;0.947;0.000;0.557;56.462;38.50;45.50;25276.4;922.90;9.51;3.16;1.25;168602.56;52639.08;24859.38;25880.9;6.51;2.03;0.96;23/05/2024 16:06:25;
24/05/2024;18;2.0TD;2;0.000098341516000000;0.185;1.133876759;97.805696;19.184;8.779;69.842696;41.27;0.93824;1.14106;0.75;0.25;71.66583;75.41880;101.96000;48.69000;28.32000;1717.7;275.0;154.0;61.0;13.84;0.154;0.17498;0.04096;0.00;0.000;0.884;0.947;0.000;0.557;58.939;41.10;46.00;24285.2;877.10;9.43;3.16;1.25;165142.12;57292.40;24859.38;26224.2;6.30;2.18;0.95;23/05/2024 16:06:25;
24/05/2024;19;2.0TD;1;0.000098594106000000;0.160;0.959955599;179.391541;33.081;43.893;102.417541;67.93;0.93824;1.14106;0.75;0.25;71.66583;75.41880;101.96000;48.69000;28.32000;1717.7;275.0;154.0;61.0;15.32;0.926;0.17498;0.04096;0.00;0.000;1.324;0.947;0.000;0.557;88.291;68.00;66.01;22763.9;877.10;10.91;3.16;1.25;131127.68;129984.00;24859.38;26203.3;5.00;4.96;0.95;23/05/2024 16:06:25;
24/05/2024;20;2.0TD;1;0.000099701082000000;0.163;0.975425116;196.293129;33.081;43.893;119.319129;81.56;0.93824;1.14106;0.75;0.25;71.66583;75.41880;101.96000;48.69000;28.32000;1717.7;275.0;154.0;61.0;15.78;0.926;0.17498;0.04096;0.00;0.000;1.539;0.947;0.000;0.557;102.596;81.56;81.56;18134.4;957.30;11.37;3.16;1.25;114874.52;158961.60;24859.38;26289.1;4.37;6.05;0.95;23/05/2024 16:06:25;
24/05/2024;21;2.0TD;1;0.000105536377000000;0.165;0.989199529;205.322031;33.081;43.893;128.348031;92.76;0.93824;1.14106;0.75;0.25;71.66583;75.41880;101.96000;48.69000;28.32000;1717.7;275.0;154.0;61.0;12.04;0.926;0.17498;0.04096;0.00;0.000;1.653;0.947;0.000;0.557;110.170;92.76;92.76;17015.4;1106.30;7.63;3.16;1.25;59784.44;120813.64;24859.38;26897.6;2.22;4.49;0.92;23/05/2024 16:06:25;
24/05/2024;22;2.0TD;1;0.000120931984000000;0.169;1.013697407;228.904235;33.081;43.893;151.930235;117.19;0.93824;1.14106;0.75;0.25;71.66583;75.41880;101.96000;48.69000;28.32000;1717.7;275.0;154.0;61.0;7.11;0.926;0.17498;0.04096;0.00;0.000;1.949;0.947;0.000;0.557;129.966;117.19;117.19;17503.4;1143.40;2.70;3.16;1.25;33018.56;14409.00;24859.38;26855.4;1.23;0.54;0.93;23/05/2024 16:06:25;
24/05/2024;23;2.0TD;2;0.000121208204000000;0.199;1.222002198;175.817665;19.184;8.779;147.854665;111.04;0.93824;1.14106;0.75;0.25;71.66583;75.41880;101.96000;48.69000;28.32000;1717.7;275.0;154.0;61.0;7.48;0.154;0.17498;0.04096;0.00;0.000;1.850;0.947;0.000;0.557;123.315;111.10;110.10;16821.1;1132.30;3.07;3.16;1.25;41351.88;12672.00;24859.38;25728.5;1.61;0.49;0.97;23/05/2024 16:06:25;
24/05/2024;24;2.0TD;2;0.000105236721000000;0.205;1.256049157;163.541145;19.184;8.779;135.578145;99.71;0.93824;1.14106;0.75;0.25;71.66583;75.41880;101.96000;48.69000;28.32000;1717.7;275.0;154.0;61.0;8.17;0.154;0.17498;0.04096;0.00;0.000;1.688;0.947;0.000;0.557;112.513;99.84;97.85;15237.4;1108.90;3.76;3.16;1.25;52800.68;11968.00;24859.38;23826.5;2.22;0.50;1.04;23/05/2024 16:06:25;
*
