pvpcdata;
2024;03;11;12;38;29;
11/02/2024;1;2.0TD;3;0.000123174801000000;0.239;1.328083095;78.982193;0.557;2.195;76.230193;35.22;13.03186;0.74419;0.75;0.25;44.82917;96.95660;101.96000;97.42000;68.27000;2687.5;275.0;177.0;48.0;14.35;0.000;0.17498;0.03702;0.00;0.000;0.000;0.923;0.565;0.000;0.557;61.525;35.00;41.62;19743.7;688.30;9.32;3.48;1.55;150095.36;47880.00;24859.38;23920.7;6.27;2.00;1.04;10/02/2024 16:10:21;
11/02/2024;2;2.0TD;3;0.000102990830000000;0.250;1.388929256;65.242724;0.557;2.195;62.490724;23.58;13.03186;0.74419;0.75;0.25;44.82917;96.95660;101.96000;97.42000;68.27000;2687.5;275.0;177.0;48.0;14.63;0.000;0.17498;0.03702;0.00;0.000;0.000;0.750;0.565;0.000;0.557;49.992;23.26;33.09;19402.2;651.90;9.60;3.48;1.55;165419.36;48743.20;0.00;22297.2;7.42;2.19;0.00;10/02/2024 16:10:21;
11/02/2024;3;2.0TD;3;0.000088911938000000;0.259;1.436496778;64.836537;0.557;2.195;62.084537;22.29;13.03186;0.74419;0.75;0.25;44.82917;96.95660;101.96000;97.42000;68.27000;2687.5;275.0;177.0;48.0;15.25;0.000;0.17498;0.03702;0.00;0.000;0.000;0.740;0.565;0.000;0.557;49.312;22.01;30.00;18942.8;687.50;10.22;3.48;1.55;167313.60;48366.40;0.00;21110.0;7.93;2.29;0.00;10/02/2024 16:10:21;
11/02/2024;4;2.0TD;3;0.000080737418000000;0.265;1.470951862;63.861088;0.557;2.195;61.109088;20.82;13.03186;0.74419;0.75;0.25;44.82917;96.95660;101.96000;97.42000;68.27000;2687.5;275.0;177.0;48.0;15.73;0.000;0.17498;0.03702;0.00;0.000;0.000;0.725;0.565;0.000;0.557;48.307;20.50;28.00;18465.5;827.70;10.70;3.48;1.55;169570.56;48402.24;0.00;20369.8;8.32;2.38;0.00;10/02/2024 16:10:21;
11/02/2024;5;2.0TD;3;0.000076982310000000;0.269;1.496748697;70.186126;0.557;2.195;67.434126;25.52;13.03186;0.74419;0.75;0.25;44.82917;96.95660;101.96000;97.42000;68.27000;2687.5;275.0;177.0;48.0;15.79;0.000;0.17498;0.03702;0.00;0.000;0.000;0.797;0.565;0.000;0.557;53.139;25.00;36.29;18344.8;889.60;10.76;3.48;1.55;162875.28;51706.80;0.00;19949.1;8.16;2.59;0.00;10/02/2024 16:10:21;
11/02/2024;6;2.0TD;3;0.000076512803000000;0.268;1.489292628;69.760194;0.557;2.195;67.008194;25.35;13.03186;0.74419;0.75;0.25;44.82917;96.95660;101.96000;97.42000;68.27000;2687.5;275.0;177.0;48.0;15.67;0.000;0.17498;0.03702;0.00;0.000;0.000;0.793;0.565;0.000;0.557;52.845;24.98;33.98;18477.0;790.30;10.64;3.48;1.55;162934.40;49639.20;0.00;19985.8;8.15;2.48;0.00;10/02/2024 16:10:21;
11/02/2024;7;2.0TD;3;0.000078361627000000;0.262;1.452909590;84.458397;0.557;2.195;81.706397;37.96;13.03186;0.74419;0.75;0.25;44.82917;96.95660;101.96000;97.42000;68.27000;2687.5;275.0;177.0;48.0;14.78;0.000;0.17498;0.03702;0.00;0.000;0.000;0.971;0.565;0.000;0.557;64.743;37.90;39.12;17856.9;861.20;9.75;3.48;1.55;146566.00;53309.28;0.00;20509.4;7.15;2.60;0.00;10/02/2024 16:10:21;
11/02/2024;8;2.0TD;3;0.000082994769000000;0.253;1.404379336;86.228839;0.557;2.195;83.476839;40.26;13.03186;0.74419;0.75;0.25;44.82917;96.95660;101.96000;97.42000;68.27000;2687.5;275.0;177.0;48.0;14.33;0.000;0.17498;0.03702;0.00;0.000;0.000;0.999;0.565;0.000;0.557;66.621;40.19;41.41;17112.9;1094.50;9.30;3.48;1.55;144131.80;54268.08;0.00;21337.0;6.76;2.54;0.00;10/02/2024 16:10:21;
11/02/2024;9;2.0TD;3;0.000092074059000000;0.244;1.356199395;87.359648;0.557;2.195;84.607648;41.00;13.03186;0.74419;0.75;0.25;44.82917;96.95660;101.96000;97.42000;68.27000;2687.5;275.0;177.0;48.0;14.96;0.000;0.17498;0.03702;0.00;0.000;0.000;1.020;0.565;0.000;0.557;68.012;41.00;41.00;16927.8;960.40;9.93;3.48;1.55;124980.72;97089.60;0.00;22371.1;5.59;4.34;0.00;10/02/2024 16:10:21;
11/02/2024;10;2.0TD;3;0.000115231566000000;0.217;1.206996028;84.609342;0.557;2.195;81.857342;42.10;13.03186;0.74419;0.75;0.25;44.82917;96.95660;101.96000;97.42000;68.27000;2687.5;275.0;177.0;48.0;13.12;0.000;0.17498;0.03702;0.00;0.000;0.000;1.009;0.565;0.000;0.557;67.261;42.10;42.10;17824.6;761.70;8.09;3.48;1.55;100449.68;94723.20;0.00;24129.4;4.16;3.93;0.00;10/02/2024 16:10:21;
11/02/2024;11;2.0TD;3;0.000134768211000000;0.201;1.114165619;82.935059;0.557;2.195;80.183059;43.58;13.03186;0.74419;0.75;0.25;44.82917;96.95660;101.96000;97.42000;68.27000;2687.5;275.0;177.0;48.0;11.15;0.000;0.17498;0.03702;0.00;0.000;0.000;1.001;0.565;0.000;0.557;66.763;43.46;46.46;18847.6;775.20;6.12;3.48;1.55;59501.24;96391.08;0.00;25478.3;2.34;3.78;0.00;10/02/2024 16:10:21;
11/02/2024;12;2.0TD;3;0.000140252465000000;0.198;1.098464363;78.211120;0.557;2.195;75.459120;40.34;13.03186;0.74419;0.75;0.25;44.82917;96.95660;101.96000;97.42000;68.27000;2687.5;275.0;177.0;48.0;10.67;0.000;0.17498;0.03702;0.00;0.000;0.000;0.945;0.565;0.000;0.557;62.987;40.19;44.21;19419.0;736.40;5.64;3.48;1.55;61906.04;85253.64;0.00;26104.7;2.37;3.27;0.00;10/02/2024 16:10:21;
11/02/2024;13;2.0TD;3;0.000137704619000000;0.196;1.087548009;77.793321;0.557;2.195;75.041321;40.02;13.03186;0.74419;0.75;0.25;44.82917;96.95660;101.96000;97.42000;68.27000;2687.5;275.0;177.0;48.0;10.75;0.000;0.17498;0.03702;0.00;0.000;0.000;0.941;0.565;0.000;0.557;62.743;39.90;43.80;19690.3;633.00;5.72;3.48;1.55;62467.32;86732.16;0.00;26076.0;2.40;3.33;0.00;10/02/2024 16:10:21;
11/02/2024;14;2.0TD;3;0.000142349479000000;0.188;1.043943450;77.315132;0.557;2.195;74.563132;40.35;13.03186;0.74419;0.75;0.25;44.82917;96.95660;101.96000;97.42000;68.27000;2687.5;275.0;177.0;48.0;10.44;0.000;0.17498;0.03702;0.00;0.000;0.000;0.941;0.565;0.000;0.557;62.763;40.19;44.09;19570.6;821.90;5.41;3.48;1.55;61849.96;80479.84;0.00;26310.5;2.35;3.06;0.00;10/02/2024 16:10:21;
11/02/2024;15;2.0TD;3;0.000142302530000000;0.189;1.052289626;77.909379;0.557;2.195;75.157379;39.98;13.03186;0.74419;0.75;0.25;44.82917;96.95660;101.96000;97.42000;68.27000;2687.5;275.0;177.0;48.0;11.25;0.000;0.17498;0.03702;0.00;0.000;0.000;0.948;0.565;0.000;0.557;63.210;39.98;39.98;18574.6;789.10;6.22;3.48;1.55;62370.08;100990.40;0.00;26258.8;2.38;3.85;0.00;10/02/2024 16:10:21;
11/02/2024;16;2.0TD;3;0.000128084848000000;0.199;1.107686596;79.150576;0.557;2.195;76.398576;40.08;13.03186;0.74419;0.75;0.25;44.82917;96.95660;101.96000;97.42000;68.27000;2687.5;275.0;177.0;48.0;11.65;0.000;0.17498;0.03702;0.00;0.000;0.000;0.956;0.565;0.000;0.557;63.718;39.99;42.00;17257.5;811.60;6.62;3.48;1.55;62019.20;104016.64;0.00;25077.6;2.47;4.15;0.00;10/02/2024 16:10:21;
11/02/2024;17;2.0TD;3;0.000120139237000000;0.209;1.163320712;87.630545;0.557;2.195;84.878545;46.73;13.03186;0.74419;0.75;0.25;44.82917;96.95660;101.96000;97.42000;68.27000;2687.5;275.0;177.0;48.0;11.39;0.000;0.17498;0.03702;0.00;0.000;0.000;1.053;0.565;0.000;0.557;70.205;46.73;46.73;16463.7;710.60;6.36;3.48;1.55;58442.52;96212.00;0.00;24324.5;2.40;3.96;0.00;10/02/2024 16:10:21;
11/02/2024;18;2.0TD;3;0.000119555742000000;0.216;1.201505013;104.331264;0.557;2.195;101.579264;61.94;13.03186;0.74419;0.75;0.25;44.82917;96.95660;101.96000;97.42000;68.27000;2687.5;275.0;177.0;48.0;9.31;0.000;0.17498;0.03702;0.00;0.000;0.000;1.253;0.565;0.000;0.557;83.535;61.94;61.94;15104.6;567.10;4.28;3.48;1.55;47876.52;56434.56;0.00;24352.5;1.97;2.32;0.00;10/02/2024 16:10:21;
11/02/2024;19;2.0TD;3;0.000133976625000000;0.221;1.228858544;127.433901;0.557;2.195;124.681901;82.99;13.03186;0.74419;0.75;0.25;44.82917;96.95660;101.96000;97.42000;68.27000;2687.5;275.0;177.0;48.0;6.56;0.000;0.17498;0.03702;0.00;0.000;0.000;1.532;0.565;0.000;0.557;102.114;83.13;80.00;16377.4;773.00;1.53;3.48;1.55;28432.60;10994.24;0.00;25818.2;1.10;0.43;0.00;10/02/2024 16:10:21;
11/02/2024;20;2.0TD;3;0.000162120304000000;0.217;1.208087497;127.902900;0.557;2.195;125.150900;83.85;13.03186;0.74419;0.75;0.25;44.82917;96.95660;101.96000;97.42000;68.27000;2687.5;275.0;177.0;48.0;6.41;0.000;0.17498;0.03702;0.00;0.000;0.000;1.543;0.565;0.000;0.557;102.835;83.98;81.00;17404.9;783.60;1.38;3.48;1.55;27806.44;10994.24;0.00;28165.8;0.99;0.39;0.00;10/02/2024 16:10:21;
11/02/2024;21;2.0TD;3;0.000179250589000000;0.214;1.189550833;119.311271;0.557;2.195;116.559271;76.78;13.03186;0.74419;0.75;0.25;44.82917;96.95660;101.96000;97.42000;68.27000;2687.5;275.0;177.0;48.0;6.76;0.000;0.17498;0.03702;0.00;0.000;0.000;1.440;0.565;0.000;0.557;96.012;76.82;75.75;17582.1;748.40;1.73;3.48;1.55;31877.84;19176.00;0.00;29561.7;1.08;0.65;0.00;10/02/2024 16:10:21;
11/02/2024;22;2.0TD;3;0.000181766382000000;0.215;1.196254890;112.389444;0.557;2.195;109.637444;70.01;13.03186;0.74419;0.75;0.25;44.82917;96.95660;101.96000;97.42000;68.27000;2687.5;275.0;177.0;48.0;7.84;0.000;0.17498;0.03702;0.00;0.000;0.000;1.354;0.565;0.000;0.557;90.236;70.01;70.01;18532.2;644.50;2.81;3.48;1.55;35670.64;21477.12;24859.38;29111.3;1.23;0.74;0.85;10/02/2024 16:10:21;
11/02/2024;23;2.0TD;3;0.000163470390000000;0.222;1.231517986;98.716368;0.557;2.195;95.964368;56.97;13.03186;0.74419;0.75;0.25;44.82917;96.95660;101.96000;97.42000;68.27000;2687.5;275.0;177.0;48.0;9.35;0.000;0.17498;0.03702;0.00;0.000;0.000;1.178;0.565;0.000;0.557;78.530;56.94;57.95;17123.9;600.50;4.32;3.48;1.55;42199.76;50528.40;24859.38;27231.3;1.55;1.86;0.91;10/02/2024 16:10:21;
11/02/2024;24;2.0TD;3;0.000136224800000000;0.229;1.271996328;79.614372;0.557;2.195;76.862372;40.70;13.03186;0.74419;0.75;0.25;44.82917;96.95660;101.96000;97.42000;68.27000;2687.5;275.0;177.0;48.0;9.87;0.000;0.17498;0.03702;0.00;0.000;0.000;0.938;0.565;0.000;0.557;62.540;40.70;40.70;16286.6;631.10;4.84;3.48;1.55;50999.48;45964.80;24859.38;25197.1;2.02;1.82;0.99;10/02/2024 16:10:21;
*
