pvpcdata;
2024;10;09;11;29;41;
19/09/2024;1;2.0TD;3;0.000091966675000000;0.161;0.895588386;124.660083;0.557;2.195;121.908083;100.80;-4.07385;1.26483;0.75;0.25;106.98042;90.68500;101.96000;73.51000;91.63000;1761.5;275.0;234.0;48.0;6.06;0.000;0.17498;0.04096;0.00;0.000;1.575;0.947;0.000;0.557;105.002;100.67;102.68;18019.7;1232.50;1.93;3.08;1.05;4181.80;15852.16;24859.38;23337.1;0.18;0.68;1.07;18/09/2024 16:12:17;
19/09/2024;2;2.0TD;3;0.000078894814000000;0.168;0.933172362;122.347790;0.557;2.195;119.595790;97.89;-4.07385;1.26483;0.75;0.25;106.98042;90.68500;101.96000;73.51000;91.63000;1761.5;275.0;234.0;48.0;6.40;0.000;0.17498;0.04096;0.00;0.000;1.536;0.947;0.000;0.557;102.393;97.89;97.89;17077.4;1313.10;2.27;3.08;1.05;10106.92;15852.16;24859.38;22340.1;0.45;0.71;1.11;18/09/2024 16:12:17;
19/09/2024;3;2.0TD;3;0.000071296984000000;0.173;0.958854836;124.907816;0.557;2.195;122.155816;98.02;-4.07385;1.26483;0.75;0.25;106.98042;90.68500;101.96000;73.51000;91.63000;1761.5;275.0;234.0;48.0;7.99;0.000;0.17498;0.04096;0.00;0.000;1.562;0.947;0.000;0.557;104.139;98.02;98.02;16673.2;1040.60;3.86;3.08;1.05;41618.40;16810.96;24859.38;21597.6;1.93;0.78;1.15;18/09/2024 16:12:17;
19/09/2024;4;2.0TD;3;0.000067443806000000;0.174;0.963968527;125.118790;0.557;2.195;122.366790;98.42;-4.07385;1.26483;0.75;0.25;106.98042;90.68500;101.96000;73.51000;91.63000;1761.5;275.0;234.0;48.0;7.68;0.000;0.17498;0.04096;0.00;0.000;1.563;0.947;0.000;0.557;104.230;98.42;98.42;15905.9;1160.40;3.55;3.08;1.05;57721.60;16491.36;0.00;20911.4;2.76;0.79;0.00;18/09/2024 16:12:17;
19/09/2024;5;2.0TD;3;0.000065478284000000;0.173;0.961491199;127.385192;0.557;2.195;124.633192;100.69;-4.07385;1.26483;0.75;0.25;106.98042;90.68500;101.96000;73.51000;91.63000;1761.5;275.0;234.0;48.0;7.40;0.000;0.17498;0.04096;0.00;0.000;1.594;0.947;0.000;0.557;106.251;100.67;100.92;15564.2;1173.30;3.27;3.08;1.05;52052.68;15832.32;0.00;20746.0;2.51;0.76;0.00;18/09/2024 16:12:17;
19/09/2024;6;2.0TD;3;0.000065820142000000;0.169;0.941106597;119.008647;0.557;2.195;116.256647;93.17;-4.07385;1.26483;0.75;0.25;106.98042;90.68500;101.96000;73.51000;91.63000;1761.5;275.0;234.0;48.0;8.22;0.000;0.17498;0.04096;0.00;0.000;1.492;0.947;0.000;0.557;99.449;93.00;96.00;16317.4;982.30;4.09;3.08;1.05;65903.80;20837.92;0.00;21198.4;3.11;0.98;0.00;18/09/2024 16:12:17;
19/09/2024;7;2.0TD;3;0.000071761191000000;0.158;0.878343860;133.056709;0.557;2.195;130.304709;106.42;-4.07385;1.26483;0.75;0.25;106.98042;90.68500;101.96000;73.51000;91.63000;1761.5;275.0;234.0;48.0;7.85;0.000;0.17498;0.04096;0.00;0.000;1.688;0.947;0.000;0.557;112.525;106.42;106.42;16825.2;1223.10;3.72;3.08;1.05;46422.28;15852.16;24859.38;23446.4;1.98;0.68;1.06;18/09/2024 16:12:17;
19/09/2024;8;2.0TD;3;0.000085355734000000;0.151;0.839246863;144.772342;0.557;2.195;142.020342;118.22;-4.07385;1.26483;0.75;0.25;106.98042;90.68500;101.96000;73.51000;91.63000;1761.5;275.0;234.0;48.0;6.75;0.000;0.17498;0.04096;0.00;0.000;1.851;0.947;0.000;0.557;123.388;118.23;118.13;18228.8;1153.10;2.62;3.08;1.05;28468.12;15852.16;24859.38;26449.4;1.08;0.60;0.94;18/09/2024 16:12:17;
19/09/2024;9;2.0TD;2;0.000089295008000000;0.151;0.925955408;174.568926;19.184;8.779;146.605926;120.85;-4.07385;1.26483;0.75;0.25;106.98042;90.68500;101.96000;73.51000;91.63000;1761.5;275.0;234.0;48.0;7.89;0.154;0.17498;0.04096;0.00;0.000;1.911;0.947;0.000;0.557;127.372;120.85;120.85;19524.5;1173.90;3.76;3.08;1.05;17626.36;61094.88;24859.38;27521.9;0.64;2.22;0.90;18/09/2024 16:12:17;
19/09/2024;10;2.0TD;2;0.000092573686000000;0.140;0.856186959;165.933387;19.184;8.779;137.970387;114.63;-4.07385;1.26483;0.75;0.25;106.98042;90.68500;101.96000;73.51000;91.63000;1761.5;275.0;234.0;48.0;7.86;0.154;0.17498;0.04096;0.00;0.000;1.815;0.947;0.000;0.557;121.026;114.70;113.61;19936.2;1388.20;3.73;3.08;1.05;25767.84;53670.40;24859.38;27934.4;0.92;1.92;0.89;18/09/2024 16:12:17;
19/09/2024;11;2.0TD;1;0.000095854976000000;0.139;0.834493587;197.954771;33.081;43.893;120.980771;97.94;-4.07385;1.26483;0.75;0.25;106.98042;90.68500;101.96000;73.51000;91.63000;1761.5;275.0;234.0;48.0;9.19;0.926;0.17498;0.04096;0.00;0.000;1.593;0.947;0.000;0.557;106.216;97.94;97.94;21086.0;1097.50;5.06;3.08;1.05;31020.12;85585.12;24859.38;27930.8;1.11;3.06;0.89;18/09/2024 16:12:17;
19/09/2024;12;2.0TD;1;0.000097052873000000;0.142;0.852069552;195.584011;33.081;43.893;118.610011;97.89;-4.07385;1.26483;0.75;0.25;106.98042;90.68500;101.96000;73.51000;91.63000;1761.5;275.0;234.0;48.0;6.92;0.926;0.17498;0.04096;0.00;0.000;1.558;0.947;0.000;0.557;103.861;97.89;97.89;20665.0;1227.40;2.79;3.08;1.05;33668.40;20173.44;24859.38;28192.1;1.19;0.72;0.88;18/09/2024 16:12:17;
19/09/2024;13;2.0TD;1;0.000100677733000000;0.141;0.844338069;194.843471;33.081;43.893;117.869471;97.33;-4.07385;1.26483;0.75;0.25;106.98042;90.68500;101.96000;73.51000;91.63000;1761.5;275.0;234.0;48.0;6.93;0.926;0.17498;0.04096;0.00;0.000;1.550;0.947;0.000;0.557;103.303;97.33;97.33;21483.0;1169.40;2.80;3.08;1.05;34119.20;20301.12;24859.38;28309.5;1.21;0.72;0.88;18/09/2024 16:12:17;
19/09/2024;14;2.0TD;1;0.000107930673000000;0.139;0.830010991;192.601471;33.081;43.893;115.627471;95.50;-4.07385;1.26483;0.75;0.25;106.98042;90.68500;101.96000;73.51000;91.63000;1761.5;275.0;234.0;48.0;7.00;0.926;0.17498;0.04096;0.00;0.000;1.523;0.947;0.000;0.557;101.516;95.50;95.50;21722.7;1183.10;2.87;3.08;1.05;35985.56;20913.28;24859.38;28504.1;1.26;0.73;0.87;18/09/2024 16:12:17;
19/09/2024;15;2.0TD;2;0.000108835001000000;0.141;0.862682136;142.400343;19.184;8.779;114.437343;95.00;-4.07385;1.26483;0.75;0.25;106.98042;90.68500;101.96000;73.51000;91.63000;1761.5;275.0;234.0;48.0;7.07;0.154;0.17498;0.04096;0.00;0.000;1.504;0.947;0.000;0.557;100.295;95.00;95.00;21645.2;1156.50;2.94;3.08;1.05;36550.08;21040.80;24859.38;28067.5;1.30;0.75;0.89;18/09/2024 16:12:17;
19/09/2024;16;2.0TD;2;0.000103107333000000;0.143;0.875766619;134.989697;19.184;8.779;107.026697;88.04;-4.07385;1.26483;0.75;0.25;106.98042;90.68500;101.96000;73.51000;91.63000;1761.5;275.0;234.0;48.0;7.47;0.154;0.17498;0.04096;0.00;0.000;1.405;0.947;0.000;0.557;93.636;88.00;89.00;21311.9;926.20;3.34;3.08;1.05;43168.48;23399.92;24859.38;27368.4;1.58;0.85;0.91;18/09/2024 16:12:17;
19/09/2024;17;2.0TD;2;0.000101512827000000;0.144;0.885282983;143.248062;19.184;8.779;115.285062;95.40;-4.07385;1.26483;0.75;0.25;106.98042;90.68500;101.96000;73.51000;91.63000;1761.5;275.0;234.0;48.0;7.14;0.154;0.17498;0.04096;0.00;0.000;1.512;0.947;0.000;0.557;100.773;95.40;95.40;20905.7;1187.80;3.01;3.08;1.05;36180.28;20913.28;24859.38;27180.7;1.33;0.77;0.91;18/09/2024 16:12:17;
19/09/2024;18;2.0TD;2;0.000105085194000000;0.148;0.908442540;146.261709;19.184;8.779;118.298709;95.46;-4.07385;1.26483;0.75;0.25;106.98042;90.68500;101.96000;73.51000;91.63000;1761.5;275.0;234.0;48.0;9.32;0.154;0.17498;0.04096;0.00;0.000;1.546;0.947;0.000;0.557;103.047;95.50;94.83;20624.0;1237.00;5.19;3.08;1.05;33631.08;84747.60;24859.38;27562.5;1.22;3.07;0.90;18/09/2024 16:12:17;
19/09/2024;19;2.0TD;1;0.000108320143000000;0.155;0.930646517;204.754717;33.081;43.893;127.780717;102.00;-4.07385;1.26483;0.75;0.25;106.98042;90.68500;101.96000;73.51000;91.63000;1761.5;275.0;234.0;48.0;9.48;0.926;0.17498;0.04096;0.00;0.000;1.659;0.947;0.000;0.557;110.632;102.00;102.00;20542.4;1130.10;5.35;3.08;1.05;24435.60;98468.00;24859.38;27616.6;0.88;3.57;0.90;18/09/2024 16:12:17;
19/09/2024;20;2.0TD;1;0.000112558727000000;0.161;0.962941044;223.783211;33.081;43.893;146.809211;119.37;-4.07385;1.26483;0.75;0.25;106.98042;90.68500;101.96000;73.51000;91.63000;1761.5;275.0;234.0;48.0;7.69;0.926;0.17498;0.04096;0.00;0.000;1.897;0.947;0.000;0.557;126.450;119.44;118.44;20424.4;1481.90;3.56;3.08;1.05;17572.12;57024.80;24859.38;27890.6;0.63;2.04;0.89;18/09/2024 16:12:17;
19/09/2024;21;2.0TD;1;0.000132404050000000;0.150;0.900607480;253.448004;33.081;43.893;176.474004;146.76;-4.07385;1.26483;0.75;0.25;106.98042;90.68500;101.96000;73.51000;91.63000;1761.5;275.0;234.0;48.0;6.90;0.926;0.17498;0.04096;0.00;0.000;2.302;0.947;0.000;0.557;153.455;146.50;150.84;20031.4;1295.60;2.77;3.08;1.05;4829.28;48709.92;24859.38;28396.1;0.17;1.72;0.88;18/09/2024 16:12:17;
19/09/2024;22;2.0TD;1;0.000144188055000000;0.146;0.873384904;263.142451;33.081;43.893;186.168451;155.24;-4.07385;1.26483;0.75;0.25;106.98042;90.68500;101.96000;73.51000;91.63000;1761.5;275.0;234.0;48.0;7.28;0.926;0.17498;0.04096;0.00;0.000;2.437;0.947;0.000;0.557;162.450;155.01;158.38;19814.4;1477.70;3.15;3.08;1.05;4115.24;59754.24;24859.38;28193.7;0.15;2.12;0.88;18/09/2024 16:12:17;
19/09/2024;23;2.0TD;2;0.000127828971000000;0.151;0.929264922;172.804443;19.184;8.779;144.841443;120.61;-4.07385;1.26483;0.75;0.25;106.98042;90.68500;101.96000;73.51000;91.63000;1761.5;275.0;234.0;48.0;6.62;0.154;0.17498;0.04096;0.00;0.000;1.888;0.947;0.000;0.557;125.839;120.69;119.70;19283.5;1581.10;2.49;3.08;1.05;21318.64;19662.72;24859.38;26424.2;0.81;0.74;0.94;18/09/2024 16:12:17;
19/09/2024;24;2.0TD;2;0.000107871155000000;0.158;0.971220132;164.244147;19.184;8.779;136.281147;112.27;-4.07385;1.26483;0.75;0.25;106.98042;90.68500;101.96000;73.51000;91.63000;1761.5;275.0;234.0;48.0;6.93;0.154;0.17498;0.04096;0.00;0.000;1.765;0.947;0.000;0.557;117.686;112.46;109.97;18300.7;1541.70;2.80;3.08;1.05;28595.68;15021.20;24859.38;24442.0;1.17;0.61;1.02;18/09/2024 16:12:17;
*
