pvpcdata;
2025;02;11;13;50;36;
02/01/2025;1;2.0TD;3;0.000110073239000000;0.225;1.249678455;168.487606;0.079;2.915;165.493606;136.70;-23.64797;0.81754;0.60;0.40;134.02333;74.90340;72.22000;74.11000;92.25000;2669.6;488.0;285.0;100.0;13.99;0.000;0.16853;0.04096;0.00;0.000;2.026;0.947;0.000;0.557;135.096;137.12;133.28;16461.6;1997.80;9.94;3.17;0.88;166176.00;49720.00;0.00;21718.2;7.65;2.29;0.00;03/01/2025 09:15:42;
02/01/2025;2;2.0TD;3;0.000089935570000000;0.233;1.294122175;156.025109;0.079;2.915;153.031109;122.08;-23.64797;0.81754;0.60;0.40;134.02333;74.90340;72.22000;74.11000;92.25000;2669.6;488.0;285.0;100.0;17.79;0.000;0.16853;0.04096;0.00;0.000;1.862;0.947;0.000;0.557;124.112;123.03;113.17;15153.8;1624.80;13.74;3.17;0.88;231133.12;45440.00;0.00;20126.5;11.48;2.26;0.00;03/01/2025 09:15:42;
02/01/2025;3;2.0TD;3;0.000078908211000000;0.237;1.318475352;141.677560;0.079;2.915;138.683560;100.39;-23.64797;0.81754;0.60;0.40;134.02333;74.90340;72.22000;74.11000;92.25000;2669.6;488.0;285.0;100.0;27.66;0.000;0.16853;0.04096;0.00;0.000;1.682;0.947;0.000;0.557;112.112;100.20;103.01;14565.4;1056.30;23.61;3.17;0.88;381393.76;67520.00;0.00;19014.6;20.06;3.55;0.00;03/01/2025 09:15:42;
02/01/2025;4;2.0TD;3;0.000073191312000000;0.240;1.334415540;142.580578;0.079;2.915;139.586578;99.93;-23.64797;0.81754;0.60;0.40;134.02333;74.90340;72.22000;74.11000;92.25000;2669.6;488.0;285.0;100.0;28.57;0.000;0.16853;0.04096;0.00;0.000;1.689;0.947;0.000;0.557;112.569;99.82;101.46;14602.2;1059.70;24.52;3.17;0.88;386528.60;68400.00;0.00;18550.9;20.84;3.69;0.00;03/01/2025 09:15:42;
02/01/2025;5;2.0TD;3;0.000071299912000000;0.240;1.333317184;142.566938;0.079;2.915;139.572938;99.92;-23.64797;0.81754;0.60;0.40;134.02333;74.90340;72.22000;74.11000;92.25000;2669.6;488.0;285.0;100.0;28.57;0.000;0.16853;0.04096;0.00;0.000;1.688;0.947;0.000;0.557;112.558;99.82;101.32;14660.9;1046.70;24.52;3.17;0.88;386864.56;68400.00;0.00;18568.7;20.83;3.68;0.00;03/01/2025 09:15:42;
02/01/2025;6;2.0TD;3;0.000073556999000000;0.233;1.293764733;140.714948;0.079;2.915;137.720948;100.28;-23.64797;0.81754;0.60;0.40;134.02333;74.90340;72.22000;74.11000;92.25000;2669.6;488.0;285.0;100.0;27.36;0.000;0.16853;0.04096;0.00;0.000;1.675;0.947;0.000;0.557;111.695;100.08;103.08;14854.9;1046.70;23.31;3.17;0.88;382344.12;67640.00;0.00;19302.6;19.81;3.50;0.00;03/01/2025 09:15:42;
02/01/2025;7;2.0TD;3;0.000084124102000000;0.214;1.189038806;161.726711;0.079;2.915;158.732711;128.00;-23.64797;0.81754;0.60;0.40;134.02333;74.90340;72.22000;74.11000;92.25000;2669.6;488.0;285.0;100.0;18.41;0.000;0.16853;0.04096;0.00;0.000;1.961;0.947;0.000;0.557;130.751;128.44;124.05;16183.0;1816.60;14.36;3.17;0.88;162722.00;90904.00;64781.64;22168.9;7.34;4.10;2.92;03/01/2025 09:15:42;
02/01/2025;8;2.0TD;3;0.000106110506000000;0.195;1.084118246;168.184611;0.079;2.915;165.190611;144.21;-23.64797;0.81754;0.60;0.40;134.02333;74.90340;72.22000;74.11000;92.25000;2669.6;488.0;285.0;100.0;9.57;0.000;0.16853;0.04096;0.00;0.000;2.074;0.947;0.000;0.557;138.234;143.96;147.20;18343.8;1541.30;5.52;3.17;0.88;23740.28;51796.00;64781.64;25401.0;0.93;2.04;2.55;03/01/2025 09:15:42;
02/01/2025;9;2.0TD;2;0.000118978363000000;0.184;1.127100754;201.943316;16.540;11.661;173.742316;153.18;-23.64797;0.81754;0.60;0.40;134.02333;74.90340;72.22000;74.11000;92.25000;2669.6;488.0;285.0;100.0;8.84;0.140;0.16853;0.04096;0.00;0.000;2.201;0.947;0.000;0.557;146.741;152.92;156.03;20078.1;1819.20;4.79;3.17;0.88;21688.16;47260.00;64781.64;27968.4;0.78;1.69;2.32;03/01/2025 09:15:42;
02/01/2025;10;2.0TD;2;0.000126757527000000;0.182;1.113843230;200.461923;16.540;11.661;172.260923;152.16;-23.64797;0.81754;0.60;0.40;134.02333;74.90340;72.22000;74.11000;92.25000;2669.6;488.0;285.0;100.0;8.87;0.140;0.16853;0.04096;0.00;0.000;2.186;0.947;0.000;0.557;145.736;152.16;152.16;22205.0;2196.80;4.82;3.17;0.88;15384.64;63896.00;64781.64;29898.0;0.51;2.14;2.17;03/01/2025 09:15:42;
02/01/2025;11;2.0TD;1;0.000133775564000000;0.175;1.049040285;241.155140;34.234;58.305;148.616140;129.21;-23.64797;0.81754;0.60;0.40;134.02333;74.90340;72.22000;74.11000;92.25000;2669.6;488.0;285.0;100.0;12.15;0.844;0.16853;0.04096;0.00;0.000;1.897;0.947;0.000;0.557;126.481;129.04;131.36;23026.4;1823.30;8.10;3.17;0.88;36777.60;145880.00;64781.64;30567.0;1.20;4.77;2.12;03/01/2025 09:15:42;
02/01/2025;12;2.0TD;1;0.000133502315000000;0.174;1.041622030;238.537430;34.234;58.305;145.998430;125.71;-23.64797;0.81754;0.60;0.40;134.02333;74.90340;72.22000;74.11000;92.25000;2669.6;488.0;285.0;100.0;13.56;0.844;0.16853;0.04096;0.00;0.000;1.865;0.947;0.000;0.557;124.359;125.70;125.87;23124.0;1763.60;9.51;3.17;0.88;57973.36;165056.76;64781.64;30265.6;1.92;5.45;2.14;03/01/2025 09:15:42;
02/01/2025;13;2.0TD;1;0.000133853277000000;0.173;1.037672507;235.877044;34.234;58.305;143.338044;125.72;-23.64797;0.81754;0.60;0.40;134.02333;74.90340;72.22000;74.11000;92.25000;2669.6;488.0;285.0;100.0;11.42;0.844;0.16853;0.04096;0.00;0.000;1.833;0.947;0.000;0.557;122.197;125.72;125.72;23090.7;1765.90;7.37;3.17;0.88;56874.56;99304.00;64781.64;29954.9;1.90;3.32;2.16;03/01/2025 09:15:42;
02/01/2025;14;2.0TD;1;0.000141935983000000;0.172;1.032117622;226.462059;34.234;58.305;133.923059;119.30;-23.64797;0.81754;0.60;0.40;134.02333;74.90340;72.22000;74.11000;92.25000;2669.6;488.0;285.0;100.0;10.03;0.844;0.16853;0.04096;0.00;0.000;1.714;0.947;0.000;0.557;114.268;119.30;119.30;23046.8;1642.10;5.98;3.17;0.88;66384.12;113704.00;0.00;30098.0;2.21;3.78;0.00;03/01/2025 09:15:42;
02/01/2025;15;2.0TD;2;0.000145552452000000;0.170;1.044097650;167.449511;16.540;11.661;139.248511;124.70;-23.64797;0.81754;0.60;0.40;134.02333;74.90340;72.22000;74.11000;92.25000;2669.6;488.0;285.0;100.0;10.01;0.140;0.16853;0.04096;0.00;0.000;1.785;0.947;0.000;0.557;119.015;124.65;125.39;23790.3;1725.20;5.96;3.17;0.88;61539.96;116768.00;0.00;29934.1;2.06;3.90;0.00;03/01/2025 09:15:42;
02/01/2025;16;2.0TD;2;0.000139520939000000;0.178;1.092897966;175.302361;16.540;11.661;147.101361;130.12;-23.64797;0.81754;0.60;0.40;134.02333;74.90340;72.22000;74.11000;92.25000;2669.6;488.0;285.0;100.0;10.36;0.140;0.16853;0.04096;0.00;0.000;1.873;0.947;0.000;0.557;124.873;130.11;130.20;23519.4;1873.00;6.31;3.17;0.88;55292.76;129156.36;0.00;29228.6;1.89;4.42;0.00;03/01/2025 09:15:42;
02/01/2025;17;2.0TD;2;0.000135369070000000;0.182;1.116075791;186.566331;16.540;11.661;158.365331;139.59;-23.64797;0.81754;0.60;0.40;134.02333;74.90340;72.22000;74.11000;92.25000;2669.6;488.0;285.0;100.0;9.86;0.140;0.16853;0.04096;0.00;0.000;2.010;0.947;0.000;0.557;133.980;139.50;140.61;21756.4;1874.90;5.81;3.17;0.88;36015.92;134512.00;0.00;29338.6;1.23;4.58;0.00;03/01/2025 09:15:42;
02/01/2025;18;2.0TD;2;0.000139790905000000;0.181;1.108604507;199.704428;16.540;11.661;171.503428;153.65;-23.64797;0.81754;0.60;0.40;134.02333;74.90340;72.22000;74.11000;92.25000;2669.6;488.0;285.0;100.0;6.87;0.140;0.16853;0.04096;0.00;0.000;2.178;0.947;0.000;0.557;145.218;153.40;157.30;22746.2;1528.60;2.82;3.17;0.88;9384.32;75208.00;0.00;29967.7;0.31;2.51;0.00;03/01/2025 09:15:42;
02/01/2025;19;2.0TD;1;0.000158546902000000;0.189;1.131532694;274.395148;34.234;58.305;181.856148;159.26;-23.64797;0.81754;0.60;0.40;134.02333;74.90340;72.22000;74.11000;92.25000;2669.6;488.0;285.0;100.0;8.17;0.844;0.16853;0.04096;0.00;0.000;2.294;0.947;0.000;0.557;152.948;159.18;160.40;23932.8;1588.10;4.12;3.17;0.88;30867.00;34100.00;64781.64;31478.0;0.98;1.08;2.06;03/01/2025 09:15:42;
02/01/2025;20;2.0TD;1;0.000175746596000000;0.194;1.163770161;277.244617;34.234;58.305;184.705617;161.17;-23.64797;0.81754;0.60;0.40;134.02333;74.90340;72.22000;74.11000;92.25000;2669.6;488.0;285.0;100.0;7.98;0.844;0.16853;0.04096;0.00;0.000;2.320;0.947;0.000;0.557;154.694;160.99;163.99;23903.5;1522.00;3.93;3.17;0.88;30266.80;29080.00;64781.64;31646.3;0.96;0.92;2.05;03/01/2025 09:15:42;
02/01/2025;21;2.0TD;1;0.000188889369000000;0.199;1.188765521;278.055260;34.234;58.305;185.516260;161.22;-23.64797;0.81754;0.60;0.40;134.02333;74.90340;72.22000;74.11000;92.25000;2669.6;488.0;285.0;100.0;7.96;0.844;0.16853;0.04096;0.00;0.000;2.321;0.947;0.000;0.557;154.725;161.10;163.12;24443.0;1510.70;3.91;3.17;0.88;30230.44;31160.00;64781.64;32294.1;0.94;0.96;2.01;03/01/2025 09:15:42;
02/01/2025;22;2.0TD;1;0.000192728131000000;0.205;1.230349565;274.909510;34.234;58.305;182.370510;157.91;-23.64797;0.81754;0.60;0.40;134.02333;74.90340;72.22000;74.11000;92.25000;2669.6;488.0;285.0;100.0;7.94;0.844;0.16853;0.04096;0.00;0.000;2.270;0.947;0.000;0.557;151.344;157.88;158.34;24354.1;1580.80;3.89;3.17;0.88;31301.00;27400.00;64781.64;31807.0;0.98;0.86;2.04;03/01/2025 09:15:42;
02/01/2025;23;2.0TD;2;0.000174554366000000;0.207;1.269809302;203.798765;16.540;11.661;175.597765;152.11;-23.64797;0.81754;0.60;0.40;134.02333;74.90340;72.22000;74.11000;92.25000;2669.6;488.0;285.0;100.0;8.67;0.140;0.16853;0.04096;0.00;0.000;2.182;0.947;0.000;0.557;145.482;152.44;148.16;21974.0;1816.60;4.62;3.17;0.88;35936.72;35800.00;64781.64;29557.1;1.22;1.21;2.19;03/01/2025 09:15:42;
02/01/2025;24;2.0TD;2;0.000145100796000000;0.213;1.306679354;190.990235;16.540;11.661;162.789235;140.00;-23.64797;0.81754;0.60;0.40;134.02333;74.90340;72.22000;74.11000;92.25000;2669.6;488.0;285.0;100.0;9.67;0.140;0.16853;0.04096;0.00;0.000;2.013;0.947;0.000;0.557;134.203;140.00;140.00;19950.2;1444.90;5.62;3.17;0.88;15812.40;67760.00;64781.64;26397.2;0.60;2.57;2.45;03/01/2025 09:15:42;
*
