pvpcdata;
2024;03;11;12;38;24;
06/02/2024;1;2.0TD;3;0.000111646088000000;0.229;1.270467456;114.219048;0.557;2.195;111.467048;74.47;5.73217;0.80125;0.75;0.25;74.02792;96.95660;101.96000;97.42000;68.27000;2496.1;275.0;177.0;48.0;8.94;0.000;0.17498;0.03702;0.00;0.000;0.000;1.360;0.565;0.000;0.557;90.697;74.50;74.07;12809.5;1115.10;3.91;3.48;1.55;56956.36;12776.00;24859.38;24226.2;2.35;0.53;1.03;05/02/2024 16:12:23;
06/02/2024;2;2.0TD;3;0.000091509512000000;0.240;1.334964317;118.074918;0.557;2.195;115.322918;74.65;5.73217;0.80125;0.75;0.25;74.02792;96.95660;101.96000;97.42000;68.27000;2496.1;275.0;177.0;48.0;11.03;0.000;0.17498;0.03702;0.00;0.000;0.000;1.395;0.565;0.000;0.557;93.002;75.00;70.90;12241.5;1151.40;6.00;3.48;1.55;96485.64;15670.20;24859.38;22844.2;4.22;0.69;1.09;05/02/2024 16:12:23;
06/02/2024;3;2.0TD;3;0.000080757198000000;0.244;1.356327601;118.762904;0.557;2.195;116.010904;70.31;5.73217;0.80125;0.75;0.25;74.02792;96.95660;101.96000;97.42000;68.27000;2496.1;275.0;177.0;48.0;15.62;0.000;0.17498;0.03702;0.00;0.000;0.000;1.399;0.565;0.000;0.557;93.256;70.75;65.75;12477.9;1214.40;10.59;3.48;1.55;189707.44;18548.40;24859.38;22009.9;8.62;0.84;1.13;05/02/2024 16:12:23;
06/02/2024;4;2.0TD;3;0.000075469930000000;0.248;1.375891866;116.652409;0.557;2.195;113.900409;68.39;5.73217;0.80125;0.75;0.25;74.02792;96.95660;101.96000;97.42000;68.27000;2496.1;275.0;177.0;48.0;15.58;0.000;0.17498;0.03702;0.00;0.000;0.000;1.369;0.565;0.000;0.557;91.266;68.88;62.89;12414.6;1114.10;10.55;3.48;1.55;210295.56;18948.00;0.00;21721.8;9.68;0.87;0.00;05/02/2024 16:12:23;
06/02/2024;5;2.0TD;3;0.000073713737000000;0.246;1.368767193;112.460249;0.557;2.195;109.708249;64.72;5.73217;0.80125;0.75;0.25;74.02792;96.95660;101.96000;97.42000;68.27000;2496.1;275.0;177.0;48.0;16.08;0.000;0.17498;0.03702;0.00;0.000;0.000;1.321;0.565;0.000;0.557;88.048;65.10;60.49;12442.3;1112.30;11.05;3.48;1.55;216821.72;22386.00;0.00;21644.0;10.02;1.03;0.00;05/02/2024 16:12:23;
06/02/2024;6;2.0TD;3;0.000076377055000000;0.240;1.335309906;115.658158;0.557;2.195;112.906158;68.39;5.73217;0.80125;0.75;0.25;74.02792;96.95660;101.96000;97.42000;68.27000;2496.1;275.0;177.0;48.0;15.37;0.000;0.17498;0.03702;0.00;0.000;0.000;1.366;0.565;0.000;0.557;91.053;68.88;63.18;12196.9;1140.50;10.34;3.48;1.55;210495.32;20467.20;0.00;22335.3;9.42;0.92;0.00;05/02/2024 16:12:23;
06/02/2024;7;2.0TD;3;0.000088302446000000;0.221;1.229255825;114.795055;0.557;2.195;112.043055;74.12;5.73217;0.80125;0.75;0.25;74.02792;96.95660;101.96000;97.42000;68.27000;2496.1;275.0;177.0;48.0;10.34;0.000;0.17498;0.03702;0.00;0.000;0.000;1.376;0.565;0.000;0.557;91.763;74.50;70.20;13131.7;1263.00;5.31;3.48;1.55;92480.44;16235.68;24859.38;25192.5;3.67;0.64;0.99;05/02/2024 16:12:23;
06/02/2024;8;2.0TD;3;0.000114544097000000;0.209;1.161254903;119.622830;0.557;2.195;116.870830;82.06;5.73217;0.80125;0.75;0.25;74.02792;96.95660;101.96000;97.42000;68.27000;2496.1;275.0;177.0;48.0;7.23;0.000;0.17498;0.03702;0.00;0.000;0.000;1.450;0.565;0.000;0.557;96.667;82.06;82.06;16470.0;1214.80;2.20;3.48;1.55;27669.76;12624.48;24859.38;29535.6;0.94;0.43;0.84;05/02/2024 16:12:23;
06/02/2024;9;2.0TD;2;0.000125407270000000;0.197;1.206570209;190.858365;19.184;8.779;162.895365;120.78;5.73217;0.80125;0.75;0.25;74.02792;96.95660;101.96000;97.42000;68.27000;2496.1;275.0;177.0;48.0;7.16;0.178;0.17498;0.03702;0.00;0.000;0.000;2.041;0.565;0.000;0.557;136.086;121.06;118.05;17733.2;1793.00;2.13;3.48;1.55;4650.48;37642.00;24859.38;31545.4;0.15;1.19;0.79;05/02/2024 16:12:23;
06/02/2024;10;2.0TD;2;0.000127998646000000;0.191;1.171401399;159.668965;19.184;8.779;131.705965;95.65;5.73217;0.80125;0.75;0.25;74.02792;96.95660;101.96000;97.42000;68.27000;2496.1;275.0;177.0;48.0;7.17;0.178;0.17498;0.03702;0.00;0.000;0.000;1.659;0.565;0.000;0.557;110.584;96.06;91.06;17847.9;1573.20;2.14;3.48;1.55;14706.76;28791.80;24859.38;32068.9;0.46;0.90;0.78;05/02/2024 16:12:23;
06/02/2024;11;2.0TD;1;0.000131402803000000;0.187;1.122233314;192.378121;33.081;43.893;115.404121;79.46;5.73217;0.80125;0.75;0.25;74.02792;96.95660;101.96000;97.42000;68.27000;2496.1;275.0;177.0;48.0;9.31;1.068;0.17498;0.03702;0.00;0.000;0.000;1.458;0.565;0.000;0.557;97.223;79.61;77.62;17374.1;1399.50;4.28;3.48;1.55;24822.48;86160.00;24859.38;31718.4;0.78;2.72;0.78;05/02/2024 16:12:23;
06/02/2024;12;2.0TD;1;0.000129202529000000;0.191;1.141098644;185.972359;33.081;43.893;108.998359;72.41;5.73217;0.80125;0.75;0.25;74.02792;96.95660;101.96000;97.42000;68.27000;2496.1;275.0;177.0;48.0;10.74;1.068;0.17498;0.03702;0.00;0.000;0.000;1.373;0.565;0.000;0.557;91.518;72.48;71.49;18326.3;1430.80;5.71;3.48;1.55;31876.88;122131.80;24859.38;31305.0;1.02;3.90;0.79;05/02/2024 16:12:23;
06/02/2024;13;2.0TD;1;0.000128677059000000;0.185;1.108936361;182.234414;33.081;43.893;105.260414;70.89;5.73217;0.80125;0.75;0.25;74.02792;96.95660;101.96000;97.42000;68.27000;2496.1;275.0;177.0;48.0;9.61;1.068;0.17498;0.03702;0.00;0.000;0.000;1.332;0.565;0.000;0.557;88.827;71.00;69.46;18639.9;1400.00;4.58;3.48;1.55;36483.60;79850.00;24859.38;30861.9;1.18;2.59;0.81;05/02/2024 16:12:23;
06/02/2024;14;2.0TD;1;0.000134974914000000;0.183;1.098591213;165.447439;33.081;43.893;88.473439;56.48;5.73217;0.80125;0.75;0.25;74.02792;96.95660;101.96000;97.42000;68.27000;2496.1;275.0;177.0;48.0;10.19;1.068;0.17498;0.03702;0.00;0.000;0.000;1.122;0.565;0.000;0.557;74.787;56.47;56.63;18908.1;1161.40;5.16;3.48;1.55;44097.68;89128.60;24859.38;30653.8;1.44;2.91;0.81;05/02/2024 16:12:23;
06/02/2024;15;2.0TD;2;0.000135577357000000;0.185;1.136860751;109.704719;19.184;8.779;81.741719;51.54;5.73217;0.80125;0.75;0.25;74.02792;96.95660;101.96000;97.42000;68.27000;2496.1;275.0;177.0;48.0;10.30;0.178;0.17498;0.03702;0.00;0.000;0.000;1.035;0.565;0.000;0.557;68.980;51.50;52.37;19642.9;1028.30;5.27;3.48;1.55;46839.80;87725.00;24859.38;30261.9;1.55;2.90;0.82;05/02/2024 16:12:23;
06/02/2024;16;2.0TD;2;0.000129584277000000;0.190;1.166475965;116.959951;19.184;8.779;88.996951;56.46;5.73217;0.80125;0.75;0.25;74.02792;96.95660;101.96000;97.42000;68.27000;2496.1;275.0;177.0;48.0;11.10;0.178;0.17498;0.03702;0.00;0.000;0.000;1.122;0.565;0.000;0.557;74.787;56.44;56.72;17900.8;1075.20;6.07;3.48;1.55;48569.96;106407.60;24859.38;29652.5;1.64;3.59;0.84;05/02/2024 16:12:23;
06/02/2024;17;2.0TD;2;0.000124954429000000;0.191;1.173722057;122.547877;19.184;8.779;94.584877;61.40;5.73217;0.80125;0.75;0.25;74.02792;96.95660;101.96000;97.42000;68.27000;2496.1;275.0;177.0;48.0;10.72;0.178;0.17498;0.03702;0.00;0.000;0.000;1.191;0.565;0.000;0.557;79.416;61.33;62.42;17284.8;1116.80;5.69;3.48;1.55;42062.76;100232.80;24859.38;29411.1;1.43;3.41;0.85;05/02/2024 16:12:23;
06/02/2024;18;2.0TD;2;0.000127392030000000;0.193;1.183412739;133.559431;19.184;8.779;105.596431;71.01;5.73217;0.80125;0.75;0.25;74.02792;96.95660;101.96000;97.42000;68.27000;2496.1;275.0;177.0;48.0;10.07;0.178;0.17498;0.03702;0.00;0.000;0.000;1.328;0.565;0.000;0.557;88.513;71.00;71.10;16747.5;985.90;5.04;3.48;1.55;32346.20;89850.00;24859.38;29164.8;1.11;3.08;0.85;05/02/2024 16:12:23;
06/02/2024;19;2.0TD;1;0.000141502211000000;0.191;1.145052676;190.300453;33.081;43.893;113.326453;78.77;5.73217;0.80125;0.75;0.25;74.02792;96.95660;101.96000;97.42000;68.27000;2496.1;275.0;177.0;48.0;7.96;1.068;0.17498;0.03702;0.00;0.000;0.000;1.427;0.565;0.000;0.557;95.152;78.77;78.78;16139.4;1148.40;2.93;3.48;1.55;25090.80;38893.60;24859.38;30324.0;0.83;1.28;0.82;05/02/2024 16:12:23;
06/02/2024;20;2.0TD;1;0.000169859483000000;0.195;1.166509705;202.522318;33.081;43.893;125.548318;88.95;5.73217;0.80125;0.75;0.25;74.02792;96.95660;101.96000;97.42000;68.27000;2496.1;275.0;177.0;48.0;7.54;1.068;0.17498;0.03702;0.00;0.000;0.000;1.576;0.565;0.000;0.557;105.061;89.01;88.02;18126.4;1251.70;2.51;3.48;1.55;39943.68;16269.00;24859.38;32376.5;1.23;0.50;0.77;05/02/2024 16:12:23;
06/02/2024;21;2.0TD;1;0.000186740185000000;0.195;1.168866128;202.206838;33.081;43.893;125.232838;88.82;5.73217;0.80125;0.75;0.25;74.02792;96.95660;101.96000;97.42000;68.27000;2496.1;275.0;177.0;48.0;7.41;1.068;0.17498;0.03702;0.00;0.000;0.000;1.572;0.565;0.000;0.557;104.797;88.87;88.12;18428.4;1213.30;2.38;3.48;1.55;40571.48;13334.20;24859.38;33032.5;1.23;0.40;0.75;05/02/2024 16:12:23;
06/02/2024;22;2.0TD;1;0.000188607031000000;0.194;1.161036239;189.968612;33.081;43.893;112.994612;78.29;5.73217;0.80125;0.75;0.25;74.02792;96.95660;101.96000;97.42000;68.27000;2496.1;275.0;177.0;48.0;7.93;1.068;0.17498;0.03702;0.00;0.000;0.000;1.420;0.565;0.000;0.557;94.635;78.28;78.40;18446.5;1074.80;2.90;3.48;1.55;47340.88;19944.36;24859.38;31769.2;1.49;0.63;0.78;05/02/2024 16:12:23;
06/02/2024;23;2.0TD;2;0.000170010885000000;0.199;1.220279565;131.582203;19.184;8.779;103.619203;69.12;5.73217;0.80125;0.75;0.25;74.02792;96.95660;101.96000;97.42000;68.27000;2496.1;275.0;177.0;48.0;9.90;0.178;0.17498;0.03702;0.00;0.000;0.000;1.296;0.565;0.000;0.557;86.421;69.03;70.61;16588.6;960.20;4.87;3.48;1.55;34655.16;80149.16;24859.38;28683.1;1.21;2.79;0.87;05/02/2024 16:12:23;
06/02/2024;24;2.0TD;2;0.000140218033000000;0.205;1.254912906;116.614071;19.184;8.779;88.651071;56.38;5.73217;0.80125;0.75;0.25;74.02792;96.95660;101.96000;97.42000;68.27000;2496.1;275.0;177.0;48.0;9.98;0.178;0.17498;0.03702;0.00;0.000;0.000;1.104;0.565;0.000;0.557;73.569;56.09;61.70;15687.4;853.80;4.95;3.48;1.55;30645.48;71865.00;24859.38;25759.3;1.19;2.79;0.97;05/02/2024 16:12:23;
*
