pvpcdata;
2024;06;11;12;31;06;
17/05/2024;1;2.0TD;3;0.000084732623000000;0.187;1.036536155;132.424670;0.557;2.195;129.672670;90.34;5.49928;1.12463;0.75;0.25;53.42167;75.41880;101.96000;48.69000;28.32000;1742.8;275.0;154.0;61.0;9.36;0.000;0.17498;0.04096;0.00;0.000;1.639;0.947;0.000;0.557;109.244;90.34;90.34;17275.7;1545.00;4.95;3.16;1.25;74682.44;16053.96;24859.38;23348.1;3.20;0.69;1.06;16/05/2024 16:12:12;
17/05/2024;2;2.0TD;3;0.000071390610000000;0.190;1.057929320;122.422013;0.557;2.195;119.670013;80.23;5.49928;1.12463;0.75;0.25;53.42167;75.41880;101.96000;48.69000;28.32000;1742.8;275.0;154.0;61.0;10.92;0.000;0.17498;0.04096;0.00;0.000;1.508;0.947;0.000;0.557;100.563;80.32;78.98;16364.6;1147.50;6.51;3.16;1.25;94715.88;25008.36;24859.38;22196.2;4.27;1.13;1.12;16/05/2024 16:12:12;
17/05/2024;3;2.0TD;3;0.000063540941000000;0.190;1.058185379;108.842923;0.557;2.195;106.090923;67.51;5.49928;1.12463;0.75;0.25;53.42167;75.41880;101.96000;48.69000;28.32000;1742.8;275.0;154.0;61.0;12.40;0.000;0.17498;0.04096;0.00;0.000;1.337;0.947;0.000;0.557;89.152;67.51;67.51;15861.6;1020.30;7.99;3.16;1.25;121550.04;25024.00;24859.38;21450.3;5.67;1.17;1.16;16/05/2024 16:12:12;
17/05/2024;4;2.0TD;3;0.000059960376000000;0.189;1.051883117;100.220317;0.557;2.195;97.468317;60.00;5.49928;1.12463;0.75;0.25;53.42167;75.41880;101.96000;48.69000;28.32000;1742.8;275.0;154.0;61.0;12.84;0.000;0.17498;0.04096;0.00;0.000;1.230;0.947;0.000;0.557;81.975;60.00;60.00;15693.9;974.70;8.43;3.16;1.25;152643.96;25024.00;0.00;21064.3;7.25;1.19;0.00;16/05/2024 16:12:12;
17/05/2024;5;2.0TD;3;0.000058605304000000;0.188;1.046132265;89.995198;0.557;2.195;87.243198;50.60;5.49928;1.12463;0.75;0.25;53.42167;75.41880;101.96000;48.69000;28.32000;1742.8;275.0;154.0;61.0;13.83;0.000;0.17498;0.04096;0.00;0.000;1.102;0.947;0.000;0.557;73.437;50.60;50.59;15819.5;1024.60;9.42;3.16;1.25;170014.64;26748.96;0.00;20884.2;8.14;1.28;0.00;16/05/2024 16:12:12;
17/05/2024;6;2.0TD;3;0.000059884693000000;0.185;1.028307749;99.254887;0.557;2.195;96.502887;59.50;5.49928;1.12463;0.75;0.25;53.42167;75.41880;101.96000;48.69000;28.32000;1742.8;275.0;154.0;61.0;12.81;0.000;0.17498;0.04096;0.00;0.000;1.222;0.947;0.000;0.557;81.437;59.50;59.50;15833.7;1030.40;8.40;3.16;1.25;153729.08;24992.72;0.00;21284.8;7.22;1.17;0.00;16/05/2024 16:12:12;
17/05/2024;7;2.0TD;3;0.000065714895000000;0.176;0.977999296;107.332546;0.557;2.195;104.580546;67.78;5.49928;1.12463;0.75;0.25;53.42167;75.41880;101.96000;48.69000;28.32000;1742.8;275.0;154.0;61.0;11.91;0.000;0.17498;0.04096;0.00;0.000;1.334;0.947;0.000;0.557;88.929;67.78;67.78;17103.2;1225.10;7.50;3.16;1.25;125656.44;24992.72;24859.38;23387.5;5.37;1.07;1.06;16/05/2024 16:12:12;
17/05/2024;8;2.0TD;3;0.000078002003000000;0.169;0.938874091;142.586653;0.557;2.195;139.834653;102.24;5.49928;1.12463;0.75;0.25;53.42167;75.41880;101.96000;48.69000;28.32000;1742.8;275.0;154.0;61.0;7.68;0.000;0.17498;0.04096;0.00;0.000;1.794;0.947;0.000;0.557;119.619;102.66;97.66;18824.2;1732.90;3.27;3.16;1.25;40597.36;19200.00;24859.38;25856.1;1.57;0.74;0.96;16/05/2024 16:12:12;
17/05/2024;9;2.0TD;2;0.000090743237000000;0.181;1.110017999;156.421593;19.184;8.779;128.458593;89.03;5.49928;1.12463;0.75;0.25;53.42167;75.41880;101.96000;48.69000;28.32000;1742.8;275.0;154.0;61.0;10.05;0.154;0.17498;0.04096;0.00;0.000;1.632;0.947;0.000;0.557;108.771;89.46;84.46;20007.6;1860.80;5.64;3.16;1.25;56272.16;72641.72;24859.38;27238.6;2.07;2.67;0.91;16/05/2024 16:12:12;
17/05/2024;10;2.0TD;2;0.000096679994000000;0.148;0.910487295;110.664961;19.184;8.779;82.701961;49.84;5.49928;1.12463;0.75;0.25;53.42167;75.41880;101.96000;48.69000;28.32000;1742.8;275.0;154.0;61.0;13.06;0.154;0.17498;0.04096;0.00;0.000;1.081;0.947;0.000;0.557;72.040;49.84;49.84;22375.2;1388.20;8.65;3.16;1.25;116566.80;94712.52;24859.38;27298.2;4.27;3.47;0.91;16/05/2024 16:12:12;
17/05/2024;11;2.0TD;1;0.000101251712000000;0.150;0.896776570;143.733841;33.081;43.893;66.759841;35.01;5.49928;1.12463;0.75;0.25;53.42167;75.41880;101.96000;48.69000;28.32000;1742.8;275.0;154.0;61.0;13.34;0.926;0.17498;0.04096;0.00;0.000;0.871;0.947;0.000;0.557;58.052;35.01;35.01;24786.8;1351.00;8.93;3.16;1.25;145354.96;71824.88;24859.38;27103.1;5.36;2.65;0.92;16/05/2024 16:12:12;
17/05/2024;12;2.0TD;1;0.000102867082000000;0.153;0.915283145;143.510212;33.081;43.893;66.536212;33.02;5.49928;1.12463;0.75;0.25;53.42167;75.41880;101.96000;48.69000;28.32000;1742.8;275.0;154.0;61.0;14.99;0.926;0.17498;0.04096;0.00;0.000;0.866;0.947;0.000;0.557;57.707;33.49;25.72;26073.9;1689.20;10.58;3.16;1.25;222992.36;40143.60;24859.38;27204.0;8.20;1.48;0.91;16/05/2024 16:12:12;
17/05/2024;13;2.0TD;1;0.000106459015000000;0.154;0.921116239;143.145555;33.081;43.893;66.171555;35.05;5.49928;1.12463;0.75;0.25;53.42167;75.41880;101.96000;48.69000;28.32000;1742.8;275.0;154.0;61.0;12.60;0.926;0.17498;0.04096;0.00;0.000;0.860;0.947;0.000;0.557;57.341;35.01;36.01;27099.8;1249.90;8.19;3.16;1.25;161908.92;32955.12;24859.38;26836.9;6.03;1.23;0.93;16/05/2024 16:12:12;
17/05/2024;14;2.0TD;1;0.000112954071000000;0.148;0.888057958;129.200005;33.081;43.893;52.226005;20.61;5.49928;1.12463;0.75;0.25;53.42167;75.41880;101.96000;48.69000;28.32000;1742.8;275.0;154.0;61.0;15.37;0.926;0.17498;0.04096;0.00;0.000;0.682;0.947;0.000;0.557;45.493;20.39;25.12;26528.9;1306.60;10.96;3.16;1.25;230451.60;38648.40;24859.38;26834.4;8.59;1.44;0.93;16/05/2024 16:12:12;
17/05/2024;15;2.0TD;2;0.000112988760000000;0.168;1.031831309;75.713218;19.184;8.779;47.750218;17.01;5.49928;1.12463;0.75;0.25;53.42167;75.41880;101.96000;48.69000;28.32000;1742.8;275.0;154.0;61.0;15.20;0.154;0.17498;0.04096;0.00;0.000;0.613;0.947;0.000;0.557;40.882;16.84;20.12;27148.2;1519.80;10.79;3.16;1.25;232550.28;27081.60;24859.38;26365.6;8.82;1.03;0.94;16/05/2024 16:12:12;
17/05/2024;16;2.0TD;2;0.000103944652000000;0.176;1.080719340;70.870578;19.184;8.779;42.907578;11.90;5.49928;1.12463;0.75;0.25;53.42167;75.41880;101.96000;48.69000;28.32000;1742.8;275.0;154.0;61.0;15.98;0.154;0.17498;0.04096;0.00;0.000;0.547;0.947;0.000;0.557;36.486;11.90;11.90;27262.9;1501.00;11.57;3.16;1.25;248208.20;23418.72;24859.38;25621.8;9.69;0.91;0.97;16/05/2024 16:12:12;
17/05/2024;17;2.0TD;2;0.000097695575000000;0.180;1.101996053;69.327942;19.184;8.779;41.364942;10.45;5.49928;1.12463;0.75;0.25;53.42167;75.41880;101.96000;48.69000;28.32000;1742.8;275.0;154.0;61.0;16.02;0.154;0.17498;0.04096;0.00;0.000;0.526;0.947;0.000;0.557;35.055;10.61;7.61;27370.5;1583.30;11.61;3.16;1.25;247848.88;20000.16;24859.38;25220.0;9.83;0.79;0.99;16/05/2024 16:12:12;
17/05/2024;18;2.0TD;2;0.000096860355000000;0.185;1.133876759;77.996112;19.184;8.779;50.033112;17.94;5.49928;1.12463;0.75;0.25;53.42167;75.41880;101.96000;48.69000;28.32000;1742.8;275.0;154.0;61.0;15.59;0.154;0.17498;0.04096;0.00;0.000;0.633;0.947;0.000;0.557;42.222;17.74;22.12;26662.5;1295.90;11.18;3.16;1.25;215456.00;38544.00;24859.38;24959.4;8.63;1.54;1.00;16/05/2024 16:12:12;
17/05/2024;19;2.0TD;1;0.000097091376000000;0.160;0.959955599;140.568721;33.081;43.893;63.594721;29.38;5.49928;1.12463;0.75;0.25;53.42167;75.41880;101.96000;48.69000;28.32000;1742.8;275.0;154.0;61.0;15.79;0.926;0.17498;0.04096;0.00;0.000;0.822;0.947;0.000;0.557;54.823;29.57;26.00;24663.0;1412.70;11.38;3.16;1.25;180507.84;85680.96;24859.38;25572.4;7.06;3.35;0.97;16/05/2024 16:12:12;
17/05/2024;20;2.0TD;1;0.000098456146000000;0.163;0.975425116;147.900760;33.081;43.893;70.926760;37.93;5.49928;1.12463;0.75;0.25;53.42167;75.41880;101.96000;48.69000;28.32000;1742.8;275.0;154.0;61.0;13.31;0.926;0.17498;0.04096;0.00;0.000;0.915;0.947;0.000;0.557;60.986;37.93;37.93;22922.3;1264.60;8.90;3.16;1.25;116987.08;89939.20;24859.38;26035.4;4.49;3.45;0.95;16/05/2024 16:12:12;
17/05/2024;21;2.0TD;1;0.000104894681000000;0.165;0.989199529;175.686822;33.081;43.893;98.712822;64.80;5.49928;1.12463;0.75;0.25;53.42167;75.41880;101.96000;48.69000;28.32000;1742.8;275.0;154.0;61.0;9.83;0.926;0.17498;0.04096;0.00;0.000;1.271;0.947;0.000;0.557;84.732;64.80;64.79;19743.2;981.10;5.42;3.16;1.25;69032.24;49227.48;24859.38;26425.4;2.61;1.86;0.94;16/05/2024 16:12:12;
17/05/2024;22;2.0TD;1;0.000121569247000000;0.169;1.013697407;196.153592;33.081;43.893;119.179592;84.04;5.49928;1.12463;0.75;0.25;53.42167;75.41880;101.96000;48.69000;28.32000;1742.8;275.0;154.0;61.0;7.55;0.926;0.17498;0.04096;0.00;0.000;1.529;0.947;0.000;0.557;101.950;84.24;81.04;18781.1;1232.30;3.14;3.16;1.25;46216.88;14391.00;24859.38;27230.3;1.70;0.53;0.91;16/05/2024 16:12:12;
17/05/2024;23;2.0TD;2;0.000121202083000000;0.199;1.222002198;155.445519;19.184;8.779;127.482519;89.31;5.49928;1.12463;0.75;0.25;53.42167;75.41880;101.96000;48.69000;28.32000;1742.8;275.0;154.0;61.0;7.36;0.154;0.17498;0.04096;0.00;0.000;1.595;0.947;0.000;0.557;106.324;89.40;87.90;19271.8;1223.20;2.95;3.16;1.25;36946.56;14400.00;24859.38;25862.2;1.43;0.56;0.96;16/05/2024 16:12:12;
17/05/2024;24;2.0TD;2;0.000105027423000000;0.205;1.256049157;142.454913;19.184;8.779;114.491913;77.25;5.49928;1.12463;0.75;0.25;53.42167;75.41880;101.96000;48.69000;28.32000;1742.8;275.0;154.0;61.0;8.28;0.154;0.17498;0.04096;0.00;0.000;1.425;0.947;0.000;0.557;95.014;77.18;78.38;17736.1;1070.70;3.87;3.16;1.25;48429.28;18612.36;24859.38;23764.1;2.04;0.78;1.05;16/05/2024 16:12:12;
*
