pvpcdata;
2024;12;11;12;05;28;
10/11/2024;1;2.0TD;3;0.000101679115000000;0.225;1.251022213;162.566145;0.557;2.195;159.814145;104.23;0.55305;1.01822;0.75;0.25;90.90458;93.11680;101.96000;84.74000;75.52000;2046.7;275.0;200.0;46.0;21.99;0.000;0.17498;0.04096;0.00;0.000;1.957;0.947;0.000;0.557;130.460;104.99;97.54;15240.0;1726.30;17.75;3.21;1.03;326416.20;25174.80;24859.38;21203.5;15.39;1.19;1.17;09/11/2024 17:13:25;
10/11/2024;2;2.0TD;3;0.000086447301000000;0.234;1.300356239;162.374251;0.557;2.195;159.622251;101.74;0.55305;1.01822;0.75;0.25;90.90458;93.11680;101.96000;84.74000;75.52000;2046.7;275.0;200.0;46.0;23.39;0.000;0.17498;0.04096;0.00;0.000;1.940;0.947;0.000;0.557;129.353;102.28;96.84;15489.1;1689.50;19.15;3.21;1.03;351576.40;27892.08;0.00;19819.6;17.74;1.41;0.00;09/11/2024 17:13:25;
10/11/2024;3;2.0TD;3;0.000075756820000000;0.242;1.347077912;160.672954;0.557;2.195;157.920954;97.46;0.55305;1.01822;0.75;0.25;90.90458;93.11680;101.96000;84.74000;75.52000;2046.7;275.0;200.0;46.0;25.50;0.000;0.17498;0.04096;0.00;0.000;1.907;0.947;0.000;0.557;127.150;97.69;94.61;15124.9;1218.10;21.26;3.21;1.03;365344.00;32447.52;0.00;18711.8;19.52;1.73;0.00;09/11/2024 17:13:25;
10/11/2024;4;2.0TD;3;0.000069625495000000;0.247;1.371549336;156.865645;0.557;2.195;154.113645;92.45;0.55305;1.01822;0.75;0.25;90.90458;93.11680;101.96000;84.74000;75.52000;2046.7;275.0;200.0;46.0;27.00;0.000;0.17498;0.04096;0.00;0.000;1.854;0.947;0.000;0.557;123.587;92.52;91.32;14326.5;901.20;22.76;3.21;1.03;378545.56;37642.32;0.00;18287.7;20.70;2.06;0.00;09/11/2024 17:13:25;
10/11/2024;5;2.0TD;3;0.000066862664000000;0.249;1.383285496;155.882555;0.557;2.195;153.130555;89.99;0.55305;1.01822;0.75;0.25;90.90458;93.11680;101.96000;84.74000;75.52000;2046.7;275.0;200.0;46.0;28.49;0.000;0.17498;0.04096;0.00;0.000;1.839;0.947;0.000;0.557;122.602;90.00;89.85;14010.7;844.60;24.25;3.21;1.03;384427.00;50189.76;0.00;17919.3;21.45;2.80;0.00;09/11/2024 17:13:25;
10/11/2024;6;2.0TD;3;0.000066743302000000;0.247;1.372808949;155.118598;0.557;2.195;152.366598;89.19;0.55305;1.01822;0.75;0.25;90.90458;93.11680;101.96000;84.74000;75.52000;2046.7;275.0;200.0;46.0;28.88;0.000;0.17498;0.04096;0.00;0.000;1.833;0.947;0.000;0.557;122.186;89.18;89.28;13967.3;966.20;24.64;3.21;1.03;385923.48;55304.64;0.00;17908.2;21.55;3.09;0.00;09/11/2024 17:13:25;
10/11/2024;7;2.0TD;3;0.000068557298000000;0.238;1.324847691;157.978044;0.557;2.195;155.226044;94.88;0.55305;1.01822;0.75;0.25;90.90458;93.11680;101.96000;84.74000;75.52000;2046.7;275.0;200.0;46.0;26.34;0.000;0.17498;0.04096;0.00;0.000;1.881;0.947;0.000;0.557;125.384;95.09;92.09;14338.8;1086.70;22.10;3.21;1.03;372283.16;35084.88;0.00;18435.8;20.19;1.90;0.00;09/11/2024 17:13:25;
10/11/2024;8;2.0TD;3;0.000072272760000000;0.228;1.266046099;162.633334;0.557;2.195;159.881334;101.77;0.55305;1.01822;0.75;0.25;90.90458;93.11680;101.96000;84.74000;75.52000;2046.7;275.0;200.0;46.0;24.19;0.000;0.17498;0.04096;0.00;0.000;1.953;0.947;0.000;0.557;130.196;102.45;96.45;14321.3;1842.50;19.95;3.21;1.03;351286.64;27732.24;0.00;19002.5;18.49;1.46;0.00;09/11/2024 17:13:25;
10/11/2024;9;2.0TD;3;0.000080344244000000;0.216;1.199504572;162.650560;0.557;2.195;159.898560;97.50;0.55305;1.01822;0.75;0.25;90.90458;93.11680;101.96000;84.74000;75.52000;2046.7;275.0;200.0;46.0;29.74;0.000;0.17498;0.04096;0.00;0.000;1.972;0.947;0.000;0.557;131.495;97.95;92.95;15252.2;1500.20;25.50;3.21;1.03;367015.00;137258.16;0.00;19777.4;18.56;6.94;0.00;09/11/2024 17:13:25;
10/11/2024;10;2.0TD;3;0.000099424716000000;0.188;1.046213844;130.240469;0.557;2.195;127.488469;82.63;0.55305;1.01822;0.75;0.25;90.90458;93.11680;101.96000;84.74000;75.52000;2046.7;275.0;200.0;46.0;20.79;0.000;0.17498;0.04096;0.00;0.000;1.610;0.947;0.000;0.557;107.313;82.78;80.00;18510.8;1042.40;16.55;3.21;1.03;157879.60;193566.40;0.00;21229.1;7.44;9.12;0.00;09/11/2024 17:13:25;
10/11/2024;11;2.0TD;3;0.000112983682000000;0.170;0.944774162;104.540276;0.557;2.195;101.788276;65.20;0.55305;1.01822;0.75;0.25;90.90458;93.11680;101.96000;84.74000;75.52000;2046.7;275.0;200.0;46.0;18.21;0.000;0.17498;0.04096;0.00;0.000;1.305;0.947;0.000;0.557;86.998;65.20;65.20;22217.4;1252.40;13.97;3.21;1.03;188884.44;125200.00;0.00;22487.2;8.40;5.57;0.00;09/11/2024 17:13:25;
10/11/2024;12;2.0TD;3;0.000116841776000000;0.166;0.921727506;83.997162;0.557;2.195;81.245162;50.00;0.55305;1.01822;0.75;0.25;90.90458;93.11680;101.96000;84.74000;75.52000;2046.7;275.0;200.0;46.0;16.35;0.000;0.17498;0.04096;0.00;0.000;1.045;0.947;0.000;0.557;69.678;50.00;50.00;23119.0;1003.10;12.11;3.21;1.03;205521.64;73602.00;0.00;23041.9;8.92;3.19;0.00;09/11/2024 17:13:25;
10/11/2024;13;2.0TD;3;0.000116648276000000;0.164;0.909176680;81.506525;0.557;2.195;78.754525;47.68;0.55305;1.01822;0.75;0.25;90.90458;93.11680;101.96000;84.74000;75.52000;2046.7;275.0;200.0;46.0;16.68;0.000;0.17498;0.04096;0.00;0.000;1.015;0.947;0.000;0.557;67.658;48.40;30.74;23918.8;1010.00;12.44;3.21;1.03;219547.52;71170.80;0.00;23376.5;9.39;3.04;0.00;09/11/2024 17:13:25;
10/11/2024;14;2.0TD;3;0.000123080964000000;0.160;0.890578686;81.601290;0.557;2.195;78.849290;48.30;0.55305;1.01822;0.75;0.25;90.90458;93.11680;101.96000;84.74000;75.52000;2046.7;275.0;200.0;46.0;16.37;0.000;0.17498;0.04096;0.00;0.000;1.020;0.947;0.000;0.557;67.973;49.01;32.11;24151.0;1056.50;12.13;3.21;1.03;218460.04;70980.00;0.00;23857.9;9.16;2.98;0.00;09/11/2024 17:13:25;
10/11/2024;15;2.0TD;3;0.000123712066000000;0.164;0.913039513;81.624089;0.557;2.195;78.872089;48.37;0.55305;1.01822;0.75;0.25;90.90458;93.11680;101.96000;84.74000;75.52000;2046.7;275.0;200.0;46.0;16.09;0.000;0.17498;0.04096;0.00;0.000;1.016;0.947;0.000;0.557;67.759;49.01;34.01;24154.7;1079.90;11.85;3.21;1.03;209988.52;73226.40;0.00;23895.9;8.79;3.06;0.00;09/11/2024 17:13:25;
10/11/2024;16;2.0TD;3;0.000111199772000000;0.176;0.980341367;87.356411;0.557;2.195;84.604411;50.31;0.55305;1.01822;0.75;0.25;90.90458;93.11680;101.96000;84.74000;75.52000;2046.7;275.0;200.0;46.0;18.27;0.000;0.17498;0.04096;0.00;0.000;1.079;0.947;0.000;0.557;71.942;50.24;51.99;23172.2;972.80;14.03;3.21;1.03;194801.16;124071.36;0.00;22733.9;8.57;5.46;0.00;09/11/2024 17:13:25;
10/11/2024;17;2.0TD;3;0.000105667728000000;0.188;1.046829035;130.324817;0.557;2.195;127.572817;83.29;0.55305;1.01822;0.75;0.25;90.90458;93.11680;101.96000;84.74000;75.52000;2046.7;275.0;200.0;46.0;20.20;0.000;0.17498;0.04096;0.00;0.000;1.611;0.947;0.000;0.557;107.384;83.20;84.99;18877.7;966.10;15.96;3.21;1.03;148502.00;205326.00;0.00;22166.6;6.70;9.26;0.00;09/11/2024 17:13:25;
10/11/2024;18;2.0TD;3;0.000109717840000000;0.204;1.133247959;166.512286;0.557;2.195;163.760286;115.83;0.55305;1.01822;0.75;0.25;90.90458;93.11680;101.96000;84.74000;75.52000;2046.7;275.0;200.0;46.0;15.86;0.000;0.17498;0.04096;0.00;0.000;2.040;0.947;0.000;0.557;136.013;116.00;113.00;15941.4;969.70;11.62;3.21;1.03;101031.52;157528.08;0.00;22257.2;4.54;7.08;0.00;09/11/2024 17:13:25;
10/11/2024;19;2.0TD;3;0.000130791222000000;0.203;1.129440273;172.800292;0.557;2.195;170.048292;127.79;0.55305;1.01822;0.75;0.25;90.90458;93.11680;101.96000;84.74000;75.52000;2046.7;275.0;200.0;46.0;9.16;0.000;0.17498;0.04096;0.00;0.000;2.120;0.947;0.000;0.557;141.353;127.99;124.94;17250.4;1195.40;4.92;3.21;1.03;44146.16;72646.72;0.00;23738.2;1.86;3.06;0.00;09/11/2024 17:13:25;
10/11/2024;20;2.0TD;3;0.000144888659000000;0.203;1.128855705;170.040610;0.557;2.195;167.288610;127.85;0.55305;1.01822;0.75;0.25;90.90458;93.11680;101.96000;84.74000;75.52000;2046.7;275.0;200.0;46.0;6.84;0.000;0.17498;0.04096;0.00;0.000;2.086;0.947;0.000;0.557;139.059;128.02;125.02;17383.7;1055.00;2.60;3.21;1.03;44301.40;19980.00;0.00;24747.2;1.79;0.81;0.00;09/11/2024 17:13:25;
10/11/2024;21;2.0TD;3;0.000155002579000000;0.203;1.126512113;167.658670;0.557;2.195;164.906670;125.12;0.55305;1.01822;0.75;0.25;90.90458;93.11680;101.96000;84.74000;75.52000;2046.7;275.0;200.0;46.0;7.62;0.000;0.17498;0.04096;0.00;0.000;2.056;0.947;0.000;0.557;137.079;125.31;122.31;16739.1;1130.50;3.38;3.21;1.03;46479.92;39680.48;0.00;25490.5;1.82;1.56;0.00;09/11/2024 17:13:25;
10/11/2024;22;2.0TD;3;0.000154570369000000;0.202;1.123150661;156.173509;0.557;2.195;153.421509;115.25;0.55305;1.01822;0.75;0.25;90.90458;93.11680;101.96000;84.74000;75.52000;2046.7;275.0;200.0;46.0;8.19;0.000;0.17498;0.04096;0.00;0.000;1.915;0.947;0.000;0.557;127.638;115.28;114.88;15396.7;1352.90;3.95;3.21;1.03;34533.80;39960.00;24859.38;25146.4;1.37;1.59;0.99;09/11/2024 17:13:25;
10/11/2024;23;2.0TD;3;0.000137722571000000;0.205;1.141018949;154.084969;0.557;2.195;151.332969;111.10;0.55305;1.01822;0.75;0.25;90.90458;93.11680;101.96000;84.74000;75.52000;2046.7;275.0;200.0;46.0;10.32;0.000;0.17498;0.04096;0.00;0.000;1.884;0.947;0.000;0.557;125.587;111.10;111.10;14868.5;1202.20;6.08;3.21;1.03;37106.44;81997.92;24859.38;23682.1;1.57;3.46;1.05;09/11/2024 17:13:25;
10/11/2024;24;2.0TD;3;0.000114901706000000;0.212;1.179527264;152.060130;0.557;2.195;149.308130;107.89;0.55305;1.01822;0.75;0.25;90.90458;93.11680;101.96000;84.74000;75.52000;2046.7;275.0;200.0;46.0;11.17;0.000;0.17498;0.04096;0.00;0.000;1.848;0.947;0.000;0.557;123.191;108.02;106.10;14560.8;1076.30;6.93;3.21;1.03;38988.04;87752.16;24859.38;21897.6;1.78;4.01;1.14;09/11/2024 17:13:25;
*
