pvpcdata;
2024;04;10;12;05;35;
07/03/2024;1;2.0TD;3;0.000108285634000000;0.212;1.175189499;59.645161;0.557;2.195;56.893161;13.76;21.32892;0.84435;0.75;0.25;8.52292;93.83860;101.96000;97.42000;37.09000;2359.2;275.0;177.0;46.0;13.13;0.000;0.17498;0.04096;0.00;0.000;0.000;0.704;0.565;0.000;0.557;46.941;14.13;8.00;20942.5;1349.30;8.32;3.40;1.41;161537.60;20710.08;24859.38;24897.9;6.49;0.83;1.00;06/03/2024 16:12:11;
07/03/2024;2;2.0TD;3;0.000089049376000000;0.218;1.208907933;51.073168;0.557;2.195;48.321168;4.44;21.32892;0.84435;0.75;0.25;8.52292;93.83860;101.96000;97.42000;37.09000;2359.2;275.0;177.0;46.0;15.29;0.000;0.17498;0.04096;0.00;0.000;0.000;0.595;0.565;0.000;0.557;39.672;4.89;0.00;19766.1;1980.00;10.48;3.40;1.41;189768.00;31668.84;24859.38;23500.0;8.08;1.35;1.06;06/03/2024 16:12:11;
07/03/2024;3;2.0TD;3;0.000078750589000000;0.223;1.236258878;51.408507;0.557;2.195;48.656507;3.22;21.32892;0.84435;0.75;0.25;8.52292;93.83860;101.96000;97.42000;37.09000;2359.2;275.0;177.0;46.0;16.62;0.000;0.17498;0.04096;0.00;0.000;0.000;0.597;0.565;0.000;0.557;39.784;3.51;-1.00;19995.8;1391.60;11.81;3.40;1.41;207076.92;34280.40;24859.38;22526.6;9.19;1.52;1.10;06/03/2024 16:12:11;
07/03/2024;4;2.0TD;3;0.000073776619000000;0.225;1.248632877;49.982551;0.557;2.195;47.230551;2.90;21.32892;0.84435;0.75;0.25;8.52292;93.83860;101.96000;97.42000;37.09000;2359.2;275.0;177.0;46.0;15.73;0.000;0.17498;0.04096;0.00;0.000;0.000;0.578;0.565;0.000;0.557;38.555;3.20;-1.00;19581.7;1488.30;10.92;3.40;1.41;207367.88;34938.36;0.00;22179.4;9.35;1.58;0.00;06/03/2024 16:12:11;
07/03/2024;5;2.0TD;3;0.000072201627000000;0.224;1.246559494;50.030900;0.557;2.195;47.278900;2.92;21.32892;0.84435;0.75;0.25;8.52292;93.83860;101.96000;97.42000;37.09000;2359.2;275.0;177.0;46.0;15.78;0.000;0.17498;0.04096;0.00;0.000;0.000;0.579;0.565;0.000;0.557;38.626;3.20;-1.00;19577.6;1380.20;10.97;3.40;1.41;207539.24;34916.40;0.00;22097.1;9.39;1.58;0.00;06/03/2024 16:12:11;
07/03/2024;6;2.0TD;3;0.000074802747000000;0.221;1.226365546;49.531626;0.557;2.195;46.779626;2.94;21.32892;0.84435;0.75;0.25;8.52292;93.83860;101.96000;97.42000;37.09000;2359.2;275.0;177.0;46.0;15.45;0.000;0.17498;0.04096;0.00;0.000;0.000;0.575;0.565;0.000;0.557;38.312;3.20;-1.00;20221.0;1342.70;10.64;3.40;1.41;207368.32;34938.36;0.00;22776.4;9.10;1.53;0.00;06/03/2024 16:12:11;
07/03/2024;7;2.0TD;3;0.000085830061000000;0.205;1.138472391;49.700670;0.557;2.195;46.948670;4.48;21.32892;0.84435;0.75;0.25;8.52292;93.83860;101.96000;97.42000;37.09000;2359.2;275.0;177.0;46.0;14.55;0.000;0.17498;0.04096;0.00;0.000;0.000;0.584;0.565;0.000;0.557;38.961;4.89;0.00;21941.5;2017.00;9.74;3.40;1.41;204552.40;21651.20;24859.38;25772.9;7.94;0.84;0.96;06/03/2024 16:12:11;
07/03/2024;8;2.0TD;3;0.000107076950000000;0.192;1.064144782;58.814802;0.557;2.195;56.062802;14.00;21.32892;0.84435;0.75;0.25;8.52292;93.83860;101.96000;97.42000;37.09000;2359.2;275.0;177.0;46.0;12.98;0.000;0.17498;0.04096;0.00;0.000;0.000;0.705;0.565;0.000;0.557;47.032;14.00;14.00;24935.4;1046.70;8.17;3.40;1.41;194327.12;19815.20;24859.38;29266.9;6.64;0.68;0.85;06/03/2024 16:12:11;
07/03/2024;9;2.0TD;2;0.000118162154000000;0.183;1.123753318;86.201560;19.184;8.779;58.238560;16.81;21.32892;0.84435;0.75;0.25;8.52292;93.83860;101.96000;97.42000;37.09000;2359.2;275.0;177.0;46.0;12.18;0.154;0.17498;0.04096;0.00;0.000;0.000;0.738;0.565;0.000;0.557;49.229;17.00;13.00;26916.5;1348.90;7.37;3.40;1.41;173417.08;33730.48;24859.38;31465.3;5.51;1.07;0.79;06/03/2024 16:12:11;
07/03/2024;10;2.0TD;2;0.000121871978000000;0.167;1.026220668;72.915317;19.184;8.779;44.952317;5.46;21.32892;0.84435;0.75;0.25;8.52292;93.83860;101.96000;97.42000;37.09000;2359.2;275.0;177.0;46.0;12.98;0.154;0.17498;0.04096;0.00;0.000;0.000;0.578;0.565;0.000;0.557;38.519;5.70;1.70;26894.3;1724.30;8.17;3.40;1.41;189805.84;42217.04;24859.38;31450.8;6.04;1.34;0.79;06/03/2024 16:12:11;
07/03/2024;11;2.0TD;1;0.000124583744000000;0.167;1.002940731;122.142212;33.081;43.893;45.168212;3.64;21.32892;0.84435;0.75;0.25;8.52292;93.83860;101.96000;97.42000;37.09000;2359.2;275.0;177.0;46.0;14.21;0.926;0.17498;0.04096;0.00;0.000;0.000;0.581;0.565;0.000;0.557;38.704;3.90;0.48;28774.7;2365.50;9.40;3.40;1.41;191123.68;75998.16;24859.38;31069.1;6.15;2.45;0.80;06/03/2024 16:12:11;
07/03/2024;12;2.0TD;1;0.000123489935000000;0.168;1.006663913;121.005909;33.081;43.893;44.031909;2.94;21.32892;0.84435;0.75;0.25;8.52292;93.83860;101.96000;97.42000;37.09000;2359.2;275.0;177.0;46.0;13.92;0.926;0.17498;0.04096;0.00;0.000;0.000;0.565;0.565;0.000;0.557;37.698;3.20;0.00;28991.1;2603.00;9.11;3.40;1.41;212701.32;44400.48;24859.38;30936.9;6.88;1.44;0.80;06/03/2024 16:12:11;
07/03/2024;13;2.0TD;1;0.000123920951000000;0.167;1.002922393;119.997266;33.081;43.893;43.023266;1.74;21.32892;0.84435;0.75;0.25;8.52292;93.83860;101.96000;97.42000;37.09000;2359.2;275.0;177.0;46.0;14.30;0.926;0.17498;0.04096;0.00;0.000;0.000;0.553;0.565;0.000;0.557;36.866;2.00;-1.00;28957.7;2766.80;9.49;3.40;1.41;221803.76;46873.20;24859.38;30924.5;7.17;1.52;0.80;06/03/2024 16:12:11;
07/03/2024;14;2.0TD;1;0.000129922856000000;0.163;0.978643190;118.468156;33.081;43.893;41.494156;0.31;21.32892;0.84435;0.75;0.25;8.52292;93.83860;101.96000;97.42000;37.09000;2359.2;275.0;177.0;46.0;14.56;0.926;0.17498;0.04096;0.00;0.000;0.000;0.535;0.565;0.000;0.557;35.678;0.43;-1.00;29019.0;2656.00;9.75;3.40;1.41;229430.72;47520.00;24859.38;30934.9;7.42;1.54;0.80;06/03/2024 16:12:11;
07/03/2024;15;2.0TD;2;0.000130380662000000;0.168;1.032705695;68.815613;19.184;8.779;40.852613;0.31;21.32892;0.84435;0.75;0.25;8.52292;93.83860;101.96000;97.42000;37.09000;2359.2;275.0;177.0;46.0;14.64;0.154;0.17498;0.04096;0.00;0.000;0.000;0.525;0.565;0.000;0.557;34.976;0.43;-1.00;28911.7;2652.20;9.83;3.40;1.41;229420.48;47610.00;24859.38;30723.7;7.47;1.55;0.81;06/03/2024 16:12:11;
07/03/2024;16;2.0TD;2;0.000123463711000000;0.174;1.067344351;69.132306;19.184;8.779;41.169306;0.34;21.32892;0.84435;0.75;0.25;8.52292;93.83860;101.96000;97.42000;37.09000;2359.2;275.0;177.0;46.0;14.70;0.154;0.17498;0.04096;0.00;0.000;0.000;0.526;0.565;0.000;0.557;35.067;0.43;-0.57;28417.6;2710.80;9.89;3.40;1.41;222129.16;49864.32;24859.38;30035.2;7.40;1.66;0.83;06/03/2024 16:12:11;
07/03/2024;17;2.0TD;2;0.000118265420000000;0.178;1.091243120;71.054890;19.184;8.779;43.091890;0.69;21.32892;0.84435;0.75;0.25;8.52292;93.83860;101.96000;97.42000;37.09000;2359.2;275.0;177.0;46.0;15.84;0.154;0.17498;0.04096;0.00;0.000;0.000;0.549;0.565;0.000;0.557;36.580;0.76;0.00;28161.6;2750.30;11.03;3.40;1.41;229327.00;73579.44;24859.38;29715.3;7.72;2.48;0.84;06/03/2024 16:12:11;
07/03/2024;18;2.0TD;2;0.000119500615000000;0.181;1.107757457;74.653306;19.184;8.779;46.690306;3.19;21.32892;0.84435;0.75;0.25;8.52292;93.83860;101.96000;97.42000;37.09000;2359.2;275.0;177.0;46.0;16.25;0.154;0.17498;0.04096;0.00;0.000;0.000;0.593;0.565;0.000;0.557;39.534;3.20;3.10;28484.8;2299.40;11.44;3.40;1.41;217024.52;99277.44;24859.38;29822.8;7.28;3.33;0.83;06/03/2024 16:12:11;
07/03/2024;19;2.0TD;1;0.000127229995000000;0.176;1.053389300;124.770817;33.081;43.893;47.796817;5.45;21.32892;0.84435;0.75;0.25;8.52292;93.83860;101.96000;97.42000;37.09000;2359.2;275.0;177.0;46.0;14.31;0.926;0.17498;0.04096;0.00;0.000;0.000;0.610;0.565;0.000;0.557;40.643;5.48;5.00;26911.8;1722.60;9.50;3.40;1.41;208754.20;53632.64;24859.38;30230.2;6.91;1.77;0.82;06/03/2024 16:12:11;
07/03/2024;20;2.0TD;1;0.000152771957000000;0.184;1.099059896;145.349470;33.081;43.893;68.375470;24.15;21.32892;0.84435;0.75;0.25;8.52292;93.83860;101.96000;97.42000;37.09000;2359.2;275.0;177.0;46.0;12.46;0.926;0.17498;0.04096;0.00;0.000;0.000;0.866;0.565;0.000;0.557;57.749;24.67;13.56;27924.9;1373.70;7.65;3.40;1.41;196811.76;29531.04;24859.38;32840.7;5.99;0.90;0.76;06/03/2024 16:12:11;
07/03/2024;21;2.0TD;1;0.000178121538000000;0.187;1.118333366;156.164173;33.081;43.893;79.190173;34.49;21.32892;0.84435;0.75;0.25;8.52292;93.83860;101.96000;97.42000;37.09000;2359.2;275.0;177.0;46.0;10.95;0.926;0.17498;0.04096;0.00;0.000;0.000;1.001;0.565;0.000;0.557;66.714;35.00;23.89;28113.0;1345.60;6.14;3.40;1.41;153040.12;29978.48;24859.38;33847.5;4.52;0.89;0.73;06/03/2024 16:12:11;
07/03/2024;22;2.0TD;1;0.000182480818000000;0.189;1.134108325;151.094538;33.081;43.893;74.120538;29.70;21.32892;0.84435;0.75;0.25;8.52292;93.83860;101.96000;97.42000;37.09000;2359.2;275.0;177.0;46.0;11.43;0.926;0.17498;0.04096;0.00;0.000;0.000;0.935;0.565;0.000;0.557;62.338;30.00;23.75;27611.0;1402.10;6.62;3.40;1.41;163865.20;29997.24;24859.38;33019.4;4.96;0.91;0.75;06/03/2024 16:12:11;
07/03/2024;23;2.0TD;2;0.000163016089000000;0.202;1.240640873;85.111552;19.184;8.779;57.148552;15.76;21.32892;0.84435;0.75;0.25;8.52292;93.83860;101.96000;97.42000;37.09000;2359.2;275.0;177.0;46.0;11.57;0.154;0.17498;0.04096;0.00;0.000;0.000;0.713;0.565;0.000;0.557;47.544;16.00;10.90;25944.5;1296.80;6.76;3.40;1.41;163746.80;16874.88;24859.38;30389.8;5.39;0.56;0.82;06/03/2024 16:12:11;
07/03/2024;24;2.0TD;2;0.000134458542000000;0.207;1.269846442;73.291344;19.184;8.779;45.328344;5.06;21.32892;0.84435;0.75;0.25;8.52292;93.83860;101.96000;97.42000;37.09000;2359.2;275.0;177.0;46.0;12.43;0.154;0.17498;0.04096;0.00;0.000;0.000;0.563;0.565;0.000;0.557;37.554;5.33;0.33;23223.5;1327.60;7.62;3.40;1.41;152334.20;32164.08;24859.38;27469.5;5.55;1.17;0.90;06/03/2024 16:12:11;
*
