pvpcdata;
2024;08;09;11;56;37;
09/07/2024;1;2.0TD;3;0.000113786339000000;0.166;0.923437699;134.775198;0.557;2.195;132.023198;95.93;4.84433;1.15373;0.75;0.25;69.55167;88.92900;101.96000;73.51000;74.07000;1976.2;275.0;234.0;61.0;8.29;0.000;0.17498;0.04096;0.00;0.000;1.698;0.947;0.000;0.557;113.227;95.92;96.02;18467.5;1571.00;4.07;3.13;1.09;53283.80;25088.00;24859.38;25357.1;2.10;0.99;0.98;08/07/2024 16:08:15;
09/07/2024;2;2.0TD;3;0.000096644802000000;0.166;0.923816814;110.958482;0.557;2.195;108.206482;72.96;4.84433;1.15373;0.75;0.25;69.55167;88.92900;101.96000;73.51000;74.07000;1976.2;275.0;234.0;61.0;11.14;0.000;0.17498;0.04096;0.00;0.000;1.392;0.947;0.000;0.557;92.801;72.25;84.38;18008.1;1124.30;6.92;3.13;1.09;86183.96;56115.36;24859.38;24159.2;3.57;2.32;1.03;08/07/2024 16:08:15;
09/07/2024;3;2.0TD;3;0.000085887136000000;0.167;0.927945525;116.880449;0.557;2.195;114.128449;77.78;4.84433;1.15373;0.75;0.25;69.55167;88.92900;101.96000;73.51000;74.07000;1976.2;275.0;234.0;61.0;11.24;0.000;0.17498;0.04096;0.00;0.000;1.467;0.947;0.000;0.557;97.796;77.00;90.00;17424.5;1117.70;7.02;3.13;1.09;85781.36;50944.32;24859.38;23001.1;3.73;2.21;1.08;08/07/2024 16:08:15;
09/07/2024;4;2.0TD;3;0.000080028931000000;0.167;0.926500972;112.389833;0.557;2.195;109.637833;73.69;4.84433;1.15373;0.75;0.25;69.55167;88.92900;101.96000;73.51000;74.07000;1976.2;275.0;234.0;61.0;11.54;0.000;0.17498;0.04096;0.00;0.000;1.409;0.947;0.000;0.557;93.948;73.22;81.60;16977.3;1015.60;7.32;3.13;1.09;110203.88;54505.20;0.00;22512.4;4.90;2.42;0.00;08/07/2024 16:08:15;
09/07/2024;5;2.0TD;3;0.000076773206000000;0.167;0.930518094;105.387833;0.557;2.195;102.635833;66.71;4.84433;1.15373;0.75;0.25;69.55167;88.92900;101.96000;73.51000;74.07000;1976.2;275.0;234.0;61.0;12.61;0.000;0.17498;0.04096;0.00;0.000;1.319;0.947;0.000;0.557;87.948;66.71;66.71;16996.0;1176.00;8.39;3.13;1.09;120868.12;69394.08;0.00;22680.7;5.33;3.06;0.00;08/07/2024 16:08:15;
09/07/2024;6;2.0TD;3;0.000075679337000000;0.166;0.921442026;103.429620;0.557;2.195;100.677620;65.57;4.84433;1.15373;0.75;0.25;69.55167;88.92900;101.96000;73.51000;74.07000;1976.2;275.0;234.0;61.0;12.17;0.000;0.17498;0.04096;0.00;0.000;1.295;0.947;0.000;0.557;86.344;65.50;66.81;17812.0;1050.60;7.95;3.13;1.09;122884.80;60775.68;0.00;23107.2;5.32;2.63;0.00;08/07/2024 16:08:15;
09/07/2024;7;2.0TD;3;0.000077227013000000;0.161;0.896669583;118.604060;0.557;2.195;115.852060;80.22;4.84433;1.15373;0.75;0.25;69.55167;88.92900;101.96000;73.51000;74.07000;1976.2;275.0;234.0;61.0;10.76;0.000;0.17498;0.04096;0.00;0.000;1.497;0.947;0.000;0.557;99.786;80.00;83.50;17536.1;1185.90;6.54;3.13;1.09;98652.60;37648.88;24859.38;24651.8;4.00;1.53;1.01;08/07/2024 16:08:15;
09/07/2024;8;2.0TD;3;0.000081579018000000;0.159;0.883521082;143.596511;0.557;2.195;140.844511;101.51;4.84433;1.15373;0.75;0.25;69.55167;88.92900;101.96000;73.51000;74.07000;1976.2;275.0;234.0;61.0;10.88;0.000;0.17498;0.04096;0.00;0.000;1.823;0.947;0.000;0.557;121.522;101.51;101.51;17828.1;1579.20;6.66;3.13;1.09;32987.28;119033.28;24859.38;26581.3;1.24;4.48;0.94;08/07/2024 16:08:15;
09/07/2024;9;2.0TD;2;0.000093310022000000;0.140;0.860711772;152.418445;19.184;8.779;124.455445;88.13;4.84433;1.15373;0.75;0.25;69.55167;88.92900;101.96000;73.51000;74.07000;1976.2;275.0;234.0;61.0;11.94;0.154;0.17498;0.04096;0.00;0.000;1.638;0.947;0.000;0.557;109.171;88.33;85.33;19612.4;1373.10;7.72;3.13;1.09;42464.68;149966.40;24859.38;28114.1;1.51;5.33;0.88;08/07/2024 16:08:15;
09/07/2024;10;2.0TD;2;0.000105621759000000;0.139;0.854324317;131.830053;19.184;8.779;103.867053;70.33;4.84433;1.15373;0.75;0.25;69.55167;88.92900;101.96000;73.51000;74.07000;1976.2;275.0;234.0;61.0;12.03;0.154;0.17498;0.04096;0.00;0.000;1.368;0.947;0.000;0.557;91.191;70.80;62.50;23311.7;1386.90;7.81;3.13;1.09;54488.84;149214.24;24859.38;29282.3;1.86;5.10;0.85;08/07/2024 16:08:15;
09/07/2024;11;2.0TD;1;0.000115099542000000;0.147;0.879197749;151.610945;33.081;43.893;74.636945;46.63;4.84433;1.15373;0.75;0.25;69.55167;88.92900;101.96000;73.51000;74.07000;1976.2;275.0;234.0;61.0;9.23;0.926;0.17498;0.04096;0.00;0.000;0.976;0.947;0.000;0.557;65.071;46.63;46.63;26587.4;1505.20;5.01;3.13;1.09;70704.92;54912.00;24859.38;30022.9;2.36;1.83;0.83;08/07/2024 16:08:15;
09/07/2024;12;2.0TD;1;0.000120505008000000;0.149;0.889594554;147.156578;33.081;43.893;70.182578;42.71;4.84433;1.15373;0.75;0.25;69.55167;88.92900;101.96000;73.51000;74.07000;1976.2;275.0;234.0;61.0;9.22;0.926;0.17498;0.04096;0.00;0.000;0.916;0.947;0.000;0.557;61.081;42.49;47.49;27939.2;1305.30;5.00;3.13;1.09;80964.32;45525.20;24859.38;30295.2;2.67;1.50;0.82;08/07/2024 16:08:15;
09/07/2024;13;2.0TD;1;0.000127616854000000;0.150;0.901134564;137.131009;33.081;43.893;60.157009;33.97;4.84433;1.15373;0.75;0.25;69.55167;88.92900;101.96000;73.51000;74.07000;1976.2;275.0;234.0;61.0;9.32;0.926;0.17498;0.04096;0.00;0.000;0.785;0.947;0.000;0.557;52.310;33.76;38.76;28907.5;1270.70;5.10;3.13;1.09;88646.68;44440.72;24859.38;30968.6;2.86;1.44;0.80;08/07/2024 16:08:15;
09/07/2024;14;2.0TD;1;0.000138564589000000;0.147;0.882780537;124.211409;33.081;43.893;47.237409;23.21;4.84433;1.15373;0.75;0.25;69.55167;88.92900;101.96000;73.51000;74.07000;1976.2;275.0;234.0;61.0;9.12;0.926;0.17498;0.04096;0.00;0.000;0.618;0.947;0.000;0.557;41.183;22.98;28.40;29633.8;1291.90;4.90;3.13;1.09;97878.92;32742.00;24859.38;31696.3;3.09;1.03;0.78;08/07/2024 16:08:15;
09/07/2024;15;2.0TD;2;0.000143688614000000;0.147;0.903614954;56.647684;19.184;8.779;28.684684;8.33;4.84433;1.15373;0.75;0.25;69.55167;88.92900;101.96000;73.51000;74.07000;1976.2;275.0;234.0;61.0;8.84;0.154;0.17498;0.04096;0.00;0.000;0.375;0.947;0.000;0.557;25.008;8.30;9.00;29397.0;1292.00;4.62;3.13;1.09;109356.92;12832.00;24859.38;31781.6;3.44;0.40;0.78;08/07/2024 16:08:15;
09/07/2024;16;2.0TD;2;0.000139446369000000;0.145;0.890453227;65.711867;19.184;8.779;37.748867;15.43;4.84433;1.15373;0.75;0.25;69.55167;88.92900;101.96000;73.51000;74.07000;1976.2;275.0;234.0;61.0;9.58;0.154;0.17498;0.04096;0.00;0.000;0.495;0.947;0.000;0.557;32.968;15.59;12.59;28324.8;1606.10;5.36;3.13;1.09;121934.44;19872.16;24859.38;31118.2;3.92;0.64;0.80;08/07/2024 16:08:15;
09/07/2024;17;2.0TD;2;0.000136585426000000;0.147;0.900378240;83.442751;19.184;8.779;55.479751;29.60;4.84433;1.15373;0.75;0.25;69.55167;88.92900;101.96000;73.51000;74.07000;1976.2;275.0;234.0;61.0;10.58;0.154;0.17498;0.04096;0.00;0.000;0.726;0.947;0.000;0.557;48.369;29.39;33.89;27521.7;1320.60;6.36;3.13;1.09;135393.40;32721.60;24859.38;30372.9;4.46;1.08;0.82;08/07/2024 16:08:15;
09/07/2024;18;2.0TD;2;0.000136804183000000;0.149;0.911539470;105.958778;19.184;8.779;77.995778;48.98;4.84433;1.15373;0.75;0.25;69.55167;88.92900;101.96000;73.51000;74.07000;1976.2;275.0;234.0;61.0;10.42;0.154;0.17498;0.04096;0.00;0.000;1.018;0.947;0.000;0.557;67.881;48.80;52.81;26646.5;1251.20;6.20;3.13;1.09;114878.68;49871.20;24859.38;30547.2;3.76;1.63;0.81;08/07/2024 16:08:15;
09/07/2024;19;2.0TD;1;0.000135924962000000;0.149;0.894464786;171.548699;33.081;43.893;94.574699;61.00;4.84433;1.15373;0.75;0.25;69.55167;88.92900;101.96000;73.51000;74.07000;1976.2;275.0;234.0;61.0;11.84;0.926;0.17498;0.04096;0.00;0.000;1.235;0.947;0.000;0.557;82.310;60.70;66.77;25847.7;1350.30;7.62;3.13;1.09;102060.60;104125.68;24859.38;30305.0;3.37;3.44;0.82;08/07/2024 16:08:15;
09/07/2024;20;2.0TD;1;0.000133603979000000;0.152;0.910970192;198.659118;33.081;43.893;121.685118;84.77;4.84433;1.15373;0.75;0.25;69.55167;88.92900;101.96000;73.51000;74.07000;1976.2;275.0;234.0;61.0;11.04;0.926;0.17498;0.04096;0.00;0.000;1.584;0.947;0.000;0.557;105.629;84.77;84.77;22325.1;1659.40;6.82;3.13;1.09;66753.32;114768.36;24859.38;30236.7;2.21;3.80;0.82;08/07/2024 16:08:15;
09/07/2024;21;2.0TD;1;0.000134289037000000;0.152;0.909686737;218.565678;33.081;43.893;141.591678;106.26;4.84433;1.15373;0.75;0.25;69.55167;88.92900;101.96000;73.51000;74.07000;1976.2;275.0;234.0;61.0;6.57;0.926;0.17498;0.04096;0.00;0.000;1.844;0.947;0.000;0.557;122.909;106.18;107.53;21179.6;1419.90;2.35;3.13;1.09;29487.52;16128.00;24859.38;30042.4;0.98;0.54;0.83;08/07/2024 16:08:15;
09/07/2024;22;2.0TD;1;0.000143061082000000;0.151;0.901649135;234.720211;33.081;43.893;157.746211;119.89;4.84433;1.15373;0.75;0.25;69.55167;88.92900;101.96000;73.51000;74.07000;1976.2;275.0;234.0;61.0;6.87;0.926;0.17498;0.04096;0.00;0.000;2.056;0.947;0.000;0.557;137.051;120.09;117.09;20714.9;1502.00;2.65;3.13;1.09;40657.72;13888.00;24859.38;30001.5;1.36;0.46;0.83;08/07/2024 16:08:15;
09/07/2024;23;2.0TD;2;0.000149808604000000;0.157;0.963203226;211.196445;19.184;8.779;183.233445;141.79;4.84433;1.15373;0.75;0.25;69.55167;88.92900;101.96000;73.51000;74.07000;1976.2;275.0;234.0;61.0;6.74;0.154;0.17498;0.04096;0.00;0.000;2.376;0.947;0.000;0.557;158.369;141.94;140.00;19804.4;1711.20;2.52;3.13;1.09;25958.76;22741.28;24859.38;29076.0;0.89;0.78;0.85;08/07/2024 16:08:15;
09/07/2024;24;2.0TD;2;0.000134961244000000;0.156;0.955264718;181.356620;19.184;8.779;153.393620;116.01;4.84433;1.15373;0.75;0.25;69.55167;88.92900;101.96000;73.51000;74.07000;1976.2;275.0;234.0;61.0;7.23;0.154;0.17498;0.04096;0.00;0.000;1.990;0.947;0.000;0.557;132.693;116.38;111.40;19026.2;1528.40;3.01;3.13;1.09;43150.16;12544.00;24859.38;26751.3;1.61;0.47;0.93;08/07/2024 16:08:15;
*
