pvpcdata;
2024;05;13;12;31;28;
21/04/2024;1;2.0TD;3;0.000104449569000000;0.212;1.175230029;66.817155;0.557;2.195;64.065155;3.01;18.30208;1.05483;0.75;0.25;2.17250;75.38080;101.96000;48.69000;27.94000;1816.4;275.0;154.0;50.0;28.03;0.000;0.17498;0.04096;0.00;0.000;0.793;0.947;0.000;0.557;52.859;3.25;1.35;17838.4;2523.90;23.26;3.35;1.42;449525.48;18536.16;24859.38;21185.7;21.22;0.87;1.17;20/04/2024 16:14:38;
21/04/2024;2;2.0TD;3;0.000087467436000000;0.217;1.204242873;67.378399;0.557;2.195;64.626399;3.07;18.30208;1.05483;0.75;0.25;2.17250;75.38080;101.96000;48.69000;27.94000;1816.4;275.0;154.0;50.0;28.21;0.000;0.17498;0.04096;0.00;0.000;0.797;0.947;0.000;0.557;53.103;3.25;1.64;16717.6;2158.10;23.44;3.35;1.42;446485.48;19373.60;0.00;19872.9;22.47;0.97;0.00;20/04/2024 16:14:38;
21/04/2024;3;2.0TD;3;0.000076109130000000;0.222;1.235172434;69.876508;0.557;2.195;67.124508;3.03;18.30208;1.05483;0.75;0.25;2.17250;75.38080;101.96000;48.69000;27.94000;1816.4;275.0;154.0;50.0;30.05;0.000;0.17498;0.04096;0.00;0.000;0.824;0.947;0.000;0.557;54.930;3.22;1.63;15343.5;2128.60;25.28;3.35;1.42;461180.40;18293.76;0.00;18969.9;24.31;0.96;0.00;20/04/2024 16:14:38;
21/04/2024;4;2.0TD;3;0.000069619088000000;0.224;1.246436527;73.652248;0.557;2.195;70.900248;2.97;18.30208;1.05483;0.75;0.25;2.17250;75.38080;101.96000;48.69000;27.94000;1816.4;275.0;154.0;50.0;33.06;0.000;0.17498;0.04096;0.00;0.000;0.869;0.947;0.000;0.557;57.925;3.25;1.00;14970.3;2140.20;28.29;3.35;1.42;503626.28;19183.04;0.00;18479.5;27.25;1.04;0.00;20/04/2024 16:14:38;
21/04/2024;5;2.0TD;3;0.000066384136000000;0.224;1.244475470;74.360944;0.557;2.195;71.608944;3.05;18.30208;1.05483;0.75;0.25;2.17250;75.38080;101.96000;48.69000;27.94000;1816.4;275.0;154.0;50.0;33.55;0.000;0.17498;0.04096;0.00;0.000;0.878;0.947;0.000;0.557;58.504;3.25;1.64;15018.5;2129.00;28.78;3.35;1.42;503825.12;18467.20;0.00;18146.5;27.76;1.02;0.00;20/04/2024 16:14:38;
21/04/2024;6;2.0TD;3;0.000065902738000000;0.223;1.241396426;74.847898;0.557;2.195;72.095898;3.24;18.30208;1.05483;0.75;0.25;2.17250;75.38080;101.96000;48.69000;27.94000;1816.4;275.0;154.0;50.0;33.80;0.000;0.17498;0.04096;0.00;0.000;0.884;0.947;0.000;0.557;58.950;3.25;3.20;15055.3;2108.20;29.03;3.35;1.42;503977.80;19716.00;0.00;18039.0;27.94;1.09;0.00;20/04/2024 16:14:38;
21/04/2024;7;2.0TD;3;0.000067150623000000;0.218;1.212105713;74.243776;0.557;2.195;71.491776;3.60;18.30208;1.05483;0.75;0.25;2.17250;75.38080;101.96000;48.69000;27.94000;1816.4;275.0;154.0;50.0;33.19;0.000;0.17498;0.04096;0.00;0.000;0.880;0.947;0.000;0.557;58.696;3.60;3.59;15549.6;2086.70;28.42;3.35;1.42;503345.32;20403.20;0.00;18428.5;27.31;1.11;0.00;20/04/2024 16:14:38;
21/04/2024;8;2.0TD;3;0.000068415285000000;0.212;1.176056465;76.833123;0.557;2.195;74.081123;7.18;18.30208;1.05483;0.75;0.25;2.17250;75.38080;101.96000;48.69000;27.94000;1816.4;275.0;154.0;50.0;32.00;0.000;0.17498;0.04096;0.00;0.000;0.917;0.947;0.000;0.557;61.123;7.46;4.97;16090.9;2043.30;27.23;3.35;1.42;497496.16;15880.00;0.00;18852.2;26.39;0.84;0.00;20/04/2024 16:14:38;
21/04/2024;9;2.0TD;3;0.000078362173000000;0.192;1.065863870;76.470095;0.557;2.195;73.718095;3.08;18.30208;1.05483;0.75;0.25;2.17250;75.38080;101.96000;48.69000;27.94000;1816.4;275.0;154.0;50.0;36.81;0.000;0.17498;0.04096;0.00;0.000;0.928;0.947;0.000;0.557;61.844;3.25;1.25;17492.1;1669.50;32.04;3.35;1.42;559257.20;65361.60;0.00;19497.5;28.68;3.35;0.00;20/04/2024 16:14:38;
21/04/2024;10;2.0TD;3;0.000100867900000000;0.172;0.954151624;67.356202;0.557;2.195;64.604202;0.31;18.30208;1.05483;0.75;0.25;2.17250;75.38080;101.96000;48.69000;27.94000;1816.4;275.0;154.0;50.0;32.96;0.000;0.17498;0.04096;0.00;0.000;0.827;0.947;0.000;0.557;55.123;0.44;-2.00;20774.8;1197.60;28.19;3.35;1.42;492773.08;80831.52;0.00;20346.8;24.22;3.97;0.00;20/04/2024 16:14:38;
21/04/2024;11;2.0TD;3;0.000120237654000000;0.159;0.883766672;54.472420;0.557;2.195;51.720420;-0.39;18.30208;1.05483;0.75;0.25;2.17250;75.38080;101.96000;48.69000;27.94000;1816.4;275.0;154.0;50.0;23.32;0.000;0.17498;0.04096;0.00;0.000;0.669;0.947;0.000;0.557;44.625;0.00;-5.00;21585.0;1840.40;18.55;3.35;1.42;335228.96;59504.64;0.00;21279.1;15.75;2.80;0.00;20/04/2024 16:14:38;
21/04/2024;12;2.0TD;3;0.000128528558000000;0.152;0.846953921;53.026477;0.557;2.195;50.274477;-0.30;18.30208;1.05483;0.75;0.25;2.17250;75.38080;101.96000;48.69000;27.94000;1816.4;275.0;154.0;50.0;22.26;0.000;0.17498;0.04096;0.00;0.000;0.655;0.947;0.000;0.557;43.641;-0.01;-4.10;22392.5;1721.80;17.49;3.35;1.42;337736.20;35085.12;0.00;21316.6;15.84;1.65;0.00;20/04/2024 16:14:38;
21/04/2024;13;2.0TD;3;0.000130843132000000;0.150;0.833413828;52.693095;0.557;2.195;49.941095;-0.35;18.30208;1.05483;0.75;0.25;2.17250;75.38080;101.96000;48.69000;27.94000;1816.4;275.0;154.0;50.0;22.10;0.000;0.17498;0.04096;0.00;0.000;0.651;0.947;0.000;0.557;43.427;-0.07;-4.10;22799.2;1759.70;17.33;3.35;1.42;337766.12;28566.40;0.00;21139.0;15.98;1.35;0.00;20/04/2024 16:14:38;
21/04/2024;14;2.0TD;3;0.000136283317000000;0.145;0.805165857;48.640210;0.557;2.195;45.888210;-1.57;18.30208;1.05483;0.75;0.25;2.17250;75.38080;101.96000;48.69000;27.94000;1816.4;275.0;154.0;50.0;20.02;0.000;0.17498;0.04096;0.00;0.000;0.601;0.947;0.000;0.557;40.077;-1.21;-5.22;21599.8;2157.00;15.25;3.35;1.42;290856.08;36807.04;0.00;21491.7;13.53;1.71;0.00;20/04/2024 16:14:38;
21/04/2024;15;2.0TD;3;0.000134303017000000;0.146;0.813332974;48.529015;0.557;2.195;45.777015;-1.81;18.30208;1.05483;0.75;0.25;2.17250;75.38080;101.96000;48.69000;27.94000;1816.4;275.0;154.0;50.0;20.13;0.000;0.17498;0.04096;0.00;0.000;0.599;0.947;0.000;0.557;39.945;-1.49;-5.00;21160.9;2114.50;15.36;3.35;1.42;293420.20;32926.40;0.00;21241.5;13.81;1.55;0.00;20/04/2024 16:14:38;
21/04/2024;16;2.0TD;3;0.000117341499000000;0.153;0.848391619;49.558080;0.557;2.195;46.806080;-1.97;18.30208;1.05483;0.75;0.25;2.17250;75.38080;101.96000;48.69000;27.94000;1816.4;275.0;154.0;50.0;20.93;0.000;0.17498;0.04096;0.00;0.000;0.609;0.947;0.000;0.557;40.595;-1.50;-6.62;20637.8;2108.00;16.16;3.35;1.42;293228.48;33072.00;0.00;20192.6;14.52;1.64;0.00;20/04/2024 16:14:38;
21/04/2024;17;2.0TD;3;0.000106368324000000;0.161;0.896603888;50.589889;0.557;2.195;47.837889;-1.70;18.30208;1.05483;0.75;0.25;2.17250;75.38080;101.96000;48.69000;27.94000;1816.4;275.0;154.0;50.0;21.26;0.000;0.17498;0.04096;0.00;0.000;0.618;0.947;0.000;0.557;41.204;-1.32;-5.33;19984.2;2088.70;16.49;3.35;1.42;290298.36;32436.00;0.00;19565.7;14.84;1.66;0.00;20/04/2024 16:14:38;
21/04/2024;18;2.0TD;3;0.000101191492000000;0.169;0.937950505;54.586675;0.557;2.195;51.834675;-0.55;18.30208;1.05483;0.75;0.25;2.17250;75.38080;101.96000;48.69000;27.94000;1816.4;275.0;154.0;50.0;23.20;0.000;0.17498;0.04096;0.00;0.000;0.665;0.947;0.000;0.557;44.341;-0.25;-4.51;23252.8;1784.30;18.43;3.35;1.42;333438.44;29375.96;0.00;19684.3;16.94;1.49;0.00;20/04/2024 16:14:38;
21/04/2024;19;2.0TD;3;0.000101416329000000;0.178;0.990921879;56.229712;0.557;2.195;53.477712;-0.16;18.30208;1.05483;0.75;0.25;2.17250;75.38080;101.96000;48.69000;27.94000;1816.4;275.0;154.0;50.0;23.85;0.000;0.17498;0.04096;0.00;0.000;0.681;0.947;0.000;0.557;45.397;-0.01;-2.50;23137.0;1476.90;19.08;3.35;1.42;329999.84;61443.36;0.00;20520.2;16.08;2.99;0.00;20/04/2024 16:14:38;
21/04/2024;20;2.0TD;3;0.000106588756000000;0.186;1.032076786;52.655368;0.557;2.195;49.903368;0.42;18.30208;1.05483;0.75;0.25;2.17250;75.38080;101.96000;48.69000;27.94000;1816.4;275.0;154.0;50.0;20.00;0.000;0.17498;0.04096;0.00;0.000;0.631;0.947;0.000;0.557;42.077;0.44;-0.01;23404.8;1049.30;15.23;3.35;1.42;274898.88;60025.28;0.00;21993.5;12.50;2.73;0.00;20/04/2024 16:14:38;
21/04/2024;21;2.0TD;3;0.000124070602000000;0.188;1.044528340;52.378371;0.557;2.195;49.626371;3.35;18.30208;1.05483;0.75;0.25;2.17250;75.38080;101.96000;48.69000;27.94000;1816.4;275.0;154.0;50.0;16.77;0.000;0.17498;0.04096;0.00;0.000;0.627;0.947;0.000;0.557;41.773;3.35;3.33;20828.8;1310.90;12.00;3.35;1.42;266107.96;19299.60;0.00;23784.6;11.19;0.81;0.00;20/04/2024 16:14:38;
21/04/2024;22;2.0TD;3;0.000150650849000000;0.184;1.019876298;58.100494;0.557;2.195;55.348494;8.93;18.30208;1.05483;0.75;0.25;2.17250;75.38080;101.96000;48.69000;27.94000;1816.4;275.0;154.0;50.0;16.09;0.000;0.17498;0.04096;0.00;0.000;0.701;0.947;0.000;0.557;46.747;8.93;8.92;21544.9;1437.00;11.32;3.35;1.42;252915.08;12858.12;24859.38;25684.5;9.85;0.50;0.97;20/04/2024 16:14:38;
21/04/2024;23;2.0TD;3;0.000139492013000000;0.187;1.040150708;56.902986;0.557;2.195;54.150986;7.46;18.30208;1.05483;0.75;0.25;2.17250;75.38080;101.96000;48.69000;27.94000;1816.4;275.0;154.0;50.0;16.45;0.000;0.17498;0.04096;0.00;0.000;0.684;0.947;0.000;0.557;45.620;7.46;7.46;20920.8;1504.00;11.68;3.35;1.42;255895.20;6436.80;24859.38;24584.4;10.41;0.26;1.01;20/04/2024 16:14:38;
21/04/2024;24;2.0TD;3;0.000118100593000000;0.194;1.075181445;53.428989;0.557;2.195;50.676989;3.60;18.30208;1.05483;0.75;0.25;2.17250;75.38080;101.96000;48.69000;27.94000;1816.4;275.0;154.0;50.0;17.18;0.000;0.17498;0.04096;0.00;0.000;0.637;0.947;0.000;0.557;42.443;3.60;3.60;19392.2;1434.70;12.41;3.35;1.42;245291.76;8765.76;24859.38;22477.3;10.91;0.39;1.11;20/04/2024 16:14:38;
*
