pvpcdata;
2025;01;13;09;30;42;
28/12/2024;1;2.0TD;3;0.000124450288000000;0.238;1.322347920;184.563394;0.557;2.195;181.811394;141.14;-9.62630;0.74737;0.75;0.25;133.13000;94.62480;101.96000;84.74000;90.60000;2825.9;275.0;200.0;53.0;8.99;0.000;0.17498;0.04096;0.00;0.000;2.203;0.947;0.000;0.557;146.859;142.00;133.48;20662.7;2333.00;4.82;3.25;0.92;36185.12;50732.00;24859.38;23195.5;1.56;2.19;1.07;27/12/2024 16:05:12;
28/12/2024;2;2.0TD;3;0.000102881529000000;0.251;1.392474825;177.773106;0.557;2.195;175.021106;133.87;-9.62630;0.74737;0.75;0.25;133.13000;94.62480;101.96000;84.74000;90.60000;2825.9;275.0;200.0;53.0;9.41;0.000;0.17498;0.04096;0.00;0.000;2.099;0.947;0.000;0.557;139.905;135.33;121.80;18400.9;2219.40;5.24;3.25;0.92;42148.84;45103.84;24859.38;21386.4;1.97;2.11;1.16;27/12/2024 16:05:12;
28/12/2024;3;2.0TD;3;0.000088723470000000;0.259;1.440648617;182.189667;0.557;2.195;179.437667;131.43;-9.62630;0.74737;0.75;0.25;133.13000;94.62480;101.96000;84.74000;90.60000;2825.9;275.0;200.0;53.0;14.43;0.000;0.17498;0.04096;0.00;0.000;2.138;0.947;0.000;0.557;142.524;132.25;122.25;16925.9;1514.80;10.26;3.25;0.92;141656.84;39400.00;24859.38;20079.4;7.05;1.96;1.24;27/12/2024 16:05:12;
28/12/2024;4;2.0TD;3;0.000080945250000000;0.265;1.474667311;175.018386;0.557;2.195;172.266386;124.99;-9.62630;0.74737;0.75;0.25;133.13000;94.62480;101.96000;84.74000;90.60000;2825.9;275.0;200.0;53.0;14.62;0.000;0.17498;0.04096;0.00;0.000;2.043;0.947;0.000;0.557;136.179;125.42;120.41;16382.2;1519.00;10.45;3.25;0.92;158884.48;42680.00;0.00;19290.8;8.24;2.21;0.00;27/12/2024 16:05:12;
28/12/2024;5;2.0TD;3;0.000077450136000000;0.266;1.478057585;170.874219;0.557;2.195;168.122219;120.96;-9.62630;0.74737;0.75;0.25;133.13000;94.62480;101.96000;84.74000;90.60000;2825.9;275.0;200.0;53.0;15.32;0.000;0.17498;0.04096;0.00;0.000;1.992;0.947;0.000;0.557;132.798;121.35;116.35;15975.7;1364.40;11.15;3.25;0.92;168449.16;43520.00;0.00;19015.5;8.86;2.29;0.00;27/12/2024 16:05:12;
28/12/2024;6;2.0TD;3;0.000077885813000000;0.264;1.469318623;170.994143;0.557;2.195;168.242143;121.61;-9.62630;0.74737;0.75;0.25;133.13000;94.62480;101.96000;84.74000;90.60000;2825.9;275.0;200.0;53.0;14.97;0.000;0.17498;0.04096;0.00;0.000;1.997;0.947;0.000;0.557;133.103;122.05;116.14;16097.2;1296.20;10.80;3.25;0.92;166570.28;40760.00;0.00;19205.0;8.67;2.12;0.00;27/12/2024 16:05:12;
28/12/2024;7;2.0TD;3;0.000081420782000000;0.253;1.404130149;177.633161;0.557;2.195;174.881161;129.19;-9.62630;0.74737;0.75;0.25;133.13000;94.62480;101.96000;84.74000;90.60000;2825.9;275.0;200.0;53.0;13.76;0.000;0.17498;0.04096;0.00;0.000;2.094;0.947;0.000;0.557;139.570;130.00;120.00;16457.8;1445.40;9.59;3.25;0.92;149960.80;42760.00;0.00;20092.8;7.46;2.13;0.00;27/12/2024 16:05:12;
28/12/2024;8;2.0TD;3;0.000089658236000000;0.237;1.318374856;175.588066;0.557;2.195;172.836066;135.00;-9.62630;0.74737;0.75;0.25;133.13000;94.62480;101.96000;84.74000;90.60000;2825.9;275.0;200.0;53.0;8.10;0.000;0.17498;0.04096;0.00;0.000;2.096;0.947;0.000;0.557;139.722;135.00;135.00;17779.7;1408.90;3.93;3.25;0.92;36861.36;48440.00;0.00;21718.0;1.70;2.23;0.00;27/12/2024 16:05:12;
28/12/2024;9;2.0TD;3;0.000104059426000000;0.226;1.254031218;181.431644;0.557;2.195;178.679644;142.08;-9.62630;0.74737;0.75;0.25;133.13000;94.62480;101.96000;84.74000;90.60000;2825.9;275.0;200.0;53.0;6.95;0.000;0.17498;0.04096;0.00;0.000;2.186;0.947;0.000;0.557;145.742;141.66;148.61;19196.0;1227.00;2.78;3.25;0.92;22446.56;42200.00;0.00;23214.2;0.97;1.82;0.00;27/12/2024 16:05:12;
28/12/2024;10;2.0TD;3;0.000127093690000000;0.206;1.146182649;178.554191;0.557;2.195;175.802191;137.25;-9.62630;0.74737;0.75;0.25;133.13000;94.62480;101.96000;84.74000;90.60000;2825.9;275.0;200.0;53.0;11.81;0.000;0.17498;0.04096;0.00;0.000;2.187;0.947;0.000;0.557;145.773;137.25;137.25;20662.3;1427.10;7.64;3.25;0.92;20929.68;169848.00;0.00;24966.2;0.84;6.80;0.00;27/12/2024 16:05:12;
28/12/2024;11;2.0TD;3;0.000143503883000000;0.189;1.047275750;163.690238;0.557;2.195;160.938238;122.73;-9.62630;0.74737;0.75;0.25;133.13000;94.62480;101.96000;84.74000;90.60000;2825.9;275.0;200.0;53.0;16.07;0.000;0.17498;0.04096;0.00;0.000;2.030;0.947;0.000;0.557;135.356;122.83;121.72;21103.7;2066.30;11.90;3.25;0.92;49856.64;258888.00;0.00;25953.5;1.92;9.98;0.00;27/12/2024 16:05:12;
28/12/2024;12;2.0TD;3;0.000145506072000000;0.183;1.018865601;146.940726;0.557;2.195;144.188726;113.39;-9.62630;0.74737;0.75;0.25;133.13000;94.62480;101.96000;84.74000;90.60000;2825.9;275.0;200.0;53.0;12.14;0.000;0.17498;0.04096;0.00;0.000;1.828;0.947;0.000;0.557;121.884;113.40;113.30;21939.3;2030.00;7.97;3.25;0.92;53353.52;155896.00;0.00;26253.2;2.03;5.94;0.00;27/12/2024 16:05:12;
28/12/2024;13;2.0TD;3;0.000142630419000000;0.183;1.017618702;141.115634;0.557;2.195;138.363634;108.96;-9.62630;0.74737;0.75;0.25;133.13000;94.62480;101.96000;84.74000;90.60000;2825.9;275.0;200.0;53.0;11.72;0.000;0.17498;0.04096;0.00;0.000;1.754;0.947;0.000;0.557;116.960;108.97;108.87;21509.0;1843.20;7.55;3.25;0.92;57511.32;138240.00;0.00;25941.9;2.22;5.33;0.00;27/12/2024 16:05:12;
28/12/2024;14;2.0TD;3;0.000148975837000000;0.182;1.011035733;141.983280;0.557;2.195;139.231280;109.86;-9.62630;0.74737;0.75;0.25;133.13000;94.62480;101.96000;84.74000;90.60000;2825.9;275.0;200.0;53.0;11.64;0.000;0.17498;0.04096;0.00;0.000;1.767;0.947;0.000;0.557;117.793;110.01;108.08;21889.0;1784.40;7.47;3.25;0.92;60866.36;134352.00;0.00;26124.7;2.33;5.14;0.00;27/12/2024 16:05:12;
28/12/2024;15;2.0TD;3;0.000150911551000000;0.187;1.039171906;147.067414;0.557;2.195;144.315414;113.84;-9.62630;0.74737;0.75;0.25;133.13000;94.62480;101.96000;84.74000;90.60000;2825.9;275.0;200.0;53.0;11.39;0.000;0.17498;0.04096;0.00;0.000;1.824;0.947;0.000;0.557;121.580;114.09;111.09;21385.5;1914.20;7.22;3.25;0.92;57317.88;131856.00;0.00;26192.2;2.19;5.03;0.00;27/12/2024 16:05:12;
28/12/2024;16;2.0TD;3;0.000140370724000000;0.198;1.100946838;151.700491;0.557;2.195;148.948491;113.86;-9.62630;0.74737;0.75;0.25;133.13000;94.62480;101.96000;84.74000;90.60000;2825.9;275.0;200.0;53.0;14.08;0.000;0.17498;0.04096;0.00;0.000;1.865;0.947;0.000;0.557;124.331;114.09;111.19;21129.3;1840.80;9.91;3.25;0.92;49681.36;203528.00;0.00;25554.9;1.94;7.96;0.00;27/12/2024 16:05:12;
28/12/2024;17;2.0TD;3;0.000134545424000000;0.204;1.133361529;163.508829;0.557;2.195;160.756829;120.71;-9.62630;0.74737;0.75;0.25;133.13000;94.62480;101.96000;84.74000;90.60000;2825.9;275.0;200.0;53.0;16.28;0.000;0.17498;0.04096;0.00;0.000;2.003;0.947;0.000;0.557;133.519;121.27;114.27;21673.7;1872.80;12.11;3.25;0.92;30550.80;276752.00;0.00;25368.1;1.20;10.91;0.00;27/12/2024 16:05:12;
28/12/2024;18;2.0TD;3;0.000139831962000000;0.213;1.182015588;179.746848;0.557;2.195;176.994848;142.53;-9.62630;0.74737;0.75;0.25;133.13000;94.62480;101.96000;84.74000;90.60000;2825.9;275.0;200.0;53.0;6.67;0.000;0.17498;0.04096;0.00;0.000;2.189;0.947;0.000;0.557;145.915;142.61;141.18;23239.3;1292.70;2.50;3.25;0.92;104.44;63076.00;0.00;25293.4;0.00;2.49;0.00;27/12/2024 16:05:12;
28/12/2024;19;2.0TD;3;0.000161908031000000;0.217;1.204490402;192.265626;0.557;2.195;189.513626;152.68;-9.62630;0.74737;0.75;0.25;133.13000;94.62480;101.96000;84.74000;90.60000;2825.9;275.0;200.0;53.0;6.18;0.000;0.17498;0.04096;0.00;0.000;2.336;0.947;0.000;0.557;155.722;152.78;150.78;23657.8;1253.60;2.01;3.25;0.92;105.60;54560.00;0.00;27133.2;0.00;2.01;0.00;27/12/2024 16:05:12;
28/12/2024;20;2.0TD;3;0.000170527727000000;0.223;1.238041948;197.706713;0.557;2.195;194.954713;157.00;-9.62630;0.74737;0.75;0.25;133.13000;94.62480;101.96000;84.74000;90.60000;2825.9;275.0;200.0;53.0;5.49;0.000;0.17498;0.04096;0.00;0.000;2.391;0.947;0.000;0.557;159.407;157.00;157.00;24185.7;1341.50;1.32;3.25;0.92;105.28;36240.00;0.00;27505.1;0.00;1.32;0.00;27/12/2024 16:05:12;
28/12/2024;21;2.0TD;3;0.000177675319000000;0.223;1.239782201;202.313754;0.557;2.195;199.561754;160.61;-9.62630;0.74737;0.75;0.25;133.13000;94.62480;101.96000;84.74000;90.60000;2825.9;275.0;200.0;53.0;5.59;0.000;0.17498;0.04096;0.00;0.000;2.448;0.947;0.000;0.557;163.174;160.78;157.88;24160.1;1482.00;1.42;3.25;0.92;106.80;39680.00;0.00;27996.6;0.00;1.42;0.00;27/12/2024 16:05:12;
28/12/2024;22;2.0TD;3;0.000181835459000000;0.225;1.248028120;199.145177;0.557;2.195;196.393177;156.91;-9.62630;0.74737;0.75;0.25;133.13000;94.62480;101.96000;84.74000;90.60000;2825.9;275.0;200.0;53.0;6.48;0.000;0.17498;0.04096;0.00;0.000;2.405;0.947;0.000;0.557;160.321;157.00;155.50;24235.0;1483.30;2.31;3.25;0.92;107.68;39320.00;24859.38;27785.9;0.00;1.42;0.89;27/12/2024 16:05:12;
28/12/2024;23;2.0TD;3;0.000171469362000000;0.230;1.276736174;193.802932;0.557;2.195;191.050932;151.34;-9.62630;0.74737;0.75;0.25;133.13000;94.62480;101.96000;84.74000;90.60000;2825.9;275.0;200.0;53.0;7.13;0.000;0.17498;0.04096;0.00;0.000;2.330;0.947;0.000;0.557;155.326;151.54;148.09;23557.2;1461.10;2.96;3.25;0.92;107.12;52360.00;24859.38;26129.1;0.00;2.00;0.95;27/12/2024 16:05:12;
28/12/2024;24;2.0TD;3;0.000153148314000000;0.239;1.325312694;188.873293;0.557;2.195;186.121293;146.23;-9.62630;0.74737;0.75;0.25;133.13000;94.62480;101.96000;84.74000;90.60000;2825.9;275.0;200.0;53.0;7.21;0.000;0.17498;0.04096;0.00;0.000;2.253;0.947;0.000;0.557;150.219;146.44;142.94;22335.8;1430.00;3.04;3.25;0.92;105.60;47800.00;24859.38;23913.4;0.00;2.00;1.04;27/12/2024 16:05:12;
*
