pvpcdata;
2024;09;10;12;19;12;
26/08/2024;1;2.0TD;3;0.000114044632000000;0.182;1.012220131;132.658445;0.557;2.195;129.906445;96.73;-1.28463;0.95395;0.75;0.25;94.19250;89.05400;101.96000;73.51000;75.32000;2373.3;275.0;234.0;57.0;11.03;0.000;0.17498;0.04096;0.00;0.000;1.649;0.947;0.000;0.557;109.903;97.14;90.97;18680.0;1330.00;6.90;3.08;1.05;80103.52;71500.80;24859.38;25550.4;3.14;2.80;0.97;25/08/2024 16:10:44;
26/08/2024;2;2.0TD;3;0.000097575034000000;0.182;1.008702572;120.249809;0.557;2.195;117.497809;85.23;-1.28463;0.95395;0.75;0.25;94.19250;89.05400;101.96000;73.51000;75.32000;2373.3;275.0;234.0;57.0;12.19;0.000;0.17498;0.04096;0.00;0.000;1.491;0.947;0.000;0.557;99.405;85.23;85.23;18186.9;1116.70;8.06;3.08;1.05;107600.44;85735.20;0.00;23995.2;4.48;3.57;0.00;25/08/2024 16:10:44;
26/08/2024;3;2.0TD;3;0.000087684869000000;0.181;1.003674388;109.946563;0.557;2.195;107.194563;75.50;-1.28463;0.95395;0.75;0.25;94.19250;89.05400;101.96000;73.51000;75.32000;2373.3;275.0;234.0;57.0;13.41;0.000;0.17498;0.04096;0.00;0.000;1.361;0.947;0.000;0.557;90.765;75.00;83.41;17578.7;1112.30;9.28;3.08;1.05;124431.32;85620.88;0.00;22641.8;5.50;3.78;0.00;25/08/2024 16:10:44;
26/08/2024;4;2.0TD;3;0.000081963213000000;0.179;0.995879864;109.430196;0.557;2.195;106.678196;75.38;-1.28463;0.95395;0.75;0.25;94.19250;89.05400;101.96000;73.51000;75.32000;2373.3;275.0;234.0;57.0;13.25;0.000;0.17498;0.04096;0.00;0.000;1.357;0.947;0.000;0.557;90.481;74.87;82.16;16967.1;1270.70;9.12;3.08;1.05;114152.44;85353.76;0.00;21875.6;5.22;3.90;0.00;25/08/2024 16:10:44;
26/08/2024;5;2.0TD;3;0.000078602356000000;0.176;0.980076893;109.767918;0.557;2.195;107.015918;75.28;-1.28463;0.95395;0.75;0.25;94.19250;89.05400;101.96000;73.51000;75.32000;2373.3;275.0;234.0;57.0;13.86;0.000;0.17498;0.04096;0.00;0.000;1.365;0.947;0.000;0.557;90.999;74.87;80.87;16730.1;1232.30;9.73;3.08;1.05;114930.24;94316.00;0.00;21511.1;5.34;4.38;0.00;25/08/2024 16:10:44;
26/08/2024;6;2.0TD;3;0.000077387159000000;0.172;0.953085094;110.379022;0.557;2.195;107.627022;76.01;-1.28463;0.95395;0.75;0.25;94.19250;89.05400;101.96000;73.51000;75.32000;2373.3;275.0;234.0;57.0;13.95;0.000;0.17498;0.04096;0.00;0.000;1.377;0.947;0.000;0.557;91.831;75.50;82.75;16353.5;1233.00;9.82;3.08;1.05;114509.64;99979.20;0.00;21851.3;5.24;4.58;0.00;25/08/2024 16:10:44;
26/08/2024;7;2.0TD;3;0.000079999599000000;0.166;0.919992708;139.162259;0.557;2.195;136.410259;104.04;-1.28463;0.95395;0.75;0.25;94.19250;89.05400;101.96000;73.51000;75.32000;2373.3;275.0;234.0;57.0;10.70;0.000;0.17498;0.04096;0.00;0.000;1.755;0.947;0.000;0.557;116.989;105.00;93.94;15931.6;1513.70;6.57;3.08;1.05;70911.40;63313.68;24859.38;24207.7;2.93;2.62;1.03;25/08/2024 16:10:44;
26/08/2024;8;2.0TD;3;0.000082417113000000;0.163;0.908074987;153.995417;0.557;2.195;151.243417;120.11;-1.28463;0.95395;0.75;0.25;94.19250;89.05400;101.96000;73.51000;75.32000;2373.3;275.0;234.0;57.0;7.49;0.000;0.17498;0.04096;0.00;0.000;1.951;0.947;0.000;0.557;130.045;122.20;102.20;16851.6;1970.10;3.36;3.08;1.05;37445.56;24913.20;24859.38;26006.7;1.44;0.96;0.96;25/08/2024 16:10:44;
26/08/2024;9;2.0TD;2;0.000089032289000000;0.147;0.902919539;182.812508;19.184;8.779;154.849508;118.32;-1.28463;0.95395;0.75;0.25;94.19250;89.05400;101.96000;73.51000;75.32000;2373.3;275.0;234.0;57.0;14.01;0.154;0.17498;0.04096;0.00;0.000;2.025;0.947;0.000;0.557;135.003;120.01;101.66;17885.8;1811.70;9.88;3.08;1.05;50628.12;191120.00;24859.38;26972.4;1.88;7.09;0.92;25/08/2024 16:10:44;
26/08/2024;10;2.0TD;2;0.000100420788000000;0.140;0.858609530;138.489340;19.184;8.779;110.526340;82.91;-1.28463;0.95395;0.75;0.25;94.19250;89.05400;101.96000;73.51000;75.32000;2373.3;275.0;234.0;57.0;11.94;0.154;0.17498;0.04096;0.00;0.000;1.454;0.947;0.000;0.557;96.952;83.06;80.00;20908.5;1053.00;7.81;3.08;1.05;61957.20;134401.20;24859.38;28334.8;2.19;4.74;0.88;25/08/2024 16:10:44;
26/08/2024;11;2.0TD;1;0.000108665774000000;0.147;0.879307494;167.582332;33.081;43.893;90.608332;65.04;-1.28463;0.95395;0.75;0.25;94.19250;89.05400;101.96000;73.51000;75.32000;2373.3;275.0;234.0;57.0;11.35;0.926;0.17498;0.04096;0.00;0.000;1.185;0.947;0.000;0.557;78.995;64.99;65.99;24718.8;1196.10;7.22;3.08;1.05;80346.08;108436.80;24859.38;29591.6;2.72;3.66;0.84;25/08/2024 16:10:44;
26/08/2024;12;2.0TD;1;0.000112866556000000;0.147;0.879149988;163.809849;33.081;43.893;86.835849;63.42;-1.28463;0.95395;0.75;0.25;94.19250;89.05400;101.96000;73.51000;75.32000;2373.3;275.0;234.0;57.0;9.73;0.926;0.17498;0.04096;0.00;0.000;1.136;0.947;0.000;0.557;75.706;63.37;64.38;25710.2;1200.30;5.60;3.08;1.05;87009.68;57412.80;24859.38;30196.6;2.88;1.90;0.82;25/08/2024 16:10:44;
26/08/2024;13;2.0TD;1;0.000118686141000000;0.146;0.874703087;165.618166;33.081;43.893;88.644166;64.99;-1.28463;0.95395;0.75;0.25;94.19250;89.05400;101.96000;73.51000;75.32000;2373.3;275.0;234.0;57.0;9.78;0.926;0.17498;0.04096;0.00;0.000;1.160;0.947;0.000;0.557;77.350;64.99;64.99;26480.7;1234.60;5.65;3.08;1.05;85431.56;64785.60;24859.38;30951.3;2.76;2.09;0.80;25/08/2024 16:10:44;
26/08/2024;14;2.0TD;1;0.000129113409000000;0.142;0.851894348;175.396048;33.081;43.893;98.422048;73.95;-1.28463;0.95395;0.75;0.25;94.19250;89.05400;101.96000;73.51000;75.32000;2373.3;275.0;234.0;57.0;9.52;0.926;0.17498;0.04096;0.00;0.000;1.293;0.947;0.000;0.557;86.183;73.94;74.14;26436.0;1200.00;5.39;3.08;1.05;76851.48;69832.80;24859.38;31793.4;2.42;2.20;0.78;25/08/2024 16:10:44;
26/08/2024;15;2.0TD;2;0.000134241413000000;0.143;0.879715957;126.363790;19.184;8.779;98.400790;74.87;-1.28463;0.95395;0.75;0.25;94.19250;89.05400;101.96000;73.51000;75.32000;2373.3;275.0;234.0;57.0;9.28;0.154;0.17498;0.04096;0.00;0.000;1.291;0.947;0.000;0.557;86.089;74.87;74.87;26213.1;1235.10;5.15;3.08;1.05;76196.36;64797.60;24859.38;32186.6;2.37;2.01;0.77;25/08/2024 16:10:44;
26/08/2024;16;2.0TD;2;0.000130657813000000;0.143;0.877072464;125.703136;19.184;8.779;97.740136;74.19;-1.28463;0.95395;0.75;0.25;94.19250;89.05400;101.96000;73.51000;75.32000;2373.3;275.0;234.0;57.0;9.39;0.154;0.17498;0.04096;0.00;0.000;1.283;0.947;0.000;0.557;85.511;74.07;77.00;26095.1;1068.80;5.26;3.08;1.05;76744.04;64542.24;24859.38;31617.6;2.43;2.04;0.79;25/08/2024 16:10:44;
26/08/2024;17;2.0TD;2;0.000128658964000000;0.145;0.891039822;125.281050;19.184;8.779;97.318050;73.93;-1.28463;0.95395;0.75;0.25;94.19250;89.05400;101.96000;73.51000;75.32000;2373.3;275.0;234.0;57.0;9.14;0.154;0.17498;0.04096;0.00;0.000;1.275;0.947;0.000;0.557;84.993;73.81;76.81;25666.9;1094.80;5.01;3.08;1.05;71733.12;60264.96;24859.38;31275.2;2.29;1.93;0.79;25/08/2024 16:10:44;
26/08/2024;18;2.0TD;2;0.000129823168000000;0.151;0.926273754;138.632721;19.184;8.779;110.669721;85.26;-1.28463;0.95395;0.75;0.25;94.19250;89.05400;101.96000;73.51000;75.32000;2373.3;275.0;234.0;57.0;8.80;0.154;0.17498;0.04096;0.00;0.000;1.442;0.947;0.000;0.557;96.150;85.34;83.38;23578.8;1017.00;4.67;3.08;1.05;52633.76;67223.52;24859.38;30974.4;1.70;2.17;0.80;25/08/2024 16:10:44;
26/08/2024;19;2.0TD;1;0.000130478966000000;0.151;0.906969481;218.834670;33.081;43.893;141.860670;110.69;-1.28463;0.95395;0.75;0.25;94.19250;89.05400;101.96000;73.51000;75.32000;2373.3;275.0;234.0;57.0;9.29;0.926;0.17498;0.04096;0.00;0.000;1.849;0.947;0.000;0.557;123.249;110.78;109.48;22441.4;1707.80;5.16;3.08;1.05;26869.12;105232.32;24859.38;30434.6;0.88;3.46;0.82;25/08/2024 16:10:44;
26/08/2024;20;2.0TD;1;0.000129930932000000;0.155;0.930727310;227.641359;33.081;43.893;150.667359;120.00;-1.28463;0.95395;0.75;0.25;94.19250;89.05400;101.96000;73.51000;75.32000;2373.3;275.0;234.0;57.0;7.07;0.926;0.17498;0.04096;0.00;0.000;1.957;0.947;0.000;0.557;130.447;120.00;120.00;21589.9;1242.80;2.94;3.08;1.05;43368.72;21102.40;24859.38;30365.1;1.43;0.69;0.82;25/08/2024 16:10:44;
26/08/2024;21;2.0TD;1;0.000134110788000000;0.159;0.953914140;239.847030;33.081;43.893;162.873030;126.75;-1.28463;0.95395;0.75;0.25;94.19250;89.05400;101.96000;73.51000;75.32000;2373.3;275.0;234.0;57.0;10.25;0.926;0.17498;0.04096;0.00;0.000;2.108;0.947;0.000;0.557;140.528;127.04;123.13;20953.2;1688.30;6.12;3.08;1.05;117097.52;42840.48;24859.38;30187.5;3.88;1.42;0.82;25/08/2024 16:10:44;
26/08/2024;22;2.0TD;1;0.000152947533000000;0.158;0.947972947;277.432983;33.081;43.893;200.458983;159.56;-1.28463;0.95395;0.75;0.25;94.19250;89.05400;101.96000;73.51000;75.32000;2373.3;275.0;234.0;57.0;9.53;0.926;0.17498;0.04096;0.00;0.000;2.597;0.947;0.000;0.557;173.107;160.00;154.45;21106.9;1805.50;5.40;3.08;1.05;98344.76;43018.16;24859.38;30778.4;3.20;1.40;0.81;25/08/2024 16:10:44;
26/08/2024;23;2.0TD;2;0.000148719676000000;0.163;1.002750738;192.871667;19.184;8.779;164.908667;129.24;-1.28463;0.95395;0.75;0.25;94.19250;89.05400;101.96000;73.51000;75.32000;2373.3;275.0;234.0;57.0;9.78;0.154;0.17498;0.04096;0.00;0.000;2.127;0.947;0.000;0.557;141.795;130.00;120.62;20408.4;1805.20;5.65;3.08;1.05;122290.92;19176.00;24859.38;29421.5;4.16;0.65;0.84;25/08/2024 16:10:44;
26/08/2024;24;2.0TD;2;0.000131360998000000;0.164;1.003801251;187.742871;19.184;8.779;159.779871;124.08;-1.28463;0.95395;0.75;0.25;94.19250;89.05400;101.96000;73.51000;75.32000;2373.3;275.0;234.0;57.0;10.48;0.154;0.17498;0.04096;0.00;0.000;2.059;0.947;0.000;0.557;137.267;124.54;118.54;19385.6;1591.00;6.35;3.08;1.05;128464.12;18089.36;24859.38;26991.3;4.76;0.67;0.92;25/08/2024 16:10:44;
*
