pvpcdata;
2024;11;12;10;29;02;
02/10/2024;1;2.0TD;3;0.000085677808000000;0.182;1.012496953;132.635659;0.557;2.195;129.883659;97.87;-0.12174;1.18074;0.75;0.25;93.59375;93.10680;101.96000;84.74000;75.42000;1761.6;275.0;200.0;45.0;8.79;0.000;0.17498;0.04096;0.00;0.000;1.648;0.947;0.000;0.557;109.884;98.02;96.01;16746.6;1308.60;4.55;3.19;1.05;33755.52;47185.44;24859.38;23276.3;1.45;2.03;1.07;01/10/2024 16:08:29;
02/10/2024;2;2.0TD;3;0.000072668361000000;0.191;1.060902326;137.191666;0.557;2.195;134.439666;98.60;-0.12174;1.18074;0.75;0.25;93.59375;93.10680;101.96000;84.74000;75.42000;1761.6;275.0;200.0;45.0;11.01;0.000;0.17498;0.04096;0.00;0.000;1.693;0.947;0.000;0.557;112.879;99.00;93.99;15999.0;1381.40;6.77;3.19;1.05;46787.96;78562.56;24859.38;22184.8;2.11;3.54;1.12;01/10/2024 16:08:29;
02/10/2024;3;2.0TD;3;0.000065593333000000;0.194;1.075509151;137.699853;0.557;2.195;134.947853;97.63;-0.12174;1.18074;0.75;0.25;93.59375;93.10680;101.96000;84.74000;75.42000;1761.6;275.0;200.0;45.0;12.12;0.000;0.17498;0.04096;0.00;0.000;1.695;0.947;0.000;0.557;113.021;98.02;93.02;15036.4;1282.30;7.88;3.19;1.05;62508.60;82075.52;24859.38;21516.2;2.91;3.81;1.16;01/10/2024 16:08:29;
02/10/2024;4;2.0TD;3;0.000062268241000000;0.194;1.078117150;128.790225;0.557;2.195;126.038225;88.74;-0.12174;1.18074;0.75;0.25;93.59375;93.10680;101.96000;84.74000;75.42000;1761.6;275.0;200.0;45.0;13.66;0.000;0.17498;0.04096;0.00;0.000;1.583;0.947;0.000;0.557;105.559;88.66;89.68;14798.9;1261.80;9.42;3.19;1.05;87164.72;109700.16;0.00;20909.3;4.17;5.25;0.00;01/10/2024 16:08:29;
02/10/2024;5;2.0TD;3;0.000061046176000000;0.194;1.075237087;128.027259;0.557;2.195;125.275259;87.44;-0.12174;1.18074;0.75;0.25;93.59375;93.10680;101.96000;84.74000;75.42000;1761.6;275.0;200.0;45.0;14.33;0.000;0.17498;0.04096;0.00;0.000;1.574;0.947;0.000;0.557;104.920;86.43;97.77;14769.9;1447.50;10.09;3.19;1.05;90677.48;117524.48;0.00;20629.0;4.40;5.70;0.00;01/10/2024 16:08:29;
02/10/2024;6;2.0TD;3;0.000062364551000000;0.188;1.043510563;121.740479;0.557;2.195;118.988479;82.48;-0.12174;1.18074;0.75;0.25;93.59375;93.10680;101.96000;84.74000;75.42000;1761.6;275.0;200.0;45.0;14.60;0.000;0.17498;0.04096;0.00;0.000;1.502;0.947;0.000;0.557;100.158;81.59;92.09;15351.5;1414.70;10.36;3.19;1.05;98353.28;121276.96;0.00;21196.2;4.64;5.72;0.00;01/10/2024 16:08:29;
02/10/2024;7;2.0TD;3;0.000070574708000000;0.173;0.960973223;137.255983;0.557;2.195;134.503983;101.06;-0.12174;1.18074;0.75;0.25;93.59375;93.10680;101.96000;84.74000;75.42000;1761.6;275.0;200.0;45.0;10.31;0.000;0.17498;0.04096;0.00;0.000;1.720;0.947;0.000;0.557;114.666;101.60;95.66;15869.0;1572.40;6.07;3.19;1.05;70165.20;48303.20;24859.38;23611.1;2.97;2.05;1.05;01/10/2024 16:08:29;
02/10/2024;8;2.0TD;3;0.000090027723000000;0.157;0.870577269;155.907158;0.557;2.195;153.155158;119.04;-0.12174;1.18074;0.75;0.25;93.59375;93.10680;101.96000;84.74000;75.42000;1761.6;275.0;200.0;45.0;9.77;0.000;0.17498;0.04096;0.00;0.000;1.986;0.947;0.000;0.557;132.372;119.48;114.48;17052.6;1638.00;5.53;3.19;1.05;19492.16;102860.64;24859.38;26608.5;0.73;3.87;0.93;01/10/2024 16:08:29;
02/10/2024;9;2.0TD;2;0.000095254155000000;0.185;1.132272423;206.856113;19.184;8.779;178.893113;123.98;-0.12174;1.18074;0.75;0.25;93.59375;93.10680;101.96000;84.74000;75.42000;1761.6;275.0;200.0;45.0;22.99;0.154;0.17498;0.04096;0.00;0.000;2.264;0.947;0.000;0.557;150.964;124.24;121.24;18570.1;1742.90;18.75;3.19;1.05;15691.00;482027.28;24859.38;27868.2;0.56;17.30;0.89;01/10/2024 16:08:29;
02/10/2024;10;2.0TD;2;0.000094034849000000;0.149;0.916947274;177.485417;19.184;8.779;149.522417;108.87;-0.12174;1.18074;0.75;0.25;93.59375;93.10680;101.96000;84.74000;75.42000;1761.6;275.0;200.0;45.0;17.58;0.154;0.17498;0.04096;0.00;0.000;1.952;0.947;0.000;0.557;130.132;109.25;104.85;19751.5;1847.80;13.34;3.19;1.05;31532.20;320718.24;24859.38;28276.0;1.12;11.34;0.88;01/10/2024 16:08:29;
02/10/2024;11;2.0TD;1;0.000095575344000000;0.148;0.889051454;201.241157;33.081;43.893;124.267157;90.22;-0.12174;1.18074;0.75;0.25;93.59375;93.10680;101.96000;84.74000;75.42000;1761.6;275.0;200.0;45.0;13.90;0.926;0.17498;0.04096;0.00;0.000;1.624;0.947;0.000;0.557;108.246;90.22;90.22;20663.6;1718.60;9.66;3.19;1.05;55237.56;194928.00;24859.38;28475.6;1.94;6.85;0.87;01/10/2024 16:08:29;
02/10/2024;12;2.0TD;1;0.000095716833000000;0.149;0.892252582;197.884019;33.081;43.893;120.910019;88.44;-0.12174;1.18074;0.75;0.25;93.59375;93.10680;101.96000;84.74000;75.42000;1761.6;275.0;200.0;45.0;12.71;0.926;0.17498;0.04096;0.00;0.000;1.578;0.947;0.000;0.557;105.230;88.66;85.66;22171.9;1746.40;8.47;3.19;1.05;57124.00;161008.80;24859.38;28690.2;1.99;5.61;0.87;01/10/2024 16:08:29;
02/10/2024;13;2.0TD;1;0.000098666878000000;0.147;0.880533160;194.203883;33.081;43.893;117.229883;86.87;-0.12174;1.18074;0.75;0.25;93.59375;93.10680;101.96000;84.74000;75.42000;1761.6;275.0;200.0;45.0;11.30;0.926;0.17498;0.04096;0.00;0.000;1.533;0.947;0.000;0.557;102.205;87.26;82.26;23269.3;1993.80;7.06;3.19;1.05;101946.68;79399.68;24859.38;29183.6;3.49;2.72;0.85;01/10/2024 16:08:29;
02/10/2024;14;2.0TD;1;0.000105192066000000;0.145;0.866089457;184.572687;33.081;43.893;107.598687;78.38;-0.12174;1.18074;0.75;0.25;93.59375;93.10680;101.96000;84.74000;75.42000;1761.6;275.0;200.0;45.0;11.68;0.926;0.17498;0.04096;0.00;0.000;1.410;0.947;0.000;0.557;93.972;78.38;78.38;27275.3;1906.80;7.44;3.19;1.05;115490.96;78243.20;24859.38;29388.5;3.93;2.66;0.85;01/10/2024 16:08:29;
02/10/2024;15;2.0TD;2;0.000105274071000000;0.166;1.017302056;121.397672;19.184;8.779;93.434672;65.07;-0.12174;1.18074;0.75;0.25;93.59375;93.10680;101.96000;84.74000;75.42000;1761.6;275.0;200.0;45.0;12.13;0.154;0.17498;0.04096;0.00;0.000;1.202;0.947;0.000;0.557;80.132;65.00;66.07;26369.4;1952.50;7.89;3.19;1.05;135607.52;68582.56;24859.38;29057.2;4.67;2.36;0.86;01/10/2024 16:08:29;
02/10/2024;16;2.0TD;2;0.000098384275000000;0.173;1.062864121;122.482932;19.184;8.779;94.519932;65.07;-0.12174;1.18074;0.75;0.25;93.59375;93.10680;101.96000;84.74000;75.42000;1761.6;275.0;200.0;45.0;12.57;0.154;0.17498;0.04096;0.00;0.000;1.209;0.947;0.000;0.557;80.579;65.00;66.07;27084.7;1794.40;8.33;3.19;1.05;135863.36;75293.44;24859.38;28342.4;4.79;2.66;0.88;01/10/2024 16:08:29;
02/10/2024;17;2.0TD;2;0.000095008247000000;0.179;1.097434259;130.494325;19.184;8.779;102.531325;71.70;-0.12174;1.18074;0.75;0.25;93.59375;93.10680;101.96000;84.74000;75.42000;1761.6;275.0;200.0;45.0;12.23;0.154;0.17498;0.04096;0.00;0.000;1.304;0.947;0.000;0.557;86.964;71.50;75.50;26226.2;1409.50;7.99;3.19;1.05;124384.84;74894.64;24859.38;28076.6;4.43;2.67;0.89;01/10/2024 16:08:29;
02/10/2024;18;2.0TD;2;0.000098198693000000;0.181;1.111005648;142.538485;19.184;8.779;114.575485;79.44;-0.12174;1.18074;0.75;0.25;93.59375;93.10680;101.96000;84.74000;75.42000;1761.6;275.0;200.0;45.0;14.39;0.154;0.17498;0.04096;0.00;0.000;1.455;0.947;0.000;0.557;97.015;79.44;79.50;20851.3;1365.80;10.15;3.19;1.05;114008.96;145453.44;24859.38;28029.8;4.07;5.19;0.89;01/10/2024 16:08:29;
02/10/2024;19;2.0TD;1;0.000104082835000000;0.160;0.960619315;214.586716;33.081;43.893;137.612716;101.42;-0.12174;1.18074;0.75;0.25;93.59375;93.10680;101.96000;84.74000;75.42000;1761.6;275.0;200.0;45.0;12.93;0.926;0.17498;0.04096;0.00;0.000;1.779;0.947;0.000;0.557;118.631;101.84;96.84;20375.0;1875.90;8.69;3.19;1.05;74644.04;143520.00;24859.38;27958.7;2.67;5.13;0.89;01/10/2024 16:08:29;
02/10/2024;20;2.0TD;1;0.000117201436000000;0.164;0.980175870;228.060795;33.081;43.893;151.086795;116.70;-0.12174;1.18074;0.75;0.25;93.59375;93.10680;101.96000;84.74000;75.42000;1761.6;275.0;200.0;45.0;8.65;0.926;0.17498;0.04096;0.00;0.000;1.947;0.947;0.000;0.557;129.799;116.86;114.85;20268.9;1716.20;4.41;3.19;1.05;22180.12;76480.32;24859.38;28033.4;0.79;2.73;0.89;01/10/2024 16:08:29;
02/10/2024;21;2.0TD;1;0.000142821471000000;0.161;0.963259649;228.236803;33.081;43.893;151.262803;117.08;-0.12174;1.18074;0.75;0.25;93.59375;93.10680;101.96000;84.74000;75.42000;1761.6;275.0;200.0;45.0;8.75;0.926;0.17498;0.04096;0.00;0.000;1.954;0.947;0.000;0.557;130.286;117.25;115.00;19755.2;1592.80;4.51;3.19;1.05;24178.80;84705.12;24859.38;29647.1;0.82;2.86;0.84;01/10/2024 16:08:29;
02/10/2024;22;2.0TD;1;0.000145328609000000;0.161;0.963909114;209.696794;33.081;43.893;132.722794;99.71;-0.12174;1.18074;0.75;0.25;93.59375;93.10680;101.96000;84.74000;75.42000;1761.6;275.0;200.0;45.0;10.39;0.926;0.17498;0.04096;0.00;0.000;1.715;0.947;0.000;0.557;114.317;100.00;96.10;19609.1;1587.10;6.15;3.19;1.05;44880.36;110817.92;24859.38;29391.1;1.53;3.77;0.85;01/10/2024 16:08:29;
02/10/2024;23;2.0TD;2;0.000126337440000000;0.187;1.147332022;154.340103;19.184;8.779;126.377103;93.34;-0.12174;1.18074;0.75;0.25;93.59375;93.10680;101.96000;84.74000;75.42000;1761.6;275.0;200.0;45.0;9.80;0.154;0.17498;0.04096;0.00;0.000;1.597;0.947;0.000;0.557;106.467;93.55;90.80;18527.7;1524.50;5.56;3.19;1.05;52451.00;70099.52;24859.38;26542.9;1.98;2.64;0.94;01/10/2024 16:08:29;
02/10/2024;24;2.0TD;2;0.000105183181000000;0.198;1.216613019;147.775761;19.184;8.779;119.812761;84.94;-0.12174;1.18074;0.75;0.25;93.59375;93.10680;101.96000;84.74000;75.42000;1761.6;275.0;200.0;45.0;11.84;0.154;0.17498;0.04096;0.00;0.000;1.500;0.947;0.000;0.557;100.010;85.00;84.00;18422.1;1233.30;7.60;3.19;1.05;51754.48;111898.08;24859.38;24800.9;2.09;4.51;1.00;01/10/2024 16:08:29;
*
