pvpcdata;
2024;06;11;12;31;15;
26/05/2024;1;2.0TD;3;0.000089616104000000;0.198;1.101227227;118.630688;0.557;2.195;115.878688;55.53;12.49918;1.11010;0.75;0.25;25.42208;75.41880;101.96000;48.69000;28.32000;1765.6;275.0;154.0;61.0;24.15;0.000;0.17498;0.04096;0.00;0.000;1.451;0.947;0.000;0.557;96.726;56.64;41.64;15773.2;1256.00;19.74;3.16;1.25;373507.48;24960.00;24859.38;21442.4;17.42;1.16;1.16;25/05/2024 16:10:48;
26/05/2024;2;2.0TD;3;0.000075975371000000;0.200;1.112420602;114.877341;0.557;2.195;112.125341;52.41;12.49918;1.11010;0.75;0.25;25.42208;75.41880;101.96000;48.69000;28.32000;1765.6;275.0;154.0;61.0;24.03;0.000;0.17498;0.04096;0.00;0.000;1.402;0.947;0.000;0.557;93.437;53.71;38.00;14568.1;1318.70;19.62;3.16;1.25;381346.08;14292.00;0.00;20165.9;18.91;0.71;0.00;25/05/2024 16:10:48;
26/05/2024;3;2.0TD;3;0.000066560338000000;0.204;1.134049047;109.579048;0.557;2.195;106.827048;45.91;12.49918;1.11010;0.75;0.25;25.42208;75.41880;101.96000;48.69000;28.32000;1765.6;275.0;154.0;61.0;25.89;0.000;0.17498;0.04096;0.00;0.000;1.331;0.947;0.000;0.557;88.726;46.65;36.96;13222.2;1085.80;21.48;3.16;1.25;391957.72;20618.00;0.00;19207.6;20.41;1.07;0.00;25/05/2024 16:10:48;
26/05/2024;4;2.0TD;3;0.000061550016000000;0.205;1.136222997;111.795805;0.557;2.195;109.043805;45.94;12.49918;1.11010;0.75;0.25;25.42208;75.41880;101.96000;48.69000;28.32000;1765.6;275.0;154.0;61.0;27.60;0.000;0.17498;0.04096;0.00;0.000;1.357;0.947;0.000;0.557;90.492;46.65;37.50;13961.9;1174.70;23.19;3.16;1.25;391908.80;38304.00;0.00;18548.9;21.13;2.07;0.00;25/05/2024 16:10:48;
26/05/2024;5;2.0TD;3;0.000059069926000000;0.205;1.139602405;115.331275;0.557;2.195;112.579275;48.98;12.49918;1.11010;0.75;0.25;25.42208;75.41880;101.96000;48.69000;28.32000;1765.6;275.0;154.0;61.0;27.45;0.000;0.17498;0.04096;0.00;0.000;1.401;0.947;0.000;0.557;93.426;50.00;38.50;12458.5;1206.40;23.04;3.16;1.25;383491.04;38112.48;0.00;18301.6;20.95;2.08;0.00;25/05/2024 16:10:48;
26/05/2024;6;2.0TD;3;0.000058487436000000;0.205;1.138176963;120.934525;0.557;2.195;118.182525;54.25;12.49918;1.11010;0.75;0.25;25.42208;75.41880;101.96000;48.69000;28.32000;1765.6;275.0;154.0;61.0;26.76;0.000;0.17498;0.04096;0.00;0.000;1.471;0.947;0.000;0.557;98.076;55.92;39.99;12311.0;1444.80;22.35;3.16;1.25;369906.56;40205.68;0.00;18345.6;20.16;2.19;0.00;25/05/2024 16:10:48;
26/05/2024;7;2.0TD;3;0.000057925277000000;0.202;1.122721195;120.921563;0.557;2.195;118.169563;54.69;12.49918;1.11010;0.75;0.25;25.42208;75.41880;101.96000;48.69000;28.32000;1765.6;275.0;154.0;61.0;26.55;0.000;0.17498;0.04096;0.00;0.000;1.475;0.947;0.000;0.557;98.310;56.16;40.50;12373.3;1281.00;22.14;3.16;1.25;369179.28;35239.68;0.00;18263.6;20.21;1.93;0.00;25/05/2024 16:10:48;
26/05/2024;8;2.0TD;3;0.000057490627000000;0.199;1.107419227;109.354832;0.557;2.195;106.602832;35.78;12.49918;1.11010;0.75;0.25;25.42208;75.41880;101.96000;48.69000;28.32000;1765.6;275.0;154.0;61.0;36.20;0.000;0.17498;0.04096;0.00;0.000;1.334;0.947;0.000;0.557;88.909;35.80;35.50;13780.6;832.70;31.79;3.16;1.25;417297.48;155025.00;0.00;18005.2;23.18;8.61;0.00;25/05/2024 16:10:48;
26/05/2024;9;2.0TD;3;0.000069061895000000;0.179;0.993139702;90.387995;0.557;2.195;87.635995;19.69;12.49918;1.11010;0.75;0.25;25.42208;75.41880;101.96000;48.69000;28.32000;1765.6;275.0;154.0;61.0;37.93;0.000;0.17498;0.04096;0.00;0.000;1.115;0.947;0.000;0.557;74.330;20.33;11.33;17056.6;1314.50;33.52;3.16;1.25;464324.92;179301.20;0.00;19201.9;24.18;9.34;0.00;25/05/2024 16:10:48;
26/05/2024;10;2.0TD;3;0.000087326365000000;0.162;0.900960019;55.125414;0.557;2.195;52.373414;-0.77;12.49918;1.11010;0.75;0.25;25.42208;75.41880;101.96000;48.69000;28.32000;1765.6;275.0;154.0;61.0;29.57;0.000;0.17498;0.04096;0.00;0.000;0.676;0.947;0.000;0.557;45.071;0.02;-9.98;20744.1;1800.90;25.16;3.16;1.25;380684.60;147617.28;0.00;21000.9;18.13;7.03;0.00;25/05/2024 16:10:48;
26/05/2024;11;2.0TD;3;0.000102360169000000;0.149;0.825152296;41.731577;0.557;2.195;38.979577;-0.99;12.49918;1.11010;0.75;0.25;25.42208;75.41880;101.96000;48.69000;28.32000;1765.6;275.0;154.0;61.0;18.81;0.000;0.17498;0.04096;0.00;0.000;0.509;0.947;0.000;0.557;33.924;0.00;-12.62;22142.1;1926.00;14.40;3.16;1.25;297696.64;19176.00;0.00;21997.9;13.53;0.87;0.00;25/05/2024 16:10:48;
26/05/2024;12;2.0TD;3;0.000108759106000000;0.148;0.822150178;41.860669;0.557;2.195;39.108669;-0.83;12.49918;1.11010;0.75;0.25;25.42208;75.41880;101.96000;48.69000;28.32000;1765.6;275.0;154.0;61.0;18.79;0.000;0.17498;0.04096;0.00;0.000;0.511;0.947;0.000;0.557;34.066;-0.01;-11.94;24071.6;1809.80;14.38;3.16;1.25;299126.48;19104.00;0.00;22133.6;13.51;0.86;0.00;25/05/2024 16:10:48;
26/05/2024;13;2.0TD;3;0.000111603142000000;0.148;0.820552373;41.347513;0.557;2.195;38.595513;-1.04;12.49918;1.11010;0.75;0.25;25.42208;75.41880;101.96000;48.69000;28.32000;1765.6;275.0;154.0;61.0;18.56;0.000;0.17498;0.04096;0.00;0.000;0.504;0.947;0.000;0.557;33.619;-0.01;-15.00;24470.4;1854.20;14.15;3.16;1.25;299342.76;19092.00;0.00;22503.3;13.30;0.85;0.00;25/05/2024 16:10:48;
26/05/2024;14;2.0TD;3;0.000117967954000000;0.144;0.799941388;41.201593;0.557;2.195;38.449593;-0.92;12.49918;1.11010;0.75;0.25;25.42208;75.41880;101.96000;48.69000;28.32000;1765.6;275.0;154.0;61.0;18.43;0.000;0.17498;0.04096;0.00;0.000;0.504;0.947;0.000;0.557;33.609;-0.01;-15.00;24927.1;1644.30;14.02;3.16;1.25;299953.72;19092.00;0.00;22753.1;13.18;0.84;0.00;25/05/2024 16:10:48;
26/05/2024;15;2.0TD;3;0.000116123784000000;0.144;0.800409299;41.469289;0.557;2.195;38.717289;-0.91;12.49918;1.11010;0.75;0.25;25.42208;75.41880;101.96000;48.69000;28.32000;1765.6;275.0;154.0;61.0;18.65;0.000;0.17498;0.04096;0.00;0.000;0.508;0.947;0.000;0.557;33.843;-0.03;-15.00;24073.9;1545.50;14.24;3.16;1.25;299745.16;19068.00;0.00;22390.6;13.39;0.85;0.00;25/05/2024 16:10:48;
26/05/2024;16;2.0TD;3;0.000100207513000000;0.153;0.850614853;42.078275;0.557;2.195;39.326275;-1.54;12.49918;1.11010;0.75;0.25;25.42208;75.41880;101.96000;48.69000;28.32000;1765.6;275.0;154.0;61.0;19.54;0.000;0.17498;0.04096;0.00;0.000;0.512;0.947;0.000;0.557;34.107;-0.60;-15.00;22482.3;1563.50;15.13;3.16;1.25;301110.04;19678.80;0.00;21207.1;14.20;0.93;0.00;25/05/2024 16:10:48;
26/05/2024;17;2.0TD;3;0.000090893906000000;0.159;0.880682831;42.306102;0.557;2.195;39.554102;-1.71;12.49918;1.11010;0.75;0.25;25.42208;75.41880;101.96000;48.69000;28.32000;1765.6;275.0;154.0;61.0;19.73;0.000;0.17498;0.04096;0.00;0.000;0.512;0.947;0.000;0.557;34.127;-0.60;-15.00;21105.5;1816.20;15.32;3.16;1.25;301232.60;19740.80;0.00;20949.1;14.38;0.94;0.00;25/05/2024 16:10:48;
26/05/2024;18;2.0TD;3;0.000088364213000000;0.163;0.904995943;44.119659;0.557;2.195;41.367659;-0.89;12.49918;1.11010;0.75;0.25;25.42208;75.41880;101.96000;48.69000;28.32000;1765.6;275.0;154.0;61.0;20.33;0.000;0.17498;0.04096;0.00;0.000;0.534;0.947;0.000;0.557;35.569;0.00;-12.29;20983.9;1728.00;15.92;3.16;1.25;317728.32;19152.00;0.00;21156.9;15.02;0.91;0.00;25/05/2024 16:10:48;
26/05/2024;19;2.0TD;3;0.000090368293000000;0.168;0.932452749;50.060420;0.557;2.195;47.308420;-0.23;12.49918;1.11010;0.75;0.25;25.42208;75.41880;101.96000;48.69000;28.32000;1765.6;275.0;154.0;61.0;24.53;0.000;0.17498;0.04096;0.00;0.000;0.608;0.947;0.000;0.557;40.503;0.44;-9.56;23675.7;1781.30;20.12;3.16;1.25;310844.24;124340.40;0.00;21631.1;14.37;5.75;0.00;25/05/2024 16:10:48;
26/05/2024;20;2.0TD;3;0.000095247800000000;0.173;0.962010943;69.327708;0.557;2.195;66.575708;16.55;12.49918;1.11010;0.75;0.25;25.42208;75.41880;101.96000;48.69000;28.32000;1765.6;275.0;154.0;61.0;23.76;0.000;0.17498;0.04096;0.00;0.000;0.851;0.947;0.000;0.557;56.756;16.72;13.99;21054.8;1400.80;19.35;3.16;1.25;239616.64;191539.60;0.00;22284.5;10.75;8.60;0.00;25/05/2024 16:10:48;
26/05/2024;21;2.0TD;3;0.000107080720000000;0.176;0.977091275;88.672659;0.557;2.195;85.920659;35.22;12.49918;1.11010;0.75;0.25;25.42208;75.41880;101.96000;48.69000;28.32000;1765.6;275.0;154.0;61.0;21.15;0.000;0.17498;0.04096;0.00;0.000;1.096;0.947;0.000;0.557;73.061;35.23;35.13;18144.2;998.70;16.74;3.16;1.25;173022.60;214110.00;0.00;23121.1;7.48;9.26;0.00;25/05/2024 16:10:48;
26/05/2024;22;2.0TD;3;0.000125711687000000;0.174;0.966951855;90.444851;0.557;2.195;87.692851;45.35;12.49918;1.11010;0.75;0.25;25.42208;75.41880;101.96000;48.69000;28.32000;1765.6;275.0;154.0;61.0;12.63;0.000;0.17498;0.04096;0.00;0.000;1.120;0.947;0.000;0.557;74.695;46.00;38.50;16495.0;1573.90;8.22;3.16;1.25;131767.92;49235.20;24859.38;25052.1;5.26;1.97;0.99;25/05/2024 16:10:48;
26/05/2024;23;2.0TD;3;0.000123838675000000;0.179;0.992944833;99.604238;0.557;2.195;96.852238;54.39;12.49918;1.11010;0.75;0.25;25.42208;75.41880;101.96000;48.69000;28.32000;1765.6;275.0;154.0;61.0;10.93;0.000;0.17498;0.04096;0.00;0.000;1.232;0.947;0.000;0.557;82.147;55.52;45.67;16114.6;2093.50;6.52;3.16;1.25;80472.44;56746.40;24859.38;24867.9;3.24;2.28;1.00;25/05/2024 16:10:48;
26/05/2024;24;2.0TD;3;0.000104530306000000;0.185;1.026698583;78.479170;0.557;2.195;75.727170;35.48;12.49918;1.11010;0.75;0.25;25.42208;75.41880;101.96000;48.69000;28.32000;1765.6;275.0;154.0;61.0;11.87;0.000;0.17498;0.04096;0.00;0.000;0.959;0.947;0.000;0.557;63.904;35.60;33.81;17706.9;1315.70;7.46;3.16;1.25;98524.00;46340.40;24859.38;22739.1;4.33;2.04;1.09;25/05/2024 16:10:48;
*
