pvpcdata;
2024;08;09;11;56;48;
21/07/2024;1;2.0TD;3;0.000114213766000000;0.185;1.025412826;120.838284;0.557;2.195;118.086284;67.98;14.62902;1.01001;0.75;0.25;30.41292;88.92900;101.96000;73.51000;74.07000;2257.4;275.0;234.0;61.0;13.68;0.000;0.17498;0.04096;0.00;0.000;1.495;0.947;0.000;0.557;99.650;67.98;67.98;18111.0;1707.10;9.46;3.13;1.09;157043.84;55135.36;24859.38;25046.4;6.27;2.20;0.99;20/07/2024 16:11:01;
21/07/2024;2;2.0TD;3;0.000101387436000000;0.183;1.015299753;100.869869;0.557;2.195;98.117869;50.31;14.62902;1.01001;0.75;0.25;30.41292;88.92900;101.96000;73.51000;74.07000;2257.4;275.0;234.0;61.0;14.89;0.000;0.17498;0.04096;0.00;0.000;1.244;0.947;0.000;0.557;82.939;49.77;56.77;19880.3;1652.00;10.67;3.13;1.09;185953.28;64015.04;0.00;23424.6;7.94;2.73;0.00;20/07/2024 16:11:01;
21/07/2024;3;2.0TD;3;0.000090698259000000;0.180;0.999734401;93.013590;0.557;2.195;90.261590;42.88;14.62902;1.01001;0.75;0.25;30.41292;88.92900;101.96000;73.51000;74.07000;2257.4;275.0;234.0;61.0;15.97;0.000;0.17498;0.04096;0.00;0.000;1.147;0.947;0.000;0.557;76.492;42.26;50.25;19486.3;1651.90;11.75;3.13;1.09;197667.72;63600.00;0.00;22227.4;8.89;2.86;0.00;20/07/2024 16:11:01;
21/07/2024;4;2.0TD;3;0.000083394741000000;0.181;1.003451290;95.128488;0.557;2.195;92.376488;44.02;14.62902;1.01001;0.75;0.25;30.41292;88.92900;101.96000;73.51000;74.07000;2257.4;275.0;234.0;61.0;16.53;0.000;0.17498;0.04096;0.00;0.000;1.173;0.947;0.000;0.557;78.218;43.41;50.51;19228.2;1799.10;12.31;3.13;1.09;195593.56;68560.80;0.00;21455.0;9.12;3.20;0.00;20/07/2024 16:11:01;
21/07/2024;5;2.0TD;3;0.000078955933000000;0.179;0.994379285;87.060961;0.557;2.195;84.308961;36.22;14.62902;1.01001;0.75;0.25;30.41292;88.92900;101.96000;73.51000;74.07000;2257.4;275.0;234.0;61.0;17.72;0.000;0.17498;0.04096;0.00;0.000;1.073;0.947;0.000;0.557;71.508;35.35;45.35;18673.5;1774.00;13.50;3.13;1.09;208852.00;73012.80;0.00;20885.4;10.00;3.50;0.00;20/07/2024 16:11:01;
21/07/2024;6;2.0TD;3;0.000076516847000000;0.178;0.987450943;81.929942;0.557;2.195;79.177942;31.66;14.62902;1.01001;0.75;0.25;30.41292;88.92900;101.96000;73.51000;74.07000;2257.4;275.0;234.0;61.0;18.05;0.000;0.17498;0.04096;0.00;0.000;1.008;0.947;0.000;0.557;67.213;30.80;40.80;18460.6;1742.30;13.83;3.13;1.09;216468.36;68685.36;0.00;20612.9;10.50;3.33;0.00;20/07/2024 16:11:01;
21/07/2024;7;2.0TD;3;0.000074200528000000;0.175;0.971694839;83.399150;0.557;2.195;80.647150;32.85;14.62902;1.01001;0.75;0.25;30.41292;88.92900;101.96000;73.51000;74.07000;2257.4;275.0;234.0;61.0;18.26;0.000;0.17498;0.04096;0.00;0.000;1.030;0.947;0.000;0.557;68.635;32.00;42.00;18389.3;1698.20;14.04;3.13;1.09;215076.88;72430.68;0.00;20476.6;10.50;3.54;0.00;20/07/2024 16:11:01;
21/07/2024;8;2.0TD;3;0.000071039465000000;0.173;0.959035155;85.691161;0.557;2.195;82.939161;35.12;14.62902;1.01001;0.75;0.25;30.41292;88.92900;101.96000;73.51000;74.07000;2257.4;275.0;234.0;61.0;18.03;0.000;0.17498;0.04096;0.00;0.000;1.061;0.947;0.000;0.557;70.706;34.57;41.57;18922.3;1628.50;13.81;3.13;1.09;210727.48;71008.00;0.00;20395.8;10.33;3.48;0.00;20/07/2024 16:11:01;
21/07/2024;9;2.0TD;3;0.000078676019000000;0.164;0.911076601;79.039248;0.557;2.195;76.287248;25.59;14.62902;1.01001;0.75;0.25;30.41292;88.92900;101.96000;73.51000;74.07000;2257.4;275.0;234.0;61.0;22.47;0.000;0.17498;0.04096;0.00;0.000;0.983;0.947;0.000;0.557;65.538;25.07;32.07;22340.6;1800.00;18.25;3.13;1.09;247544.64;138246.72;0.00;21143.5;11.71;6.54;0.00;20/07/2024 16:11:01;
21/07/2024;10;2.0TD;3;0.000092177186000000;0.156;0.866052354;42.015393;0.557;2.195;39.263393;0.65;14.62902;1.01001;0.75;0.25;30.41292;88.92900;101.96000;73.51000;74.07000;2257.4;275.0;234.0;61.0;16.31;0.000;0.17498;0.04096;0.00;0.000;0.509;0.947;0.000;0.557;33.964;0.49;3.32;24798.6;1521.90;12.09;3.13;1.09;247344.52;24279.04;0.00;22469.6;11.01;1.08;0.00;20/07/2024 16:11:01;
21/07/2024;11;2.0TD;3;0.000105301631000000;0.152;0.846897503;40.546669;0.557;2.195;37.794669;0.02;14.62902;1.01001;0.75;0.25;30.41292;88.92900;101.96000;73.51000;74.07000;2257.4;275.0;234.0;61.0;15.80;0.000;0.17498;0.04096;0.00;0.000;0.492;0.947;0.000;0.557;32.807;0.00;0.44;26287.8;1372.70;11.58;3.13;1.09;260992.44;10529.20;0.00;23440.8;11.13;0.45;0.00;20/07/2024 16:11:01;
21/07/2024;12;2.0TD;3;0.000114213998000000;0.152;0.845621949;39.822061;0.557;2.195;37.070061;0.00;14.62902;1.01001;0.75;0.25;30.41292;88.92900;101.96000;73.51000;74.07000;2257.4;275.0;234.0;61.0;15.20;0.000;0.17498;0.04096;0.00;0.000;0.483;0.947;0.000;0.557;32.178;0.00;0.00;25885.8;1177.60;10.98;3.13;1.09;260944.32;3466.80;0.00;24090.4;10.83;0.14;0.00;20/07/2024 16:11:01;
21/07/2024;13;2.0TD;3;0.000121036397000000;0.154;0.853911416;39.452515;0.557;2.195;36.700515;-0.01;14.62902;1.01001;0.75;0.25;30.41292;88.92900;101.96000;73.51000;74.07000;2257.4;275.0;234.0;61.0;14.84;0.000;0.17498;0.04096;0.00;0.000;0.477;0.947;0.000;0.557;31.802;-0.01;-0.01;25121.6;1361.00;10.62;3.13;1.09;260970.12;1268.00;0.00;24695.0;10.57;0.05;0.00;20/07/2024 16:11:01;
21/07/2024;14;2.0TD;3;0.000130957490000000;0.151;0.837526479;38.842609;0.557;2.195;36.090609;-0.10;14.62902;1.01001;0.75;0.25;30.41292;88.92900;101.96000;73.51000;74.07000;2257.4;275.0;234.0;61.0;14.49;0.000;0.17498;0.04096;0.00;0.000;0.470;0.947;0.000;0.557;31.355;-0.10;0.00;25073.0;1166.60;10.27;3.13;1.09;261129.04;1272.00;0.00;25540.6;10.22;0.05;0.00;20/07/2024 16:11:01;
21/07/2024;15;2.0TD;3;0.000136711631000000;0.150;0.832897809;38.437503;0.557;2.195;35.685503;-0.24;14.62902;1.01001;0.75;0.25;30.41292;88.92900;101.96000;73.51000;74.07000;2257.4;275.0;234.0;61.0;14.31;0.000;0.17498;0.04096;0.00;0.000;0.465;0.947;0.000;0.557;31.030;-0.25;0.00;25423.4;1265.50;10.09;3.13;1.09;261348.24;1270.40;0.00;26022.9;10.04;0.05;0.00;20/07/2024 16:11:01;
21/07/2024;16;2.0TD;3;0.000130654800000000;0.151;0.839009990;40.467821;0.557;2.195;37.715821;-0.01;14.62902;1.01001;0.75;0.25;30.41292;88.92900;101.96000;73.51000;74.07000;2257.4;275.0;234.0;61.0;15.79;0.000;0.17498;0.04096;0.00;0.000;0.492;0.947;0.000;0.557;32.767;-0.01;0.00;25953.1;1503.10;11.57;3.13;1.09;293653.16;1272.80;0.00;25481.0;11.52;0.05;0.00;20/07/2024 16:11:01;
21/07/2024;17;2.0TD;3;0.000125519472000000;0.152;0.843822973;40.827757;0.557;2.195;38.075757;0.00;14.62902;1.01001;0.75;0.25;30.41292;88.92900;101.96000;73.51000;74.07000;2257.4;275.0;234.0;61.0;16.06;0.000;0.17498;0.04096;0.00;0.000;0.496;0.947;0.000;0.557;33.051;0.00;0.00;26700.8;1176.30;11.84;3.13;1.09;293607.16;3577.28;0.00;25092.4;11.70;0.14;0.00;20/07/2024 16:11:01;
21/07/2024;18;2.0TD;3;0.000123585267000000;0.158;0.875614207;40.896372;0.557;2.195;38.144372;0.00;14.62902;1.01001;0.75;0.25;30.41292;88.92900;101.96000;73.51000;74.07000;2257.4;275.0;234.0;61.0;15.95;0.000;0.17498;0.04096;0.00;0.000;0.494;0.947;0.000;0.557;32.939;0.00;0.00;25541.2;1187.30;11.73;3.13;1.09;293607.16;3512.32;0.00;25319.5;11.60;0.14;0.00;20/07/2024 16:11:01;
21/07/2024;19;2.0TD;3;0.000123312373000000;0.164;0.910101034;40.266408;0.557;2.195;37.514408;0.12;14.62902;1.01001;0.75;0.25;30.41292;88.92900;101.96000;73.51000;74.07000;2257.4;275.0;234.0;61.0;15.13;0.000;0.17498;0.04096;0.00;0.000;0.483;0.947;0.000;0.557;32.228;0.10;0.45;26933.5;1443.60;10.91;3.13;1.09;274568.40;9540.00;0.00;26036.3;10.55;0.37;0.00;20/07/2024 16:11:01;
21/07/2024;20;2.0TD;3;0.000123497774000000;0.172;0.954748849;72.651103;0.557;2.195;69.899103;25.45;14.62902;1.01001;0.75;0.25;30.41292;88.92900;101.96000;73.51000;74.07000;2257.4;275.0;234.0;61.0;16.80;0.000;0.17498;0.04096;0.00;0.000;0.895;0.947;0.000;0.557;59.640;25.06;32.62;25689.1;1387.50;12.58;3.13;1.09;254531.00;86260.24;0.00;27082.5;9.40;3.19;0.00;20/07/2024 16:11:01;
21/07/2024;21;2.0TD;3;0.000126867111000000;0.176;0.976800706;111.965794;0.557;2.195;109.213794;59.00;14.62902;1.01001;0.75;0.25;30.41292;88.92900;101.96000;73.51000;74.07000;2257.4;275.0;234.0;61.0;15.98;0.000;0.17498;0.04096;0.00;0.000;1.393;0.947;0.000;0.557;92.868;59.00;59.00;22283.1;1404.50;11.76;3.13;1.09;220106.44;111337.20;0.00;28179.1;7.81;3.95;0.00;20/07/2024 16:11:01;
21/07/2024;22;2.0TD;3;0.000137922941000000;0.177;0.981213625;150.618360;0.557;2.195;147.866360;94.76;14.62902;1.01001;0.75;0.25;30.41292;88.92900;101.96000;73.51000;74.07000;2257.4;275.0;234.0;61.0;12.49;0.000;0.17498;0.04096;0.00;0.000;1.884;0.947;0.000;0.557;125.629;95.00;91.52;21257.3;1541.60;8.27;3.13;1.09;199801.16;11158.00;24859.38;28514.6;7.01;0.39;0.87;20/07/2024 16:11:01;
21/07/2024;23;2.0TD;3;0.000146651904000000;0.178;0.991289180;151.318854;0.557;2.195;148.566854;95.22;14.62902;1.01001;0.75;0.25;30.41292;88.92900;101.96000;73.51000;74.07000;2257.4;275.0;234.0;61.0;12.51;0.000;0.17498;0.04096;0.00;0.000;1.892;0.947;0.000;0.557;126.117;95.44;91.94;21673.2;1446.80;8.29;3.13;1.09;198325.80;14264.32;24859.38;28640.2;6.92;0.50;0.87;20/07/2024 16:11:01;
21/07/2024;24;2.0TD;3;0.000133479664000000;0.178;0.991555679;150.325800;0.557;2.195;147.573800;93.73;14.62902;1.01001;0.75;0.25;30.41292;88.92900;101.96000;73.51000;74.07000;2257.4;275.0;234.0;61.0;13.17;0.000;0.17498;0.04096;0.00;0.000;1.879;0.947;0.000;0.557;125.274;93.98;90.53;20141.9;1586.50;8.95;3.13;1.09;202004.56;15836.40;24859.38;27140.3;7.44;0.58;0.92;20/07/2024 16:11:01;
*
