pvpcdata;
2024;12;11;12;05;27;
08/11/2024;1;2.0TD;3;0.000098878238000000;0.217;1.205695929;136.487055;0.557;2.195;133.735055;103.47;-6.09309;1.07979;0.75;0.25;117.48917;93.11680;101.96000;84.74000;75.52000;1930.0;275.0;200.0;46.0;9.63;0.000;0.17498;0.04096;0.00;0.000;1.648;0.947;0.000;0.557;109.889;103.48;103.40;16217.2;1803.70;5.39;3.21;1.03;57240.16;42432.80;24859.38;23105.7;2.48;1.84;1.08;07/11/2024 16:08:30;
08/11/2024;2;2.0TD;3;0.000082593310000000;0.223;1.241600524;137.121930;0.557;2.195;134.369930;103.60;-6.09309;1.07979;0.75;0.25;117.48917;93.11680;101.96000;84.74000;75.52000;1930.0;275.0;200.0;46.0;9.48;0.000;0.17498;0.04096;0.00;0.000;1.648;0.947;0.000;0.557;109.869;104.00;99.95;15335.1;1672.50;5.24;3.21;1.03;73339.56;15960.00;24859.38;21788.0;3.37;0.73;1.14;07/11/2024 16:08:30;
08/11/2024;3;2.0TD;3;0.000073123664000000;0.230;1.278165039;139.638844;0.557;2.195;136.886844;98.66;-6.09309;1.07979;0.75;0.25;117.48917;93.11680;101.96000;84.74000;75.52000;1930.0;275.0;200.0;46.0;15.82;0.000;0.17498;0.04096;0.00;0.000;1.669;0.947;0.000;0.557;111.290;98.78;96.78;15095.5;967.70;11.58;3.21;1.03;205829.44;12831.84;24859.38;21019.7;9.79;0.61;1.18;07/11/2024 16:08:30;
08/11/2024;4;2.0TD;3;0.000068483575000000;0.232;1.287880669;140.324656;0.557;2.195;137.572656;98.58;-6.09309;1.07979;0.75;0.25;117.48917;93.11680;101.96000;84.74000;75.52000;1930.0;275.0;200.0;46.0;16.27;0.000;0.17498;0.04096;0.00;0.000;1.675;0.947;0.000;0.557;111.666;98.78;95.33;14790.5;886.60;12.03;3.21;1.03;228457.60;20109.60;0.00;20656.4;11.06;0.97;0.00;07/11/2024 16:08:30;
08/11/2024;5;2.0TD;3;0.000067107608000000;0.232;1.286259007;140.099200;0.557;2.195;137.347200;98.62;-6.09309;1.07979;0.75;0.25;117.48917;93.11680;101.96000;84.74000;75.52000;1930.0;275.0;200.0;46.0;16.05;0.000;0.17498;0.04096;0.00;0.000;1.672;0.947;0.000;0.557;111.483;98.80;95.85;14807.6;936.60;11.81;3.21;1.03;228533.32;14364.00;0.00;20562.8;11.11;0.70;0.00;07/11/2024 16:08:30;
08/11/2024;6;2.0TD;3;0.000069546204000000;0.223;1.237857890;141.132147;0.557;2.195;138.380147;102.88;-6.09309;1.07979;0.75;0.25;117.48917;93.11680;101.96000;84.74000;75.52000;1930.0;275.0;200.0;46.0;13.43;0.000;0.17498;0.04096;0.00;0.000;1.697;0.947;0.000;0.557;113.148;103.23;98.23;14858.9;1124.00;9.19;3.21;1.03;180316.00;14364.00;0.00;21194.6;8.51;0.68;0.00;07/11/2024 16:08:30;
08/11/2024;7;2.0TD;3;0.000079975355000000;0.203;1.125646924;146.722369;0.557;2.195;143.970369;111.88;-6.09309;1.07979;0.75;0.25;117.48917;93.11680;101.96000;84.74000;75.52000;1930.0;275.0;200.0;46.0;10.86;0.000;0.17498;0.04096;0.00;0.000;1.795;0.947;0.000;0.557;119.676;112.09;108.79;15701.3;1089.80;6.62;3.21;1.03;85994.32;44115.84;24859.38;23380.7;3.68;1.89;1.06;07/11/2024 16:08:30;
08/11/2024;8;2.0TD;3;0.000101568574000000;0.189;1.048402869;165.532184;0.557;2.195;162.780184;126.56;-6.09309;1.07979;0.75;0.25;117.48917;93.11680;101.96000;84.74000;75.52000;1930.0;275.0;200.0;46.0;13.15;0.000;0.17498;0.04096;0.00;0.000;2.054;0.947;0.000;0.557;136.905;126.56;126.55;17015.2;1040.50;8.91;3.21;1.03;22040.20;187367.20;24859.38;26293.4;0.84;7.13;0.95;07/11/2024 16:08:30;
08/11/2024;9;2.0TD;2;0.000109151113000000;0.184;1.127119052;194.090178;19.184;8.779;166.127178;130.37;-6.09309;1.07979;0.75;0.25;117.48917;93.11680;101.96000;84.74000;75.52000;1930.0;275.0;200.0;46.0;12.54;0.154;0.17498;0.04096;0.00;0.000;2.105;0.947;0.000;0.557;140.310;130.37;130.38;18337.3;1091.30;8.30;3.21;1.03;11204.96;195417.76;24859.38;27872.0;0.40;7.01;0.89;07/11/2024 16:08:30;
08/11/2024;10;2.0TD;2;0.000110327038000000;0.165;1.009602230;178.401916;19.184;8.779;150.438916;123.91;-6.09309;1.07979;0.75;0.25;117.48917;93.11680;101.96000;84.74000;75.52000;1930.0;275.0;200.0;46.0;7.99;0.154;0.17498;0.04096;0.00;0.000;1.937;0.947;0.000;0.557;129.132;124.10;120.80;18797.9;1166.30;3.75;3.21;1.03;28183.76;51945.28;24859.38;28031.5;1.01;1.85;0.89;07/11/2024 16:08:30;
08/11/2024;11;2.0TD;1;0.000112083553000000;0.159;0.950393401;221.792344;33.081;43.893;144.818344;117.17;-6.09309;1.07979;0.75;0.25;117.48917;93.11680;101.96000;84.74000;75.52000;1930.0;275.0;200.0;46.0;9.84;0.926;0.17498;0.04096;0.00;0.000;1.874;0.947;0.000;0.557;124.951;117.34;114.44;21120.2;1321.40;5.60;3.21;1.03;37017.24;94515.12;24859.38;27904.6;1.33;3.39;0.89;07/11/2024 16:08:30;
08/11/2024;12;2.0TD;1;0.000111020919000000;0.159;0.951492927;216.674200;33.081;43.893;139.700200;110.94;-6.09309;1.07979;0.75;0.25;117.48917;93.11680;101.96000;84.74000;75.52000;1930.0;275.0;200.0;46.0;11.72;0.926;0.17498;0.04096;0.00;0.000;1.808;0.947;0.000;0.557;120.535;110.94;110.94;21762.3;1447.20;7.48;3.21;1.03;50115.04;132264.32;24859.38;27731.5;1.81;4.77;0.90;07/11/2024 16:08:30;
08/11/2024;13;2.0TD;1;0.000112172919000000;0.158;0.947642175;210.240249;33.081;43.893;133.266249;105.77;-6.09309;1.07979;0.75;0.25;117.48917;93.11680;101.96000;84.74000;75.52000;1930.0;275.0;200.0;46.0;11.52;0.926;0.17498;0.04096;0.00;0.000;1.726;0.947;0.000;0.557;115.083;105.59;108.94;21926.5;1214.00;7.28;3.21;1.03;56086.08;119862.24;24859.38;27590.2;2.03;4.34;0.90;07/11/2024 16:08:30;
08/11/2024;14;2.0TD;1;0.000119394719000000;0.158;0.947823064;211.510575;33.081;43.893;134.536575;106.92;-6.09309;1.07979;0.75;0.25;117.48917;93.11680;101.96000;84.74000;75.52000;1930.0;275.0;200.0;46.0;11.45;0.926;0.17498;0.04096;0.00;0.000;1.743;0.947;0.000;0.557;116.180;106.81;108.94;21565.4;1218.50;7.21;3.21;1.03;54577.96;120254.40;24859.38;27706.3;1.97;4.34;0.90;07/11/2024 16:08:30;
08/11/2024;15;2.0TD;2;0.000121627687000000;0.163;0.997568200;168.898965;19.184;8.779;140.935965;112.74;-6.09309;1.07979;0.75;0.25;117.48917;93.11680;101.96000;84.74000;75.52000;1930.0;275.0;200.0;46.0;11.33;0.154;0.17498;0.04096;0.00;0.000;1.818;0.947;0.000;0.557;121.183;112.53;116.63;21238.2;1128.50;7.09;3.21;1.03;49634.52;119877.60;24859.38;27437.6;1.81;4.37;0.91;07/11/2024 16:08:30;
08/11/2024;16;2.0TD;2;0.000117177987000000;0.171;1.051089791;189.317569;19.184;8.779;161.354569;122.60;-6.09309;1.07979;0.75;0.25;117.48917;93.11680;101.96000;84.74000;75.52000;1930.0;275.0;200.0;46.0;17.83;0.154;0.17498;0.04096;0.00;0.000;2.067;0.947;0.000;0.557;137.792;122.80;119.70;20631.7;1456.30;13.59;3.21;1.03;34161.40;308576.52;24859.38;27051.9;1.26;11.41;0.92;07/11/2024 16:08:30;
08/11/2024;17;2.0TD;2;0.000114274868000000;0.175;1.073943720;197.812912;19.184;8.779;169.849912;127.48;-6.09309;1.07979;0.75;0.25;117.48917;93.11680;101.96000;84.74000;75.52000;1930.0;275.0;200.0;46.0;19.61;0.154;0.17498;0.04096;0.00;0.000;2.168;0.947;0.000;0.557;144.553;127.74;124.44;19925.0;1678.70;15.37;3.21;1.03;33620.16;351403.20;24859.38;26664.3;1.26;13.18;0.93;07/11/2024 16:08:30;
08/11/2024;18;2.0TD;2;0.000119790363000000;0.185;1.134292839;217.893753;19.184;8.779;189.930753;129.85;-6.09309;1.07979;0.75;0.25;117.48917;93.11680;101.96000;84.74000;75.52000;1930.0;275.0;200.0;46.0;32.73;0.154;0.17498;0.04096;0.00;0.000;2.404;0.947;0.000;0.557;160.279;129.88;129.45;18949.4;1404.70;28.49;3.21;1.03;39621.16;700674.24;24859.38;26859.1;1.48;26.09;0.93;07/11/2024 16:08:30;
08/11/2024;19;2.0TD;1;0.000138217248000000;0.189;1.128883766;244.034584;33.081;43.893;167.060584;133.58;-6.09309;1.07979;0.75;0.25;117.48917;93.11680;101.96000;84.74000;75.52000;1930.0;275.0;200.0;46.0;8.75;0.926;0.17498;0.04096;0.00;0.000;2.108;0.947;0.000;0.557;140.505;133.58;133.58;19841.9;1468.40;4.51;3.21;1.03;37119.32;65513.36;24859.38;28259.8;1.31;2.32;0.88;07/11/2024 16:08:30;
08/11/2024;20;2.0TD;1;0.000148055205000000;0.192;1.149574222;243.705139;33.081;43.893;166.731139;134.10;-6.09309;1.07979;0.75;0.25;117.48917;93.11680;101.96000;84.74000;75.52000;1930.0;275.0;200.0;46.0;7.61;0.926;0.17498;0.04096;0.00;0.000;2.098;0.947;0.000;0.557;139.875;134.28;131.28;19930.4;1279.80;3.37;3.21;1.03;36603.80;34960.00;24859.38;28639.7;1.28;1.22;0.87;07/11/2024 16:08:30;
08/11/2024;21;2.0TD;1;0.000154679127000000;0.195;1.165626007;244.331500;33.081;43.893;167.357500;134.00;-6.09309;1.07979;0.75;0.25;117.48917;93.11680;101.96000;84.74000;75.52000;1930.0;275.0;200.0;46.0;7.88;0.926;0.17498;0.04096;0.00;0.000;2.101;0.947;0.000;0.557;140.048;134.28;130.00;20117.6;1395.90;3.64;3.21;1.03;36523.28;42960.00;24859.38;28674.6;1.27;1.50;0.87;07/11/2024 16:08:30;
08/11/2024;22;2.0TD;1;0.000156494237000000;0.198;1.184372979;242.476642;33.081;43.893;165.502642;131.94;-6.09309;1.07979;0.75;0.25;117.48917;93.11680;101.96000;84.74000;75.52000;1930.0;275.0;200.0;46.0;8.07;0.926;0.17498;0.04096;0.00;0.000;2.072;0.947;0.000;0.557;138.149;132.28;127.28;19811.1;1436.80;3.83;3.21;1.03;38151.28;42960.00;24859.38;27674.6;1.38;1.55;0.90;07/11/2024 16:08:30;
08/11/2024;23;2.0TD;2;0.000144313483000000;0.209;1.279208532;188.895549;19.184;8.779;160.932549;127.43;-6.09309;1.07979;0.75;0.25;117.48917;93.11680;101.96000;84.74000;75.52000;1930.0;275.0;200.0;46.0;8.39;0.154;0.17498;0.04096;0.00;0.000;1.997;0.947;0.000;0.557;133.112;127.74;122.74;19413.0;1280.00;4.15;3.21;1.03;43356.24;37402.56;24859.38;25491.2;1.70;1.47;0.98;07/11/2024 16:08:30;
08/11/2024;24;2.0TD;2;0.000125045321000000;0.218;1.339074558;193.172662;19.184;8.779;165.209662;123.30;-6.09309;1.07979;0.75;0.25;117.48917;93.11680;101.96000;84.74000;75.52000;1930.0;275.0;200.0;46.0;15.01;0.154;0.17498;0.04096;0.00;0.000;2.035;0.947;0.000;0.557;135.640;123.76;115.86;17715.0;1090.00;10.77;3.21;1.03;177622.88;50988.96;24859.38;23537.1;7.55;2.17;1.06;07/11/2024 16:08:30;
*
