pvpcdata;
2024;04;10;12;05;52;
25/03/2024;1;2.0TD;3;0.000102467307000000;0.221;1.225095356;97.478622;0.557;2.195;94.726622;33.73;17.52330;1.00191;0.75;0.25;23.74542;93.83860;101.96000;97.42000;37.09000;1988.2;275.0;177.0;46.0;23.41;0.000;0.17498;0.04096;0.00;0.000;0.000;1.164;0.947;0.000;0.557;77.581;35.00;20.00;17331.3;1605.20;18.60;3.40;1.41;306932.48;58003.04;24859.38;20963.7;14.64;2.77;1.19;24/03/2024 16:08:23;
25/03/2024;2;2.0TD;3;0.000084107135000000;0.228;1.267761682;91.551358;0.557;2.195;88.799358;28.74;17.52330;1.00191;0.75;0.25;23.74542;93.83860;101.96000;97.42000;37.09000;1988.2;275.0;177.0;46.0;23.21;0.000;0.17498;0.04096;0.00;0.000;0.000;1.085;0.947;0.000;0.557;72.312;30.00;15.00;16408.9;1500.50;18.40;3.40;1.41;327334.44;38150.84;0.00;19865.6;16.48;1.92;0.00;24/03/2024 16:08:23;
25/03/2024;3;2.0TD;3;0.000073683558000000;0.235;1.305063670;91.417813;0.557;2.195;88.665813;26.94;17.52330;1.00191;0.75;0.25;23.74542;93.83860;101.96000;97.42000;37.09000;1988.2;275.0;177.0;46.0;24.50;0.000;0.17498;0.04096;0.00;0.000;0.000;1.077;0.947;0.000;0.557;71.794;28.26;13.26;15879.9;1530.60;19.69;3.40;1.41;339502.72;38328.00;0.00;19188.1;17.69;2.00;0.00;24/03/2024 16:08:23;
25/03/2024;4;2.0TD;3;0.000068514918000000;0.238;1.322725719;96.333882;0.557;2.195;93.581882;29.11;17.52330;1.00191;0.75;0.25;23.74542;93.83860;101.96000;97.42000;37.09000;1988.2;275.0;177.0;46.0;26.07;0.000;0.17498;0.04096;0.00;0.000;0.000;1.134;0.947;0.000;0.557;75.591;30.50;15.50;15719.7;1600.10;21.26;3.40;1.41;362695.08;39822.16;0.00;18928.7;19.16;2.10;0.00;24/03/2024 16:08:23;
25/03/2024;5;2.0TD;3;0.000066557443000000;0.239;1.326225518;94.082631;0.557;2.195;91.330631;27.09;17.52330;1.00191;0.75;0.25;23.74542;93.83860;101.96000;97.42000;37.09000;1988.2;275.0;177.0;46.0;26.24;0.000;0.17498;0.04096;0.00;0.000;0.000;1.106;0.947;0.000;0.557;73.713;28.35;13.35;15955.4;1464.60;21.43;3.40;1.41;366852.60;39657.60;0.00;18969.9;19.34;2.09;0.00;24/03/2024 16:08:23;
25/03/2024;6;2.0TD;3;0.000068077316000000;0.231;1.281338331;99.215844;0.557;2.195;96.463844;33.20;17.52330;1.00191;0.75;0.25;23.74542;93.83860;101.96000;97.42000;37.09000;1988.2;275.0;177.0;46.0;24.71;0.000;0.17498;0.04096;0.00;0.000;0.000;1.175;0.947;0.000;0.557;78.362;34.47;19.47;16586.9;1537.80;19.90;3.40;1.41;354655.52;38352.00;0.00;19746.3;17.96;1.94;0.00;24/03/2024 16:08:23;
25/03/2024;7;2.0TD;3;0.000076252693000000;0.208;1.153836835;94.176074;0.557;2.195;91.424074;33.90;17.52330;1.00191;0.75;0.25;23.74542;93.83860;101.96000;97.42000;37.09000;1988.2;275.0;177.0;46.0;21.37;0.000;0.17498;0.04096;0.00;0.000;0.000;1.135;0.947;0.000;0.557;75.682;35.00;20.00;18332.5;1452.60;16.56;3.40;1.41;308802.84;41164.48;24859.38;22634.1;13.64;1.82;1.10;24/03/2024 16:08:23;
25/03/2024;8;2.0TD;3;0.000093293585000000;0.190;1.054741826;133.564155;0.557;2.195;130.812155;75.19;17.52330;1.00191;0.75;0.25;23.74542;93.83860;101.96000;97.42000;37.09000;1988.2;275.0;177.0;46.0;13.81;0.000;0.17498;0.04096;0.00;0.000;0.000;1.649;0.947;0.000;0.557;109.926;75.75;65.75;20488.4;1214.70;9.00;3.40;1.41;183439.28;20800.00;24859.38;25456.7;7.21;0.82;0.98;24/03/2024 16:08:23;
25/03/2024;9;2.0TD;2;0.000101207545000000;0.180;1.102500195;138.572873;19.184;8.779;110.609873;58.82;17.52330;1.00191;0.75;0.25;23.74542;93.83860;101.96000;97.42000;37.09000;1988.2;275.0;177.0;46.0;14.08;0.154;0.17498;0.04096;0.00;0.000;0.000;1.406;0.947;0.000;0.557;93.737;59.00;55.00;22579.8;1061.80;9.27;3.40;1.41;183034.00;41713.60;24859.38;26926.3;6.80;1.55;0.92;24/03/2024 16:08:23;
25/03/2024;10;2.0TD;2;0.000107314094000000;0.163;0.998826165;111.629430;19.184;8.779;83.666430;35.00;17.52330;1.00191;0.75;0.25;23.74542;93.83860;101.96000;97.42000;37.09000;1988.2;275.0;177.0;46.0;16.43;0.154;0.17498;0.04096;0.00;0.000;0.000;1.079;0.947;0.000;0.557;71.940;35.00;35.00;23452.9;1313.70;11.62;3.40;1.41;239227.16;56641.44;24859.38;27602.9;8.67;2.05;0.90;24/03/2024 16:08:23;
25/03/2024;11;2.0TD;1;0.000112211416000000;0.163;0.978822702;143.936261;33.081;43.893;66.962261;19.78;17.52330;1.00191;0.75;0.25;23.74542;93.83860;101.96000;97.42000;37.09000;1988.2;275.0;177.0;46.0;16.73;0.926;0.17498;0.04096;0.00;0.000;0.000;0.864;0.947;0.000;0.557;57.577;20.00;16.75;23898.5;1722.10;11.92;3.40;1.41;247846.64;59673.60;24859.38;27876.3;8.89;2.14;0.89;24/03/2024 16:08:23;
25/03/2024;12;2.0TD;1;0.000112625616000000;0.161;0.965503417;135.322587;33.081;43.893;58.348587;12.97;17.52330;1.00191;0.75;0.25;23.74542;93.83860;101.96000;97.42000;37.09000;1988.2;275.0;177.0;46.0;16.33;0.926;0.17498;0.04096;0.00;0.000;0.000;0.754;0.947;0.000;0.557;50.257;13.30;9.70;25243.5;2513.10;11.52;3.40;1.41;270876.60;23748.48;24859.38;27735.5;9.77;0.86;0.90;24/03/2024 16:08:23;
25/03/2024;13;2.0TD;1;0.000113535705000000;0.158;0.947867788;133.784531;33.081;43.893;56.810531;11.44;17.52330;1.00191;0.75;0.25;23.74542;93.83860;101.96000;97.42000;37.09000;1988.2;275.0;177.0;46.0;16.68;0.926;0.17498;0.04096;0.00;0.000;0.000;0.736;0.947;0.000;0.557;49.059;12.21;2.79;26448.4;2345.10;11.87;3.40;1.41;279517.08;26974.24;24859.38;27901.8;10.02;0.97;0.89;24/03/2024 16:08:23;
25/03/2024;14;2.0TD;1;0.000120420518000000;0.153;0.918161181;125.052002;33.081;43.893;48.078002;3.70;17.52330;1.00191;0.75;0.25;23.74542;93.83860;101.96000;97.42000;37.09000;1988.2;275.0;177.0;46.0;17.17;0.926;0.17498;0.04096;0.00;0.000;0.000;0.625;0.947;0.000;0.557;41.698;4.00;0.00;26572.6;2125.50;12.36;3.40;1.41;281012.64;40054.72;24859.38;27995.3;10.04;1.43;0.89;24/03/2024 16:08:23;
25/03/2024;15;2.0TD;2;0.000121897461000000;0.159;0.977132606;74.653524;19.184;8.779;46.690524;3.04;17.52330;1.00191;0.75;0.25;23.74542;93.83860;101.96000;97.42000;37.09000;1988.2;275.0;177.0;46.0;17.21;0.154;0.17498;0.04096;0.00;0.000;0.000;0.604;0.947;0.000;0.557;40.285;3.20;1.21;26008.8;2312.50;12.40;3.40;1.41;274426.24;41890.32;24859.38;27497.9;9.98;1.52;0.90;24/03/2024 16:08:23;
25/03/2024;16;2.0TD;2;0.000114013171000000;0.164;1.007931491;73.224186;19.184;8.779;45.261186;1.93;17.52330;1.00191;0.75;0.25;23.74542;93.83860;101.96000;97.42000;37.09000;1988.2;275.0;177.0;46.0;16.94;0.154;0.17498;0.04096;0.00;0.000;0.000;0.583;0.947;0.000;0.557;38.884;2.10;0.03;25347.6;2330.00;12.13;3.40;1.41;267508.60;31536.96;24859.38;26695.6;10.02;1.18;0.93;24/03/2024 16:08:23;
25/03/2024;17;2.0TD;2;0.000108133618000000;0.171;1.049855617;75.232969;19.184;8.779;47.269969;2.96;17.52330;1.00191;0.75;0.25;23.74542;93.83860;101.96000;97.42000;37.09000;1988.2;275.0;177.0;46.0;17.37;0.154;0.17498;0.04096;0.00;0.000;0.000;0.606;0.947;0.000;0.557;40.367;3.12;1.05;25089.5;2139.10;12.56;3.40;1.41;259574.04;47203.20;24859.38;26397.4;9.83;1.79;0.94;24/03/2024 16:08:23;
25/03/2024;18;2.0TD;2;0.000108016821000000;0.176;1.079191808;75.159621;19.184;8.779;47.196621;3.20;17.52330;1.00191;0.75;0.25;23.74542;93.83860;101.96000;97.42000;37.09000;1988.2;275.0;177.0;46.0;16.90;0.154;0.17498;0.04096;0.00;0.000;0.000;0.602;0.947;0.000;0.557;40.133;3.20;3.20;25441.9;2119.90;12.09;3.40;1.41;250811.48;47120.04;24859.38;26700.4;9.39;1.76;0.93;24/03/2024 16:08:23;
25/03/2024;19;2.0TD;1;0.000113349030000000;0.171;1.026790439;124.055438;33.081;43.893;47.081438;3.26;17.52330;1.00191;0.75;0.25;23.74542;93.83860;101.96000;97.42000;37.09000;1988.2;275.0;177.0;46.0;16.14;0.926;0.17498;0.04096;0.00;0.000;0.000;0.603;0.947;0.000;0.557;40.206;3.20;4.20;22315.2;1523.40;11.33;3.40;1.41;226882.92;53610.00;24859.38;26955.3;8.42;1.99;0.92;24/03/2024 16:08:23;
25/03/2024;20;2.0TD;1;0.000128666619000000;0.174;1.040999256;139.372312;33.081;43.893;62.398312;19.23;17.52330;1.00191;0.75;0.25;23.74542;93.83860;101.96000;97.42000;37.09000;1988.2;275.0;177.0;46.0;12.92;0.926;0.17498;0.04096;0.00;0.000;0.000;0.797;0.947;0.000;0.557;53.150;20.02;10.50;22248.5;2017.90;8.11;3.40;1.41;183072.40;21976.32;24859.38;28370.7;6.45;0.77;0.88;24/03/2024 16:08:23;
25/03/2024;21;2.0TD;1;0.000153322124000000;0.175;1.045928227;154.337387;33.081;43.893;77.363387;34.87;17.52330;1.00191;0.75;0.25;23.74542;93.83860;101.96000;97.42000;37.09000;1988.2;275.0;177.0;46.0;9.78;0.926;0.17498;0.04096;0.00;0.000;0.000;0.988;0.947;0.000;0.557;65.841;35.00;33.00;22472.9;1583.50;4.97;3.40;1.41;79354.64;42581.76;24859.38;29550.6;2.69;1.44;0.84;24/03/2024 16:08:23;
25/03/2024;22;2.0TD;1;0.000169409214000000;0.176;1.052989124;147.728253;33.081;43.893;70.754253;27.59;17.52330;1.00191;0.75;0.25;23.74542;93.83860;101.96000;97.42000;37.09000;1988.2;275.0;177.0;46.0;11.47;0.926;0.17498;0.04096;0.00;0.000;0.000;0.902;0.947;0.000;0.557;60.165;29.11;15.11;20577.7;2513.10;6.66;3.40;1.41;138214.28;33494.08;24859.38;29511.3;4.68;1.13;0.84;24/03/2024 16:08:23;
25/03/2024;23;2.0TD;2;0.000151410148000000;0.190;1.164991350;86.231565;19.184;8.779;58.268565;16.42;17.52330;1.00191;0.75;0.25;23.74542;93.83860;101.96000;97.42000;37.09000;1988.2;275.0;177.0;46.0;12.38;0.154;0.17498;0.04096;0.00;0.000;0.000;0.734;0.947;0.000;0.557;48.965;17.20;9.70;20673.7;2386.70;7.57;3.40;1.41;158356.56;16258.80;24859.38;26324.3;6.02;0.62;0.94;24/03/2024 16:08:23;
25/03/2024;24;2.0TD;2;0.000123797143000000;0.197;1.206620115;83.038383;19.184;8.779;55.075383;12.38;17.52330;1.00191;0.75;0.25;23.74542;93.83860;101.96000;97.42000;37.09000;1988.2;275.0;177.0;46.0;13.51;0.154;0.17498;0.04096;0.00;0.000;0.000;0.690;0.947;0.000;0.557;46.011;12.90;8.00;19823.3;2334.30;8.70;3.40;1.41;164125.60;16627.80;24859.38;23634.3;6.94;0.70;1.05;24/03/2024 16:08:23;
*
