pvpcdata;
2025;01;13;09;30;22;
06/12/2024;1;2.0TD;3;0.000133114174000000;0.228;1.265864236;174.674943;0.557;2.195;171.922943;128.52;-5.74057;0.91942;0.75;0.25;117.58708;94.62480;101.96000;84.74000;90.60000;2297.1;275.0;200.0;53.0;12.94;0.000;0.17498;0.04096;0.00;0.000;2.100;0.947;0.000;0.557;140.002;129.00;122.41;17686.7;1402.80;8.77;3.25;0.92;102241.92;80240.00;24859.38;23646.1;4.32;3.39;1.05;05/12/2024 16:09:24;
06/12/2024;2;2.0TD;3;0.000112459076000000;0.238;1.320558617;163.997039;0.557;2.195;161.245039;116.85;-5.74057;0.91942;0.75;0.25;117.58708;94.62480;101.96000;84.74000;90.60000;2297.1;275.0;200.0;53.0;15.00;0.000;0.17498;0.04096;0.00;0.000;1.954;0.947;0.000;0.557;130.246;117.19;112.19;16240.6;1195.50;10.83;3.25;0.92;129093.08;84344.32;24859.38;21994.4;5.87;3.83;1.13;05/12/2024 16:09:24;
06/12/2024;3;2.0TD;3;0.000097286998000000;0.246;1.367164820;147.543924;0.557;2.195;144.791924;100.12;-5.74057;0.91942;0.75;0.25;117.58708;94.62480;101.96000;84.74000;90.60000;2297.1;275.0;200.0;53.0;17.90;0.000;0.17498;0.04096;0.00;0.000;1.743;0.947;0.000;0.557;116.205;100.80;91.80;15769.5;1284.50;13.73;3.25;0.92;181512.24;86149.60;24859.38;21315.8;8.52;4.04;1.17;05/12/2024 16:09:24;
06/12/2024;4;2.0TD;3;0.000088239842000000;0.249;1.384001571;139.409332;0.557;2.195;136.657332;94.87;-5.74057;0.91942;0.75;0.25;117.58708;94.62480;101.96000;84.74000;90.60000;2297.1;275.0;200.0;53.0;16.46;0.000;0.17498;0.04096;0.00;0.000;1.641;0.947;0.000;0.557;109.413;94.99;92.99;15590.3;1034.40;12.29;3.25;0.92;152128.80;99658.40;0.00;20483.3;7.43;4.87;0.00;05/12/2024 16:09:24;
06/12/2024;5;2.0TD;3;0.000083979080000000;0.253;1.403013387;137.061567;0.557;2.195;134.309567;92.35;-5.74057;0.91942;0.75;0.25;117.58708;94.62480;101.96000;84.74000;90.60000;2297.1;275.0;200.0;53.0;16.79;0.000;0.17498;0.04096;0.00;0.000;1.608;0.947;0.000;0.557;107.190;92.53;89.53;15626.5;969.30;12.62;3.25;0.92;156428.72;98871.08;0.00;20234.7;7.73;4.89;0.00;05/12/2024 16:09:24;
06/12/2024;6;2.0TD;3;0.000083484486000000;0.252;1.397365623;135.212845;0.557;2.195;132.460845;91.04;-5.74057;0.91942;0.75;0.25;117.58708;94.62480;101.96000;84.74000;90.60000;2297.1;275.0;200.0;53.0;16.73;0.000;0.17498;0.04096;0.00;0.000;1.587;0.947;0.000;0.557;105.799;91.21;88.26;15645.9;962.80;12.56;3.25;0.92;158622.08;96246.20;0.00;20286.4;7.82;4.74;0.00;05/12/2024 16:09:24;
06/12/2024;7;2.0TD;3;0.000085727369000000;0.242;1.347038299;143.826305;0.557;2.195;141.074305;99.57;-5.74057;0.91942;0.75;0.25;117.58708;94.62480;101.96000;84.74000;90.60000;2297.1;275.0;200.0;53.0;15.87;0.000;0.17498;0.04096;0.00;0.000;1.704;0.947;0.000;0.557;113.586;100.00;95.00;15376.0;1435.50;11.70;3.25;0.92;169333.88;75942.40;0.00;20967.2;8.08;3.62;0.00;05/12/2024 16:09:24;
06/12/2024;8;2.0TD;3;0.000091610644000000;0.234;1.298458886;151.999853;0.557;2.195;149.247853;109.76;-5.74057;0.91942;0.75;0.25;117.58708;94.62480;101.96000;84.74000;90.60000;2297.1;275.0;200.0;53.0;12.93;0.000;0.17498;0.04096;0.00;0.000;1.814;0.947;0.000;0.557;120.946;110.03;106.53;15662.1;1320.10;8.76;3.25;0.92;93436.88;97200.00;0.00;21753.5;4.30;4.47;0.00;05/12/2024 16:09:24;
06/12/2024;9;2.0TD;3;0.000100686398000000;0.225;1.251097644;194.166086;0.557;2.195;191.414086;124.74;-5.74057;0.91942;0.75;0.25;117.58708;94.62480;101.96000;84.74000;90.60000;2297.1;275.0;200.0;53.0;32.73;0.000;0.17498;0.04096;0.00;0.000;2.344;0.947;0.000;0.557;156.256;125.07;121.06;16552.3;1469.30;28.56;3.25;0.92;74202.04;566244.84;0.00;22423.7;3.31;25.25;0.00;05/12/2024 16:09:24;
06/12/2024;10;2.0TD;3;0.000122341336000000;0.211;1.173915235;200.523312;0.557;2.195;197.771312;120.52;-5.74057;0.91942;0.75;0.25;117.58708;94.62480;101.96000;84.74000;90.60000;2297.1;275.0;200.0;53.0;43.90;0.000;0.17498;0.04096;0.00;0.000;2.450;0.947;0.000;0.557;163.312;120.73;117.97;17832.2;1499.70;39.73;3.25;0.92;48174.20;895738.88;0.00;23756.6;2.03;37.70;0.00;05/12/2024 16:09:24;
06/12/2024;11;2.0TD;3;0.000140717494000000;0.198;1.100247232;158.057601;0.557;2.195;155.305601;110.91;-5.74057;0.91942;0.75;0.25;117.58708;94.62480;101.96000;84.74000;90.60000;2297.1;275.0;200.0;53.0;20.34;0.000;0.17498;0.04096;0.00;0.000;1.945;0.947;0.000;0.557;129.637;111.07;108.18;19041.1;1131.40;16.17;3.25;0.92;83872.76;323200.00;0.00;25167.0;3.33;12.84;0.00;05/12/2024 16:09:24;
06/12/2024;12;2.0TD;3;0.000146638547000000;0.194;1.079519333;142.580620;0.557;2.195;139.828620;105.56;-5.74057;0.91942;0.75;0.25;117.58708;94.62480;101.96000;84.74000;90.60000;2297.1;275.0;200.0;53.0;13.35;0.000;0.17498;0.04096;0.00;0.000;1.757;0.947;0.000;0.557;117.109;105.67;103.18;20145.0;943.30;9.18;3.25;0.92;101093.52;130896.00;0.00;25270.7;4.00;5.18;0.00;05/12/2024 16:09:24;
06/12/2024;13;2.0TD;3;0.000146072473000000;0.196;1.088102803;129.797574;0.557;2.195;127.045574;94.00;-5.74057;0.91942;0.75;0.25;117.58708;94.62480;101.96000;84.74000;90.60000;2297.1;275.0;200.0;53.0;14.19;0.000;0.17498;0.04096;0.00;0.000;1.593;0.947;0.000;0.557;106.225;94.00;94.00;20680.6;1423.90;10.02;3.25;0.92;113451.00;141990.00;0.00;25491.0;4.45;5.57;0.00;05/12/2024 16:09:24;
06/12/2024;14;2.0TD;3;0.000152191145000000;0.195;1.086098057;136.934244;0.557;2.195;134.182244;100.70;-5.74057;0.91942;0.75;0.25;117.58708;94.62480;101.96000;84.74000;90.60000;2297.1;275.0;200.0;53.0;13.46;0.000;0.17498;0.04096;0.00;0.000;1.684;0.947;0.000;0.557;112.286;100.70;100.70;21108.4;1116.80;9.29;3.25;0.92;106207.76;133344.00;0.00;25779.6;4.12;5.17;0.00;05/12/2024 16:09:24;
06/12/2024;15;2.0TD;3;0.000152711858000000;0.199;1.106754704;137.395379;0.557;2.195;134.643379;100.83;-5.74057;0.91942;0.75;0.25;117.58708;94.62480;101.96000;84.74000;90.60000;2297.1;275.0;200.0;53.0;13.34;0.000;0.17498;0.04096;0.00;0.000;1.684;0.947;0.000;0.557;112.296;100.83;100.83;21320.0;1012.90;9.17;3.25;0.92;106019.36;130560.00;0.00;25797.8;4.11;5.06;0.00;05/12/2024 16:09:24;
06/12/2024;16;2.0TD;3;0.000140057708000000;0.209;1.160423694;160.231983;0.557;2.195;157.479983;112.00;-5.74057;0.91942;0.75;0.25;117.58708;94.62480;101.96000;84.74000;90.60000;2297.1;275.0;200.0;53.0;19.86;0.000;0.17498;0.04096;0.00;0.000;1.954;0.947;0.000;0.557;130.256;112.00;112.00;20696.5;1158.60;15.69;3.25;0.92;94357.00;291969.52;0.00;24618.2;3.83;11.86;0.00;05/12/2024 16:09:24;
06/12/2024;17;2.0TD;3;0.000134682151000000;0.217;1.203557549;187.973798;0.557;2.195;185.221798;128.89;-5.74057;0.91942;0.75;0.25;117.58708;94.62480;101.96000;84.74000;90.60000;2297.1;275.0;200.0;53.0;24.58;0.000;0.17498;0.04096;0.00;0.000;2.283;0.947;0.000;0.557;152.195;129.22;124.24;18758.4;1310.00;20.41;3.25;0.92;68213.24;425536.00;0.00;24195.1;2.82;17.59;0.00;05/12/2024 16:09:24;
06/12/2024;18;2.0TD;3;0.000140788837000000;0.222;1.233319703;209.105515;0.557;2.195;206.353515;143.20;-5.74057;0.91942;0.75;0.25;117.58708;94.62480;101.96000;84.74000;90.60000;2297.1;275.0;200.0;53.0;26.69;0.000;0.17498;0.04096;0.00;0.000;2.533;0.947;0.000;0.557;168.865;143.20;143.20;18585.5;1007.90;22.52;3.25;0.92;48508.48;495280.44;0.00;24148.7;2.01;20.51;0.00;05/12/2024 16:09:24;
06/12/2024;19;2.0TD;3;0.000162096569000000;0.221;1.227915010;193.528850;0.557;2.195;190.776850;146.85;-5.74057;0.91942;0.75;0.25;117.58708;94.62480;101.96000;84.74000;90.60000;2297.1;275.0;200.0;53.0;10.61;0.000;0.17498;0.04096;0.00;0.000;2.344;0.947;0.000;0.557;156.246;146.85;146.79;18764.3;998.10;6.44;3.25;0.92;48527.56;118034.00;0.00;25852.8;1.88;4.57;0.00;05/12/2024 16:09:24;
06/12/2024;20;2.0TD;3;0.000172409367000000;0.223;1.238614292;189.036176;0.557;2.195;186.284176;143.54;-5.74057;0.91942;0.75;0.25;117.58708;94.62480;101.96000;84.74000;90.60000;2297.1;275.0;200.0;53.0;10.05;0.000;0.17498;0.04096;0.00;0.000;2.285;0.947;0.000;0.557;152.317;143.67;141.27;19375.4;1095.70;5.88;3.25;0.92;86686.76;69312.00;0.00;26510.8;3.27;2.61;0.00;05/12/2024 16:09:24;
06/12/2024;21;2.0TD;3;0.000183283853000000;0.224;1.242948520;189.598533;0.557;2.195;186.846533;144.08;-5.74057;0.91942;0.75;0.25;117.58708;94.62480;101.96000;84.74000;90.60000;2297.1;275.0;200.0;53.0;9.84;0.000;0.17498;0.04096;0.00;0.000;2.290;0.947;0.000;0.557;152.652;144.24;141.25;19624.8;1132.70;5.67;3.25;0.92;86433.60;67296.00;0.00;27112.9;3.19;2.48;0.00;05/12/2024 16:09:24;
06/12/2024;22;2.0TD;3;0.000187154858000000;0.225;1.252144341;186.903061;0.557;2.195;184.151061;142.22;-5.74057;0.91942;0.75;0.25;117.58708;94.62480;101.96000;84.74000;90.60000;2297.1;275.0;200.0;53.0;9.41;0.000;0.17498;0.04096;0.00;0.000;2.255;0.947;0.000;0.557;150.327;142.48;137.73;19158.9;1118.30;5.24;3.25;0.92;67093.68;49000.00;24859.38;26895.2;2.49;1.82;0.92;05/12/2024 16:09:24;
06/12/2024;23;2.0TD;3;0.000172949497000000;0.230;1.280265572;180.449358;0.557;2.195;177.697358;137.12;-5.74057;0.91942;0.75;0.25;117.58708;94.62480;101.96000;84.74000;90.60000;2297.1;275.0;200.0;53.0;8.74;0.000;0.17498;0.04096;0.00;0.000;2.167;0.947;0.000;0.557;144.469;137.26;134.55;18181.7;992.00;4.57;3.25;0.92;34236.00;55720.00;24859.38;25118.1;1.36;2.22;0.99;05/12/2024 16:09:24;
06/12/2024;24;2.0TD;3;0.000148782972000000;0.235;1.307482177;173.975360;0.557;2.195;171.223360;129.21;-5.74057;0.91942;0.75;0.25;117.58708;94.62480;101.96000;84.74000;90.60000;2297.1;275.0;200.0;53.0;10.91;0.000;0.17498;0.04096;0.00;0.000;2.080;0.947;0.000;0.557;138.642;129.35;126.86;16582.0;964.20;6.74;3.25;0.92;20715.68;109814.12;24859.38;23045.9;0.90;4.77;1.08;05/12/2024 16:09:24;
*
