pvpcdata;
2024;02;09;12;01;29;
03/01/2024;1;2.0TD;3;0.000115062755000000;0.239;1.327200233;43.144232;0.557;2.195;40.392232;6.89;10.80211;0.73478;0.75;0.25;55.08417;98.29260;101.96000;97.42000;81.63000;2798.1;275.0;177.0;62.0;15.95;0.000;0.17498;0.03702;0.00;0.000;0.000;0.489;0.565;0.000;0.557;32.600;6.80;8.35;20799.9;1295.70;10.81;3.56;1.58;175263.28;65485.56;24859.38;24562.8;7.14;2.67;1.01;02/01/2024 16:25:04;
03/01/2024;2;2.0TD;3;0.000093457990000000;0.247;1.370562399;39.366005;0.557;2.195;36.614005;3.20;10.80211;0.73478;0.75;0.25;55.08417;98.29260;101.96000;97.42000;81.63000;2798.1;275.0;177.0;62.0;16.45;0.000;0.17498;0.03702;0.00;0.000;0.000;0.440;0.565;0.000;0.557;29.361;3.20;3.20;19917.7;1738.30;11.31;3.56;1.58;159566.32;74221.20;24859.38;22882.7;6.97;3.24;1.09;02/01/2024 16:25:04;
03/01/2024;3;2.0TD;3;0.000081622126000000;0.253;1.406571612;40.267662;0.557;2.195;37.515662;3.20;10.80211;0.73478;0.75;0.25;55.08417;98.29260;101.96000;97.42000;81.63000;2798.1;275.0;177.0;62.0;17.02;0.000;0.17498;0.03702;0.00;0.000;0.000;0.449;0.565;0.000;0.557;29.940;3.20;3.20;19079.1;1715.10;11.88;3.56;1.58;159539.32;74314.56;24859.38;21772.5;7.33;3.41;1.14;02/01/2024 16:25:04;
03/01/2024;4;2.0TD;3;0.000075624565000000;0.256;1.422330616;39.273556;0.557;2.195;36.521556;3.20;10.80211;0.73478;0.75;0.25;55.08417;98.29260;101.96000;97.42000;81.63000;2798.1;275.0;177.0;62.0;16.17;0.000;0.17498;0.03702;0.00;0.000;0.000;0.436;0.565;0.000;0.557;29.077;3.20;3.20;18481.2;1903.10;11.03;3.56;1.58;159584.36;74221.20;0.00;21204.3;7.53;3.50;0.00;02/01/2024 16:25:04;
03/01/2024;5;2.0TD;3;0.000073467482000000;0.254;1.410588717;39.724524;0.557;2.195;36.972524;3.20;10.80211;0.73478;0.75;0.25;55.08417;98.29260;101.96000;97.42000;81.63000;2798.1;275.0;177.0;62.0;16.57;0.000;0.17498;0.03702;0.00;0.000;0.000;0.442;0.565;0.000;0.557;29.483;3.20;3.20;18468.0;1952.00;11.43;3.56;1.58;159559.28;82171.20;0.00;21140.5;7.55;3.89;0.00;02/01/2024 16:25:04;
03/01/2024;6;2.0TD;3;0.000075285417000000;0.247;1.374691521;38.303561;0.557;2.195;35.551561;2.31;10.80211;0.73478;0.75;0.25;55.08417;98.29260;101.96000;97.42000;81.63000;2798.1;275.0;177.0;62.0;16.50;0.000;0.17498;0.03702;0.00;0.000;0.000;0.428;0.565;0.000;0.557;28.509;2.21;3.20;17088.5;1823.30;11.36;3.56;1.58;159648.32;85380.60;0.00;21573.5;7.40;3.96;0.00;02/01/2024 16:25:04;
03/01/2024;7;2.0TD;3;0.000084812485000000;0.227;1.262124602;40.710069;0.557;2.195;37.958069;4.90;10.80211;0.73478;0.75;0.25;55.08417;98.29260;101.96000;97.42000;81.63000;2798.1;275.0;177.0;62.0;16.30;0.000;0.17498;0.03702;0.00;0.000;0.000;0.464;0.565;0.000;0.557;30.935;4.78;6.33;17710.2;1475.20;11.16;3.56;1.58;159060.84;83506.80;24859.38;23971.9;6.64;3.48;1.04;02/01/2024 16:25:04;
03/01/2024;8;2.0TD;3;0.000105663354000000;0.212;1.180338099;88.467878;0.557;2.195;85.715878;45.42;10.80211;0.73478;0.75;0.25;55.08417;98.29260;101.96000;97.42000;81.63000;2798.1;275.0;177.0;62.0;14.97;0.000;0.17498;0.03702;0.00;0.000;0.000;1.061;0.565;0.000;0.557;70.722;45.42;45.42;17333.4;1027.00;9.83;3.56;1.58;150062.32;88498.88;24859.38;26800.1;5.60;3.30;0.93;02/01/2024 16:25:04;
03/01/2024;9;2.0TD;2;0.000118085066000000;0.198;1.216178714;129.543423;19.184;8.779;101.580423;62.23;10.80211;0.73478;0.75;0.25;55.08417;98.29260;101.96000;97.42000;81.63000;2798.1;275.0;177.0;62.0;11.84;0.178;0.17498;0.03702;0.00;0.000;0.000;1.272;0.565;0.000;0.557;84.791;61.92;67.02;17328.1;1111.10;6.70;3.56;1.58;82814.88;88421.76;24859.38;29283.6;2.83;3.02;0.85;02/01/2024 16:25:04;
03/01/2024;10;2.0TD;2;0.000125075541000000;0.189;1.161228162;134.791882;19.184;8.779;106.828882;67.35;10.80211;0.73478;0.75;0.25;55.08417;98.29260;101.96000;97.42000;81.63000;2798.1;275.0;177.0;62.0;11.70;0.178;0.17498;0.03702;0.00;0.000;0.000;1.348;0.565;0.000;0.557;89.847;67.00;73.50;18695.0;1048.30;6.56;3.56;1.58;90998.24;86351.68;24859.38;30853.2;2.95;2.80;0.81;02/01/2024 16:25:04;
03/01/2024;11;2.0TD;1;0.000131454199000000;0.181;1.086183503;180.638249;33.081;43.893;103.664249;63.91;10.80211;0.73478;0.75;0.25;55.08417;98.29260;101.96000;97.42000;81.63000;2798.1;275.0;177.0;62.0;12.21;1.068;0.17498;0.03702;0.00;0.000;0.000;1.317;0.565;0.000;0.557;87.776;63.60;69.96;20401.8;1039.70;7.07;3.56;1.58;102784.48;93966.72;24859.38;31331.6;3.28;3.00;0.79;02/01/2024 16:25:04;
03/01/2024;12;2.0TD;1;0.000129923032000000;0.180;1.079600317;172.187813;33.081;43.893;95.213813;57.55;10.80211;0.73478;0.75;0.25;55.08417;98.29260;101.96000;97.42000;81.63000;2798.1;275.0;177.0;62.0;11.59;1.068;0.17498;0.03702;0.00;0.000;0.000;1.210;0.565;0.000;0.557;80.689;57.10;68.10;21299.9;918.20;6.45;3.56;1.58;97135.00;78523.20;24859.38;31066.0;3.13;2.53;0.80;02/01/2024 16:25:04;
03/01/2024;13;2.0TD;1;0.000128792624000000;0.177;1.059231442;169.616461;33.081;43.893;92.642461;55.57;10.80211;0.73478;0.75;0.25;55.08417;98.29260;101.96000;97.42000;81.63000;2798.1;275.0;177.0;62.0;11.62;1.068;0.17498;0.03702;0.00;0.000;0.000;1.181;0.565;0.000;0.557;78.710;55.00;67.99;20872.0;960.80;6.48;3.56;1.58;98302.08;75652.32;24859.38;30676.5;3.20;2.47;0.81;02/01/2024 16:25:04;
03/01/2024;14;2.0TD;1;0.000135037157000000;0.175;1.045822012;169.459039;33.081;43.893;92.485039;56.01;10.80211;0.73478;0.75;0.25;55.08417;98.29260;101.96000;97.42000;81.63000;2798.1;275.0;177.0;62.0;11.18;1.068;0.17498;0.03702;0.00;0.000;0.000;1.181;0.565;0.000;0.557;78.710;55.42;68.41;20691.9;979.30;6.04;3.56;1.58;87800.36;72394.56;24859.38;30609.4;2.87;2.37;0.81;02/01/2024 16:25:04;
03/01/2024;15;2.0TD;2;0.000137548249000000;0.175;1.073955560;126.233739;19.184;8.779;98.270739;61.69;10.80211;0.73478;0.75;0.25;55.08417;98.29260;101.96000;97.42000;81.63000;2798.1;275.0;177.0;62.0;11.24;0.178;0.17498;0.03702;0.00;0.000;0.000;1.255;0.565;0.000;0.557;83.634;61.00;76.25;20156.1;962.30;6.10;3.56;1.58;84968.72;74885.12;24859.38;30255.7;2.81;2.48;0.82;02/01/2024 16:25:04;
03/01/2024;16;2.0TD;2;0.000131472541000000;0.182;1.116728437;133.382828;19.184;8.779;105.419828;66.31;10.80211;0.73478;0.75;0.25;55.08417;98.29260;101.96000;97.42000;81.63000;2798.1;275.0;177.0;62.0;12.09;0.178;0.17498;0.03702;0.00;0.000;0.000;1.338;0.565;0.000;0.557;89.187;66.03;71.13;19543.9;1153.10;6.95;3.56;1.58;82397.24;98780.00;24859.38;29638.8;2.78;3.33;0.84;02/01/2024 16:25:04;
03/01/2024;17;2.0TD;2;0.000128034240000000;0.187;1.147928312;135.564160;19.184;8.779;107.601160;67.80;10.80211;0.73478;0.75;0.25;55.08417;98.29260;101.96000;97.42000;81.63000;2798.1;275.0;177.0;62.0;12.04;0.178;0.17498;0.03702;0.00;0.000;0.000;1.360;0.565;0.000;0.557;90.649;67.52;72.62;18352.3;1049.70;6.90;3.56;1.58;72170.32;106491.84;24859.38;29488.3;2.45;3.61;0.84;02/01/2024 16:25:04;
03/01/2024;18;2.0TD;2;0.000133224200000000;0.192;1.177159138;160.461753;19.184;8.779;132.498753;89.57;10.80211;0.73478;0.75;0.25;55.08417;98.29260;101.96000;97.42000;81.63000;2798.1;275.0;177.0;62.0;10.47;0.178;0.17498;0.03702;0.00;0.000;0.000;1.667;0.565;0.000;0.557;111.156;89.57;89.57;17744.7;1409.10;5.33;3.56;1.58;64751.32;70690.56;24859.38;30105.9;2.15;2.35;0.83;02/01/2024 16:25:04;
03/01/2024;19;2.0TD;1;0.000152851014000000;0.196;1.173202250;216.522887;33.081;43.893;139.548887;94.20;10.80211;0.73478;0.75;0.25;55.08417;98.29260;101.96000;97.42000;81.63000;2798.1;275.0;177.0;62.0;10.39;1.068;0.17498;0.03702;0.00;0.000;0.000;1.750;0.565;0.000;0.557;116.679;94.20;94.21;17941.3;1330.20;5.25;3.56;1.58;87964.40;51774.24;24859.38;31307.5;2.81;1.65;0.79;02/01/2024 16:25:04;
03/01/2024;20;2.0TD;1;0.000168797093000000;0.199;1.191020084;229.240611;33.081;43.893;152.266611;104.35;10.80211;0.73478;0.75;0.25;55.08417;98.29260;101.96000;97.42000;81.63000;2798.1;275.0;177.0;62.0;10.40;1.068;0.17498;0.03702;0.00;0.000;0.000;1.905;0.565;0.000;0.557;126.994;104.35;104.35;17907.1;1629.30;5.26;3.56;1.58;98522.64;42890.32;24859.38;31660.2;3.11;1.35;0.79;02/01/2024 16:25:04;
03/01/2024;21;2.0TD;1;0.000180974315000000;0.201;1.205947822;240.345636;33.081;43.893;163.371636;113.18;10.80211;0.73478;0.75;0.25;55.08417;98.29260;101.96000;97.42000;81.63000;2798.1;275.0;177.0;62.0;10.47;1.068;0.17498;0.03702;0.00;0.000;0.000;2.040;0.565;0.000;0.557;136.029;113.26;112.30;18228.9;1559.00;5.33;3.56;1.58;91672.92;54549.00;24859.38;32083.0;2.86;1.70;0.77;02/01/2024 16:25:04;
03/01/2024;22;2.0TD;1;0.000185268617000000;0.203;1.216533393;241.778590;33.081;43.893;164.804590;113.18;10.80211;0.73478;0.75;0.25;55.08417;98.29260;101.96000;97.42000;81.63000;2798.1;275.0;177.0;62.0;11.42;1.068;0.17498;0.03702;0.00;0.000;0.000;2.055;0.565;0.000;0.557;136.994;113.26;112.30;17751.3;1581.80;6.28;3.56;1.58;91633.00;81140.64;24859.38;31464.3;2.91;2.58;0.79;02/01/2024 16:25:04;
03/01/2024;23;2.0TD;2;0.000171172401000000;0.208;1.277838230;168.740508;19.184;8.779;140.777508;93.89;10.80211;0.73478;0.75;0.25;55.08417;98.29260;101.96000;97.42000;81.63000;2798.1;275.0;177.0;62.0;11.45;0.178;0.17498;0.03702;0.00;0.000;0.000;1.748;0.565;0.000;0.557;116.537;94.20;89.93;16283.5;1280.50;6.31;3.56;1.58;107344.52;51573.20;24859.38;29099.6;3.69;1.77;0.85;02/01/2024 16:25:04;
03/01/2024;24;2.0TD;2;0.000144660618000000;0.215;1.320302019;156.728301;19.184;8.779;128.765301;86.19;10.80211;0.73478;0.75;0.25;55.08417;98.29260;101.96000;97.42000;81.63000;2798.1;275.0;177.0;62.0;8.75;0.178;0.17498;0.03702;0.00;0.000;0.000;1.590;0.565;0.000;0.557;105.979;86.58;82.13;14752.7;1402.00;3.61;3.56;1.58;24245.12;45198.72;24859.38;26085.9;0.93;1.73;0.95;02/01/2024 16:25:04;
*
