pvpcdata;
2024;10;09;11;29;27;
05/09/2024;1;2.0TD;3;0.000097391255000000;0.161;0.895588386;133.809807;0.557;2.195;131.057807;105.09;-3.39948;1.11189;0.75;0.25;104.28292;90.68500;101.96000;73.51000;91.63000;2003.8;275.0;234.0;48.0;8.16;0.000;0.17498;0.04096;0.00;0.000;1.693;0.947;0.000;0.557;112.883;105.00;106.05;18627.0;1824.00;4.03;3.08;1.05;54020.28;23301.60;24859.38;25328.6;2.13;0.92;0.98;04/09/2024 16:10:26;
05/09/2024;2;2.0TD;3;0.000083281704000000;0.168;0.933172362;136.082184;0.557;2.195;133.330184;105.70;-3.39948;1.11189;0.75;0.25;104.28292;90.68500;101.96000;73.51000;91.63000;2003.8;275.0;234.0;48.0;8.80;0.000;0.17498;0.04096;0.00;0.000;1.712;0.947;0.000;0.557;114.152;105.70;105.70;18045.4;1904.50;4.67;3.08;1.05;62150.72;25823.68;24859.38;24159.1;2.57;1.07;1.03;04/09/2024 16:10:26;
05/09/2024;3;2.0TD;3;0.000075043059000000;0.173;0.958854836;130.377397;0.557;2.195;127.625397;99.35;-3.39948;1.11189;0.75;0.25;104.28292;90.68500;101.96000;73.51000;91.63000;2003.8;275.0;234.0;48.0;9.88;0.000;0.17498;0.04096;0.00;0.000;1.632;0.947;0.000;0.557;108.802;99.35;99.35;17290.5;1850.30;5.75;3.08;1.05;76603.60;32535.28;24859.38;23332.1;3.28;1.39;1.07;04/09/2024 16:10:26;
05/09/2024;4;2.0TD;3;0.000070656247000000;0.174;0.963968527;130.819615;0.557;2.195;128.067615;99.41;-3.39948;1.11189;0.75;0.25;104.28292;90.68500;101.96000;73.51000;91.63000;2003.8;275.0;234.0;48.0;10.10;0.000;0.17498;0.04096;0.00;0.000;1.636;0.947;0.000;0.557;109.086;99.41;99.41;16527.1;1680.30;5.97;3.08;1.05;103075.16;32471.36;0.00;22692.3;4.54;1.43;0.00;04/09/2024 16:10:26;
05/09/2024;5;2.0TD;3;0.000068415419000000;0.173;0.961491199;127.019098;0.557;2.195;124.267098;96.27;-3.39948;1.11189;0.75;0.25;104.28292;90.68500;101.96000;73.51000;91.63000;2003.8;275.0;234.0;48.0;10.14;0.000;0.17498;0.04096;0.00;0.000;1.589;0.947;0.000;0.557;105.939;96.00;100.01;15977.7;1167.20;6.01;3.08;1.05;98034.76;36050.88;0.00;22319.2;4.39;1.62;0.00;04/09/2024 16:10:26;
05/09/2024;6;2.0TD;3;0.000068586482000000;0.169;0.941106597;131.674645;0.557;2.195;128.922645;100.07;-3.39948;1.11189;0.75;0.25;104.28292;90.68500;101.96000;73.51000;91.63000;2003.8;275.0;234.0;48.0;10.62;0.000;0.17498;0.04096;0.00;0.000;1.654;0.947;0.000;0.557;110.284;100.00;100.98;15821.4;1202.50;6.49;3.08;1.05;92901.72;53120.00;0.00;22491.4;4.13;2.36;0.00;04/09/2024 16:10:26;
05/09/2024;7;2.0TD;3;0.000074072653000000;0.158;0.878343860;148.507787;0.557;2.195;145.755787;118.06;-3.39948;1.11189;0.75;0.25;104.28292;90.68500;101.96000;73.51000;91.63000;2003.8;275.0;234.0;48.0;7.98;0.000;0.17498;0.04096;0.00;0.000;1.888;0.947;0.000;0.557;125.868;118.06;118.06;16580.7;1350.70;3.85;3.08;1.05;52505.80;15852.16;24859.38;24198.4;2.17;0.66;1.03;04/09/2024 16:10:26;
05/09/2024;8;2.0TD;3;0.000085526884000000;0.151;0.839246863;154.158632;0.557;2.195;151.406632;125.28;-3.39948;1.11189;0.75;0.25;104.28292;90.68500;101.96000;73.51000;91.63000;2003.8;275.0;234.0;48.0;6.35;0.000;0.17498;0.04096;0.00;0.000;1.973;0.947;0.000;0.557;131.543;124.90;129.90;18815.1;1563.00;2.22;3.08;1.05;12503.88;21335.92;24859.38;26412.4;0.47;0.81;0.94;04/09/2024 16:10:26;
05/09/2024;9;2.0TD;2;0.000089331660000000;0.151;0.925955408;182.061821;19.184;8.779;154.098821;125.47;-3.39948;1.11189;0.75;0.25;104.28292;90.68500;101.96000;73.51000;91.63000;2003.8;275.0;234.0;48.0;8.31;0.154;0.17498;0.04096;0.00;0.000;2.008;0.947;0.000;0.557;133.882;125.00;131.00;20033.1;1711.40;4.18;3.08;1.05;14336.00;77151.20;24859.38;27812.5;0.52;2.77;0.89;04/09/2024 16:10:26;
05/09/2024;10;2.0TD;2;0.000094046925000000;0.140;0.856186959;165.879693;19.184;8.779;137.916693;113.49;-3.39948;1.11189;0.75;0.25;104.28292;90.68500;101.96000;73.51000;91.63000;2003.8;275.0;234.0;48.0;7.58;0.154;0.17498;0.04096;0.00;0.000;1.815;0.947;0.000;0.557;120.979;113.42;114.55;21561.9;1465.20;3.45;3.08;1.05;24828.88;50262.08;24859.38;28984.8;0.86;1.73;0.86;04/09/2024 16:10:26;
05/09/2024;11;2.0TD;1;0.000098505364000000;0.139;0.834493587;196.373724;33.081;43.893;119.399724;92.55;-3.39948;1.11189;0.75;0.25;104.28292;90.68500;101.96000;73.51000;91.63000;2003.8;275.0;234.0;48.0;11.84;0.926;0.17498;0.04096;0.00;0.000;1.572;0.947;0.000;0.557;104.828;92.50;93.50;24121.9;1278.90;7.71;3.08;1.05;58769.28;147870.00;24859.38;30023.5;1.96;4.93;0.83;04/09/2024 16:10:26;
05/09/2024;12;2.0TD;1;0.000100414519000000;0.142;0.852069552;186.172674;33.081;43.893;109.198674;84.93;-3.39948;1.11189;0.75;0.25;104.28292;90.68500;101.96000;73.51000;91.63000;2003.8;275.0;234.0;48.0;10.39;0.926;0.17498;0.04096;0.00;0.000;1.434;0.947;0.000;0.557;95.620;84.81;87.81;25693.3;1094.70;6.26;3.08;1.05;89011.28;76623.40;24859.38;30447.9;2.92;2.52;0.82;04/09/2024 16:10:26;
05/09/2024;13;2.0TD;1;0.000104614089000000;0.141;0.844338069;185.382184;33.081;43.893;108.408184;84.81;-3.39948;1.11189;0.75;0.25;104.28292;90.68500;101.96000;73.51000;91.63000;2003.8;275.0;234.0;48.0;9.91;0.926;0.17498;0.04096;0.00;0.000;1.425;0.947;0.000;0.557;95.011;84.81;84.81;26566.4;1357.40;5.78;3.08;1.05;89029.40;63880.00;24859.38;30740.8;2.90;2.08;0.81;04/09/2024 16:10:26;
05/09/2024;14;2.0TD;1;0.000112750583000000;0.139;0.830010991;185.678514;33.081;43.893;108.704514;84.82;-3.39948;1.11189;0.75;0.25;104.28292;90.68500;101.96000;73.51000;91.63000;2003.8;275.0;234.0;48.0;10.32;0.926;0.17498;0.04096;0.00;0.000;1.432;0.947;0.000;0.557;95.438;84.81;85.00;26237.3;1210.20;6.19;3.08;1.05;89039.48;78842.16;24859.38;31152.4;2.86;2.53;0.80;04/09/2024 16:10:26;
05/09/2024;15;2.0TD;2;0.000113921854000000;0.141;0.862682136;135.326028;19.184;8.779;107.363028;84.71;-3.39948;1.11189;0.75;0.25;104.28292;90.68500;101.96000;73.51000;91.63000;2003.8;275.0;234.0;48.0;9.88;0.154;0.17498;0.04096;0.00;0.000;1.411;0.947;0.000;0.557;94.095;84.68;85.53;26030.5;1106.20;5.75;3.08;1.05;65164.08;88044.00;24859.38;30955.6;2.11;2.84;0.80;04/09/2024 16:10:26;
05/09/2024;16;2.0TD;2;0.000107607710000000;0.143;0.875766619;131.522863;19.184;8.779;103.559863;81.21;-3.39948;1.11189;0.75;0.25;104.28292;90.68500;101.96000;73.51000;91.63000;2003.8;275.0;234.0;48.0;9.94;0.154;0.17498;0.04096;0.00;0.000;1.359;0.947;0.000;0.557;90.603;81.18;81.99;25488.1;1047.10;5.81;3.08;1.05;69342.08;81702.52;24859.38;30245.3;2.29;2.70;0.82;04/09/2024 16:10:26;
05/09/2024;17;2.0TD;2;0.000105632634000000;0.144;0.885282983;135.515651;19.184;8.779;107.552651;84.55;-3.39948;1.11189;0.75;0.25;104.28292;90.68500;101.96000;73.51000;91.63000;2003.8;275.0;234.0;48.0;9.96;0.154;0.17498;0.04096;0.00;0.000;1.410;0.947;0.000;0.557;94.014;84.55;84.55;24609.8;1101.40;5.83;3.08;1.05;65839.72;81894.16;24859.38;29635.5;2.22;2.76;0.84;04/09/2024 16:10:26;
05/09/2024;18;2.0TD;2;0.000108963936000000;0.148;0.908442540;140.169157;19.184;8.779;112.206157;87.97;-3.39948;1.11189;0.75;0.25;104.28292;90.68500;101.96000;73.51000;91.63000;2003.8;275.0;234.0;48.0;10.21;0.154;0.17498;0.04096;0.00;0.000;1.466;0.947;0.000;0.557;97.740;87.87;90.35;23383.1;944.50;6.08;3.08;1.05;62719.68;92951.04;24859.38;29699.0;2.11;3.13;0.84;04/09/2024 16:10:26;
05/09/2024;19;2.0TD;1;0.000112389512000000;0.155;0.930646517;213.248471;33.081;43.893;136.274471;105.58;-3.39948;1.11189;0.75;0.25;104.28292;90.68500;101.96000;73.51000;91.63000;2003.8;275.0;234.0;48.0;11.77;0.926;0.17498;0.04096;0.00;0.000;1.770;0.947;0.000;0.557;117.986;105.70;103.70;22019.1;1458.10;7.64;3.08;1.05;42168.48;156058.20;24859.38;29192.8;1.44;5.35;0.85;04/09/2024 16:10:26;
05/09/2024;20;2.0TD;1;0.000116408563000000;0.161;0.962941044;223.974659;33.081;43.893;147.000659;118.40;-3.39948;1.11189;0.75;0.25;104.28292;90.68500;101.96000;73.51000;91.63000;2003.8;275.0;234.0;48.0;7.45;0.926;0.17498;0.04096;0.00;0.000;1.899;0.947;0.000;0.557;126.615;118.22;121.22;21052.8;1369.80;3.32;3.08;1.05;30421.84;40923.68;24859.38;28980.6;1.05;1.41;0.86;04/09/2024 16:10:26;
05/09/2024;21;2.0TD;1;0.000132494570000000;0.150;0.900607480;235.704538;33.081;43.893;158.730538;129.73;-3.39948;1.11189;0.75;0.25;104.28292;90.68500;101.96000;73.51000;91.63000;2003.8;275.0;234.0;48.0;7.36;0.926;0.17498;0.04096;0.00;0.000;2.070;0.947;0.000;0.557;138.026;129.70;130.01;21022.6;1894.40;3.23;3.08;1.05;13574.00;56162.24;24859.38;29279.2;0.46;1.92;0.85;04/09/2024 16:10:26;
05/09/2024;22;2.0TD;1;0.000147843786000000;0.146;0.873384904;240.201708;33.081;43.893;163.227708;133.85;-3.39948;1.11189;0.75;0.25;104.28292;90.68500;101.96000;73.51000;91.63000;2003.8;275.0;234.0;48.0;7.58;0.926;0.17498;0.04096;0.00;0.000;2.136;0.947;0.000;0.557;142.432;134.00;132.00;20945.6;1738.80;3.45;3.08;1.05;64605.56;12768.00;24859.38;29596.9;2.18;0.43;0.84;04/09/2024 16:10:26;
05/09/2024;23;2.0TD;2;0.000133304071000000;0.151;0.929264922;181.208930;19.184;8.779;153.245930;124.74;-3.39948;1.11189;0.75;0.25;104.28292;90.68500;101.96000;73.51000;91.63000;2003.8;275.0;234.0;48.0;8.31;0.154;0.17498;0.04096;0.00;0.000;1.997;0.947;0.000;0.557;133.141;124.90;122.90;20313.8;1820.90;4.18;3.08;1.05;75380.76;15720.00;24859.38;27742.5;2.72;0.57;0.90;04/09/2024 16:10:26;
05/09/2024;24;2.0TD;2;0.000113161419000000;0.158;0.971220132;175.687387;19.184;8.779;147.724387;117.88;-3.39948;1.11189;0.75;0.25;104.28292;90.68500;101.96000;73.51000;91.63000;2003.8;275.0;234.0;48.0;9.68;0.154;0.17498;0.04096;0.00;0.000;1.914;0.947;0.000;0.557;127.568;118.22;114.08;18014.2;1605.70;5.55;3.08;1.05;94227.60;22819.44;24859.38;25583.8;3.68;0.89;0.97;04/09/2024 16:10:26;
*
