pvpcdata;
2024;04;10;12;05;45;
17/03/2024;1;2.0TD;3;0.000115911464000000;0.224;1.246886208;93.345379;0.557;2.195;90.593379;34.22;16.44694;0.92150;0.75;0.25;28.05083;93.83860;101.96000;97.42000;37.09000;2161.7;275.0;177.0;46.0;22.19;0.000;0.17498;0.04096;0.00;0.000;0.000;1.110;0.565;0.000;0.557;74.014;35.00;23.37;18115.5;1305.30;17.38;3.40;1.41;308395.32;48579.20;24859.38;21965.8;14.04;2.21;1.13;16/03/2024 16:12:36;
17/03/2024;2;2.0TD;3;0.000098579427000000;0.255;1.414851429;91.524675;0.557;2.195;88.772675;29.55;16.44694;0.92150;0.75;0.25;28.05083;93.83860;101.96000;97.42000;37.09000;2161.7;275.0;177.0;46.0;23.63;0.000;0.17498;0.04096;0.00;0.000;0.000;1.061;0.565;0.000;0.557;70.735;30.00;23.68;17204.5;1312.90;18.82;3.40;1.41;337030.64;52542.24;0.00;20695.5;16.29;2.54;0.00;16/03/2024 16:12:36;
17/03/2024;3;2.0TD;3;0.000086636578000000;0.242;1.344206666;86.733803;0.557;2.195;83.981803;24.82;16.44694;0.92150;0.75;0.25;28.05083;93.83860;101.96000;97.42000;37.09000;2161.7;275.0;177.0;46.0;25.29;0.000;0.17498;0.04096;0.00;0.000;0.000;1.014;0.565;0.000;0.557;67.618;25.15;19.92;16345.6;1097.00;20.48;3.40;1.41;350549.08;51775.20;0.00;19649.2;17.84;2.63;0.00;16/03/2024 16:12:36;
17/03/2024;4;2.0TD;3;0.000076973802000000;0.247;1.374170463;87.540766;0.557;2.195;84.788766;24.70;16.44694;0.92150;0.75;0.25;28.05083;93.83860;101.96000;97.42000;37.09000;2161.7;275.0;177.0;46.0;25.78;0.000;0.17498;0.04096;0.00;0.000;0.000;1.020;0.565;0.000;0.557;67.994;25.15;17.68;15789.3;1010.60;20.97;3.40;1.41;350867.32;48195.68;0.00;19031.1;18.44;2.53;0.00;16/03/2024 16:12:36;
17/03/2024;5;2.0TD;3;0.000073558344000000;0.250;1.386515723;88.188499;0.557;2.195;85.436499;24.63;16.44694;0.92150;0.75;0.25;28.05083;93.83860;101.96000;97.42000;37.09000;2161.7;275.0;177.0;46.0;26.20;0.000;0.17498;0.04096;0.00;0.000;0.000;1.025;0.565;0.000;0.557;68.349;25.15;16.68;15695.3;1020.30;21.39;3.40;1.41;351376.92;48195.68;0.00;18677.6;18.81;2.58;0.00;16/03/2024 16:12:36;
17/03/2024;6;2.0TD;3;0.000073330205000000;0.248;1.377986054;87.761016;0.557;2.195;85.009016;24.38;16.44694;0.92150;0.75;0.25;28.05083;93.83860;101.96000;97.42000;37.09000;2161.7;275.0;177.0;46.0;26.22;0.000;0.17498;0.04096;0.00;0.000;0.000;1.022;0.565;0.000;0.557;68.116;25.00;15.00;16002.5;1063.10;21.41;3.40;1.41;351606.20;50496.80;0.00;18783.8;18.72;2.69;0.00;16/03/2024 16:12:36;
17/03/2024;7;2.0TD;3;0.000075095006000000;0.242;1.342969661;83.708291;0.557;2.195;80.956291;21.01;16.44694;0.92150;0.75;0.25;28.05083;93.83860;101.96000;97.42000;37.09000;2161.7;275.0;177.0;46.0;26.70;0.000;0.17498;0.04096;0.00;0.000;0.000;0.978;0.565;0.000;0.557;65.182;21.45;14.73;15978.3;1115.80;21.89;3.40;1.41;360400.80;57975.44;0.00;19114.4;18.85;3.03;0.00;16/03/2024 16:12:36;
17/03/2024;8;2.0TD;3;0.000076115893000000;0.230;1.276656033;84.886725;0.557;2.195;82.134725;23.35;16.44694;0.92150;0.75;0.25;28.05083;93.83860;101.96000;97.42000;37.09000;2161.7;275.0;177.0;46.0;25.93;0.000;0.17498;0.04096;0.00;0.000;0.000;1.002;0.565;0.000;0.557;66.776;24.00;14.40;16323.4;1192.00;21.12;3.40;1.41;352746.12;55418.64;0.00;19328.2;18.25;2.87;0.00;16/03/2024 16:12:36;
17/03/2024;9;2.0TD;3;0.000087327335000000;0.207;1.148808104;62.151124;0.557;2.195;59.399124;10.77;16.44694;0.92150;0.75;0.25;28.05083;93.83860;101.96000;97.42000;37.09000;2161.7;275.0;177.0;46.0;21.21;0.000;0.17498;0.04096;0.00;0.000;0.000;0.738;0.565;0.000;0.557;49.212;11.25;5.52;17911.5;1640.70;16.40;3.40;1.41;233230.08;93196.40;0.00;19907.0;11.72;4.68;0.00;16/03/2024 16:12:36;
17/03/2024;10;2.0TD;3;0.000108877133000000;0.186;1.034586442;61.286080;0.557;2.195;58.534080;10.90;16.44694;0.92150;0.75;0.25;28.05083;93.83860;101.96000;97.42000;37.09000;2161.7;275.0;177.0;46.0;21.22;0.000;0.17498;0.04096;0.00;0.000;0.000;0.740;0.565;0.000;0.557;49.354;11.34;5.52;21533.3;1756.50;16.41;3.40;1.41;277516.48;74533.76;0.00;21453.2;12.94;3.47;0.00;16/03/2024 16:12:36;
17/03/2024;11;2.0TD;3;0.000125174653000000;0.174;0.964753647;54.854354;0.557;2.195;52.102354;9.07;16.44694;0.92150;0.75;0.25;28.05083;93.83860;101.96000;97.42000;37.09000;2161.7;275.0;177.0;46.0;18.15;0.000;0.17498;0.04096;0.00;0.000;0.000;0.666;0.565;0.000;0.557;44.380;9.72;0.00;24589.4;1773.00;13.34;3.40;1.41;236381.36;66275.16;0.00;22690.7;10.42;2.92;0.00;16/03/2024 16:12:36;
17/03/2024;12;2.0TD;3;0.000130497416000000;0.169;0.938453120;43.677754;0.557;2.195;40.925754;0.05;16.44694;0.92150;0.75;0.25;28.05083;93.83860;101.96000;97.42000;37.09000;2161.7;275.0;177.0;46.0;17.94;0.000;0.17498;0.04096;0.00;0.000;0.000;0.525;0.565;0.000;0.557;35.009;0.43;-5.00;26091.3;2025.70;13.13;3.40;1.41;245512.72;56005.92;0.00;22957.1;10.69;2.44;0.00;16/03/2024 16:12:36;
17/03/2024;13;2.0TD;3;0.000130383623000000;0.166;0.921108747;43.655512;0.557;2.195;40.903512;0.07;16.44694;0.92150;0.75;0.25;28.05083;93.83860;101.96000;97.42000;37.09000;2161.7;275.0;177.0;46.0;17.99;0.000;0.17498;0.04096;0.00;0.000;0.000;0.526;0.565;0.000;0.557;35.080;0.43;-5.00;26071.0;1942.00;13.18;3.40;1.41;245505.96;56185.68;0.00;22890.8;10.73;2.45;0.00;16/03/2024 16:12:36;
17/03/2024;14;2.0TD;3;0.000135951105000000;0.164;0.910474057;43.349060;0.557;2.195;40.597060;0.07;16.44694;0.92150;0.75;0.25;28.05083;93.83860;101.96000;97.42000;37.09000;2161.7;275.0;177.0;46.0;17.79;0.000;0.17498;0.04096;0.00;0.000;0.000;0.523;0.565;0.000;0.557;34.877;0.43;-5.00;26555.7;1955.20;12.98;3.40;1.41;245506.00;56150.52;0.00;23245.9;10.56;2.42;0.00;16/03/2024 16:12:36;
17/03/2024;15;2.0TD;3;0.000133265094000000;0.166;0.923057583;43.513260;0.557;2.195;40.761260;0.07;16.44694;0.92150;0.75;0.25;28.05083;93.83860;101.96000;97.42000;37.09000;2161.7;275.0;177.0;46.0;17.87;0.000;0.17498;0.04096;0.00;0.000;0.000;0.524;0.565;0.000;0.557;34.958;0.43;-5.00;26225.4;1941.70;13.06;3.40;1.41;245503.24;56220.84;0.00;23111.7;10.62;2.43;0.00;16/03/2024 16:12:36;
17/03/2024;16;2.0TD;3;0.000118599207000000;0.178;0.987015337;44.638380;0.557;2.195;41.886380;0.05;16.44694;0.92150;0.75;0.25;28.05083;93.83860;101.96000;97.42000;37.09000;2161.7;275.0;177.0;46.0;18.48;0.000;0.17498;0.04096;0.00;0.000;0.000;0.533;0.565;0.000;0.557;35.557;0.43;-5.00;25670.3;1974.10;13.67;3.40;1.41;245498.72;61824.00;0.00;22488.5;10.92;2.75;0.00;16/03/2024 16:12:36;
17/03/2024;17;2.0TD;3;0.000109698714000000;0.187;1.037957916;55.997495;0.557;2.195;53.245495;9.01;16.44694;0.92150;0.75;0.25;28.05083;93.83860;101.96000;97.42000;37.09000;2161.7;275.0;177.0;46.0;18.68;0.000;0.17498;0.04096;0.00;0.000;0.000;0.673;0.565;0.000;0.557;44.857;9.72;0.00;24169.5;1909.70;13.87;3.40;1.41;236292.76;67926.60;0.00;21934.1;10.77;3.10;0.00;16/03/2024 16:12:36;
17/03/2024;18;2.0TD;3;0.000109237123000000;0.190;1.057816770;62.716337;0.557;2.195;59.964337;14.58;16.44694;0.92150;0.75;0.25;28.05083;93.83860;101.96000;97.42000;37.09000;2161.7;275.0;177.0;46.0;18.56;0.000;0.17498;0.04096;0.00;0.000;0.000;0.756;0.565;0.000;0.557;50.390;14.95;10.02;21056.2;1712.90;13.75;3.40;1.41;223779.28;72437.20;0.00;21547.5;10.39;3.36;0.00;16/03/2024 16:12:36;
17/03/2024;19;2.0TD;3;0.000117151850000000;0.197;1.094499290;86.898944;0.557;2.195;84.146944;34.59;16.44694;0.92150;0.75;0.25;28.05083;93.83860;101.96000;97.42000;37.09000;2161.7;275.0;177.0;46.0;18.16;0.000;0.17498;0.04096;0.00;0.000;0.000;1.054;0.565;0.000;0.557;70.298;35.00;29.00;17837.9;1303.30;13.35;3.40;1.41;149335.32;150216.80;0.00;22446.5;6.65;6.69;0.00;16/03/2024 16:12:36;
17/03/2024;20;2.0TD;3;0.000142686734000000;0.200;1.112215952;138.630639;0.557;2.195;135.878639;79.96;16.44694;0.92150;0.75;0.25;28.05083;93.83860;101.96000;97.42000;37.09000;2161.7;275.0;177.0;46.0;15.08;0.000;0.17498;0.04096;0.00;0.000;0.000;1.698;0.565;0.000;0.557;113.232;79.96;79.96;16939.5;1270.70;10.27;3.40;1.41;87523.12;162071.04;0.00;24301.8;3.60;6.67;0.00;16/03/2024 16:12:36;
17/03/2024;21;2.0TD;3;0.000169368092000000;0.200;1.110469841;132.295839;0.557;2.195;129.543839;77.74;16.44694;0.92150;0.75;0.25;28.05083;93.83860;101.96000;97.42000;37.09000;2161.7;275.0;177.0;46.0;12.10;0.000;0.17498;0.04096;0.00;0.000;0.000;1.619;0.565;0.000;0.557;107.953;77.89;75.55;16327.1;1126.70;7.29;3.40;1.41;90235.08;101313.20;0.00;26288.3;3.43;3.85;0.00;16/03/2024 16:12:36;
17/03/2024;22;2.0TD;3;0.000171392060000000;0.201;1.115360371;127.490501;0.557;2.195;124.738501;72.33;16.44694;0.92150;0.75;0.25;28.05083;93.83860;101.96000;97.42000;37.09000;2161.7;275.0;177.0;46.0;13.48;0.000;0.17498;0.04096;0.00;0.000;0.000;1.558;0.565;0.000;0.557;103.862;72.33;72.33;16383.7;891.10;8.67;3.40;1.41;95796.00;105787.60;24859.38;26122.3;3.67;4.05;0.95;16/03/2024 16:12:36;
17/03/2024;23;2.0TD;3;0.000152691612000000;0.207;1.150278412;127.243427;0.557;2.195;124.491427;72.10;16.44694;0.92150;0.75;0.25;28.05083;93.83860;101.96000;97.42000;37.09000;2161.7;275.0;177.0;46.0;13.00;0.000;0.17498;0.04096;0.00;0.000;0.000;1.547;0.565;0.000;0.557;103.141;72.10;72.10;15270.9;1223.00;8.19;3.40;1.41;96058.00;77862.40;24859.38;24264.3;3.96;3.21;1.02;16/03/2024 16:12:36;
17/03/2024;24;2.0TD;3;0.000128033896000000;0.210;1.168230502;119.555961;0.557;2.195;116.803961;65.91;16.44694;0.92150;0.75;0.25;28.05083;93.83860;101.96000;97.42000;37.09000;2161.7;275.0;177.0;46.0;12.68;0.000;0.17498;0.04096;0.00;0.000;0.000;1.448;0.565;0.000;0.557;96.532;65.91;65.86;17564.8;1119.20;7.87;3.40;1.41;37698.56;114846.40;24859.38;22538.0;1.67;5.10;1.10;16/03/2024 16:12:36;
*
