pvpcdata;
2024;08;09;11;56;44;
17/07/2024;1;2.0TD;3;0.000115395043000000;0.174;0.969001235;132.868269;0.557;2.195;130.116269;101.50;-1.37327;1.03462;0.75;0.25;94.42208;88.92900;101.96000;73.51000;74.07000;2203.7;275.0;234.0;61.0;7.37;0.000;0.17498;0.04096;0.00;0.000;1.662;0.947;0.000;0.557;110.831;101.78;98.53;20907.1;2007.40;3.15;3.13;1.09;44475.20;15862.08;24859.38;27088.7;1.64;0.59;0.92;16/07/2024 16:08:09;
17/07/2024;2;2.0TD;3;0.000098248168000000;0.176;0.978092627;126.906524;0.557;2.195;124.154524;95.80;-1.37327;1.03462;0.75;0.25;94.42208;88.92900;101.96000;73.51000;74.07000;2203.7;275.0;234.0;61.0;7.89;0.000;0.17498;0.04096;0.00;0.000;1.584;0.947;0.000;0.557;105.573;96.02;93.43;19658.2;1823.70;3.67;3.13;1.09;52634.88;15862.08;24859.38;25467.5;2.07;0.62;0.98;16/07/2024 16:08:09;
17/07/2024;3;2.0TD;3;0.000087242646000000;0.175;0.974041296;123.018625;0.557;2.195;120.266625;92.02;-1.37327;1.03462;0.75;0.25;94.42208;88.92900;101.96000;73.51000;74.07000;2203.7;275.0;234.0;61.0;8.50;0.000;0.17498;0.04096;0.00;0.000;1.535;0.947;0.000;0.557;102.354;92.23;89.64;18688.6;1638.60;4.28;3.13;1.09;63318.28;15862.08;24859.38;24318.9;2.60;0.65;1.02;16/07/2024 16:08:09;
17/07/2024;4;2.0TD;3;0.000081239357000000;0.174;0.968787134;125.025949;0.557;2.195;122.273949;94.78;-1.37327;1.03462;0.75;0.25;94.42208;88.92900;101.96000;73.51000;74.07000;2203.7;275.0;234.0;61.0;7.51;0.000;0.17498;0.04096;0.00;0.000;1.562;0.947;0.000;0.557;104.151;94.95;92.95;18139.3;1738.50;3.29;3.13;1.09;61815.60;15842.24;0.00;23628.6;2.62;0.67;0.00;16/07/2024 16:08:09;
17/07/2024;5;2.0TD;3;0.000077826558000000;0.173;0.960251718;126.267228;0.557;2.195;123.515228;96.09;-1.37327;1.03462;0.75;0.25;94.42208;88.92900;101.96000;73.51000;74.07000;2203.7;275.0;234.0;61.0;7.33;0.000;0.17498;0.04096;0.00;0.000;1.579;0.947;0.000;0.557;105.298;96.25;94.38;17841.9;1701.60;3.11;3.13;1.09;60054.20;12656.16;0.00;23371.8;2.57;0.54;0.00;16/07/2024 16:08:09;
17/07/2024;6;2.0TD;3;0.000076708207000000;0.168;0.935067888;125.824831;0.557;2.195;123.072831;96.25;-1.37327;1.03462;0.75;0.25;94.42208;88.92900;101.96000;73.51000;74.07000;2203.7;275.0;234.0;61.0;7.24;0.000;0.17498;0.04096;0.00;0.000;1.581;0.947;0.000;0.557;105.370;96.25;96.25;17775.8;1615.90;3.02;3.13;1.09;55799.24;15532.56;0.00;23643.8;2.36;0.66;0.00;16/07/2024 16:08:09;
17/07/2024;7;2.0TD;3;0.000078392061000000;0.159;0.882918510;137.453964;0.557;2.195;134.701964;107.02;-1.37327;1.03462;0.75;0.25;94.42208;88.92900;101.96000;73.51000;74.07000;2203.7;275.0;234.0;61.0;7.16;0.000;0.17498;0.04096;0.00;0.000;1.743;0.947;0.000;0.557;116.222;107.00;107.20;18136.9;1821.40;2.94;3.13;1.09;43231.32;6515.76;24859.38;25422.2;1.70;0.26;0.98;16/07/2024 16:08:09;
17/07/2024;8;2.0TD;3;0.000082528972000000;0.158;0.876093318;146.448885;0.557;2.195;143.696885;113.31;-1.37327;1.03462;0.75;0.25;94.42208;88.92900;101.96000;73.51000;74.07000;2203.7;275.0;234.0;61.0;8.62;0.000;0.17498;0.04096;0.00;0.000;1.861;0.947;0.000;0.557;124.090;113.22;114.35;19575.3;1634.40;4.40;3.13;1.09;18894.52;77375.16;24859.38;27471.0;0.69;2.82;0.90;16/07/2024 16:08:09;
17/07/2024;9;2.0TD;2;0.000094394241000000;0.142;0.873542744;159.174888;19.184;8.779;131.211888;106.00;-1.37327;1.03462;0.75;0.25;94.42208;88.92900;101.96000;73.51000;74.07000;2203.7;275.0;234.0;61.0;6.72;0.154;0.17498;0.04096;0.00;0.000;1.723;0.947;0.000;0.557;114.896;105.70;109.63;20691.0;1726.40;2.50;3.13;1.09;23637.60;23768.32;24859.38;28974.7;0.82;0.82;0.86;16/07/2024 16:08:09;
17/07/2024;10;2.0TD;2;0.000107007336000000;0.141;0.864633393;149.978773;19.184;8.779;122.015773;97.42;-1.37327;1.03462;0.75;0.25;94.42208;88.92900;101.96000;73.51000;74.07000;2203.7;275.0;234.0;61.0;7.46;0.154;0.17498;0.04096;0.00;0.000;1.604;0.947;0.000;0.557;106.937;97.55;95.30;24310.0;1512.40;3.24;3.13;1.09;32480.68;40461.36;24859.38;30140.4;1.08;1.34;0.82;16/07/2024 16:08:09;
17/07/2024;11;2.0TD;1;0.000116816046000000;0.146;0.873235387;196.105942;33.081;43.893;119.131942;93.35;-1.37327;1.03462;0.75;0.25;94.42208;88.92900;101.96000;73.51000;74.07000;2203.7;275.0;234.0;61.0;7.82;0.926;0.17498;0.04096;0.00;0.000;1.559;0.947;0.000;0.557;103.954;93.65;87.88;24831.1;1341.70;3.60;3.13;1.09;44872.08;42145.36;24859.38;31070.5;1.44;1.36;0.80;16/07/2024 16:08:09;
17/07/2024;12;2.0TD;1;0.000122512014000000;0.146;0.875720882;176.827930;33.081;43.893;99.853930;75.00;-1.37327;1.03462;0.75;0.25;94.42208;88.92900;101.96000;73.51000;74.07000;2203.7;275.0;234.0;61.0;9.60;0.926;0.17498;0.04096;0.00;0.000;1.307;0.947;0.000;0.557;87.132;75.00;75.00;25740.6;1410.30;5.38;3.13;1.09;65889.48;80848.32;24859.38;31870.6;2.07;2.54;0.78;16/07/2024 16:08:09;
17/07/2024;13;2.0TD;1;0.000129928787000000;0.147;0.877253066;173.188460;33.081;43.893;96.214460;71.58;-1.37327;1.03462;0.75;0.25;94.42208;88.92900;101.96000;73.51000;74.07000;2203.7;275.0;234.0;61.0;9.82;0.926;0.17498;0.04096;0.00;0.000;1.258;0.947;0.000;0.557;83.883;71.38;74.98;27665.1;1593.60;5.60;3.13;1.09;74069.56;83948.00;24859.38;32618.2;2.27;2.57;0.76;16/07/2024 16:08:09;
17/07/2024;14;2.0TD;1;0.000141167397000000;0.145;0.866301714;170.858933;33.081;43.893;93.884933;70.40;-1.37327;1.03462;0.75;0.25;94.42208;88.92900;101.96000;73.51000;74.07000;2203.7;275.0;234.0;61.0;9.14;0.926;0.17498;0.04096;0.00;0.000;1.230;0.947;0.000;0.557;81.995;70.18;74.31;29084.9;1675.00;4.92;3.13;1.09;75513.96;62979.84;24859.38;33190.6;2.28;1.90;0.75;16/07/2024 16:08:09;
17/07/2024;15;2.0TD;2;0.000146391917000000;0.144;0.885615453;120.904505;19.184;8.779;92.941505;70.24;-1.37327;1.03462;0.75;0.25;94.42208;88.92900;101.96000;73.51000;74.07000;2203.7;275.0;234.0;61.0;9.33;0.154;0.17498;0.04096;0.00;0.000;1.219;0.947;0.000;0.557;81.242;70.00;74.31;29460.1;1734.70;5.11;3.13;1.09;68651.88;76602.24;24859.38;33315.2;2.06;2.30;0.75;16/07/2024 16:08:09;
17/07/2024;16;2.0TD;2;0.000142239373000000;0.142;0.874008366;120.474792;19.184;8.779;92.511792;69.98;-1.37327;1.03462;0.75;0.25;94.42208;88.92900;101.96000;73.51000;74.07000;2203.7;275.0;234.0;61.0;9.36;0.154;0.17498;0.04096;0.00;0.000;1.215;0.947;0.000;0.557;81.008;69.79;73.23;29167.2;1679.70;5.14;3.13;1.09;68863.80;74412.00;24859.38;32736.8;2.10;2.27;0.76;16/07/2024 16:08:09;
17/07/2024;17;2.0TD;2;0.000139205030000000;0.142;0.872685662;120.231546;19.184;8.779;92.268546;69.85;-1.37327;1.03462;0.75;0.25;94.42208;88.92900;101.96000;73.51000;74.07000;2203.7;275.0;234.0;61.0;9.28;0.154;0.17498;0.04096;0.00;0.000;1.212;0.947;0.000;0.557;80.795;69.66;73.16;28845.8;1658.20;5.06;3.13;1.09;68427.32;70964.88;24859.38;32470.1;2.11;2.19;0.77;16/07/2024 16:08:09;
17/07/2024;18;2.0TD;2;0.000139203687000000;0.144;0.885102016;120.891921;19.184;8.779;92.928921;70.40;-1.37327;1.03462;0.75;0.25;94.42208;88.92900;101.96000;73.51000;74.07000;2203.7;275.0;234.0;61.0;9.16;0.154;0.17498;0.04096;0.00;0.000;1.218;0.947;0.000;0.557;81.231;70.18;74.18;28113.6;1630.30;4.94;3.13;1.09;66361.28;68654.92;24859.38;32416.7;2.05;2.12;0.77;16/07/2024 16:08:09;
17/07/2024;19;2.0TD;1;0.000138159843000000;0.145;0.865305796;194.327998;33.081;43.893;117.353998;87.54;-1.37327;1.03462;0.75;0.25;94.42208;88.92900;101.96000;73.51000;74.07000;2203.7;275.0;234.0;61.0;12.19;0.926;0.17498;0.04096;0.00;0.000;1.537;0.947;0.000;0.557;102.492;87.69;85.00;24659.8;1449.60;7.97;3.13;1.09;121059.92;109050.80;24859.38;32012.6;3.78;3.41;0.78;16/07/2024 16:08:09;
17/07/2024;20;2.0TD;1;0.000135706130000000;0.148;0.888942253;210.008344;33.081;43.893;133.034344;104.34;-1.37327;1.03462;0.75;0.25;94.42208;88.92900;101.96000;73.51000;74.07000;2203.7;275.0;234.0;61.0;8.58;0.926;0.17498;0.04096;0.00;0.000;1.738;0.947;0.000;0.557;115.883;104.63;100.07;24688.6;1667.70;4.36;3.13;1.09;91351.52;23778.24;24859.38;32084.2;2.85;0.74;0.77;16/07/2024 16:08:09;
17/07/2024;21;2.0TD;1;0.000136217193000000;0.149;0.895056151;222.757482;33.081;43.893;145.783482;115.75;-1.37327;1.03462;0.75;0.25;94.42208;88.92900;101.96000;73.51000;74.07000;2203.7;275.0;234.0;61.0;8.00;0.926;0.17498;0.04096;0.00;0.000;1.903;0.947;0.000;0.557;126.878;115.75;115.75;23403.6;1743.90;3.78;3.13;1.09;72112.24;23758.40;24859.38;31954.1;2.26;0.74;0.78;16/07/2024 16:08:09;
17/07/2024;22;2.0TD;1;0.000145315534000000;0.151;0.902948546;231.869335;33.081;43.893;154.895335;125.32;-1.37327;1.03462;0.75;0.25;94.42208;88.92900;101.96000;73.51000;74.07000;2203.7;275.0;234.0;61.0;6.01;0.926;0.17498;0.04096;0.00;0.000;2.019;0.947;0.000;0.557;134.574;125.26;126.25;22642.4;1485.00;1.79;3.13;1.09;15413.96;15862.08;24859.38;31422.5;0.49;0.50;0.79;16/07/2024 16:08:09;
17/07/2024;23;2.0TD;2;0.000151984539000000;0.157;0.965430407;184.919971;19.184;8.779;156.956971;127.15;-1.37327;1.03462;0.75;0.25;94.42208;88.92900;101.96000;73.51000;74.07000;2203.7;275.0;234.0;61.0;6.02;0.154;0.17498;0.04096;0.00;0.000;2.035;0.947;0.000;0.557;135.658;127.00;129.54;22422.7;1396.20;1.80;3.13;1.09;14476.84;15862.08;24859.38;30664.1;0.47;0.52;0.81;16/07/2024 16:08:09;
17/07/2024;24;2.0TD;2;0.000136807002000000;0.156;0.954659349;170.841796;19.184;8.779;142.878796;115.21;-1.37327;1.03462;0.75;0.25;94.42208;88.92900;101.96000;73.51000;74.07000;2203.7;275.0;234.0;61.0;6.08;0.154;0.17498;0.04096;0.00;0.000;1.854;0.947;0.000;0.557;123.597;115.01;118.50;21430.0;1292.20;1.86;3.13;1.09;21128.88;6711.60;24859.38;28403.3;0.74;0.24;0.88;16/07/2024 16:08:09;
*
