pvpcdata;
2025;01;13;09;30;45;
31/12/2024;1;2.0TD;3;0.000114712002000000;0.236;1.311364673;188.891605;0.557;2.195;186.139605;144.43;-10.30870;0.72376;0.75;0.25;135.85958;94.62480;101.96000;84.74000;90.60000;2918.1;275.0;200.0;53.0;9.65;0.000;0.17498;0.04096;0.00;0.000;2.259;0.947;0.000;0.557;150.598;145.00;139.00;18676.5;1943.90;5.48;3.25;0.92;52907.88;50028.00;24859.38;23329.6;2.27;2.14;1.07;30/12/2024 16:21:44;
31/12/2024;2;2.0TD;3;0.000092918833000000;0.245;1.361373279;183.409450;0.557;2.195;180.657450;138.28;-10.30870;0.72376;0.75;0.25;135.85958;94.62480;101.96000;84.74000;90.60000;2918.1;275.0;200.0;53.0;10.39;0.000;0.17498;0.04096;0.00;0.000;2.177;0.947;0.000;0.557;145.106;139.03;130.69;16769.6;1659.40;6.22;3.25;0.92;67246.92;40480.00;24859.38;21337.4;3.15;1.90;1.17;30/12/2024 16:21:44;
31/12/2024;3;2.0TD;3;0.000080161204000000;0.253;1.406858571;191.350284;0.557;2.195;188.598284;135.73;-10.30870;0.72376;0.75;0.25;135.85958;94.62480;101.96000;84.74000;90.60000;2918.1;275.0;200.0;53.0;18.27;0.000;0.17498;0.04096;0.00;0.000;2.258;0.947;0.000;0.557;150.517;137.48;120.00;15914.5;1769.40;14.10;3.25;0.92;218404.48;40000.00;24859.38;20087.2;10.87;1.99;1.24;30/12/2024 16:21:44;
31/12/2024;4;2.0TD;3;0.000073346649000000;0.256;1.419651897;189.034868;0.557;2.195;186.282868;133.24;-10.30870;0.72376;0.75;0.25;135.85958;94.62480;101.96000;84.74000;90.60000;2918.1;275.0;200.0;53.0;18.59;0.000;0.17498;0.04096;0.00;0.000;2.225;0.947;0.000;0.557;148.314;134.66;121.89;15035.3;1876.00;14.42;3.25;0.92;234450.24;44000.00;0.00;19315.8;12.14;2.28;0.00;30/12/2024 16:21:44;
31/12/2024;5;2.0TD;3;0.000070552708000000;0.257;1.425201940;182.215632;0.557;2.195;179.463632;126.51;-10.30870;0.72376;0.75;0.25;135.85958;94.62480;101.96000;84.74000;90.60000;2918.1;275.0;200.0;53.0;19.86;0.000;0.17498;0.04096;0.00;0.000;2.142;0.947;0.000;0.557;142.771;127.37;118.49;14782.5;1585.60;15.69;3.25;0.92;258060.60;40680.00;0.00;19040.0;13.55;2.14;0.00;30/12/2024 16:21:44;
31/12/2024;6;2.0TD;3;0.000071340970000000;0.250;1.389609790;184.844982;0.557;2.195;182.092982;130.01;-10.30870;0.72376;0.75;0.25;135.85958;94.62480;101.96000;84.74000;90.60000;2918.1;275.0;200.0;53.0;19.22;0.000;0.17498;0.04096;0.00;0.000;2.185;0.947;0.000;0.557;145.674;131.15;120.81;14959.4;1845.10;15.05;3.25;0.92;250389.24;42080.00;0.00;19436.7;12.88;2.16;0.00;30/12/2024 16:21:44;
31/12/2024;7;2.0TD;3;0.000077180106000000;0.227;1.262028931;187.635606;0.557;2.195;184.883606;136.44;-10.30870;0.72376;0.75;0.25;135.85958;94.62480;101.96000;84.74000;90.60000;2918.1;275.0;200.0;53.0;17.72;0.000;0.17498;0.04096;0.00;0.000;2.260;0.947;0.000;0.557;150.679;137.18;128.95;16104.3;1579.90;13.55;3.25;0.92;217109.52;44000.00;24859.38;21111.4;10.28;2.08;1.18;30/12/2024 16:21:44;
31/12/2024;8;2.0TD;3;0.000091615862000000;0.206;1.146687374;182.647867;0.557;2.195;179.895867;142.81;-10.30870;0.72376;0.75;0.25;135.85958;94.62480;101.96000;84.74000;90.60000;2918.1;275.0;200.0;53.0;9.86;0.000;0.17498;0.04096;0.00;0.000;2.238;0.947;0.000;0.557;149.167;142.98;140.00;17881.8;1105.00;5.69;3.25;0.92;53356.00;58564.00;24859.38;24021.9;2.22;2.44;1.03;30/12/2024 16:21:44;
31/12/2024;9;2.0TD;2;0.000101324474000000;0.195;1.195151843;213.720236;19.184;8.779;185.757236;149.77;-10.30870;0.72376;0.75;0.25;135.85958;94.62480;101.96000;84.74000;90.60000;2918.1;275.0;200.0;53.0;8.93;0.154;0.17498;0.04096;0.00;0.000;2.332;0.947;0.000;0.557;155.445;149.77;149.77;19351.9;1351.10;4.76;3.25;0.92;29455.20;68684.00;24859.38;25821.0;1.14;2.66;0.96;30/12/2024 16:21:44;
31/12/2024;10;2.0TD;2;0.000110378517000000;0.185;1.136161779;206.487262;19.184;8.779;178.524262;145.00;-10.30870;0.72376;0.75;0.25;135.85958;94.62480;101.96000;84.74000;90.60000;2918.1;275.0;200.0;53.0;8.98;0.154;0.17498;0.04096;0.00;0.000;2.260;0.947;0.000;0.557;150.653;145.00;145.00;20828.8;1269.80;4.81;3.25;0.92;18621.20;88872.00;24859.38;27519.6;0.68;3.23;0.90;30/12/2024 16:21:44;
31/12/2024;11;2.0TD;1;0.000118127857000000;0.177;1.059874262;244.209676;33.081;43.893;167.235676;134.66;-10.30870;0.72376;0.75;0.25;135.85958;94.62480;101.96000;84.74000;90.60000;2918.1;275.0;200.0;53.0;10.11;0.926;0.17498;0.04096;0.00;0.000;2.131;0.947;0.000;0.557;142.086;134.66;134.66;21870.5;1150.10;5.94;3.25;0.92;17723.04;125552.00;24859.38;28327.5;0.63;4.43;0.88;30/12/2024 16:21:44;
31/12/2024;12;2.0TD;1;0.000117340945000000;0.174;1.044132735;219.779813;33.081;43.893;142.805813;114.16;-10.30870;0.72376;0.75;0.25;135.85958;94.62480;101.96000;84.74000;90.60000;2918.1;275.0;200.0;53.0;10.47;0.926;0.17498;0.04096;0.00;0.000;1.825;0.947;0.000;0.557;121.640;114.16;114.16;22617.1;1341.70;6.30;3.25;0.92;36141.52;117622.00;24859.38;28382.9;1.27;4.14;0.88;30/12/2024 16:21:44;
31/12/2024;13;2.0TD;1;0.000115543550000000;0.173;1.033758898;215.882285;33.081;43.893;138.908285;112.01;-10.30870;0.72376;0.75;0.25;135.85958;94.62480;101.96000;84.74000;90.60000;2918.1;275.0;200.0;53.0;9.45;0.926;0.17498;0.04096;0.00;0.000;1.776;0.947;0.000;0.557;118.421;112.01;112.01;23075.2;1554.10;5.28;3.25;0.92;37023.52;84140.00;24859.38;27675.5;1.34;3.04;0.90;30/12/2024 16:21:44;
31/12/2024;14;2.0TD;1;0.000120753930000000;0.173;1.037974128;215.775542;33.081;43.893;138.801542;112.01;-10.30870;0.72376;0.75;0.25;135.85958;94.62480;101.96000;84.74000;90.60000;2918.1;275.0;200.0;53.0;9.36;0.926;0.17498;0.04096;0.00;0.000;1.775;0.947;0.000;0.557;118.330;112.01;112.01;23055.7;1545.80;5.19;3.25;0.92;37006.72;81644.00;24859.38;27667.4;1.34;2.95;0.90;30/12/2024 16:21:44;
31/12/2024;15;2.0TD;2;0.000123471855000000;0.174;1.064600722;166.808911;19.184;8.779;138.845911;111.75;-10.30870;0.72376;0.75;0.25;135.85958;94.62480;101.96000;84.74000;90.60000;2918.1;275.0;200.0;53.0;10.33;0.154;0.17498;0.04096;0.00;0.000;1.774;0.947;0.000;0.557;118.267;111.75;111.75;23207.9;1404.30;6.16;3.25;0.92;37127.84;107364.00;24859.38;27483.8;1.35;3.91;0.90;30/12/2024 16:21:44;
31/12/2024;16;2.0TD;2;0.000117131250000000;0.180;1.106955458;170.441375;19.184;8.779;142.478375;111.88;-10.30870;0.72376;0.75;0.25;135.85958;94.62480;101.96000;84.74000;90.60000;2918.1;275.0;200.0;53.0;12.64;0.154;0.17498;0.04096;0.00;0.000;1.811;0.947;0.000;0.557;120.744;111.88;111.88;22682.8;1515.40;8.47;3.25;0.92;32582.36;169643.52;24859.38;26824.1;1.21;6.32;0.93;30/12/2024 16:21:44;
31/12/2024;17;2.0TD;2;0.000114690315000000;0.186;1.144021525;188.167151;19.184;8.779;160.204151;124.37;-10.30870;0.72376;0.75;0.25;135.85958;94.62480;101.96000;84.74000;90.60000;2918.1;275.0;200.0;53.0;14.27;0.154;0.17498;0.04096;0.00;0.000;2.026;0.947;0.000;0.557;135.079;124.37;124.37;21547.4;1231.80;10.10;3.25;0.92;25874.40;213526.40;24859.38;26167.4;0.99;8.16;0.95;30/12/2024 16:21:44;
31/12/2024;18;2.0TD;2;0.000122500022000000;0.194;1.189771671;207.867022;19.184;8.779;179.904022;145.10;-10.30870;0.72376;0.75;0.25;135.85958;94.62480;101.96000;84.74000;90.60000;2918.1;275.0;200.0;53.0;8.90;0.154;0.17498;0.04096;0.00;0.000;2.260;0.947;0.000;0.557;150.673;145.00;147.00;21716.1;1087.30;4.73;3.25;0.92;9063.40;92784.00;24859.38;26795.6;0.34;3.46;0.93;30/12/2024 16:21:44;
31/12/2024;19;2.0TD;1;0.000146518780000000;0.204;1.224386023;268.863168;33.081;43.893;191.889168;155.16;-10.30870;0.72376;0.75;0.25;135.85958;94.62480;101.96000;84.74000;90.60000;2918.1;275.0;200.0;53.0;6.64;0.926;0.17498;0.04096;0.00;0.000;2.391;0.947;0.000;0.557;159.376;155.01;158.99;22350.6;877.50;2.47;3.25;0.92;7411.80;38500.00;24859.38;28667.0;0.26;1.34;0.87;30/12/2024 16:21:44;
31/12/2024;20;2.0TD;1;0.000159791192000000;0.209;1.251430988;274.901065;33.081;43.893;197.927065;159.55;-10.30870;0.72376;0.75;0.25;135.85958;94.62480;101.96000;84.74000;90.60000;2918.1;275.0;200.0;53.0;6.52;0.926;0.17498;0.04096;0.00;0.000;2.456;0.947;0.000;0.557;163.711;159.44;161.94;22714.6;1003.20;2.35;3.25;0.92;6772.04;36600.00;24859.38;29013.1;0.23;1.26;0.86;30/12/2024 16:21:44;
31/12/2024;21;2.0TD;1;0.000166042330000000;0.212;1.269204886;271.270187;33.081;43.893;194.296187;156.22;-10.30870;0.72376;0.75;0.25;135.85958;94.62480;101.96000;84.74000;90.60000;2918.1;275.0;200.0;53.0;6.50;0.926;0.17498;0.04096;0.00;0.000;2.405;0.947;0.000;0.557;160.310;156.10;159.30;22553.4;905.20;2.33;3.25;0.92;7231.96;34320.00;24859.38;28448.2;0.25;1.21;0.87;30/12/2024 16:21:44;
31/12/2024;22;2.0TD;1;0.000164202677000000;0.217;1.300578552;268.414654;33.081;43.893;191.440654;150.81;-10.30870;0.72376;0.75;0.25;135.85958;94.62480;101.96000;84.74000;90.60000;2918.1;275.0;200.0;53.0;8.95;0.926;0.17498;0.04096;0.00;0.000;2.360;0.947;0.000;0.557;157.305;150.85;150.00;21724.8;1110.00;4.78;3.25;0.92;75250.68;30840.00;24859.38;27406.0;2.75;1.13;0.91;30/12/2024 16:21:44;
31/12/2024;23;2.0TD;2;0.000148381127000000;0.220;1.350168946;212.837390;19.184;8.779;184.874390;144.16;-10.30870;0.72376;0.75;0.25;135.85958;94.62480;101.96000;84.74000;90.60000;2918.1;275.0;200.0;53.0;10.69;0.154;0.17498;0.04096;0.00;0.000;2.273;0.947;0.000;0.557;151.536;144.40;140.01;19841.6;1147.60;6.52;3.25;0.92;89853.80;45080.00;24859.38;24509.3;3.67;1.84;1.01;30/12/2024 16:21:44;
31/12/2024;24;2.0TD;2;0.000130459928000000;0.226;1.387195286;209.241059;19.184;8.779;181.278059;139.02;-10.30870;0.72376;0.75;0.25;135.85958;94.62480;101.96000;84.74000;90.60000;2918.1;275.0;200.0;53.0;12.21;0.154;0.17498;0.04096;0.00;0.000;2.218;0.947;0.000;0.557;147.861;139.37;133.37;18065.1;1133.30;8.04;3.25;0.92;103779.88;54164.00;24859.38;22722.8;4.57;2.38;1.09;30/12/2024 16:21:44;
*
