pvpcdata;
2024;02;09;12;01;49;
24/01/2024;1;2.0TD;3;0.000128963748000000;0.239;1.327200233;126.477342;0.557;2.195;123.725342;85.58;3.71732;0.79804;0.75;0.25;83.42333;98.29260;101.96000;97.42000;81.63000;2576.3;275.0;177.0;62.0;8.48;0.000;0.17498;0.03702;0.00;0.000;0.000;1.498;0.565;0.000;0.557;99.859;86.00;80.00;13502.7;1016.80;3.34;3.56;1.58;51170.16;8122.92;24859.38;25230.7;2.03;0.32;0.99;23/01/2024 16:18:09;
24/01/2024;2;2.0TD;3;0.000105189710000000;0.247;1.370562399;119.730617;0.557;2.195;116.978617;78.15;3.71732;0.79804;0.75;0.25;83.42333;98.29260;101.96000;97.42000;81.63000;2576.3;275.0;177.0;62.0;9.95;0.000;0.17498;0.03702;0.00;0.000;0.000;1.407;0.565;0.000;0.557;93.808;78.93;68.83;12864.1;1081.30;4.81;3.56;1.58;72760.00;16522.32;24859.38;23714.4;3.07;0.70;1.05;23/01/2024 16:18:09;
24/01/2024;3;2.0TD;3;0.000092491129000000;0.253;1.406571612;116.693597;0.557;2.195;113.941597;72.95;3.71732;0.79804;0.75;0.25;83.42333;98.29260;101.96000;97.42000;81.63000;2576.3;275.0;177.0;62.0;12.32;0.000;0.17498;0.03702;0.00;0.000;0.000;1.364;0.565;0.000;0.557;90.935;73.73;63.26;12487.0;1000.50;7.18;3.56;1.58;117689.84;20787.00;24859.38;22740.3;5.18;0.91;1.09;23/01/2024 16:18:09;
24/01/2024;4;2.0TD;3;0.000086052677000000;0.256;1.422330616;114.887722;0.557;2.195;112.135722;70.97;3.71732;0.79804;0.75;0.25;83.42333;98.29260;101.96000;97.42000;81.63000;2576.3;275.0;177.0;62.0;12.67;0.000;0.17498;0.03702;0.00;0.000;0.000;1.339;0.565;0.000;0.557;89.280;71.69;61.59;12259.7;937.90;7.53;3.56;1.58;145907.48;21746.40;0.00;22275.7;6.55;0.98;0.00;23/01/2024 16:18:09;
24/01/2024;5;2.0TD;3;0.000083821197000000;0.254;1.410588717;114.162418;0.557;2.195;111.410418;70.17;3.71732;0.79804;0.75;0.25;83.42333;98.29260;101.96000;97.42000;81.63000;2576.3;275.0;177.0;62.0;13.04;0.000;0.17498;0.03702;0.00;0.000;0.000;1.333;0.565;0.000;0.557;88.844;70.94;60.94;12172.5;1010.70;7.90;3.56;1.58;146968.60;28014.48;0.00;22161.1;6.63;1.26;0.00;23/01/2024 16:18:09;
24/01/2024;6;2.0TD;3;0.000086091924000000;0.247;1.374691521;112.096483;0.557;2.195;109.344483;70.91;3.71732;0.79804;0.75;0.25;83.42333;98.29260;101.96000;97.42000;81.63000;2576.3;275.0;177.0;62.0;11.16;0.000;0.17498;0.03702;0.00;0.000;0.000;1.315;0.565;0.000;0.557;87.686;71.69;61.59;12474.0;1040.30;6.02;3.56;1.58;113908.76;23345.40;0.00;22806.9;4.99;1.02;0.00;23/01/2024 16:18:09;
24/01/2024;7;2.0TD;3;0.000097799937000000;0.227;1.262124602;120.146493;0.557;2.195;117.394493;79.46;3.71732;0.79804;0.75;0.25;83.42333;98.29260;101.96000;97.42000;81.63000;2576.3;275.0;177.0;62.0;10.48;0.000;0.17498;0.03702;0.00;0.000;0.000;1.435;0.565;0.000;0.557;95.676;80.19;70.09;13873.5;1085.20;5.34;3.56;1.58;99955.52;12167.60;24859.38;25671.8;3.89;0.47;0.97;23/01/2024 16:18:09;
24/01/2024;8;2.0TD;3;0.000125382461000000;0.212;1.180338099;131.249492;0.557;2.195;128.497492;93.02;3.71732;0.79804;0.75;0.25;83.42333;98.29260;101.96000;97.42000;81.63000;2576.3;275.0;177.0;62.0;7.11;0.000;0.17498;0.03702;0.00;0.000;0.000;1.590;0.565;0.000;0.557;106.021;93.18;90.00;16246.2;864.60;1.97;3.56;1.58;24449.92;8442.72;24859.38;29291.7;0.83;0.29;0.85;23/01/2024 16:18:09;
24/01/2024;9;2.0TD;2;0.000140160300000000;0.198;1.216178714;165.774970;19.184;8.779;137.811970;101.32;3.71732;0.79804;0.75;0.25;83.42333;98.29260;101.96000;97.42000;81.63000;2576.3;275.0;177.0;62.0;7.51;0.178;0.17498;0.03702;0.00;0.000;0.000;1.726;0.565;0.000;0.557;115.035;101.50;98.32;17856.5;1091.70;2.37;3.56;1.58;20818.40;28962.00;24859.38;31511.3;0.66;0.92;0.79;23/01/2024 16:18:09;
24/01/2024;10;2.0TD;2;0.000144864466000000;0.189;1.161228162;149.457437;19.184;8.779;121.494437;88.75;3.71732;0.79804;0.75;0.25;83.42333;98.29260;101.96000;97.42000;81.63000;2576.3;275.0;177.0;62.0;7.42;0.178;0.17498;0.03702;0.00;0.000;0.000;1.533;0.565;0.000;0.557;102.182;89.02;84.47;17568.5;1117.50;2.28;3.56;1.58;30072.68;17630.20;24859.38;31853.1;0.94;0.55;0.78;23/01/2024 16:18:09;
24/01/2024;11;2.0TD;1;0.000150614168000000;0.181;1.086183503;177.568076;33.081;43.893;100.594076;70.51;3.71732;0.79804;0.75;0.25;83.42333;98.29260;101.96000;97.42000;81.63000;2576.3;275.0;177.0;62.0;8.02;1.068;0.17498;0.03702;0.00;0.000;0.000;1.278;0.565;0.000;0.557;85.177;70.69;67.80;17305.4;1151.80;2.88;3.56;1.58;42906.48;24079.80;24859.38;31951.7;1.34;0.75;0.78;23/01/2024 16:18:09;
24/01/2024;12;2.0TD;1;0.000148754664000000;0.180;1.079600317;169.156819;33.081;43.893;92.182819;61.79;3.71732;0.79804;0.75;0.25;83.42333;98.29260;101.96000;97.42000;81.63000;2576.3;275.0;177.0;62.0;9.79;1.068;0.17498;0.03702;0.00;0.000;0.000;1.172;0.565;0.000;0.557;78.121;61.80;61.70;19466.3;1149.20;4.65;3.56;1.58;52422.96;69318.08;24859.38;31574.1;1.66;2.20;0.79;23/01/2024 16:18:09;
24/01/2024;13;2.0TD;1;0.000147536193000000;0.177;1.059231442;166.675563;33.081;43.893;89.701563;59.86;3.71732;0.79804;0.75;0.25;83.42333;98.29260;101.96000;97.42000;81.63000;2576.3;275.0;177.0;62.0;9.84;1.068;0.17498;0.03702;0.00;0.000;0.000;1.143;0.565;0.000;0.557;76.212;59.87;59.77;20172.4;1113.20;4.70;3.56;1.58;58031.28;64286.88;24859.38;31308.5;1.85;2.05;0.79;23/01/2024 16:18:09;
24/01/2024;14;2.0TD;1;0.000154346214000000;0.175;1.045822012;164.221314;33.081;43.893;87.247314;58.19;3.71732;0.79804;0.75;0.25;83.42333;98.29260;101.96000;97.42000;81.63000;2576.3;275.0;177.0;62.0;9.58;1.068;0.17498;0.03702;0.00;0.000;0.000;1.114;0.565;0.000;0.557;74.253;58.20;58.10;20183.6;1173.00;4.44;3.56;1.58;53627.32;59870.64;24859.38;31194.1;1.72;1.92;0.80;23/01/2024 16:18:09;
24/01/2024;15;2.0TD;2;0.000156086844000000;0.175;1.073955560;113.647564;19.184;8.779;85.684564;58.19;3.71732;0.79804;0.75;0.25;83.42333;98.29260;101.96000;97.42000;81.63000;2576.3;275.0;177.0;62.0;9.16;0.178;0.17498;0.03702;0.00;0.000;0.000;1.094;0.565;0.000;0.557;72.923;58.20;58.10;20122.5;1153.70;4.02;3.56;1.58;48569.40;51097.20;24859.38;30924.4;1.57;1.65;0.80;23/01/2024 16:18:09;
24/01/2024;16;2.0TD;2;0.000150760395000000;0.182;1.116728437;118.765461;19.184;8.779;90.802461;60.50;3.71732;0.79804;0.75;0.25;83.42333;98.29260;101.96000;97.42000;81.63000;2576.3;275.0;177.0;62.0;10.69;0.178;0.17498;0.03702;0.00;0.000;0.000;1.152;0.565;0.000;0.557;76.821;60.50;60.50;19604.0;1107.60;5.55;3.56;1.58;47863.80;95619.04;24859.38;30364.9;1.58;3.15;0.82;23/01/2024 16:18:09;
24/01/2024;17;2.0TD;2;0.000146783093000000;0.187;1.147928312;121.861861;19.184;8.779;93.898861;63.83;3.71732;0.79804;0.75;0.25;83.42333;98.29260;101.96000;97.42000;81.63000;2576.3;275.0;177.0;62.0;9.61;0.178;0.17498;0.03702;0.00;0.000;0.000;1.187;0.565;0.000;0.557;79.106;64.00;61.10;18055.3;1131.30;4.47;3.56;1.58;41421.04;69082.48;24859.38;30257.0;1.37;2.28;0.82;23/01/2024 16:18:09;
24/01/2024;18;2.0TD;2;0.000151573417000000;0.192;1.177159138;149.110768;19.184;8.779;121.147768;88.26;3.71732;0.79804;0.75;0.25;83.42333;98.29260;101.96000;97.42000;81.63000;2576.3;275.0;177.0;62.0;7.37;0.178;0.17498;0.03702;0.00;0.000;0.000;1.525;0.565;0.000;0.557;101.634;88.61;83.61;16211.0;1211.80;2.23;3.56;1.58;30282.00;12383.00;24859.38;30248.0;1.00;0.41;0.82;23/01/2024 16:18:09;
24/01/2024;19;2.0TD;1;0.000172368593000000;0.196;1.173202250;206.978044;33.081;43.893;130.004044;94.56;3.71732;0.79804;0.75;0.25;83.42333;98.29260;101.96000;97.42000;81.63000;2576.3;275.0;177.0;62.0;7.14;1.068;0.17498;0.03702;0.00;0.000;0.000;1.630;0.565;0.000;0.557;108.699;94.94;89.94;17255.0;1437.60;2.00;3.56;1.58;27533.12;10489.44;24859.38;31541.1;0.87;0.33;0.79;23/01/2024 16:18:09;
24/01/2024;20;2.0TD;1;0.000195246558000000;0.199;1.191020084;275.239481;33.081;43.893;198.265481;149.93;3.71732;0.79804;0.75;0.25;83.42333;98.29260;101.96000;97.42000;81.63000;2576.3;275.0;177.0;62.0;7.58;1.068;0.17498;0.03702;0.00;0.000;0.000;2.480;0.565;0.000;0.557;165.359;150.41;145.00;18009.4;1736.30;2.44;3.56;1.58;1195.40;52925.76;24859.38;32327.9;0.04;1.64;0.77;23/01/2024 16:18:09;
24/01/2024;21;2.0TD;1;0.000209494815000000;0.201;1.205947822;277.643125;33.081;43.893;200.669125;151.62;3.71732;0.79804;0.75;0.25;83.42333;98.29260;101.96000;97.42000;81.63000;2576.3;275.0;177.0;62.0;7.59;1.068;0.17498;0.03702;0.00;0.000;0.000;2.506;0.565;0.000;0.557;167.085;152.17;146.14;18176.4;1812.80;2.45;3.56;1.58;512.08;55035.12;24859.38;32846.2;0.02;1.68;0.76;23/01/2024 16:18:09;
24/01/2024;22;2.0TD;1;0.000211297497000000;0.203;1.216533393;217.693762;33.081;43.893;140.719762;102.56;3.71732;0.79804;0.75;0.25;83.42333;98.29260;101.96000;97.42000;81.63000;2576.3;275.0;177.0;62.0;7.29;1.068;0.17498;0.03702;0.00;0.000;0.000;1.755;0.565;0.000;0.557;116.974;103.00;97.29;17922.2;1490.50;2.15;3.56;1.58;20631.68;23857.08;24859.38;32221.6;0.64;0.74;0.77;23/01/2024 16:18:09;
24/01/2024;23;2.0TD;2;0.000192425552000000;0.208;1.277838230;150.111168;19.184;8.779;122.148168;87.91;3.71732;0.79804;0.75;0.25;83.42333;98.29260;101.96000;97.42000;81.63000;2576.3;275.0;177.0;62.0;7.21;0.178;0.17498;0.03702;0.00;0.000;0.000;1.517;0.565;0.000;0.557;101.116;88.04;86.04;15492.3;1054.20;2.07;3.56;1.58;26641.64;8314.80;24859.38;28811.4;0.92;0.29;0.86;23/01/2024 16:18:09;
24/01/2024;24;2.0TD;2;0.000160487034000000;0.215;1.320302019;135.190435;19.184;8.779;107.227435;74.72;3.71732;0.79804;0.75;0.25;83.42333;98.29260;101.96000;97.42000;81.63000;2576.3;275.0;177.0;62.0;7.73;0.178;0.17498;0.03702;0.00;0.000;0.000;1.324;0.565;0.000;0.557;88.253;74.86;72.68;13817.1;948.60;2.59;3.56;1.58;32010.96;10220.80;24859.38;25835.3;1.24;0.40;0.96;23/01/2024 16:18:09;
*
