pvpcdata;
2024;12;11;12;05;39;
21/11/2024;1;2.0TD;3;0.000102676541000000;0.226;1.254196894;142.679823;0.557;2.195;139.927823;93.96;3.80045;0.97652;0.75;0.25;77.91500;93.11680;101.96000;84.74000;75.52000;2134.1;275.0;200.0;46.0;13.03;0.000;0.17498;0.04096;0.00;0.000;1.712;0.947;0.000;0.557;114.133;93.96;93.96;17667.9;1181.10;8.79;3.21;1.03;87900.64;96400.00;24859.38;23794.9;3.69;4.05;1.04;20/11/2024 16:09:15;
21/11/2024;2;2.0TD;3;0.000084958206000000;0.233;1.297116496;135.229988;0.557;2.195;132.477988;84.50;3.80045;0.97652;0.75;0.25;77.91500;93.11680;101.96000;84.74000;75.52000;2134.1;275.0;200.0;46.0;15.90;0.000;0.17498;0.04096;0.00;0.000;1.612;0.947;0.000;0.557;107.443;84.99;75.99;17764.6;1028.80;11.66;3.21;1.03;103133.00;137880.00;24859.38;22801.0;4.52;6.05;1.09;20/11/2024 16:09:15;
21/11/2024;3;2.0TD;3;0.000075315029000000;0.239;1.327052938;129.937362;0.557;2.195;127.185362;73.73;3.80045;0.97652;0.75;0.25;77.91500;93.11680;101.96000;84.74000;75.52000;2134.1;275.0;200.0;46.0;21.95;0.000;0.17498;0.04096;0.00;0.000;1.540;0.947;0.000;0.557;102.651;75.00;55.30;18110.4;1248.80;17.71;3.21;1.03;218813.60;151520.00;24859.38;22311.0;9.81;6.79;1.11;20/11/2024 16:09:15;
21/11/2024;4;2.0TD;3;0.000070715866000000;0.240;1.332517232;116.633134;0.557;2.195;113.881134;64.05;3.80045;0.97652;0.75;0.25;77.91500;93.11680;101.96000;84.74000;75.52000;2134.1;275.0;200.0;46.0;20.98;0.000;0.17498;0.04096;0.00;0.000;1.378;0.947;0.000;0.557;91.839;65.10;51.10;18219.7;1474.60;16.74;3.21;1.03;237219.40;130000.00;0.00;21934.9;10.81;5.93;0.00;20/11/2024 16:09:15;
21/11/2024;5;2.0TD;3;0.000069213741000000;0.238;1.324593533;115.681894;0.557;2.195;112.929894;63.47;3.80045;0.97652;0.75;0.25;77.91500;93.11680;101.96000;84.74000;75.52000;2134.1;275.0;200.0;46.0;20.95;0.000;0.17498;0.04096;0.00;0.000;1.368;0.947;0.000;0.557;91.219;64.89;44.89;18506.7;1419.30;16.71;3.21;1.03;237596.80;130000.00;0.00;21995.2;10.80;5.91;0.00;20/11/2024 16:09:15;
21/11/2024;6;2.0TD;3;0.000071796338000000;0.230;1.278418007;116.713497;0.557;2.195;113.961497;63.85;3.80045;0.97652;0.75;0.25;77.91500;93.11680;101.96000;84.74000;75.52000;2134.1;275.0;200.0;46.0;21.98;0.000;0.17498;0.04096;0.00;0.000;1.390;0.947;0.000;0.557;92.651;65.18;45.60;18599.4;1352.20;17.74;3.21;1.03;271231.56;130000.00;0.00;22617.4;11.99;5.75;0.00;20/11/2024 16:09:15;
21/11/2024;7;2.0TD;3;0.000082971570000000;0.208;1.154529286;125.774266;0.557;2.195;123.022266;73.86;3.80045;0.97652;0.75;0.25;77.91500;93.11680;101.96000;84.74000;75.52000;2134.1;275.0;200.0;46.0;21.02;0.000;0.17498;0.04096;0.00;0.000;1.528;0.947;0.000;0.557;101.839;75.20;55.18;18488.9;1331.20;16.78;3.21;1.03;182918.84;207504.00;24859.38;24748.0;7.39;8.38;1.00;20/11/2024 16:09:15;
21/11/2024;8;2.0TD;3;0.000106942842000000;0.189;1.049096632;150.950891;0.557;2.195;148.198891;94.60;3.80045;0.97652;0.75;0.25;77.91500;93.11680;101.96000;84.74000;75.52000;2134.1;275.0;200.0;46.0;22.74;0.000;0.17498;0.04096;0.00;0.000;1.870;0.947;0.000;0.557;124.641;95.00;89.00;18722.5;1328.60;18.50;3.21;1.03;138821.00;348878.40;24859.38;27706.5;5.01;12.59;0.90;20/11/2024 16:09:15;
21/11/2024;9;2.0TD;2;0.000115344087000000;0.186;1.142503348;186.809464;19.184;8.779;158.846464;107.42;3.80045;0.97652;0.75;0.25;77.91500;93.11680;101.96000;84.74000;75.52000;2134.1;275.0;200.0;46.0;18.92;0.154;0.17498;0.04096;0.00;0.000;2.009;0.947;0.000;0.557;133.934;107.99;98.99;19372.7;1309.40;14.68;3.21;1.03;134949.24;272640.00;24859.38;29443.7;4.58;9.26;0.84;20/11/2024 16:09:15;
21/11/2024;10;2.0TD;2;0.000116134656000000;0.171;1.047081963;170.914727;19.184;8.779;142.951727;87.62;3.80045;0.97652;0.75;0.25;77.91500;93.11680;101.96000;84.74000;75.52000;2134.1;275.0;200.0;46.0;27.04;0.154;0.17498;0.04096;0.00;0.000;1.831;0.947;0.000;0.557;122.076;87.80;85.11;21291.8;1515.00;22.80;3.21;1.03;162901.52;502784.00;24859.38;30283.4;5.38;16.60;0.82;20/11/2024 16:09:15;
21/11/2024;11;2.0TD;1;0.000117897553000000;0.168;1.004717637;191.791465;33.081;43.893;114.817465;68.47;3.80045;0.97652;0.75;0.25;77.91500;93.11680;101.96000;84.74000;75.52000;2134.1;275.0;200.0;46.0;22.00;0.926;0.17498;0.04096;0.00;0.000;1.475;0.947;0.000;0.557;98.302;69.39;55.30;22989.7;1614.00;17.76;3.21;1.03;254530.36;270816.00;24859.38;30982.4;8.22;8.74;0.80;20/11/2024 16:09:15;
21/11/2024;12;2.0TD;1;0.000116318049000000;0.166;0.993998752;166.853505;33.081;43.893;89.879505;50.00;3.80045;0.97652;0.75;0.25;77.91500;93.11680;101.96000;84.74000;75.52000;2134.1;275.0;200.0;46.0;19.57;0.926;0.17498;0.04096;0.00;0.000;1.156;0.947;0.000;0.557;77.083;50.00;50.00;25008.2;1556.20;15.33;3.21;1.03;297734.64;146112.00;24859.38;30577.2;9.74;4.78;0.81;20/11/2024 16:09:15;
21/11/2024;13;2.0TD;1;0.000117459526000000;0.164;0.980294456;144.767250;33.081;43.893;67.793250;33.20;3.80045;0.97652;0.75;0.25;77.91500;93.11680;101.96000;84.74000;75.52000;2134.1;275.0;200.0;46.0;17.81;0.926;0.17498;0.04096;0.00;0.000;0.874;0.947;0.000;0.557;58.241;33.20;33.20;28377.8;1675.10;13.57;3.21;1.03;326040.76;64416.00;24859.38;30610.0;10.65;2.10;0.81;20/11/2024 16:09:15;
21/11/2024;14;2.0TD;1;0.000124164973000000;0.164;0.980145988;145.547130;33.081;43.893;68.573130;32.95;3.80045;0.97652;0.75;0.25;77.91500;93.11680;101.96000;84.74000;75.52000;2134.1;275.0;200.0;46.0;18.72;0.926;0.17498;0.04096;0.00;0.000;0.884;0.947;0.000;0.557;58.911;33.20;28.20;28824.9;1546.70;14.48;3.21;1.03;334655.24;86880.00;24859.38;30844.2;10.85;2.82;0.81;20/11/2024 16:09:15;
21/11/2024;15;2.0TD;2;0.000125890958000000;0.169;1.035623608;92.555655;19.184;8.779;64.592655;29.57;3.80045;0.97652;0.75;0.25;77.91500;93.11680;101.96000;84.74000;75.52000;2134.1;275.0;200.0;46.0;19.27;0.154;0.17498;0.04096;0.00;0.000;0.829;0.947;0.000;0.557;55.254;29.80;25.33;28923.4;1578.50;15.03;3.21;1.03;341510.36;93120.00;24859.38;30570.1;11.17;3.05;0.81;20/11/2024 16:09:15;
21/11/2024;16;2.0TD;2;0.000120478327000000;0.175;1.072958879;83.463683;19.184;8.779;55.500683;14.00;3.80045;0.97652;0.75;0.25;77.91500;93.11680;101.96000;84.74000;75.52000;2134.1;275.0;200.0;46.0;26.94;0.154;0.17498;0.04096;0.00;0.000;0.709;0.947;0.000;0.557;47.234;14.00;14.00;28119.8;1687.60;22.70;3.21;1.03;292808.16;366840.00;24859.38;30142.9;9.71;12.17;0.82;20/11/2024 16:09:15;
21/11/2024;17;2.0TD;2;0.000117856030000000;0.179;1.097395878;146.204467;19.184;8.779;118.241467;64.51;3.80045;0.97652;0.75;0.25;77.91500;93.11680;101.96000;84.74000;75.52000;2134.1;275.0;200.0;46.0;28.69;0.154;0.17498;0.04096;0.00;0.000;1.504;0.947;0.000;0.557;100.289;64.78;59.78;23516.9;1337.30;24.45;3.21;1.03;238488.32;458319.92;24859.38;29515.5;8.08;15.53;0.84;20/11/2024 16:09:15;
21/11/2024;18;2.0TD;2;0.000125848021000000;0.183;1.121615395;169.905993;19.184;8.779;141.942993;85.00;3.80045;0.97652;0.75;0.25;77.91500;93.11680;101.96000;84.74000;75.52000;2134.1;275.0;200.0;46.0;27.60;0.154;0.17498;0.04096;0.00;0.000;1.800;0.947;0.000;0.557;119.985;84.99;85.11;21529.2;1270.80;23.36;3.21;1.03;201114.88;462336.00;24859.38;29466.3;6.83;15.69;0.84;20/11/2024 16:09:15;
21/11/2024;19;2.0TD;1;0.000148026631000000;0.184;1.102841385;238.812147;33.081;43.893;161.838147;116.16;3.80045;0.97652;0.75;0.25;77.91500;93.11680;101.96000;84.74000;75.52000;2134.1;275.0;200.0;46.0;12.12;0.926;0.17498;0.04096;0.00;0.000;2.050;0.947;0.000;0.557;136.687;116.49;111.49;21265.2;1514.70;7.88;3.21;1.03;143915.16;73584.00;24859.38;30742.3;4.68;2.39;0.81;20/11/2024 16:09:15;
21/11/2024;20;2.0TD;1;0.000162620912000000;0.188;1.125644746;248.633613;33.081;43.893;171.659613;124.43;3.80045;0.97652;0.75;0.25;77.91500;93.11680;101.96000;84.74000;75.52000;2134.1;275.0;200.0;46.0;11.54;0.926;0.17498;0.04096;0.00;0.000;2.167;0.947;0.000;0.557;144.494;125.01;117.01;21145.0;1656.00;7.30;3.21;1.03;166419.80;36840.00;24859.38;31267.7;5.32;1.18;0.80;20/11/2024 16:09:15;
21/11/2024;21;2.0TD;1;0.000174346098000000;0.190;1.135698211;245.697702;33.081;43.893;168.723702;121.69;3.80045;0.97652;0.75;0.25;77.91500;93.11680;101.96000;84.74000;75.52000;2134.1;275.0;200.0;46.0;11.61;0.926;0.17498;0.04096;0.00;0.000;2.127;0.947;0.000;0.557;141.784;122.11;117.11;20548.2;1889.10;7.37;3.21;1.03;172116.88;35640.00;24859.38;31560.0;5.45;1.13;0.79;20/11/2024 16:09:15;
21/11/2024;22;2.0TD;1;0.000174709295000000;0.192;1.147554027;240.269208;33.081;43.893;163.295208;116.52;3.80045;0.97652;0.75;0.25;77.91500;93.11680;101.96000;84.74000;75.52000;2134.1;275.0;200.0;46.0;12.06;0.926;0.17498;0.04096;0.00;0.000;2.055;0.947;0.000;0.557;136.992;116.92;111.92;20102.1;1755.20;7.82;3.21;1.03;182385.00;32760.00;24859.38;30678.5;5.95;1.07;0.81;20/11/2024 16:09:15;
21/11/2024;23;2.0TD;2;0.000155965587000000;0.201;1.233764333;179.941892;19.184;8.779;151.978892;107.44;3.80045;0.97652;0.75;0.25;77.91500;93.11680;101.96000;84.74000;75.52000;2134.1;275.0;200.0;46.0;11.62;0.154;0.17498;0.04096;0.00;0.000;1.898;0.947;0.000;0.557;126.543;107.74;102.44;19993.7;1192.80;7.38;3.21;1.03;118322.76;63320.00;24859.38;28008.3;4.22;2.26;0.89;20/11/2024 16:09:15;
21/11/2024;24;2.0TD;2;0.000128759003000000;0.210;1.289333117;157.777395;19.184;8.779;129.814395;87.22;3.80045;0.97652;0.75;0.25;77.91500;93.11680;101.96000;84.74000;75.52000;2134.1;275.0;200.0;46.0;12.87;0.154;0.17498;0.04096;0.00;0.000;1.609;0.947;0.000;0.557;107.284;87.22;87.22;19520.7;803.90;8.63;3.21;1.03;77039.44;119120.00;24859.38;25617.9;3.01;4.65;0.97;20/11/2024 16:09:15;
*
