pvpcdata;
2024;08;09;11;56;52;
26/07/2024;1;2.0TD;3;0.000114751805000000;0.166;0.921657182;135.352767;0.557;2.195;132.600767;105.44;-1.49192;0.95421;0.75;0.25;94.89667;88.92900;101.96000;73.51000;74.07000;2389.4;275.0;234.0;61.0;6.28;0.000;0.17498;0.04096;0.00;0.000;1.706;0.947;0.000;0.557;113.722;105.44;105.44;21333.9;1260.70;2.06;3.13;1.09;13229.20;18832.80;24859.38;27671.4;0.48;0.68;0.90;25/07/2024 16:08:13;
26/07/2024;2;2.0TD;3;0.000098057947000000;0.166;0.921865606;134.109811;0.557;2.195;131.357811;104.60;-1.49192;0.95421;0.75;0.25;94.89667;88.92900;101.96000;73.51000;74.07000;2389.4;275.0;234.0;61.0;6.07;0.000;0.17498;0.04096;0.00;0.000;1.690;0.947;0.000;0.557;112.656;104.71;102.62;19771.0;1071.90;1.85;3.13;1.09;28428.12;19344.00;0.00;25883.8;1.10;0.75;0.00;25/07/2024 16:08:13;
26/07/2024;3;2.0TD;3;0.000086623366000000;0.167;0.927535904;133.772006;0.557;2.195;131.020006;104.07;-1.49192;0.95421;0.75;0.25;94.89667;88.92900;101.96000;73.51000;74.07000;2389.4;275.0;234.0;61.0;6.22;0.000;0.17498;0.04096;0.00;0.000;1.684;0.947;0.000;0.557;112.270;104.31;100.49;18498.2;1220.20;2.00;3.13;1.09;29175.00;20173.44;0.00;24619.8;1.19;0.82;0.00;25/07/2024 16:08:13;
26/07/2024;4;2.0TD;3;0.000080223599000000;0.167;0.928057262;133.997237;0.557;2.195;131.245237;104.46;-1.49192;0.95421;0.75;0.25;94.89667;88.92900;101.96000;73.51000;74.07000;2389.4;275.0;234.0;61.0;6.02;0.000;0.17498;0.04096;0.00;0.000;1.687;0.947;0.000;0.557;112.463;104.71;100.87;18005.3;1273.80;1.80;3.13;1.09;24938.08;18258.24;0.00;23979.1;1.04;0.76;0.00;25/07/2024 16:08:13;
26/07/2024;5;2.0TD;3;0.000076610081000000;0.168;0.932706609;134.453092;0.557;2.195;131.701092;104.72;-1.49192;0.95421;0.75;0.25;94.89667;88.92900;101.96000;73.51000;74.07000;2389.4;275.0;234.0;61.0;6.05;0.000;0.17498;0.04096;0.00;0.000;1.691;0.947;0.000;0.557;112.757;104.98;101.13;17807.0;1275.80;1.83;3.13;1.09;24738.88;18589.08;0.00;23723.0;1.04;0.78;0.00;25/07/2024 16:08:13;
26/07/2024;6;2.0TD;3;0.000075534020000000;0.167;0.928937049;135.027698;0.557;2.195;132.275698;105.08;-1.49192;0.95421;0.75;0.25;94.89667;88.92900;101.96000;73.51000;74.07000;2389.4;275.0;234.0;61.0;6.27;0.000;0.17498;0.04096;0.00;0.000;1.700;0.947;0.000;0.557;113.346;105.22;103.22;17873.6;1360.40;2.05;3.13;1.09;41770.08;7575.00;0.00;24044.5;1.74;0.32;0.00;25/07/2024 16:08:13;
26/07/2024;7;2.0TD;3;0.000076915825000000;0.163;0.904472279;136.711904;0.557;2.195;133.959904;105.94;-1.49192;0.95421;0.75;0.25;94.89667;88.92900;101.96000;73.51000;74.07000;2389.4;275.0;234.0;61.0;7.22;0.000;0.17498;0.04096;0.00;0.000;1.728;0.947;0.000;0.557;115.184;106.20;102.10;19602.0;1319.80;3.00;3.13;1.09;41597.44;11362.80;24859.38;25898.4;1.61;0.44;0.96;25/07/2024 16:08:13;
26/07/2024;8;2.0TD;3;0.000080727992000000;0.160;0.890026090;139.722230;0.557;2.195;136.970230;109.97;-1.49192;0.95421;0.75;0.25;94.89667;88.92900;101.96000;73.51000;74.07000;2389.4;275.0;234.0;61.0;6.04;0.000;0.17498;0.04096;0.00;0.000;1.771;0.947;0.000;0.557;118.077;110.10;107.90;20656.8;1272.10;1.82;3.13;1.09;18440.96;6962.92;24859.38;27616.2;0.67;0.25;0.90;25/07/2024 16:08:13;
26/07/2024;9;2.0TD;2;0.000092066279000000;0.141;0.864088656;158.350529;19.184;8.779;130.387529;105.92;-1.49192;0.95421;0.75;0.25;94.89667;88.92900;101.96000;73.51000;74.07000;2389.4;275.0;234.0;61.0;6.19;0.154;0.17498;0.04096;0.00;0.000;1.714;0.947;0.000;0.557;114.274;106.01;104.61;21965.5;1483.40;1.97;3.13;1.09;20204.32;11299.68;24859.38;28648.6;0.71;0.39;0.87;25/07/2024 16:08:13;
26/07/2024;10;2.0TD;2;0.000104674279000000;0.139;0.850054754;158.434066;19.184;8.779;130.471066;102.88;-1.49192;0.95421;0.75;0.25;94.89667;88.92900;101.96000;73.51000;74.07000;2389.4;275.0;234.0;61.0;9.50;0.154;0.17498;0.04096;0.00;0.000;1.718;0.947;0.000;0.557;114.548;102.88;102.88;23397.0;1356.40;5.28;3.13;1.09;24679.28;107340.80;24859.38;29752.4;0.83;3.61;0.84;25/07/2024 16:08:13;
26/07/2024;11;2.0TD;1;0.000114288809000000;0.144;0.863995907;188.241482;33.081;43.893;111.267482;83.90;-1.49192;0.95421;0.75;0.25;94.89667;88.92900;101.96000;73.51000;74.07000;2389.4;275.0;234.0;61.0;10.68;0.926;0.17498;0.04096;0.00;0.000;1.459;0.947;0.000;0.557;97.261;84.00;81.83;24660.1;1208.20;6.46;3.13;1.09;45846.48;129669.12;24859.38;30986.5;1.48;4.18;0.80;25/07/2024 16:08:13;
26/07/2024;12;2.0TD;1;0.000120028447000000;0.144;0.863063539;176.859826;33.081;43.893;99.885826;75.97;-1.49192;0.95421;0.75;0.25;94.89667;88.92900;101.96000;73.51000;74.07000;2389.4;275.0;234.0;61.0;8.81;0.926;0.17498;0.04096;0.00;0.000;1.310;0.947;0.000;0.557;87.312;75.99;75.55;25768.1;1216.90;4.59;3.13;1.09;70552.00;51357.48;24859.38;32023.6;2.20;1.60;0.78;25/07/2024 16:08:13;
26/07/2024;13;2.0TD;1;0.000127361883000000;0.145;0.865692810;176.121593;33.081;43.893;99.147593;75.29;-1.49192;0.95421;0.75;0.25;94.89667;88.92900;101.96000;73.51000;74.07000;2389.4;275.0;234.0;61.0;8.78;0.926;0.17498;0.04096;0.00;0.000;1.299;0.947;0.000;0.557;86.591;75.29;75.29;26288.4;1332.60;4.56;3.13;1.09;71468.20;52604.16;24859.38;32693.5;2.19;1.61;0.76;25/07/2024 16:08:13;
26/07/2024;14;2.0TD;1;0.000138306560000000;0.143;0.854743086;175.507212;33.081;43.893;98.533212;75.01;-1.49192;0.95421;0.75;0.25;94.89667;88.92900;101.96000;73.51000;74.07000;2389.4;275.0;234.0;61.0;8.68;0.926;0.17498;0.04096;0.00;0.000;1.293;0.947;0.000;0.557;86.205;75.01;75.01;26722.6;1323.20;4.46;3.13;1.09;71779.92;52381.60;24859.38;33421.1;2.15;1.57;0.74;25/07/2024 16:08:13;
26/07/2024;15;2.0TD;2;0.000143863473000000;0.144;0.881741450;123.130970;19.184;8.779;95.167970;72.80;-1.49192;0.95421;0.75;0.25;94.89667;88.92900;101.96000;73.51000;74.07000;2389.4;275.0;234.0;61.0;8.69;0.154;0.17498;0.04096;0.00;0.000;1.248;0.947;0.000;0.557;83.188;72.80;72.80;26904.0;1354.00;4.47;3.13;1.09;74248.52;50625.12;24859.38;33470.2;2.22;1.51;0.74;25/07/2024 16:08:13;
26/07/2024;16;2.0TD;2;0.000140097896000000;0.143;0.878601713;122.223678;19.184;8.779;94.260678;71.97;-1.49192;0.95421;0.75;0.25;94.89667;88.92900;101.96000;73.51000;74.07000;2389.4;275.0;234.0;61.0;8.81;0.154;0.17498;0.04096;0.00;0.000;1.237;0.947;0.000;0.557;82.467;71.97;71.97;26923.9;1349.60;4.59;3.13;1.09;75136.88;49922.88;24859.38;32655.8;2.30;1.53;0.76;25/07/2024 16:08:13;
26/07/2024;17;2.0TD;2;0.000137038854000000;0.144;0.886273717;121.516786;19.184;8.779;93.553786;71.22;-1.49192;0.95421;0.75;0.25;94.89667;88.92900;101.96000;73.51000;74.07000;2389.4;275.0;234.0;61.0;8.88;0.154;0.17498;0.04096;0.00;0.000;1.227;0.947;0.000;0.557;81.777;71.20;71.75;26759.6;1249.70;4.66;3.13;1.09;75916.28;49348.32;24859.38;32172.8;2.36;1.53;0.77;25/07/2024 16:08:13;
26/07/2024;18;2.0TD;2;0.000136415007000000;0.146;0.897352695;123.669797;19.184;8.779;95.706797;72.80;-1.49192;0.95421;0.75;0.25;94.89667;88.92900;101.96000;73.51000;74.07000;2389.4;275.0;234.0;61.0;9.01;0.154;0.17498;0.04096;0.00;0.000;1.253;0.947;0.000;0.557;83.513;72.80;72.80;25747.2;1369.40;4.79;3.13;1.09;74496.40;54391.68;24859.38;32093.3;2.32;1.69;0.77;25/07/2024 16:08:13;
26/07/2024;19;2.0TD;1;0.000134588984000000;0.146;0.873679692;179.116733;33.081;43.893;102.142733;75.98;-1.49192;0.95421;0.75;0.25;94.89667;88.92900;101.96000;73.51000;74.07000;2389.4;275.0;234.0;61.0;10.59;0.926;0.17498;0.04096;0.00;0.000;1.337;0.947;0.000;0.557;89.129;76.00;75.55;24855.0;1259.20;6.37;3.13;1.09;62460.68;116290.40;24859.38;31977.1;1.95;3.64;0.78;25/07/2024 16:08:13;
26/07/2024;20;2.0TD;1;0.000131285585000000;0.148;0.889143622;200.902649;33.081;43.893;123.928649;94.90;-1.49192;0.95421;0.75;0.25;94.89667;88.92900;101.96000;73.51000;74.07000;2389.4;275.0;234.0;61.0;10.21;0.926;0.17498;0.04096;0.00;0.000;1.619;0.947;0.000;0.557;107.951;95.00;93.07;24378.8;1290.70;5.99;3.13;1.09;33604.16;130752.80;24859.38;31591.8;1.06;4.14;0.79;25/07/2024 16:08:13;
26/07/2024;21;2.0TD;1;0.000129259532000000;0.153;0.913210336;211.041133;33.081;43.893;134.067133;107.14;-1.49192;0.95421;0.75;0.25;94.89667;88.92900;101.96000;73.51000;74.07000;2389.4;275.0;234.0;61.0;6.17;0.926;0.17498;0.04096;0.00;0.000;1.744;0.947;0.000;0.557;116.276;107.26;105.00;23916.1;1297.50;1.95;3.13;1.09;25873.60;10725.12;24859.38;31503.2;0.82;0.34;0.79;25/07/2024 16:08:13;
26/07/2024;22;2.0TD;1;0.000135814664000000;0.155;0.931073107;230.996466;33.081;43.893;154.022466;122.04;-1.49192;0.95421;0.75;0.25;94.89667;88.92900;101.96000;73.51000;74.07000;2389.4;275.0;234.0;61.0;8.09;0.926;0.17498;0.04096;0.00;0.000;2.000;0.947;0.000;0.557;133.352;122.23;118.78;23430.9;1373.80;3.87;3.13;1.09;84547.88;11186.00;24859.38;31176.1;2.71;0.36;0.80;25/07/2024 16:08:13;
26/07/2024;23;2.0TD;2;0.000141646309000000;0.164;1.006415795;172.737577;19.184;8.779;144.774577;113.65;-1.49192;0.95421;0.75;0.25;94.89667;88.92900;101.96000;73.51000;74.07000;2389.4;275.0;234.0;61.0;8.41;0.154;0.17498;0.04096;0.00;0.000;1.866;0.947;0.000;0.557;124.376;113.97;108.23;23029.3;1373.50;4.19;3.13;1.09;94925.16;7542.56;24859.38;30422.9;3.12;0.25;0.82;25/07/2024 16:08:13;
26/07/2024;24;2.0TD;2;0.000129555216000000;0.161;0.988835663;168.132602;19.184;8.779;140.169602;109.09;-1.49192;0.95421;0.75;0.25;94.89667;88.92900;101.96000;73.51000;74.07000;2389.4;275.0;234.0;61.0;9.38;0.154;0.17498;0.04096;0.00;0.000;1.811;0.947;0.000;0.557;120.731;109.44;103.60;21277.8;1349.80;5.16;3.13;1.09;109044.56;11186.00;24859.38;28095.7;3.88;0.40;0.88;25/07/2024 16:08:13;
*
