pvpcdata;
2024;05;13;12;31;30;
23/04/2024;1;2.0TD;3;0.000092922485000000;0.199;1.104798461;56.173978;0.557;2.195;53.421978;6.15;17.38510;1.03865;0.75;0.25;5.84042;75.38080;101.96000;48.69000;27.94000;1844.7;275.0;154.0;50.0;17.96;0.000;0.17498;0.04096;0.00;0.000;0.668;0.947;0.000;0.557;44.555;6.15;6.15;20152.8;2710.80;13.19;3.35;1.42;264527.00;17270.00;24859.38;23252.6;11.38;0.74;1.07;22/04/2024 16:09:55;
23/04/2024;2;2.0TD;3;0.000077100217000000;0.205;1.139725148;54.569946;0.557;2.195;51.817946;3.53;17.38510;1.03865;0.75;0.25;5.84042;75.38080;101.96000;48.69000;27.94000;1844.7;275.0;154.0;50.0;19.05;0.000;0.17498;0.04096;0.00;0.000;0.645;0.947;0.000;0.557;43.002;3.60;3.10;19161.8;2971.40;14.28;3.35;1.42;267223.40;22752.00;24859.38;22058.0;12.11;1.03;1.13;22/04/2024 16:09:55;
23/04/2024;3;2.0TD;3;0.000068291545000000;0.209;1.159279857;58.203323;0.557;2.195;55.451323;3.25;17.38510;1.03865;0.75;0.25;5.84042;75.38080;101.96000;48.69000;27.94000;1844.7;275.0;154.0;50.0;22.15;0.000;0.17498;0.04096;0.00;0.000;0.688;0.947;0.000;0.557;45.865;3.25;3.25;18391.1;2895.10;17.38;3.35;1.42;312680.16;32683.56;24859.38;21308.9;14.67;1.53;1.17;22/04/2024 16:09:55;
23/04/2024;4;2.0TD;3;0.000064143095000000;0.210;1.168396297;59.010278;0.557;2.195;56.258278;3.34;17.38510;1.03865;0.75;0.25;5.84042;75.38080;101.96000;48.69000;27.94000;1844.7;275.0;154.0;50.0;22.68;0.000;0.17498;0.04096;0.00;0.000;0.697;0.947;0.000;0.557;46.494;3.35;3.31;18163.2;2838.40;17.91;3.35;1.42;343459.08;32308.80;0.00;20983.2;16.37;1.54;0.00;22/04/2024 16:09:55;
23/04/2024;5;2.0TD;3;0.000062668709000000;0.210;1.165779537;59.403528;0.557;2.195;56.651528;3.59;17.38510;1.03865;0.75;0.25;5.84042;75.38080;101.96000;48.69000;27.94000;1844.7;275.0;154.0;50.0;22.75;0.000;0.17498;0.04096;0.00;0.000;0.702;0.947;0.000;0.557;46.819;3.60;3.55;17987.6;2806.30;17.98;3.35;1.42;343328.80;32014.08;0.00;20879.1;16.44;1.53;0.00;22/04/2024 16:09:55;
23/04/2024;6;2.0TD;3;0.000064574777000000;0.202;1.124647230;60.298285;0.557;2.195;57.546285;4.87;17.38510;1.03865;0.75;0.25;5.84042;75.38080;101.96000;48.69000;27.94000;1844.7;275.0;154.0;50.0;22.51;0.000;0.17498;0.04096;0.00;0.000;0.718;0.947;0.000;0.557;47.875;5.00;4.00;17662.7;2540.30;17.74;3.35;1.42;341943.44;37386.80;0.00;21388.3;15.99;1.75;0.00;22/04/2024 16:09:55;
23/04/2024;7;2.0TD;3;0.000072635259000000;0.189;1.048192458;59.084971;0.557;2.195;56.332971;6.39;17.38510;1.03865;0.75;0.25;5.84042;75.38080;101.96000;48.69000;27.94000;1844.7;275.0;154.0;50.0;20.50;0.000;0.17498;0.04096;0.00;0.000;0.711;0.947;0.000;0.557;47.378;6.58;5.08;18392.8;2602.20;15.73;3.35;1.42;339212.68;15700.00;24859.38;24141.4;14.05;0.65;1.03;22/04/2024 16:09:55;
23/04/2024;8;2.0TD;3;0.000088108397000000;0.175;0.974881191;68.215298;0.557;2.195;65.463298;20.00;17.38510;1.03865;0.75;0.25;5.84042;75.38080;101.96000;48.69000;27.94000;1844.7;275.0;154.0;50.0;15.10;0.000;0.17498;0.04096;0.00;0.000;0.836;0.947;0.000;0.557;55.713;20.00;20.00;21026.5;1680.30;10.33;3.35;1.42;237554.36;16320.00;24859.38;26991.5;8.80;0.60;0.92;22/04/2024 16:09:55;
23/04/2024;9;2.0TD;2;0.000100400889000000;0.190;1.163126561;79.262049;19.184;8.779;51.299049;6.90;17.38510;1.03865;0.75;0.25;5.84042;75.38080;101.96000;48.69000;27.94000;1844.7;275.0;154.0;50.0;15.63;0.154;0.17498;0.04096;0.00;0.000;0.647;0.947;0.000;0.557;43.108;6.90;6.90;22340.3;2393.70;10.86;3.35;1.42;255763.52;28089.60;24859.38;28418.1;9.00;0.99;0.87;22/04/2024 16:09:55;
23/04/2024;10;2.0TD;2;0.000108342281000000;0.153;0.937206526;72.317117;19.184;8.779;44.354117;0.61;17.38510;1.03865;0.75;0.25;5.84042;75.38080;101.96000;48.69000;27.94000;1844.7;275.0;154.0;50.0;17.35;0.154;0.17498;0.04096;0.00;0.000;0.577;0.947;0.000;0.557;38.468;0.50;1.50;25421.4;3208.80;12.58;3.35;1.42;270290.32;54780.80;24859.38;27808.1;9.72;1.97;0.89;22/04/2024 16:09:55;
23/04/2024;11;2.0TD;1;0.000114694773000000;0.159;0.953036527;121.561246;33.081;43.893;44.587246;0.00;17.38510;1.03865;0.75;0.25;5.84042;75.38080;101.96000;48.69000;27.94000;1844.7;275.0;154.0;50.0;17.19;0.926;0.17498;0.04096;0.00;0.000;0.577;0.947;0.000;0.557;38.470;0.00;0.00;27015.9;3125.30;12.42;3.35;1.42;279656.36;37796.44;24859.38;27547.3;10.15;1.37;0.90;22/04/2024 16:09:55;
23/04/2024;12;2.0TD;1;0.000116915633000000;0.162;0.970880391;121.322247;33.081;43.893;44.348247;0.00;17.38510;1.03865;0.75;0.25;5.84042;75.38080;101.96000;48.69000;27.94000;1844.7;275.0;154.0;50.0;16.89;0.926;0.17498;0.04096;0.00;0.000;0.572;0.947;0.000;0.557;38.165;0.00;-0.01;27768.2;3104.10;12.12;3.35;1.42;288758.20;15950.00;24859.38;27193.2;10.62;0.59;0.91;22/04/2024 16:09:55;
23/04/2024;13;2.0TD;1;0.000120636614000000;0.159;0.954460208;121.749004;33.081;43.893;44.775004;0.00;17.38510;1.03865;0.75;0.25;5.84042;75.38080;101.96000;48.69000;27.94000;1844.7;275.0;154.0;50.0;17.35;0.926;0.17498;0.04096;0.00;0.000;0.579;0.947;0.000;0.557;38.632;0.00;-0.01;27329.0;3071.40;12.58;3.35;1.42;297003.76;15920.00;24859.38;26865.5;11.06;0.59;0.93;22/04/2024 16:09:55;
23/04/2024;14;2.0TD;1;0.000127865313000000;0.154;0.922036361;121.181945;33.081;43.893;44.207945;0.00;17.38510;1.03865;0.75;0.25;5.84042;75.38080;101.96000;48.69000;27.94000;1844.7;275.0;154.0;50.0;17.03;0.926;0.17498;0.04096;0.00;0.000;0.575;0.947;0.000;0.557;38.308;0.00;-0.01;27390.0;2944.30;12.26;3.35;1.42;288987.00;15900.00;24859.38;26879.9;10.75;0.59;0.92;22/04/2024 16:09:55;
23/04/2024;15;2.0TD;2;0.000127523732000000;0.173;1.063528737;71.884161;19.184;8.779;43.921161;-0.01;17.38510;1.03865;0.75;0.25;5.84042;75.38080;101.96000;48.69000;27.94000;1844.7;275.0;154.0;50.0;16.96;0.154;0.17498;0.04096;0.00;0.000;0.562;0.947;0.000;0.557;37.443;-0.01;-0.01;26919.4;2939.10;12.19;3.35;1.42;280475.48;15940.00;24859.38;26350.5;10.64;0.60;0.94;22/04/2024 16:09:55;
23/04/2024;16;2.0TD;2;0.000117228107000000;0.180;1.102606596;72.648945;19.184;8.779;44.685945;-0.01;17.38510;1.03865;0.75;0.25;5.84042;75.38080;101.96000;48.69000;27.94000;1844.7;275.0;154.0;50.0;17.38;0.154;0.17498;0.04096;0.00;0.000;0.568;0.947;0.000;0.557;37.869;-0.01;-0.01;26164.8;2731.00;12.61;3.35;1.42;281409.12;15940.00;24859.38;25539.5;11.02;0.62;0.97;22/04/2024 16:09:55;
23/04/2024;17;2.0TD;2;0.000109873586000000;0.186;1.142085386;72.707750;19.184;8.779;44.744750;-0.01;17.38510;1.03865;0.75;0.25;5.84042;75.38080;101.96000;48.69000;27.94000;1844.7;275.0;154.0;50.0;17.24;0.154;0.17498;0.04096;0.00;0.000;0.566;0.947;0.000;0.557;37.727;-0.01;-0.01;25671.4;2703.50;12.47;3.35;1.42;272753.56;15930.00;24859.38;25155.4;10.84;0.63;0.99;22/04/2024 16:09:55;
23/04/2024;18;2.0TD;2;0.000108031655000000;0.192;1.177544452;72.668298;19.184;8.779;44.705298;0.00;17.38510;1.03865;0.75;0.25;5.84042;75.38080;101.96000;48.69000;27.94000;1844.7;275.0;154.0;50.0;17.01;0.154;0.17498;0.04096;0.00;0.000;0.563;0.947;0.000;0.557;37.504;0.00;-0.01;25926.0;2857.70;12.24;3.35;1.42;263452.76;23075.00;24859.38;25456.4;10.35;0.91;0.98;22/04/2024 16:09:55;
23/04/2024;19;2.0TD;1;0.000109201645000000;0.167;1.000441794;120.838548;33.081;43.893;43.864548;0.00;17.38510;1.03865;0.75;0.25;5.84042;75.38080;101.96000;48.69000;27.94000;1844.7;275.0;154.0;50.0;16.32;0.926;0.17498;0.04096;0.00;0.000;0.564;0.947;0.000;0.557;37.587;0.00;0.00;26844.7;3359.50;11.55;3.35;1.42;249222.64;23062.00;24859.38;25732.7;9.69;0.90;0.97;22/04/2024 16:09:55;
23/04/2024;20;2.0TD;1;0.000115607238000000;0.167;1.001551733;122.342811;33.081;43.893;45.368811;1.24;17.38510;1.03865;0.75;0.25;5.84042;75.38080;101.96000;48.69000;27.94000;1844.7;275.0;154.0;50.0;16.35;0.926;0.17498;0.04096;0.00;0.000;0.583;0.947;0.000;0.557;38.876;1.00;3.25;25524.3;3074.70;11.58;3.35;1.42;257062.44;30024.48;24859.38;26934.1;9.54;1.11;0.92;22/04/2024 16:09:55;
23/04/2024;21;2.0TD;1;0.000133181655000000;0.170;1.016552420;135.609071;33.081;43.893;58.635071;12.17;17.38510;1.03865;0.75;0.25;5.84042;75.38080;101.96000;48.69000;27.94000;1844.7;275.0;154.0;50.0;16.49;0.926;0.17498;0.04096;0.00;0.000;0.752;0.947;0.000;0.557;50.115;12.17;12.17;24977.7;1958.10;11.72;3.35;1.42;303535.76;13941.60;24859.38;29210.9;10.39;0.48;0.85;22/04/2024 16:09:55;
23/04/2024;22;2.0TD;1;0.000155434792000000;0.171;1.021433227;159.898886;33.081;43.893;82.924886;34.80;17.38510;1.03865;0.75;0.25;5.84042;75.38080;101.96000;48.69000;27.94000;1844.7;275.0;154.0;50.0;14.25;0.926;0.17498;0.04096;0.00;0.000;1.062;0.947;0.000;0.557;70.815;35.00;32.00;24833.1;1772.20;9.48;3.35;1.42;225522.12;33432.96;24859.38;29921.8;7.54;1.12;0.83;22/04/2024 16:09:55;
23/04/2024;23;2.0TD;2;0.000141337669000000;0.198;1.213292687;100.210121;19.184;8.779;72.247121;24.62;17.38510;1.03865;0.75;0.25;5.84042;75.38080;101.96000;48.69000;27.94000;1844.7;275.0;154.0;50.0;14.85;0.154;0.17498;0.04096;0.00;0.000;0.905;0.947;0.000;0.557;60.306;24.89;20.89;22507.8;1661.50;10.08;3.35;1.42;232398.24;20710.08;24859.38;27573.7;8.43;0.75;0.90;22/04/2024 16:09:55;
23/04/2024;24;2.0TD;2;0.000116990033000000;0.206;1.261438233;79.987965;19.184;8.779;52.024965;8.21;17.38510;1.03865;0.75;0.25;5.84042;75.38080;101.96000;48.69000;27.94000;1844.7;275.0;154.0;50.0;14.35;0.154;0.17498;0.04096;0.00;0.000;0.647;0.947;0.000;0.557;43.138;8.21;8.21;20904.5;1836.60;9.58;3.35;1.42;203109.44;12032.80;24859.38;25032.9;8.11;0.48;0.99;22/04/2024 16:09:55;
*
