pvpcdata;
2024;10;09;11;29;23;
01/09/2024;1;2.0TD;3;0.000101722644000000;0.173;0.961172107;170.467916;0.557;2.195;167.715916;134.24;-2.23990;0.97552;0.75;0.25;99.64458;90.68500;101.96000;73.51000;91.63000;2283.9;275.0;234.0;48.0;7.06;0.000;0.17498;0.04096;0.00;0.000;2.145;0.947;0.000;0.557;142.980;134.02;136.02;19046.4;2325.30;2.93;3.08;1.05;15514.76;31742.40;24859.38;24652.8;0.63;1.29;1.01;31/08/2024 16:07:05;
01/09/2024;2;2.0TD;3;0.000089427123000000;0.180;1.001126804;164.628318;0.557;2.195;161.876318;129.16;-2.23990;0.97552;0.75;0.25;99.64458;90.68500;101.96000;73.51000;91.63000;2283.9;275.0;234.0;48.0;6.43;0.000;0.17498;0.04096;0.00;0.000;2.058;0.947;0.000;0.557;137.183;129.16;129.16;18018.6;2494.60;2.30;3.08;1.05;25065.36;29083.60;0.00;23544.1;1.06;1.24;0.00;31/08/2024 16:07:05;
01/09/2024;3;2.0TD;3;0.000080088005000000;0.184;1.023396550;161.258011;0.557;2.195;158.506011;125.88;-2.23990;0.97552;0.75;0.25;99.64458;90.68500;101.96000;73.51000;91.63000;2283.9;275.0;234.0;48.0;6.45;0.000;0.17498;0.04096;0.00;0.000;2.008;0.947;0.000;0.557;133.873;125.92;125.57;17157.5;2039.70;2.32;3.08;1.05;28369.68;23986.56;0.00;22561.9;1.26;1.06;0.00;31/08/2024 16:07:05;
01/09/2024;4;2.0TD;3;0.000074172278000000;0.188;1.046997618;159.972300;0.557;2.195;157.220300;123.74;-2.23990;0.97552;0.75;0.25;99.64458;90.68500;101.96000;73.51000;91.63000;2283.9;275.0;234.0;48.0;7.08;0.000;0.17498;0.04096;0.00;0.000;1.985;0.947;0.000;0.557;132.340;124.30;119.30;16232.1;2033.10;2.95;3.08;1.05;39228.72;25121.44;0.00;21815.0;1.80;1.15;0.00;31/08/2024 16:07:05;
01/09/2024;5;2.0TD;3;0.000070761316000000;0.191;1.059085873;158.507788;0.557;2.195;155.755788;122.11;-2.23990;0.97552;0.75;0.25;99.64458;90.68500;101.96000;73.51000;91.63000;2283.9;275.0;234.0;48.0;7.17;0.000;0.17498;0.04096;0.00;0.000;1.962;0.947;0.000;0.557;130.777;122.68;117.68;15720.2;2032.10;3.04;3.08;1.05;41113.16;23846.24;0.00;21339.8;1.93;1.12;0.00;31/08/2024 16:07:05;
01/09/2024;6;2.0TD;3;0.000069162442000000;0.188;1.044580814;156.451068;0.557;2.195;153.699068;121.37;-2.23990;0.97552;0.75;0.25;99.64458;90.68500;101.96000;73.51000;91.63000;2283.9;275.0;234.0;48.0;6.53;0.000;0.17498;0.04096;0.00;0.000;1.941;0.947;0.000;0.557;129.376;121.39;121.19;15060.6;1978.30;2.40;3.08;1.05;28399.08;22216.32;0.00;21060.3;1.35;1.05;0.00;31/08/2024 16:07:05;
01/09/2024;7;2.0TD;3;0.000069214111000000;0.182;1.012412440;158.518702;0.557;2.195;155.766702;123.87;-2.23990;0.97552;0.75;0.25;99.64458;90.68500;101.96000;73.51000;91.63000;2283.9;275.0;234.0;48.0;6.40;0.000;0.17498;0.04096;0.00;0.000;1.977;0.947;0.000;0.557;131.782;124.09;122.10;15298.9;1886.30;2.27;3.08;1.05;25184.20;23139.04;0.00;21315.5;1.18;1.09;0.00;31/08/2024 16:07:05;
01/09/2024;8;2.0TD;3;0.000068300881000000;0.181;1.003341116;160.256443;0.557;2.195;157.504443;124.69;-2.23990;0.97552;0.75;0.25;99.64458;90.68500;101.96000;73.51000;91.63000;2283.9;275.0;234.0;48.0;7.14;0.000;0.17498;0.04096;0.00;0.000;2.000;0.947;0.000;0.557;133.365;124.90;122.90;15469.2;1769.00;3.01;3.08;1.05;43290.88;20670.00;0.00;21282.2;2.03;0.97;0.00;31/08/2024 16:07:05;
01/09/2024;9;2.0TD;3;0.000070169129000000;0.169;0.939356135;153.019141;0.557;2.195;150.267141;113.28;-2.23990;0.97552;0.75;0.25;99.64458;90.68500;101.96000;73.51000;91.63000;2283.9;275.0;234.0;48.0;13.80;0.000;0.17498;0.04096;0.00;0.000;1.928;0.947;0.000;0.557;128.543;113.08;116.08;15970.6;1138.10;9.67;3.08;1.05;58118.12;145868.48;0.00;21087.9;2.76;6.92;0.00;31/08/2024 16:07:05;
01/09/2024;10;2.0TD;3;0.000082743380000000;0.150;0.832009341;137.255218;0.557;2.195;134.503218;100.73;-2.23990;0.97552;0.75;0.25;99.64458;90.68500;101.96000;73.51000;91.63000;2283.9;275.0;234.0;48.0;14.94;0.000;0.17498;0.04096;0.00;0.000;1.754;0.947;0.000;0.557;116.959;100.66;101.67;17289.7;1320.10;10.81;3.08;1.05;100447.40;141002.40;0.00;22345.4;4.50;6.31;0.00;31/08/2024 16:07:05;
01/09/2024;11;2.0TD;3;0.000093318653000000;0.141;0.784084304;110.185502;0.557;2.195;107.433502;78.88;-2.23990;0.97552;0.75;0.25;99.64458;90.68500;101.96000;73.51000;91.63000;2283.9;275.0;234.0;48.0;14.33;0.000;0.17498;0.04096;0.00;0.000;1.412;0.947;0.000;0.557;94.157;78.50;90.28;19851.3;660.30;10.20;3.08;1.05;108661.08;125817.68;0.00;22996.9;4.73;5.47;0.00;31/08/2024 16:07:05;
01/09/2024;12;2.0TD;3;0.000098728863000000;0.140;0.776951276;76.840965;0.557;2.195;74.088965;52.24;-2.23990;0.97552;0.75;0.25;99.64458;90.68500;101.96000;73.51000;91.63000;2283.9;275.0;234.0;48.0;12.24;0.000;0.17498;0.04096;0.00;0.000;0.975;0.947;0.000;0.557;64.990;51.99;59.79;21527.3;723.40;8.11;3.08;1.05;149644.36;43264.00;0.00;23797.4;6.29;1.82;0.00;31/08/2024 16:07:05;
01/09/2024;13;2.0TD;3;0.000102425671000000;0.139;0.770301148;66.681018;0.557;2.195;63.929018;43.19;-2.23990;0.97552;0.75;0.25;99.64458;90.68500;101.96000;73.51000;91.63000;2283.9;275.0;234.0;48.0;12.56;0.000;0.17498;0.04096;0.00;0.000;0.842;0.947;0.000;0.557;56.127;43.00;48.00;23946.3;939.80;8.43;3.08;1.05;172993.24;36455.00;0.00;24838.3;6.96;1.47;0.00;31/08/2024 16:07:05;
01/09/2024;14;2.0TD;3;0.000109971124000000;0.138;0.768407531;66.093444;0.557;2.195;63.341444;43.18;-2.23990;0.97552;0.75;0.25;99.64458;90.68500;101.96000;73.51000;91.63000;2283.9;275.0;234.0;48.0;12.11;0.000;0.17498;0.04096;0.00;0.000;0.835;0.947;0.000;0.557;55.660;43.00;48.00;24704.4;941.10;7.98;3.08;1.05;172994.96;32867.52;0.00;25804.7;6.70;1.27;0.00;31/08/2024 16:07:05;
01/09/2024;15;2.0TD;3;0.000112913188000000;0.138;0.765362240;70.091238;0.557;2.195;67.339238;46.79;-2.23990;0.97552;0.75;0.25;99.64458;90.68500;101.96000;73.51000;91.63000;2283.9;275.0;234.0;48.0;11.96;0.000;0.17498;0.04096;0.00;0.000;0.888;0.947;0.000;0.557;59.173;46.53;53.51;24762.7;939.10;7.83;3.08;1.05;159649.60;45970.32;0.00;26262.7;6.08;1.75;0.00;31/08/2024 16:07:05;
01/09/2024;16;2.0TD;3;0.000104029800000000;0.142;0.787909586;51.615120;0.557;2.195;48.863120;30.26;-2.23990;0.97552;0.75;0.25;99.64458;90.68500;101.96000;73.51000;91.63000;2283.9;275.0;234.0;48.0;12.35;0.000;0.17498;0.04096;0.00;0.000;0.642;0.947;0.000;0.557;42.787;30.10;34.62;24683.8;933.20;8.22;3.08;1.05;181717.24;31732.40;0.00;25955.4;7.00;1.22;0.00;31/08/2024 16:07:05;
01/09/2024;17;2.0TD;3;0.000100063157000000;0.147;0.817838540;50.326486;0.557;2.195;47.574486;29.12;-2.23990;0.97552;0.75;0.25;99.64458;90.68500;101.96000;73.51000;91.63000;2283.9;275.0;234.0;48.0;12.20;0.000;0.17498;0.04096;0.00;0.000;0.622;0.947;0.000;0.557;41.477;28.98;32.48;24203.1;1024.60;8.07;3.08;1.05;174143.76;33877.60;0.00;25789.2;6.75;1.31;0.00;31/08/2024 16:07:05;
01/09/2024;18;2.0TD;3;0.000101221154000000;0.156;0.866210251;110.670750;0.557;2.195;107.918750;81.85;-2.23990;0.97552;0.75;0.25;99.64458;90.68500;101.96000;73.51000;91.63000;2283.9;275.0;234.0;48.0;10.57;0.000;0.17498;0.04096;0.00;0.000;1.400;0.947;0.000;0.557;93.355;81.37;95.03;22238.9;816.20;6.44;3.08;1.05;100195.84;61171.44;0.00;25060.3;4.00;2.44;0.00;31/08/2024 16:07:05;
01/09/2024;19;2.0TD;3;0.000104956214000000;0.161;0.896302657;133.956982;0.557;2.195;131.204982;99.78;-2.23990;0.97552;0.75;0.25;99.64458;90.68500;101.96000;73.51000;91.63000;2283.9;275.0;234.0;48.0;12.00;0.000;0.17498;0.04096;0.00;0.000;1.695;0.947;0.000;0.557;113.010;99.64;102.14;19318.9;1162.80;7.87;3.08;1.05;53160.96;149031.20;0.00;25684.7;2.07;5.80;0.00;31/08/2024 16:07:05;
01/09/2024;20;2.0TD;3;0.000109928577000000;0.162;0.899468639;159.091338;0.557;2.195;156.339338;123.61;-2.23990;0.97552;0.75;0.25;99.64458;90.68500;101.96000;73.51000;91.63000;2283.9;275.0;234.0;48.0;9.38;0.000;0.17498;0.04096;0.00;0.000;2.018;0.947;0.000;0.557;134.543;123.60;123.70;19007.2;1471.80;5.25;3.08;1.05;32199.88;104657.28;0.00;26071.5;1.24;4.01;0.00;31/08/2024 16:07:05;
01/09/2024;21;2.0TD;3;0.000124655328000000;0.157;0.874321852;171.422144;0.557;2.195;168.670144;134.15;-2.23990;0.97552;0.75;0.25;99.64458;90.68500;101.96000;73.51000;91.63000;2283.9;275.0;234.0;48.0;9.91;0.000;0.17498;0.04096;0.00;0.000;2.187;0.947;0.000;0.557;145.782;134.02;135.36;18455.3;1925.70;5.78;3.08;1.05;71600.80;82614.08;0.00;26688.8;2.68;3.10;0.00;31/08/2024 16:07:05;
01/09/2024;22;2.0TD;3;0.000143487114000000;0.153;0.849154724;181.526172;0.557;2.195;178.774172;141.75;-2.23990;0.97552;0.75;0.25;99.64458;90.68500;101.96000;73.51000;91.63000;2283.9;275.0;234.0;48.0;11.44;0.000;0.17498;0.04096;0.00;0.000;2.326;0.947;0.000;0.557;155.051;141.74;141.84;18971.2;2424.30;7.31;3.08;1.05;148375.04;30260.16;24859.38;27840.3;5.33;1.09;0.89;31/08/2024 16:07:05;
01/09/2024;23;2.0TD;3;0.000132622998000000;0.158;0.876643771;179.961111;0.557;2.195;177.209111;139.68;-2.23990;0.97552;0.75;0.25;99.64458;90.68500;101.96000;73.51000;91.63000;2283.9;275.0;234.0;48.0;11.52;0.000;0.17498;0.04096;0.00;0.000;2.295;0.947;0.000;0.557;153.030;139.70;139.55;18614.8;2384.40;7.39;3.08;1.05;151041.32;25536.00;24859.38;27251.8;5.54;0.94;0.91;31/08/2024 16:07:05;
01/09/2024;24;2.0TD;3;0.000114601284000000;0.164;0.909920130;168.625865;0.557;2.195;165.873865;128.61;-2.23990;0.97552;0.75;0.25;99.64458;90.68500;101.96000;73.51000;91.63000;2283.9;275.0;234.0;48.0;12.22;0.000;0.17498;0.04096;0.00;0.000;2.138;0.947;0.000;0.557;142.503;129.10;124.41;17595.8;2065.80;8.09;3.08;1.05;164780.40;18298.08;24859.38;25697.6;6.41;0.71;0.97;31/08/2024 16:07:05;
*
