pvpcdata;
2024;04;10;12;05;40;
12/03/2024;1;2.0TD;3;0.000104563869000000;0.205;1.139819536;77.037241;0.557;2.195;74.285241;33.41;12.88903;0.84755;0.75;0.25;42.28250;93.83860;101.96000;97.42000;37.09000;2350.3;275.0;177.0;46.0;15.05;0.000;0.17498;0.04096;0.00;0.000;0.000;0.925;0.565;0.000;0.557;61.647;35.00;15.00;17732.6;1533.50;10.24;3.40;1.41;191053.48;39119.04;24859.38;24920.6;7.67;1.57;1.00;11/03/2024 16:08:19;
12/03/2024;2;2.0TD;3;0.000086245299000000;0.210;1.168942715;71.755278;0.557;2.195;69.003278;26.36;12.88903;0.84755;0.75;0.25;42.28250;93.83860;101.96000;97.42000;37.09000;2350.3;275.0;177.0;46.0;17.55;0.000;0.17498;0.04096;0.00;0.000;0.000;0.855;0.565;0.000;0.557;57.027;27.30;15.00;16437.8;1366.30;12.74;3.40;1.41;225722.20;45283.68;24859.38;23213.7;9.72;1.95;1.07;11/03/2024 16:08:19;
12/03/2024;3;2.0TD;3;0.000076348074000000;0.215;1.194156867;72.793716;0.557;2.195;70.041716;24.23;12.88903;0.84755;0.75;0.25;42.28250;93.83860;101.96000;97.42000;37.09000;2350.3;275.0;177.0;46.0;20.29;0.000;0.17498;0.04096;0.00;0.000;0.000;0.865;0.565;0.000;0.557;57.647;25.00;15.00;16543.7;1379.30;15.48;3.40;1.41;263448.32;56483.28;24859.38;22279.4;11.82;2.54;1.12;11/03/2024 16:08:19;
12/03/2024;4;2.0TD;3;0.000071638284000000;0.218;1.208451643;74.202929;0.557;2.195;71.450929;23.96;12.88903;0.84755;0.75;0.25;42.28250;93.83860;101.96000;97.42000;37.09000;2350.3;275.0;177.0;46.0;21.56;0.000;0.17498;0.04096;0.00;0.000;0.000;0.880;0.565;0.000;0.557;58.662;24.60;15.00;16435.2;1183.30;16.75;3.40;1.41;309235.80;56732.52;0.00;21849.5;14.15;2.60;0.00;11/03/2024 16:08:19;
12/03/2024;5;2.0TD;3;0.000070213371000000;0.217;1.208166265;75.070403;0.557;2.195;72.318403;24.33;12.88903;0.84755;0.75;0.25;42.28250;93.83860;101.96000;97.42000;37.09000;2350.3;275.0;177.0;46.0;21.94;0.000;0.17498;0.04096;0.00;0.000;0.000;0.891;0.565;0.000;0.557;59.423;25.00;15.00;16436.9;1174.50;17.13;3.40;1.41;317747.76;55965.00;0.00;21819.1;14.56;2.56;0.00;11/03/2024 16:08:19;
12/03/2024;6;2.0TD;3;0.000072834049000000;0.217;1.204686744;75.280944;0.557;2.195;72.528944;24.26;12.88903;0.84755;0.75;0.25;42.28250;93.83860;101.96000;97.42000;37.09000;2350.3;275.0;177.0;46.0;22.18;0.000;0.17498;0.04096;0.00;0.000;0.000;0.894;0.565;0.000;0.557;59.596;25.00;15.00;14955.0;1198.10;17.37;3.40;1.41;328119.32;65553.84;0.00;22666.8;14.48;2.89;0.00;11/03/2024 16:08:19;
12/03/2024;7;2.0TD;3;0.000083577108000000;0.203;1.127932224;109.803966;0.557;2.195;107.051966;59.39;12.88903;0.84755;0.75;0.25;42.28250;93.83860;101.96000;97.42000;37.09000;2350.3;275.0;177.0;46.0;16.00;0.000;0.17498;0.04096;0.00;0.000;0.000;1.335;0.565;0.000;0.557;88.987;60.02;52.02;16121.2;1375.60;11.19;3.40;1.41;202399.32;56924.40;24859.38;25392.0;7.97;2.24;0.98;11/03/2024 16:08:19;
12/03/2024;8;2.0TD;3;0.000103250038000000;0.189;1.048759998;138.506673;0.557;2.195;135.754673;89.53;12.88903;0.84755;0.75;0.25;42.28250;93.83860;101.96000;97.42000;37.09000;2350.3;275.0;177.0;46.0;10.67;0.000;0.17498;0.04096;0.00;0.000;0.000;1.713;0.565;0.000;0.557;114.175;89.80;85.95;17976.1;1372.10;5.86;3.40;1.41;69107.32;77455.56;24859.38;29245.9;2.36;2.65;0.85;11/03/2024 16:08:19;
12/03/2024;9;2.0TD;2;0.000114072745000000;0.180;1.106466660;147.012613;19.184;8.779;119.049613;74.50;12.88903;0.84755;0.75;0.25;42.28250;93.83860;101.96000;97.42000;37.09000;2350.3;275.0;177.0;46.0;12.46;0.154;0.17498;0.04096;0.00;0.000;0.000;1.513;0.565;0.000;0.557;100.889;75.00;66.69;22195.6;1415.10;7.65;3.40;1.41;102630.32;110695.20;24859.38;31131.0;3.30;3.56;0.80;11/03/2024 16:08:19;
12/03/2024;10;2.0TD;2;0.000117615431000000;0.162;0.996129829;84.053324;19.184;8.779;56.090324;19.66;12.88903;0.84755;0.75;0.25;42.28250;93.83860;101.96000;97.42000;37.09000;2350.3;275.0;177.0;46.0;15.47;0.154;0.17498;0.04096;0.00;0.000;0.000;0.724;0.565;0.000;0.557;48.270;20.00;15.00;26125.7;1910.20;10.66;3.40;1.41;251965.68;57848.12;24859.38;31392.1;8.03;1.84;0.79;11/03/2024 16:08:19;
12/03/2024;11;2.0TD;1;0.000120452446000000;0.165;0.985398675;112.737756;33.081;43.893;35.763756;0.46;12.88903;0.84755;0.75;0.25;42.28250;93.83860;101.96000;97.42000;37.09000;2350.3;275.0;177.0;46.0;16.59;0.926;0.17498;0.04096;0.00;0.000;0.000;0.460;0.565;0.000;0.557;30.698;0.50;0.00;27606.8;2258.20;11.78;3.40;1.41;276985.84;61669.72;24859.38;30859.9;8.98;2.00;0.81;11/03/2024 16:08:19;
12/03/2024;12;2.0TD;1;0.000119033321000000;0.168;1.003092942;112.818171;33.081;43.893;35.844171;0.40;12.88903;0.84755;0.75;0.25;42.28250;93.83860;101.96000;97.42000;37.09000;2350.3;275.0;177.0;46.0;16.64;0.926;0.17498;0.04096;0.00;0.000;0.000;0.460;0.565;0.000;0.557;30.688;0.43;0.00;27328.0;2195.60;11.83;3.40;1.41;277003.92;57408.00;24859.38;30361.7;9.12;1.89;0.82;11/03/2024 16:08:19;
12/03/2024;13;2.0TD;1;0.000119516469000000;0.166;0.995815096;112.223932;33.081;43.893;35.249932;0.14;12.88903;0.84755;0.75;0.25;42.28250;93.83860;101.96000;97.42000;37.09000;2350.3;275.0;177.0;46.0;16.45;0.926;0.17498;0.04096;0.00;0.000;0.000;0.453;0.565;0.000;0.557;30.231;0.15;0.00;27665.0;2277.10;11.64;3.40;1.41;277060.72;48136.92;24859.38;30084.2;9.21;1.60;0.83;11/03/2024 16:08:19;
12/03/2024;14;2.0TD;1;0.000126581040000000;0.164;0.981543241;112.140189;33.081;43.893;35.166189;0.09;12.88903;0.84755;0.75;0.25;42.28250;93.83860;101.96000;97.42000;37.09000;2350.3;275.0;177.0;46.0;16.48;0.926;0.17498;0.04096;0.00;0.000;0.000;0.453;0.565;0.000;0.557;30.211;0.10;0.00;27630.4;2300.70;11.67;3.40;1.41;277065.80;47211.20;24859.38;29914.7;9.26;1.58;0.83;11/03/2024 16:08:19;
12/03/2024;15;2.0TD;2;0.000126953298000000;0.170;1.041926165;62.512518;19.184;8.779;34.549518;0.09;12.88903;0.84755;0.75;0.25;42.28250;93.83860;101.96000;97.42000;37.09000;2350.3;275.0;177.0;46.0;16.58;0.154;0.17498;0.04096;0.00;0.000;0.000;0.443;0.565;0.000;0.557;29.529;0.10;0.00;27339.8;2284.60;11.77;3.40;1.41;277065.68;45812.80;24859.38;29542.9;9.38;1.55;0.84;11/03/2024 16:08:19;
12/03/2024;16;2.0TD;2;0.000119506769000000;0.177;1.088671271;63.400708;19.184;8.779;35.437708;0.39;12.88903;0.84755;0.75;0.25;42.28250;93.83860;101.96000;97.42000;37.09000;2350.3;275.0;177.0;46.0;16.85;0.154;0.17498;0.04096;0.00;0.000;0.000;0.452;0.565;0.000;0.557;30.108;0.42;0.00;26568.1;2343.40;12.04;3.40;1.41;279330.16;45417.60;24859.38;29046.9;9.62;1.56;0.86;11/03/2024 16:08:19;
12/03/2024;17;2.0TD;2;0.000114185931000000;0.184;1.126144706;67.566027;19.184;8.779;39.603027;2.78;12.88903;0.84755;0.75;0.25;42.28250;93.83860;101.96000;97.42000;37.09000;2350.3;275.0;177.0;46.0;17.75;0.154;0.17498;0.04096;0.00;0.000;0.000;0.502;0.565;0.000;0.557;33.448;3.00;0.13;26155.5;2178.70;12.94;3.40;1.41;278736.52;71024.52;24859.38;28948.8;9.63;2.45;0.86;11/03/2024 16:08:19;
12/03/2024;18;2.0TD;2;0.000115637703000000;0.185;1.134566020;88.098791;19.184;8.779;60.135791;19.73;12.88903;0.84755;0.75;0.25;42.28250;93.83860;101.96000;97.42000;37.09000;2350.3;275.0;177.0;46.0;17.84;0.154;0.17498;0.04096;0.00;0.000;0.000;0.761;0.565;0.000;0.557;50.747;20.10;15.00;24297.6;1901.90;13.03;3.40;1.41;197694.48;157728.48;24859.38;29169.9;6.78;5.41;0.85;11/03/2024 16:08:19;
12/03/2024;19;2.0TD;1;0.000122843457000000;0.171;1.023130107;182.112824;33.081;43.893;105.138824;60.02;12.88903;0.84755;0.75;0.25;42.28250;93.83860;101.96000;97.42000;37.09000;2350.3;275.0;177.0;46.0;15.23;0.926;0.17498;0.04096;0.00;0.000;0.000;1.347;0.565;0.000;0.557;89.785;60.02;60.02;22614.0;1287.30;10.42;3.40;1.41;78071.08;201088.32;24859.38;29183.2;2.68;6.89;0.85;11/03/2024 16:08:19;
12/03/2024;20;2.0TD;1;0.000147192882000000;0.171;1.023794944;219.287390;33.081;43.893;142.313390;98.51;12.88903;0.84755;0.75;0.25;42.28250;93.83860;101.96000;97.42000;37.09000;2350.3;275.0;177.0;46.0;8.01;0.926;0.17498;0.04096;0.00;0.000;0.000;1.823;0.565;0.000;0.557;121.531;98.99;92.99;21639.9;1870.30;3.20;3.40;1.41;29253.64;48030.00;24859.38;31897.0;0.92;1.51;0.78;11/03/2024 16:08:19;
12/03/2024;21;2.0TD;1;0.000173246062000000;0.174;1.039346750;309.817532;33.081;43.893;232.843532;173.43;12.88903;0.84755;0.75;0.25;42.28250;93.83860;101.96000;97.42000;37.09000;2350.3;275.0;177.0;46.0;8.74;0.926;0.17498;0.04096;0.00;0.000;0.000;2.975;0.565;0.000;0.557;198.333;173.82;168.82;22152.6;1867.90;3.93;3.40;1.41;2597.96;100800.00;24859.38;32569.7;0.08;3.09;0.76;11/03/2024 16:08:19;
12/03/2024;22;2.0TD;1;0.000177226508000000;0.175;1.050318787;241.340641;33.081;43.893;164.366641;116.86;12.88903;0.84755;0.75;0.25;42.28250;93.83860;101.96000;97.42000;37.09000;2350.3;275.0;177.0;46.0;7.74;0.926;0.17498;0.04096;0.00;0.000;0.000;2.098;0.565;0.000;0.557;139.886;117.90;105.00;21814.4;1919.00;2.93;3.40;1.41;15678.56;53793.60;24859.38;32235.3;0.49;1.67;0.77;11/03/2024 16:08:19;
12/03/2024;23;2.0TD;2;0.000157982934000000;0.189;1.157481582;138.626206;19.184;8.779;110.663206;70.28;12.88903;0.84755;0.75;0.25;42.28250;93.83860;101.96000;97.42000;37.09000;2350.3;275.0;177.0;46.0;8.98;0.154;0.17498;0.04096;0.00;0.000;0.000;1.396;0.565;0.000;0.557;93.072;70.54;66.48;19329.0;1306.40;4.17;3.40;1.41;27163.88;71079.04;24859.38;29487.9;0.92;2.41;0.84;11/03/2024 16:08:19;
12/03/2024;24;2.0TD;2;0.000130077217000000;0.196;1.204601409;133.607477;19.184;8.779;105.644477;61.88;12.88903;0.84755;0.75;0.25;42.28250;93.83860;101.96000;97.42000;37.09000;2350.3;275.0;177.0;46.0;12.71;0.154;0.17498;0.04096;0.00;0.000;0.000;1.325;0.565;0.000;0.557;88.331;61.99;59.99;16658.5;988.60;7.90;3.40;1.41;22838.84;159800.00;24859.38;26284.1;0.87;6.08;0.95;11/03/2024 16:08:19;
*
