pvpcdata;
2024;08;09;11;56;29;
01/07/2024;1;2.0TD;3;0.000110224643000000;0.176;0.980315626;120.542460;0.557;2.195;117.790460;73.29;8.92610;1.27374;0.75;0.25;53.22458;88.92900;101.96000;73.51000;74.07000;1790.0;275.0;234.0;61.0;12.28;0.000;0.17498;0.04096;0.00;0.000;1.502;0.947;0.000;0.557;100.161;73.37;71.59;15844.3;730.30;8.06;3.13;1.09;126852.40;31947.16;24859.38;22788.2;5.57;1.40;1.09;30/06/2024 16:14:42;
01/07/2024;2;2.0TD;3;0.000094249634000000;0.177;0.981842178;116.891523;0.557;2.195;114.139523;67.30;8.92610;1.27374;0.75;0.25;53.22458;88.92900;101.96000;73.51000;74.07000;1790.0;275.0;234.0;61.0;15.13;0.000;0.17498;0.04096;0.00;0.000;1.455;0.947;0.000;0.557;96.974;67.30;67.30;15863.6;656.20;10.91;3.13;1.09;167034.24;68074.60;0.00;21555.3;7.75;3.16;0.00;30/06/2024 16:14:42;
01/07/2024;3;2.0TD;3;0.000083805263000000;0.176;0.975625890;110.848692;0.557;2.195;108.096692;59.93;8.92610;1.27374;0.75;0.25;53.22458;88.92900;101.96000;73.51000;74.07000;1790.0;275.0;234.0;61.0;17.52;0.000;0.17498;0.04096;0.00;0.000;1.379;0.947;0.000;0.557;91.918;60.00;58.01;15329.0;565.60;13.30;3.13;1.09;180666.80;95880.00;0.00;20794.1;8.69;4.61;0.00;30/06/2024 16:14:42;
01/07/2024;4;2.0TD;3;0.000078079730000000;0.173;0.960939977;118.575141;0.557;2.195;115.823141;66.39;8.92610;1.27374;0.75;0.25;53.22458;88.92900;101.96000;73.51000;74.07000;1790.0;275.0;234.0;61.0;17.78;0.000;0.17498;0.04096;0.00;0.000;1.481;0.947;0.000;0.557;98.740;66.54;63.00;15953.8;713.60;13.56;3.13;1.09;169410.64;107251.20;0.00;20400.5;8.30;5.26;0.00;30/06/2024 16:14:42;
01/07/2024;5;2.0TD;3;0.000074976977000000;0.170;0.945633566;100.342818;0.557;2.195;97.590818;50.10;8.92610;1.27374;0.75;0.25;53.22458;88.92900;101.96000;73.51000;74.07000;1790.0;275.0;234.0;61.0;18.97;0.000;0.17498;0.04096;0.00;0.000;1.251;0.947;0.000;0.557;83.410;50.20;48.21;16098.9;837.50;14.75;3.13;1.09;199277.12;102334.80;0.00;20450.0;9.74;5.00;0.00;30/06/2024 16:14:42;
01/07/2024;6;2.0TD;3;0.000074025310000000;0.166;0.924793070;101.359403;0.557;2.195;98.607403;51.75;8.92610;1.27374;0.75;0.25;53.22458;88.92900;101.96000;73.51000;74.07000;1790.0;275.0;234.0;61.0;18.46;0.000;0.17498;0.04096;0.00;0.000;1.269;0.947;0.000;0.557;84.568;51.90;48.90;16255.2;847.40;14.24;3.13;1.09;195977.88;102973.92;0.00;20987.4;9.34;4.91;0.00;30/06/2024 16:14:42;
01/07/2024;7;2.0TD;3;0.000075106183000000;0.160;0.888667278;107.716869;0.557;2.195;104.964869;59.16;8.92610;1.27374;0.75;0.25;53.22458;88.92900;101.96000;73.51000;74.07000;1790.0;275.0;234.0;61.0;16.88;0.000;0.17498;0.04096;0.00;0.000;1.357;0.947;0.000;0.557;90.486;59.26;57.26;16388.5;902.90;12.66;3.13;1.09;181847.72;87186.88;24859.38;23217.8;7.83;3.76;1.07;30/06/2024 16:14:42;
01/07/2024;8;2.0TD;3;0.000079061678000000;0.159;0.882521905;140.537346;0.557;2.195;137.785346;87.37;8.92610;1.27374;0.75;0.25;53.22458;88.92900;101.96000;73.51000;74.07000;1790.0;275.0;234.0;61.0;16.64;0.000;0.17498;0.04096;0.00;0.000;1.783;0.947;0.000;0.557;118.882;87.57;84.57;16295.5;1172.20;12.42;3.13;1.09;125643.56;162452.00;24859.38;25205.9;4.98;6.44;0.99;30/06/2024 16:14:42;
01/07/2024;9;2.0TD;2;0.000090722518000000;0.141;0.864594452;144.059700;19.184;8.779;116.096700;71.15;8.92610;1.27374;0.75;0.25;53.22458;88.92900;101.96000;73.51000;74.07000;1790.0;275.0;234.0;61.0;15.83;0.154;0.17498;0.04096;0.00;0.000;1.526;0.947;0.000;0.557;101.749;71.18;70.64;19023.2;1058.50;11.61;3.13;1.09;129452.64;157982.40;24859.38;26887.7;4.81;5.88;0.92;30/06/2024 16:14:42;
01/07/2024;10;2.0TD;2;0.000102922078000000;0.139;0.852788477;117.781073;19.184;8.779;89.818073;50.03;8.92610;1.27374;0.75;0.25;53.22458;88.92900;101.96000;73.51000;74.07000;1790.0;275.0;234.0;61.0;14.40;0.154;0.17498;0.04096;0.00;0.000;1.183;0.947;0.000;0.557;78.856;50.03;50.03;24438.7;1110.40;10.18;3.13;1.09;154754.24;106534.40;24859.38;28098.0;5.51;3.79;0.88;30/06/2024 16:14:42;
01/07/2024;11;2.0TD;1;0.000112592729000000;0.144;0.860885043;159.627949;33.081;43.893;82.653949;44.56;8.92610;1.27374;0.75;0.25;53.22458;88.92900;101.96000;73.51000;74.07000;1790.0;275.0;234.0;61.0;12.59;0.926;0.17498;0.04096;0.00;0.000;1.084;0.947;0.000;0.557;72.249;44.52;45.08;26230.5;2026.60;8.37;3.13;1.09;170717.08;43121.20;24859.38;28508.1;5.99;1.51;0.87;30/06/2024 16:14:42;
01/07/2024;12;2.0TD;1;0.000118020390000000;0.146;0.873011565;151.907451;33.081;43.893;74.933451;35.76;8.92610;1.27374;0.75;0.25;53.22458;88.92900;101.96000;73.51000;74.07000;1790.0;275.0;234.0;61.0;14.63;0.926;0.17498;0.04096;0.00;0.000;0.981;0.947;0.000;0.557;65.386;35.01;45.00;26823.5;2178.50;10.41;3.13;1.09;232771.68;40194.00;24859.38;28606.1;8.14;1.41;0.87;30/06/2024 16:14:42;
01/07/2024;13;2.0TD;1;0.000124983580000000;0.146;0.875034086;151.465095;33.081;43.893;74.491095;35.01;8.92610;1.27374;0.75;0.25;53.22458;88.92900;101.96000;73.51000;74.07000;1790.0;275.0;234.0;61.0;15.00;0.926;0.17498;0.04096;0.00;0.000;0.975;0.947;0.000;0.557;65.000;35.01;35.01;26898.4;2113.10;10.78;3.13;1.09;247385.04;41522.00;24859.38;29098.5;8.50;1.43;0.85;30/06/2024 16:14:42;
01/07/2024;14;2.0TD;1;0.000136029222000000;0.142;0.850287432;151.239352;33.081;43.893;74.265352;35.00;8.92610;1.27374;0.75;0.25;53.22458;88.92900;101.96000;73.51000;74.07000;1790.0;275.0;234.0;61.0;15.04;0.926;0.17498;0.04096;0.00;0.000;0.975;0.947;0.000;0.557;65.030;35.00;35.00;26574.1;1857.10;10.82;3.13;1.09;256849.96;36786.60;24859.38;29424.6;8.73;1.25;0.84;30/06/2024 16:14:42;
01/07/2024;15;2.0TD;2;0.000141510978000000;0.143;0.876158771;87.426382;19.184;8.779;59.463382;21.17;8.92610;1.27374;0.75;0.25;53.22458;88.92900;101.96000;73.51000;74.07000;1790.0;275.0;234.0;61.0;16.83;0.154;0.17498;0.04096;0.00;0.000;0.780;0.947;0.000;0.557;52.023;21.17;21.17;26721.3;1955.40;12.61;3.13;1.09;321237.92;22414.00;24859.38;29219.0;10.99;0.77;0.85;30/06/2024 16:14:42;
01/07/2024;16;2.0TD;2;0.000137299902000000;0.141;0.864952043;81.530618;19.184;8.779;53.567618;15.02;8.92610;1.27374;0.75;0.25;53.22458;88.92900;101.96000;73.51000;74.07000;1790.0;275.0;234.0;61.0;17.98;0.154;0.17498;0.04096;0.00;0.000;0.704;0.947;0.000;0.557;46.947;15.02;15.00;26922.1;1866.70;13.76;3.13;1.09;348406.84;17402.00;24859.38;28408.0;12.26;0.61;0.88;30/06/2024 16:14:42;
01/07/2024;17;2.0TD;2;0.000134130723000000;0.141;0.867001910;76.653984;19.184;8.779;48.690984;10.15;8.92610;1.27374;0.75;0.25;53.22458;88.92900;101.96000;73.51000;74.07000;1790.0;275.0;234.0;61.0;18.64;0.154;0.17498;0.04096;0.00;0.000;0.640;0.947;0.000;0.557;42.673;10.15;10.15;26673.7;1830.80;14.42;3.13;1.09;368601.48;12167.60;24859.38;28112.2;13.11;0.43;0.88;30/06/2024 16:14:42;
01/07/2024;18;2.0TD;2;0.000134364657000000;0.144;0.880420518;88.082437;19.184;8.779;60.119437;21.17;8.92610;1.27374;0.75;0.25;53.22458;88.92900;101.96000;73.51000;74.07000;1790.0;275.0;234.0;61.0;17.35;0.154;0.17498;0.04096;0.00;0.000;0.788;0.947;0.000;0.557;52.551;21.17;21.17;26405.4;1880.90;13.13;3.13;1.09;322858.40;24947.64;24859.38;28394.6;11.37;0.88;0.88;30/06/2024 16:14:42;
01/07/2024;19;2.0TD;1;0.000133468246000000;0.142;0.852430197;151.088608;33.081;43.893;74.114608;35.02;8.92610;1.27374;0.75;0.25;53.22458;88.92900;101.96000;73.51000;74.07000;1790.0;275.0;234.0;61.0;14.89;0.926;0.17498;0.04096;0.00;0.000;0.973;0.947;0.000;0.557;64.898;35.02;35.02;28070.7;2227.20;10.67;3.13;1.09;202419.72;76352.44;24859.38;28444.5;7.12;2.68;0.87;30/06/2024 16:14:42;
01/07/2024;20;2.0TD;1;0.000131339294000000;0.146;0.873176424;169.277373;33.081;43.893;92.303373;49.28;8.92610;1.27374;0.75;0.25;53.22458;88.92900;101.96000;73.51000;74.07000;1790.0;275.0;234.0;61.0;16.04;0.926;0.17498;0.04096;0.00;0.000;1.208;0.947;0.000;0.557;80.543;49.28;49.28;26203.2;1394.80;11.82;3.13;1.09;154822.08;161364.00;24859.38;28847.0;5.37;5.59;0.86;30/06/2024 16:14:42;
01/07/2024;21;2.0TD;1;0.000132747712000000;0.147;0.878200225;196.373208;33.081;43.893;119.399208;70.93;8.92610;1.27374;0.75;0.25;53.22458;88.92900;101.96000;73.51000;74.07000;1790.0;275.0;234.0;61.0;17.59;0.926;0.17498;0.04096;0.00;0.000;1.561;0.947;0.000;0.557;104.096;71.18;66.08;21048.6;1069.40;13.37;3.13;1.09;150265.96;213380.16;24859.38;29070.1;5.17;7.34;0.86;30/06/2024 16:14:42;
01/07/2024;22;2.0TD;1;0.000141751245000000;0.145;0.869687579;202.023979;33.081;43.893;125.049979;80.51;8.92610;1.27374;0.75;0.25;53.22458;88.92900;101.96000;73.51000;74.07000;1790.0;275.0;234.0;61.0;13.05;0.926;0.17498;0.04096;0.00;0.000;1.638;0.947;0.000;0.557;109.213;80.79;75.79;20460.6;1223.20;8.83;3.13;1.09;162395.12;69225.36;24859.38;29051.9;5.59;2.38;0.86;30/06/2024 16:14:42;
01/07/2024;23;2.0TD;2;0.000148043761000000;0.151;0.925162872;171.006927;19.184;8.779;143.043927;98.88;8.92610;1.27374;0.75;0.25;53.22458;88.92900;101.96000;73.51000;74.07000;1790.0;275.0;234.0;61.0;10.29;0.154;0.17498;0.04096;0.00;0.000;1.864;0.947;0.000;0.557;124.277;99.26;94.00;18934.7;1465.10;6.07;3.13;1.09;136637.80;6711.60;24859.38;27704.7;4.93;0.24;0.90;30/06/2024 16:14:42;
01/07/2024;24;2.0TD;2;0.000131283886000000;0.148;0.910798713;156.100413;19.184;8.779;128.137413;87.41;8.92610;1.27374;0.75;0.25;53.22458;88.92900;101.96000;73.51000;74.07000;1790.0;275.0;234.0;61.0;9.29;0.154;0.17498;0.04096;0.00;0.000;1.674;0.947;0.000;0.557;111.617;87.46;86.56;18017.5;954.00;5.07;3.13;1.09;78711.76;24131.52;24859.38;25191.2;3.12;0.96;0.99;30/06/2024 16:14:42;
*
