pvpcdata;
2024;12;11;12;05;24;
05/11/2024;1;2.0TD;3;0.000096780792000000;0.214;1.186668555;136.461517;0.557;2.195;133.709517;101.26;-5.98215;1.07031;0.75;0.25;117.04542;93.11680;101.96000;84.74000;75.52000;1947.1;275.0;200.0;46.0;11.91;0.000;0.17498;0.04096;0.00;0.000;1.652;0.947;0.000;0.557;110.139;101.47;98.61;15223.7;1177.20;7.67;3.21;1.03;93084.52;53448.96;24859.38;22346.9;4.17;2.39;1.11;04/11/2024 16:06:33;
05/11/2024;2;2.0TD;3;0.000080563088000000;0.229;1.272261432;129.654405;0.557;2.195;126.902405;93.99;-5.98215;1.07031;0.75;0.25;117.04542;93.11680;101.96000;84.74000;75.52000;1947.1;275.0;200.0;46.0;12.40;0.000;0.17498;0.04096;0.00;0.000;1.549;0.947;0.000;0.557;103.256;94.00;93.90;14050.0;763.20;8.16;3.21;1.03;126049.80;22344.00;24859.38;21227.1;5.94;1.05;1.17;04/11/2024 16:06:33;
05/11/2024;3;2.0TD;3;0.000071659707000000;0.232;1.287350316;127.837743;0.557;2.195;125.085743;90.71;-5.98215;1.07031;0.75;0.25;117.04542;93.11680;101.96000;84.74000;75.52000;1947.1;275.0;200.0;46.0;13.98;0.000;0.17498;0.04096;0.00;0.000;1.523;0.947;0.000;0.557;101.530;90.43;95.43;14224.5;837.40;9.74;3.21;1.03;151391.92;22344.00;24859.38;20386.5;7.43;1.10;1.22;04/11/2024 16:06:33;
05/11/2024;4;2.0TD;3;0.000067402911000000;0.233;1.296938210;128.352328;0.557;2.195;125.600328;91.14;-5.98215;1.07031;0.75;0.25;117.04542;93.11680;101.96000;84.74000;75.52000;1947.1;275.0;200.0;46.0;13.88;0.000;0.17498;0.04096;0.00;0.000;1.528;0.947;0.000;0.557;101.865;90.89;95.00;13607.1;873.80;9.64;3.21;1.03;173839.32;18920.32;0.00;19999.8;8.69;0.95;0.00;04/11/2024 16:06:33;
05/11/2024;5;2.0TD;3;0.000066135417000000;0.232;1.289570957;128.425407;0.557;2.195;125.673407;91.34;-5.98215;1.07031;0.75;0.25;117.04542;93.11680;101.96000;84.74000;75.52000;1947.1;275.0;200.0;46.0;13.82;0.000;0.17498;0.04096;0.00;0.000;1.530;0.947;0.000;0.557;102.007;91.10;95.00;13430.2;866.60;9.58;3.21;1.03;173420.12;18728.56;0.00;20050.8;8.65;0.93;0.00;04/11/2024 16:06:33;
05/11/2024;6;2.0TD;3;0.000068508201000000;0.230;1.276609011;138.635802;0.557;2.195;135.883802;100.95;-5.98215;1.07031;0.75;0.25;117.04542;93.11680;101.96000;84.74000;75.52000;1947.1;275.0;200.0;46.0;12.55;0.000;0.17498;0.04096;0.00;0.000;1.657;0.947;0.000;0.557;110.474;101.47;95.78;13460.3;1352.00;8.31;3.21;1.03;155919.08;16598.40;0.00;20771.5;7.51;0.80;0.00;04/11/2024 16:06:33;
05/11/2024;7;2.0TD;3;0.000079082019000000;0.208;1.155871524;150.958664;0.557;2.195;148.206664;114.90;-5.98215;1.07031;0.75;0.25;117.04542;93.11680;101.96000;84.74000;75.52000;1947.1;275.0;200.0;46.0;10.63;0.000;0.17498;0.04096;0.00;0.000;1.840;0.947;0.000;0.557;122.687;115.17;111.06;15111.5;1063.00;6.39;3.21;1.03;93821.28;28291.68;24859.38;22991.8;4.08;1.23;1.08;04/11/2024 16:06:33;
05/11/2024;8;2.0TD;3;0.000101144990000000;0.192;1.068450916;159.270701;0.557;2.195;156.518701;124.09;-5.98215;1.07031;0.75;0.25;117.04542;93.11680;101.96000;84.74000;75.52000;1947.1;275.0;200.0;46.0;9.93;0.000;0.17498;0.04096;0.00;0.000;1.970;0.947;0.000;0.557;131.307;124.09;124.10;17129.0;963.10;5.69;3.21;1.03;26871.20;95304.72;24859.38;25805.0;1.04;3.69;0.96;04/11/2024 16:06:33;
05/11/2024;9;2.0TD;2;0.000108168355000000;0.189;1.158738874;195.486722;19.184;8.779;167.523722;132.79;-5.98215;1.07031;0.75;0.25;117.04542;93.11680;101.96000;84.74000;75.52000;1947.1;275.0;200.0;46.0;10.52;0.154;0.17498;0.04096;0.00;0.000;2.113;0.947;0.000;0.557;140.894;133.14;128.14;18635.1;1399.00;6.28;3.21;1.03;17240.44;131478.48;24859.38;27663.1;0.62;4.75;0.90;04/11/2024 16:06:33;
05/11/2024;10;2.0TD;2;0.000109063985000000;0.170;1.043088461;171.512213;19.184;8.779;143.549213;118.07;-5.98215;1.07031;0.75;0.25;117.04542;93.11680;101.96000;84.74000;75.52000;1947.1;275.0;200.0;46.0;7.31;0.154;0.17498;0.04096;0.00;0.000;1.840;0.947;0.000;0.557;122.691;118.23;116.00;18284.8;1366.10;3.07;3.21;1.03;28798.52;32079.60;24859.38;27911.9;1.03;1.15;0.89;04/11/2024 16:06:33;
05/11/2024;11;2.0TD;1;0.000110878196000000;0.165;0.988904820;209.503975;33.081;43.893;132.529975;105.79;-5.98215;1.07031;0.75;0.25;117.04542;93.11680;101.96000;84.74000;75.52000;1947.1;275.0;200.0;46.0;10.02;0.926;0.17498;0.04096;0.00;0.000;1.706;0.947;0.000;0.557;113.759;105.87;104.73;20422.0;1636.20;5.78;3.21;1.03;45917.24;91011.20;24859.38;28000.0;1.64;3.25;0.89;04/11/2024 16:06:33;
05/11/2024;12;2.0TD;1;0.000110067357000000;0.164;0.981544815;194.630696;33.081;43.893;117.656696;95.34;-5.98215;1.07031;0.75;0.25;117.04542;93.11680;101.96000;84.74000;75.52000;1947.1;275.0;200.0;46.0;7.98;0.926;0.17498;0.04096;0.00;0.000;1.516;0.947;0.000;0.557;101.079;95.28;96.28;20836.5;1294.90;3.74;3.21;1.03;53444.08;26328.00;24859.38;28010.6;1.91;0.94;0.89;04/11/2024 16:06:33;
05/11/2024;13;2.0TD;1;0.000111621086000000;0.163;0.973881713;193.715516;33.081;43.893;116.741516;94.92;-5.98215;1.07031;0.75;0.25;117.04542;93.11680;101.96000;84.74000;75.52000;1947.1;275.0;200.0;46.0;7.71;0.926;0.17498;0.04096;0.00;0.000;1.506;0.947;0.000;0.557;100.379;94.92;94.92;20981.1;1338.80;3.47;3.21;1.03;50594.56;21868.00;24859.38;28072.0;1.80;0.78;0.89;04/11/2024 16:06:33;
05/11/2024;14;2.0TD;1;0.000118630700000000;0.162;0.968482833;199.159038;33.081;43.893;122.185038;99.29;-5.98215;1.07031;0.75;0.25;117.04542;93.11680;101.96000;84.74000;75.52000;1947.1;275.0;200.0;46.0;8.04;0.926;0.17498;0.04096;0.00;0.000;1.577;0.947;0.000;0.557;105.150;99.25;99.75;21084.2;1610.20;3.80;3.21;1.03;46420.04;35712.00;24859.38;28129.6;1.65;1.27;0.88;04/11/2024 16:06:33;
05/11/2024;15;2.0TD;2;0.000120206359000000;0.167;1.022853311;160.896712;19.184;8.779;132.933712;109.28;-5.98215;1.07031;0.75;0.25;117.04542;93.11680;101.96000;84.74000;75.52000;1947.1;275.0;200.0;46.0;7.45;0.154;0.17498;0.04096;0.00;0.000;1.709;0.947;0.000;0.557;113.910;109.50;106.50;19586.3;1532.10;3.21;3.21;1.03;40740.40;23904.00;24859.38;27842.3;1.46;0.86;0.89;04/11/2024 16:06:33;
05/11/2024;16;2.0TD;2;0.000114608231000000;0.173;1.061476646;164.842288;19.184;8.779;136.879288;111.23;-5.98215;1.07031;0.75;0.25;117.04542;93.11680;101.96000;84.74000;75.52000;1947.1;275.0;200.0;46.0;8.24;0.154;0.17498;0.04096;0.00;0.000;1.750;0.947;0.000;0.557;116.691;111.33;109.74;19372.7;1291.20;4.00;3.21;1.03;33649.84;50316.00;24859.38;27169.4;1.24;1.85;0.91;04/11/2024 16:06:33;
05/11/2024;17;2.0TD;2;0.000111417537000000;0.175;1.076128733;168.368022;19.184;8.779;140.405022;115.42;-5.98215;1.07031;0.75;0.25;117.04542;93.11680;101.96000;84.74000;75.52000;1947.1;275.0;200.0;46.0;6.81;0.154;0.17498;0.04096;0.00;0.000;1.792;0.947;0.000;0.557;119.493;115.54;113.89;19868.2;1517.30;2.57;3.21;1.03;20194.04;24131.52;24859.38;26938.8;0.75;0.90;0.92;04/11/2024 16:06:33;
05/11/2024;18;2.0TD;2;0.000118005783000000;0.179;1.096561475;178.230836;19.184;8.779;150.267836;123.65;-5.98215;1.07031;0.75;0.25;117.04542;93.11680;101.96000;84.74000;75.52000;1947.1;275.0;200.0;46.0;6.42;0.154;0.17498;0.04096;0.00;0.000;1.912;0.947;0.000;0.557;127.453;123.62;124.13;20336.4;1318.60;2.18;3.21;1.03;9435.56;25685.12;24859.38;27509.1;0.34;0.93;0.90;04/11/2024 16:06:33;
05/11/2024;19;2.0TD;1;0.000139271095000000;0.179;1.073980554;312.538949;33.081;43.893;235.564949;193.06;-5.98215;1.07031;0.75;0.25;117.04542;93.11680;101.96000;84.74000;75.52000;1947.1;275.0;200.0;46.0;7.50;0.926;0.17498;0.04096;0.00;0.000;2.997;0.947;0.000;0.557;199.800;193.00;194.00;20954.4;1400.90;3.26;3.21;1.03;-20758.60;86873.76;24859.38;27932.5;-0.74;3.11;0.89;04/11/2024 16:06:33;
05/11/2024;20;2.0TD;1;0.000154588858000000;0.183;1.098356627;305.231053;33.081;43.893;228.257053;186.20;-5.98215;1.07031;0.75;0.25;117.04542;93.11680;101.96000;84.74000;75.52000;1947.1;275.0;200.0;46.0;7.61;0.926;0.17498;0.04096;0.00;0.000;2.894;0.947;0.000;0.557;192.947;186.20;186.19;20594.0;1385.00;3.37;3.21;1.03;-1255.36;73612.48;24859.38;28804.9;-0.04;2.56;0.86;04/11/2024 16:06:33;
05/11/2024;21;2.0TD;1;0.000166036702000000;0.186;1.115263846;266.233076;33.081;43.893;189.259076;153.78;-5.98215;1.07031;0.75;0.25;117.04542;93.11680;101.96000;84.74000;75.52000;1947.1;275.0;200.0;46.0;7.16;0.926;0.17498;0.04096;0.00;0.000;2.394;0.947;0.000;0.557;159.577;154.45;145.46;21676.5;1732.50;2.92;3.21;1.03;17320.60;45508.80;24859.38;29999.6;0.58;1.52;0.83;04/11/2024 16:06:33;
05/11/2024;22;2.0TD;1;0.000165736281000000;0.191;1.141333519;233.779435;33.081;43.893;156.805435;126.35;-5.98215;1.07031;0.75;0.25;117.04542;93.11680;101.96000;84.74000;75.52000;1947.1;275.0;200.0;46.0;7.09;0.926;0.17498;0.04096;0.00;0.000;1.975;0.947;0.000;0.557;131.658;126.63;121.65;21725.5;1307.20;2.85;3.21;1.03;33466.40;24111.68;24859.38;28977.8;1.15;0.83;0.86;04/11/2024 16:06:33;
05/11/2024;23;2.0TD;2;0.000147396011000000;0.201;1.234207068;177.766895;19.184;8.779;149.803895;121.05;-5.98215;1.07031;0.75;0.25;117.04542;93.11680;101.96000;84.74000;75.52000;1947.1;275.0;200.0;46.0;6.34;0.154;0.17498;0.04096;0.00;0.000;1.871;0.947;0.000;0.557;124.732;121.28;116.30;19703.1;964.60;2.10;3.21;1.03;14258.40;15824.16;24859.38;26232.4;0.54;0.60;0.95;04/11/2024 16:06:33;
05/11/2024;24;2.0TD;2;0.000121378467000000;0.213;1.303889520;168.586861;19.184;8.779;140.623861;111.85;-5.98215;1.07031;0.75;0.25;117.04542;93.11680;101.96000;84.74000;75.52000;1947.1;275.0;200.0;46.0;6.87;0.154;0.17498;0.04096;0.00;0.000;1.739;0.947;0.000;0.557;115.930;112.23;105.73;17955.0;1125.50;2.63;3.21;1.03;20064.00;17964.00;24859.38;23977.9;0.84;0.75;1.04;04/11/2024 16:06:33;
*
