pvpcdata;
2024;07;09;11;18;10;
19/06/2024;1;2.0TD;3;0.000094609747000000;0.171;0.948455363;141.042046;0.557;2.195;138.290046;105.16;0.36822;1.12511;0.75;0.25;76.33292;77.80580;101.96000;48.69000;52.19000;1745.6;275.0;154.0;62.0;9.03;0.000;0.17498;0.04096;0.00;0.000;1.771;0.947;0.000;0.557;118.095;105.16;105.16;19001.2;1780.70;4.69;3.20;1.14;67217.68;20298.60;24859.38;23986.0;2.80;0.85;1.04;18/06/2024 16:15:39;
19/06/2024;2;2.0TD;3;0.000080052377000000;0.170;0.945785000;136.363290;0.557;2.195;133.611290;99.95;0.36822;1.12511;0.75;0.25;76.33292;77.80580;101.96000;48.69000;52.19000;1745.6;275.0;154.0;62.0;10.40;0.000;0.17498;0.04096;0.00;0.000;1.713;0.947;0.000;0.557;114.197;99.96;99.83;18693.2;1661.10;6.06;3.20;1.14;75034.08;37897.20;24859.38;22731.6;3.30;1.67;1.09;18/06/2024 16:15:39;
19/06/2024;3;2.0TD;3;0.000071195815000000;0.171;0.950185652;131.092059;0.557;2.195;128.340059;94.76;0.36822;1.12511;0.75;0.25;76.33292;77.80580;101.96000;48.69000;52.19000;1745.6;275.0;154.0;62.0;11.06;0.000;0.17498;0.04096;0.00;0.000;1.644;0.947;0.000;0.557;109.598;94.76;94.76;16180.5;1580.20;6.72;3.20;1.14;82409.40;39658.72;24859.38;21889.7;3.76;1.81;1.14;18/06/2024 16:15:39;
19/06/2024;4;2.0TD;3;0.000066730156000000;0.172;0.953147463;125.823349;0.557;2.195;123.071349;90.56;0.36822;1.12511;0.75;0.25;76.33292;77.80580;101.96000;48.69000;52.19000;1745.6;275.0;154.0;62.0;10.74;0.000;0.17498;0.04096;0.00;0.000;1.575;0.947;0.000;0.557;105.009;90.56;90.56;15487.9;1436.60;6.40;3.20;1.14;88037.84;48521.36;0.00;21327.0;4.13;2.28;0.00;18/06/2024 16:15:39;
19/06/2024;5;2.0TD;3;0.000064675433000000;0.171;0.951105454;125.658619;0.557;2.195;122.906619;90.56;0.36822;1.12511;0.75;0.25;76.33292;77.80580;101.96000;48.69000;52.19000;1745.6;275.0;154.0;62.0;10.69;0.000;0.17498;0.04096;0.00;0.000;1.574;0.947;0.000;0.557;104.958;90.56;90.56;15230.2;1427.60;6.35;3.20;1.14;88035.88;45524.64;0.00;21028.6;4.19;2.16;0.00;18/06/2024 16:15:39;
19/06/2024;6;2.0TD;3;0.000064820841000000;0.168;0.930588035;129.186462;0.557;2.195;126.434462;94.76;0.36822;1.12511;0.75;0.25;76.33292;77.80580;101.96000;48.69000;52.19000;1745.6;275.0;154.0;62.0;9.73;0.000;0.17498;0.04096;0.00;0.000;1.624;0.947;0.000;0.557;108.248;94.76;94.76;15245.6;1819.90;5.39;3.20;1.14;84290.76;32198.80;0.00;21618.4;3.90;1.49;0.00;18/06/2024 16:15:39;
19/06/2024;7;2.0TD;3;0.000067264499000000;0.161;0.892618995;134.674902;0.557;2.195;131.922902;99.68;0.36822;1.12511;0.75;0.25;76.33292;77.80580;101.96000;48.69000;52.19000;1745.6;275.0;154.0;62.0;10.11;0.000;0.17498;0.04096;0.00;0.000;1.704;0.947;0.000;0.557;113.628;100.00;96.00;15856.0;1400.70;5.77;3.20;1.14;100691.20;11172.00;24859.38;23681.5;4.25;0.47;1.05;18/06/2024 16:15:39;
19/06/2024;8;2.0TD;3;0.000075517244000000;0.158;0.879172571;179.208832;0.557;2.195;176.456832;114.32;0.36822;1.12511;0.75;0.25;76.33292;77.80580;101.96000;48.69000;52.19000;1745.6;275.0;154.0;62.0;33.64;0.000;0.17498;0.04096;0.00;0.000;2.286;0.947;0.000;0.557;152.380;114.32;114.32;16966.5;1643.80;29.30;3.20;1.14;35384.20;700987.52;24859.38;25985.4;1.36;26.98;0.96;18/06/2024 16:15:39;
19/06/2024;9;2.0TD;2;0.000086997271000000;0.147;0.904598367;184.360675;19.184;8.779;156.397675;99.83;0.36822;1.12511;0.75;0.25;76.33292;77.80580;101.96000;48.69000;52.19000;1745.6;275.0;154.0;62.0;32.19;0.154;0.17498;0.04096;0.00;0.000;2.045;0.947;0.000;0.557;136.353;100.00;97.87;18906.6;1681.00;27.85;3.20;1.14;43793.08;699127.04;24859.38;27568.9;1.59;25.36;0.90;18/06/2024 16:15:39;
19/06/2024;10;2.0TD;2;0.000094234367000000;0.143;0.879669576;166.061041;19.184;8.779;138.098041;84.69;0.36822;1.12511;0.75;0.25;76.33292;77.80580;101.96000;48.69000;52.19000;1745.6;275.0;154.0;62.0;32.03;0.154;0.17498;0.04096;0.00;0.000;1.812;0.947;0.000;0.557;120.820;84.69;84.69;21670.8;1065.20;27.69;3.20;1.14;55421.64;701605.52;24859.38;28233.8;1.96;24.85;0.88;18/06/2024 16:15:39;
19/06/2024;11;2.0TD;1;0.000099992471000000;0.144;0.863381052;183.140270;33.081;43.893;106.166270;75.09;0.36822;1.12511;0.75;0.25;76.33292;77.80580;101.96000;48.69000;52.19000;1745.6;275.0;154.0;62.0;13.26;0.926;0.17498;0.04096;0.00;0.000;1.392;0.947;0.000;0.557;92.802;74.71;82.18;24362.3;1313.40;8.92;3.20;1.14;61793.92;167311.20;24859.38;28475.4;2.17;5.88;0.87;18/06/2024 16:15:39;
19/06/2024;12;2.0TD;1;0.000103353239000000;0.144;0.860249629;149.273294;33.081;43.893;72.299294;46.93;0.36822;1.12511;0.75;0.25;76.33292;77.80580;101.96000;48.69000;52.19000;1745.6;275.0;154.0;62.0;12.26;0.926;0.17498;0.04096;0.00;0.000;0.948;0.947;0.000;0.557;63.198;46.41;56.41;24993.6;1367.80;7.92;3.20;1.14;90182.40;113704.80;24859.38;28859.6;3.12;3.94;0.86;18/06/2024 16:15:39;
19/06/2024;13;2.0TD;1;0.000109198351000000;0.146;0.873210965;144.908517;33.081;43.893;67.934517;43.89;0.36822;1.12511;0.75;0.25;76.33292;77.80580;101.96000;48.69000;52.19000;1745.6;275.0;154.0;62.0;11.44;0.926;0.17498;0.04096;0.00;0.000;0.889;0.947;0.000;0.557;59.279;43.54;49.75;24777.8;1474.60;7.10;3.20;1.14;92083.68;90941.76;24859.38;29272.5;3.15;3.11;0.85;18/06/2024 16:15:39;
19/06/2024;14;2.0TD;1;0.000118798538000000;0.144;0.859488245;136.904366;33.081;43.893;59.930366;37.56;0.36822;1.12511;0.75;0.25;76.33292;77.80580;101.96000;48.69000;52.19000;1745.6;275.0;154.0;62.0;10.98;0.926;0.17498;0.04096;0.00;0.000;0.786;0.947;0.000;0.557;52.386;37.00;47.01;25676.9;1534.90;6.64;3.20;1.14;96989.16;74134.04;24859.38;29487.4;3.29;2.51;0.84;18/06/2024 16:15:39;
19/06/2024;15;2.0TD;2;0.000120167097000000;0.144;0.885278220;87.972302;19.184;8.779;60.009302;37.01;0.36822;1.12511;0.75;0.25;76.33292;77.80580;101.96000;48.69000;52.19000;1745.6;275.0;154.0;62.0;12.37;0.154;0.17498;0.04096;0.00;0.000;0.787;0.947;0.000;0.557;52.455;36.40;48.00;26192.1;1460.30;8.03;3.20;1.14;97439.80;110676.00;24859.38;29036.4;3.36;3.81;0.86;18/06/2024 16:15:39;
19/06/2024;16;2.0TD;2;0.000111569834000000;0.146;0.892874754;85.878039;19.184;8.779;57.915039;35.37;0.36822;1.12511;0.75;0.25;76.33292;77.80580;101.96000;48.69000;52.19000;1745.6;275.0;154.0;62.0;12.12;0.154;0.17498;0.04096;0.00;0.000;0.758;0.947;0.000;0.557;50.536;35.02;40.00;25654.1;1955.90;7.78;3.20;1.14;88926.44;106648.80;24859.38;28353.3;3.14;3.76;0.88;18/06/2024 16:15:39;
19/06/2024;17;2.0TD;2;0.000107069976000000;0.147;0.900539430;85.439954;19.184;8.779;57.476954;35.29;0.36822;1.12511;0.75;0.25;76.33292;77.80580;101.96000;48.69000;52.19000;1745.6;275.0;154.0;62.0;11.78;0.154;0.17498;0.04096;0.00;0.000;0.752;0.947;0.000;0.557;50.110;35.01;38.51;25418.6;2238.10;7.44;3.20;1.14;88935.00;94117.20;24859.38;27963.4;3.18;3.37;0.89;18/06/2024 16:15:39;
19/06/2024;18;2.0TD;2;0.000107036688000000;0.150;0.918321291;93.318286;19.184;8.779;65.355286;35.83;0.36822;1.12511;0.75;0.25;76.33292;77.80580;101.96000;48.69000;52.19000;1745.6;275.0;154.0;62.0;17.86;0.154;0.17498;0.04096;0.00;0.000;0.852;0.947;0.000;0.557;56.830;35.02;49.44;25778.7;1530.00;13.52;3.20;1.14;88917.52;264994.04;24859.38;28013.7;3.17;9.46;0.89;18/06/2024 16:15:39;
19/06/2024;19;2.0TD;1;0.000107009470000000;0.152;0.910394902;165.427652;33.081;43.893;88.453652;39.19;0.36822;1.12511;0.75;0.25;76.33292;77.80580;101.96000;48.69000;52.19000;1745.6;275.0;154.0;62.0;33.38;0.926;0.17498;0.04096;0.00;0.000;1.152;0.947;0.000;0.557;76.782;38.47;50.79;23615.1;1473.70;29.04;3.20;1.14;86542.68;702777.24;24859.38;28036.8;3.09;25.07;0.89;18/06/2024 16:15:39;
19/06/2024;20;2.0TD;1;0.000107855070000000;0.153;0.917433712;225.003846;33.081;43.893;148.029846;80.24;0.36822;1.12511;0.75;0.25;76.33292;77.80580;101.96000;48.69000;52.19000;1745.6;275.0;154.0;62.0;43.16;0.926;0.17498;0.04096;0.00;0.000;1.926;0.947;0.000;0.557;128.386;79.83;88.22;23358.0;1193.60;38.82;3.20;1.14;58385.96;1010560.00;24859.38;28176.9;2.07;35.86;0.88;18/06/2024 16:15:39;
19/06/2024;21;2.0TD;1;0.000113128996000000;0.153;0.913621264;220.367633;33.081;43.893;143.393633;87.60;0.36822;1.12511;0.75;0.25;76.33292;77.80580;101.96000;48.69000;52.19000;1745.6;275.0;154.0;62.0;31.84;0.926;0.17498;0.04096;0.00;0.000;1.865;0.947;0.000;0.557;124.365;87.41;90.54;19784.7;1258.40;27.50;3.20;1.14;53764.04;702228.80;24859.38;28396.6;1.89;24.73;0.88;18/06/2024 16:15:39;
19/06/2024;22;2.0TD;1;0.000122413210000000;0.154;0.919742934;217.212331;33.081;43.893;140.238331;109.91;0.36822;1.12511;0.75;0.25;76.33292;77.80580;101.96000;48.69000;52.19000;1745.6;275.0;154.0;62.0;6.73;0.926;0.17498;0.04096;0.00;0.000;1.823;0.947;0.000;0.557;121.523;109.81;111.36;18967.4;1347.10;2.39;3.20;1.14;36018.96;6703.20;24859.38;28311.4;1.27;0.24;0.88;18/06/2024 16:15:39;
19/06/2024;23;2.0TD;2;0.000126777499000000;0.158;0.968502367;166.051818;19.184;8.779;138.088818;109.00;0.36822;1.12511;0.75;0.25;76.33292;77.80580;101.96000;48.69000;52.19000;1745.6;275.0;154.0;62.0;6.17;0.154;0.17498;0.04096;0.00;0.000;1.789;0.947;0.000;0.557;119.247;109.00;109.00;18677.8;1433.40;1.83;3.20;1.14;13496.84;11172.00;24859.38;27167.8;0.50;0.41;0.92;18/06/2024 16:15:39;
19/06/2024;24;2.0TD;2;0.000111114151000000;0.157;0.960280643;144.213366;19.184;8.779;116.250366;89.59;0.36822;1.12511;0.75;0.25;76.33292;77.80580;101.96000;48.69000;52.19000;1745.6;275.0;154.0;62.0;7.09;0.154;0.17498;0.04096;0.00;0.000;1.507;0.947;0.000;0.557;100.475;89.59;89.59;17450.8;1193.00;2.75;3.20;1.14;24299.72;19176.00;24859.38;24913.5;0.98;0.77;1.00;18/06/2024 16:15:39;
*
