pvpcdata;
2024;09;10;12;18;53;
05/08/2024;1;2.0TD;3;0.000115897842000000;0.182;1.012220131;152.227039;0.557;2.195;149.475039;119.89;-5.19254;0.87779;0.75;0.25;109.82417;89.05400;101.96000;73.51000;75.32000;2579.2;275.0;234.0;57.0;7.51;0.000;0.17498;0.04096;0.00;0.000;1.897;0.947;0.000;0.557;126.459;119.96;118.96;20465.6;1603.50;3.38;3.08;1.05;45159.84;16064.00;24859.38;25464.4;1.77;0.63;0.98;04/08/2024 16:12:37;
05/08/2024;2;2.0TD;3;0.000098419055000000;0.182;1.008702572;147.955291;0.557;2.195;145.203291;116.23;-5.19254;0.87779;0.75;0.25;109.82417;89.05400;101.96000;73.51000;75.32000;2579.2;275.0;234.0;57.0;7.61;0.000;0.17498;0.04096;0.00;0.000;1.843;0.947;0.000;0.557;122.845;116.42;113.62;19092.6;1413.80;3.48;3.08;1.05;58957.12;24386.88;0.00;23962.0;2.46;1.02;0.00;04/08/2024 16:12:37;
05/08/2024;3;2.0TD;3;0.000087955814000000;0.181;1.003674388;145.242512;0.557;2.195;142.490512;114.01;-5.19254;0.87779;0.75;0.25;109.82417;89.05400;101.96000;73.51000;75.32000;2579.2;275.0;234.0;57.0;7.67;0.000;0.17498;0.04096;0.00;0.000;1.810;0.947;0.000;0.557;120.652;114.17;111.98;17928.8;1439.00;3.54;3.08;1.05;64563.00;15852.16;0.00;22723.4;2.84;0.70;0.00;04/08/2024 16:12:37;
05/08/2024;4;2.0TD;3;0.000081876515000000;0.179;0.995879864;147.909801;0.557;2.195;145.157801;115.97;-5.19254;0.87779;0.75;0.25;109.82417;89.05400;101.96000;73.51000;75.32000;2579.2;275.0;234.0;57.0;8.14;0.000;0.17498;0.04096;0.00;0.000;1.847;0.947;0.000;0.557;123.119;115.97;115.97;16872.1;1462.90;4.01;3.08;1.05;71713.60;15960.00;0.00;21871.9;3.28;0.73;0.00;04/08/2024 16:12:37;
05/08/2024;5;2.0TD;3;0.000078158488000000;0.176;0.980076893;147.600418;0.557;2.195;144.848418;115.97;-5.19254;0.87779;0.75;0.25;109.82417;89.05400;101.96000;73.51000;75.32000;2579.2;275.0;234.0;57.0;8.19;0.000;0.17498;0.04096;0.00;0.000;1.848;0.947;0.000;0.557;123.170;115.97;115.97;16782.4;1448.00;4.06;3.08;1.05;71440.80;15852.16;0.00;21490.3;3.32;0.74;0.00;04/08/2024 16:12:37;
05/08/2024;6;2.0TD;3;0.000076483909000000;0.172;0.953085094;149.022785;0.557;2.195;146.270785;118.28;-5.19254;0.87779;0.75;0.25;109.82417;89.05400;101.96000;73.51000;75.32000;2579.2;275.0;234.0;57.0;7.49;0.000;0.17498;0.04096;0.00;0.000;1.872;0.947;0.000;0.557;124.804;118.04;121.04;16883.0;1493.70;3.36;3.08;1.05;59477.64;13725.60;0.00;21763.1;2.73;0.63;0.00;04/08/2024 16:12:37;
05/08/2024;7;2.0TD;3;0.000077261021000000;0.166;0.919992708;153.174656;0.557;2.195;150.422656;121.48;-5.19254;0.87779;0.75;0.25;109.82417;89.05400;101.96000;73.51000;75.32000;2579.2;275.0;234.0;57.0;8.43;0.000;0.17498;0.04096;0.00;0.000;1.935;0.947;0.000;0.557;129.007;121.28;124.28;18350.4;1296.20;4.30;3.08;1.05;61794.00;15852.16;24859.38;23835.2;2.59;0.67;1.04;04/08/2024 16:12:37;
05/08/2024;8;2.0TD;3;0.000077432376000000;0.163;0.908074987;157.982755;0.557;2.195;155.230755;126.53;-5.19254;0.87779;0.75;0.25;109.82417;89.05400;101.96000;73.51000;75.32000;2579.2;275.0;234.0;57.0;7.78;0.000;0.17498;0.04096;0.00;0.000;2.002;0.947;0.000;0.557;133.474;126.10;134.08;19894.5;1132.40;3.65;3.08;1.05;50129.24;19176.00;24859.38;25791.3;1.94;0.74;0.96;04/08/2024 16:12:37;
05/08/2024;9;2.0TD;2;0.000084061815000000;0.147;0.902919539;176.451812;19.184;8.779;148.488812;123.40;-5.19254;0.87779;0.75;0.25;109.82417;89.05400;101.96000;73.51000;75.32000;2579.2;275.0;234.0;57.0;6.80;0.154;0.17498;0.04096;0.00;0.000;1.942;0.947;0.000;0.557;129.458;123.00;130.98;21580.9;1126.90;2.67;3.08;1.05;19503.36;28776.00;24859.38;27356.7;0.71;1.05;0.91;04/08/2024 16:12:37;
05/08/2024;10;2.0TD;2;0.000095248717000000;0.140;0.858609530;169.458003;19.184;8.779;141.495003;117.28;-5.19254;0.87779;0.75;0.25;109.82417;89.05400;101.96000;73.51000;75.32000;2579.2;275.0;234.0;57.0;7.66;0.154;0.17498;0.04096;0.00;0.000;1.862;0.947;0.000;0.557;124.118;117.23;118.04;23531.0;1565.60;3.53;3.08;1.05;28604.76;48727.36;24859.38;29007.5;0.99;1.68;0.86;04/08/2024 16:12:37;
05/08/2024;11;2.0TD;1;0.000103450026000000;0.147;0.879307494;219.537410;33.081;43.893;142.563410;113.67;-5.19254;0.87779;0.75;0.25;109.82417;89.05400;101.96000;73.51000;75.32000;2579.2;275.0;234.0;57.0;10.67;0.926;0.17498;0.04096;0.00;0.000;1.864;0.947;0.000;0.557;124.292;114.17;104.17;24673.2;1294.30;6.54;3.08;1.05;37736.16;137894.40;24859.38;30632.9;1.23;4.50;0.81;04/08/2024 16:12:37;
05/08/2024;12;2.0TD;1;0.000107594916000000;0.147;0.879149988;188.004086;33.081;43.893;111.030086;88.78;-5.19254;0.87779;0.75;0.25;109.82417;89.05400;101.96000;73.51000;75.32000;2579.2;275.0;234.0;57.0;8.48;0.926;0.17498;0.04096;0.00;0.000;1.452;0.947;0.000;0.557;96.800;88.62;93.60;25337.9;852.00;4.35;3.08;1.05;65936.32;46028.64;24859.38;31406.8;2.10;1.47;0.79;04/08/2024 16:12:37;
05/08/2024;13;2.0TD;1;0.000113267794000000;0.146;0.874703087;181.636374;33.081;43.893;104.662374;83.11;-5.19254;0.87779;0.75;0.25;109.82417;89.05400;101.96000;73.51000;75.32000;2579.2;275.0;234.0;57.0;8.76;0.926;0.17498;0.04096;0.00;0.000;1.370;0.947;0.000;0.557;91.328;83.01;86.01;26046.0;869.60;4.63;3.08;1.05;72293.60;53625.60;24859.38;32500.2;2.22;1.65;0.76;04/08/2024 16:12:37;
05/08/2024;14;2.0TD;1;0.000123696550000000;0.142;0.851894348;180.992412;33.081;43.893;104.018412;82.62;-5.19254;0.87779;0.75;0.25;109.82417;89.05400;101.96000;73.51000;75.32000;2579.2;275.0;234.0;57.0;9.01;0.926;0.17498;0.04096;0.00;0.000;1.366;0.947;0.000;0.557;91.084;82.59;83.69;26602.6;833.80;4.88;3.08;1.05;72859.48;63840.00;24859.38;33132.3;2.20;1.93;0.75;04/08/2024 16:12:37;
05/08/2024;15;2.0TD;2;0.000130094309000000;0.143;0.879715957;130.191118;19.184;8.779;102.228118;82.18;-5.19254;0.87779;0.75;0.25;109.82417;89.05400;101.96000;73.51000;75.32000;2579.2;275.0;234.0;57.0;8.60;0.154;0.17498;0.04096;0.00;0.000;1.342;0.947;0.000;0.557;89.438;82.10;84.64;26962.1;835.40;4.47;3.08;1.05;73278.64;52221.12;24859.38;33672.8;2.18;1.55;0.74;04/08/2024 16:12:37;
05/08/2024;16;2.0TD;2;0.000126622726000000;0.143;0.877072464;130.191118;19.184;8.779;102.228118;81.68;-5.19254;0.87779;0.75;0.25;109.82417;89.05400;101.96000;73.51000;75.32000;2579.2;275.0;234.0;57.0;9.10;0.154;0.17498;0.04096;0.00;0.000;1.342;0.947;0.000;0.557;89.438;81.58;85.00;27091.7;828.60;4.97;3.08;1.05;73871.44;65946.72;24859.38;33106.9;2.23;1.99;0.75;04/08/2024 16:12:37;
05/08/2024;17;2.0TD;2;0.000124421495000000;0.145;0.891039822;129.590250;19.184;8.779;101.627250;81.54;-5.19254;0.87779;0.75;0.25;109.82417;89.05400;101.96000;73.51000;75.32000;2579.2;275.0;234.0;57.0;8.57;0.154;0.17498;0.04096;0.00;0.000;1.331;0.947;0.000;0.557;88.757;81.45;85.00;26974.8;721.00;4.44;3.08;1.05;74081.84;47943.84;24859.38;33041.0;2.24;1.45;0.75;04/08/2024 16:12:37;
05/08/2024;18;2.0TD;2;0.000125382153000000;0.151;0.926273754;131.093088;19.184;8.779;103.130088;82.09;-5.19254;0.87779;0.75;0.25;109.82417;89.05400;101.96000;73.51000;75.32000;2579.2;275.0;234.0;57.0;8.85;0.154;0.17498;0.04096;0.00;0.000;1.344;0.947;0.000;0.557;89.600;81.97;86.97;26365.3;672.60;4.72;3.08;1.05;73399.52;57966.72;24859.38;33075.8;2.22;1.75;0.75;04/08/2024 16:12:37;
05/08/2024;19;2.0TD;1;0.000126097575000000;0.151;0.906969481;189.244179;33.081;43.893;112.270179;86.94;-5.19254;0.87779;0.75;0.25;109.82417;89.05400;101.96000;73.51000;75.32000;2579.2;275.0;234.0;57.0;11.05;0.926;0.17498;0.04096;0.00;0.000;1.463;0.947;0.000;0.557;97.541;86.69;95.36;25256.5;740.90;6.92;3.08;1.05;70291.36;132572.20;24859.38;32907.9;2.14;4.03;0.76;04/08/2024 16:12:37;
05/08/2024;20;2.0TD;1;0.000125907249000000;0.155;0.930727310;223.135119;33.081;43.893;146.161119;119.11;-5.19254;0.87779;0.75;0.25;109.82417;89.05400;101.96000;73.51000;75.32000;2579.2;275.0;234.0;57.0;7.45;0.926;0.17498;0.04096;0.00;0.000;1.898;0.947;0.000;0.557;126.546;118.85;124.98;24822.8;1093.10;3.32;3.08;1.05;33704.88;48247.76;24859.38;32078.5;1.05;1.50;0.77;04/08/2024 16:12:37;
05/08/2024;21;2.0TD;1;0.000129148841000000;0.159;0.953914140;237.878461;33.081;43.893;160.904461;128.71;-5.19254;0.87779;0.75;0.25;109.82417;89.05400;101.96000;73.51000;75.32000;2579.2;275.0;234.0;57.0;9.95;0.926;0.17498;0.04096;0.00;0.000;2.082;0.947;0.000;0.557;138.830;129.38;118.60;24117.5;1598.20;5.82;3.08;1.05;114959.24;47920.00;24859.38;32237.7;3.57;1.49;0.77;04/08/2024 16:12:37;
05/08/2024;22;2.0TD;1;0.000145564134000000;0.158;0.947972947;261.676649;33.081;43.893;184.702649;150.13;-5.19254;0.87779;0.75;0.25;109.82417;89.05400;101.96000;73.51000;75.32000;2579.2;275.0;234.0;57.0;8.89;0.926;0.17498;0.04096;0.00;0.000;2.393;0.947;0.000;0.557;159.501;150.89;140.83;24087.8;1956.60;4.76;3.08;1.05;96494.20;31832.16;24859.38;32153.2;3.00;0.99;0.77;04/08/2024 16:12:37;
05/08/2024;23;2.0TD;2;0.000146564256000000;0.163;1.002750738;200.437556;19.184;8.779;172.474556;139.39;-5.19254;0.87779;0.75;0.25;109.82417;89.05400;101.96000;73.51000;75.32000;2579.2;275.0;234.0;57.0;9.37;0.154;0.17498;0.04096;0.00;0.000;2.225;0.947;0.000;0.557;148.301;140.00;131.90;23008.7;1863.50;5.24;3.08;1.05;115528.04;22372.00;24859.38;31042.4;3.72;0.72;0.80;04/08/2024 16:12:37;
05/08/2024;24;2.0TD;2;0.000129877553000000;0.164;1.003801251;185.435233;19.184;8.779;157.472233;125.56;-5.19254;0.87779;0.75;0.25;109.82417;89.05400;101.96000;73.51000;75.32000;2579.2;275.0;234.0;57.0;10.38;0.154;0.17498;0.04096;0.00;0.000;2.029;0.947;0.000;0.557;135.285;126.34;115.81;21378.6;1712.60;6.25;3.08;1.05;141356.92;12784.00;24859.38;28663.1;4.93;0.45;0.87;04/08/2024 16:12:37;
*
