pvpcdata;
2024;06;11;12;30;56;
05/05/2024;1;2.0TD;3;0.000087664766000000;0.198;1.101227227;85.219277;0.557;2.195;82.467277;29.50;14.47241;1.07198;0.75;0.25;17.52917;75.41880;101.96000;48.69000;28.32000;1828.4;275.0;154.0;61.0;21.07;0.000;0.17498;0.04096;0.00;0.000;1.033;0.947;0.000;0.557;68.837;30.00;23.82;18255.2;1607.20;16.66;3.16;1.25;296066.80;34048.04;24859.38;21315.2;13.89;1.60;1.17;04/05/2024 16:08:37;
05/05/2024;2;2.0TD;3;0.000074064665000000;0.200;1.112420602;82.554952;0.557;2.195;79.802952;26.38;14.47241;1.07198;0.75;0.25;17.52917;75.41880;101.96000;48.69000;28.32000;1828.4;275.0;154.0;61.0;21.89;0.000;0.17498;0.04096;0.00;0.000;0.998;0.947;0.000;0.557;66.502;26.87;21.00;17285.1;1573.20;17.48;3.16;1.25;305828.24;42213.60;0.00;19909.3;15.36;2.12;0.00;04/05/2024 16:08:37;
05/05/2024;3;2.0TD;3;0.000064592882000000;0.204;1.134049047;81.647062;0.557;2.195;78.895062;23.95;14.47241;1.07198;0.75;0.25;17.52917;75.41880;101.96000;48.69000;28.32000;1828.4;275.0;154.0;61.0;23.36;0.000;0.17498;0.04096;0.00;0.000;0.983;0.947;0.000;0.557;65.527;24.13;22.13;16916.7;1624.20;18.95;3.16;1.25;311994.24;47910.00;0.00;18994.0;16.43;2.52;0.00;04/05/2024 16:08:37;
05/05/2024;4;2.0TD;3;0.000059495533000000;0.205;1.136222997;81.052249;0.557;2.195;78.300249;22.44;14.47241;1.07198;0.75;0.25;17.52917;75.41880;101.96000;48.69000;28.32000;1828.4;275.0;154.0;61.0;24.33;0.000;0.17498;0.04096;0.00;0.000;0.975;0.947;0.000;0.557;64.979;22.62;20.62;16150.7;1633.10;19.92;3.16;1.25;316788.48;50083.00;0.00;18418.8;17.20;2.72;0.00;04/05/2024 16:08:37;
05/05/2024;5;2.0TD;3;0.000057064057000000;0.205;1.139602405;81.993354;0.557;2.195;79.241354;22.68;14.47241;1.07198;0.75;0.25;17.52917;75.41880;101.96000;48.69000;28.32000;1828.4;275.0;154.0;61.0;24.86;0.000;0.17498;0.04096;0.00;0.000;0.986;0.947;0.000;0.557;65.760;22.86;20.86;16224.3;1594.60;20.45;3.16;1.25;316254.88;51583.44;0.00;17985.8;17.58;2.87;0.00;04/05/2024 16:08:37;
05/05/2024;6;2.0TD;3;0.000056601137000000;0.205;1.138176963;83.681559;0.557;2.195;80.929559;24.62;14.47241;1.07198;0.75;0.25;17.52917;75.41880;101.96000;48.69000;28.32000;1828.4;275.0;154.0;61.0;24.30;0.000;0.17498;0.04096;0.00;0.000;1.007;0.947;0.000;0.557;67.161;24.81;22.81;16279.2;1670.80;19.89;3.16;1.25;311395.00;48021.60;0.00;18073.9;17.23;2.66;0.00;04/05/2024 16:08:37;
05/05/2024;7;2.0TD;3;0.000056940217000000;0.202;1.122721195;84.701307;0.557;2.195;81.949307;26.71;14.47241;1.07198;0.75;0.25;17.52917;75.41880;101.96000;48.69000;28.32000;1828.4;275.0;154.0;61.0;23.21;0.000;0.17498;0.04096;0.00;0.000;1.023;0.947;0.000;0.557;68.177;26.87;24.87;16679.8;1422.50;18.80;3.16;1.25;303735.40;42799.60;0.00;18431.5;16.48;2.32;0.00;04/05/2024 16:08:37;
05/05/2024;8;2.0TD;3;0.000056465976000000;0.199;1.107419227;82.755827;0.557;2.195;80.003827;25.46;14.47241;1.07198;0.75;0.25;17.52917;75.41880;101.96000;48.69000;28.32000;1828.4;275.0;154.0;61.0;23.03;0.000;0.17498;0.04096;0.00;0.000;1.001;0.947;0.000;0.557;66.725;25.63;23.63;16878.2;1537.30;18.62;3.16;1.25;301177.04;45467.52;0.00;18615.9;16.18;2.44;0.00;04/05/2024 16:08:37;
05/05/2024;9;2.0TD;3;0.000067630635000000;0.179;0.993139702;73.461888;0.557;2.195;70.709888;16.42;14.47241;1.07198;0.75;0.25;17.52917;75.41880;101.96000;48.69000;28.32000;1828.4;275.0;154.0;61.0;25.42;0.000;0.17498;0.04096;0.00;0.000;0.900;0.947;0.000;0.557;59.974;16.72;12.71;18312.0;1463.20;21.01;3.16;1.25;347290.08;65508.48;0.00;19648.0;17.68;3.33;0.00;04/05/2024 16:08:37;
05/05/2024;10;2.0TD;3;0.000086139168000000;0.162;0.900960019;50.228369;0.557;2.195;47.476369;3.25;14.47241;1.07198;0.75;0.25;17.52917;75.41880;101.96000;48.69000;28.32000;1828.4;275.0;154.0;61.0;19.76;0.000;0.17498;0.04096;0.00;0.000;0.613;0.947;0.000;0.557;40.857;3.25;3.26;21939.9;2125.50;15.35;3.16;1.25;212405.28;109548.00;0.00;20980.3;10.12;5.22;0.00;04/05/2024 16:08:37;
05/05/2024;11;2.0TD;3;0.000101563036000000;0.149;0.825152296;51.784955;0.557;2.195;49.032955;1.97;14.47241;1.07198;0.75;0.25;17.52917;75.41880;101.96000;48.69000;28.32000;1828.4;275.0;154.0;61.0;22.83;0.000;0.17498;0.04096;0.00;0.000;0.640;0.947;0.000;0.557;42.674;1.88;3.25;23959.3;1636.20;18.42;3.16;1.25;321361.96;76954.40;0.00;21621.4;14.86;3.56;0.00;04/05/2024 16:08:37;
05/05/2024;12;2.0TD;3;0.000108267291000000;0.148;0.822150178;48.817176;0.557;2.195;46.065176;0.44;14.47241;1.07198;0.75;0.25;17.52917;75.41880;101.96000;48.69000;28.32000;1828.4;275.0;154.0;61.0;21.85;0.000;0.17498;0.04096;0.00;0.000;0.602;0.947;0.000;0.557;40.126;0.44;0.44;24821.0;2050.60;17.44;3.16;1.25;324082.64;56952.72;0.00;21851.3;14.83;2.61;0.00;04/05/2024 16:08:37;
05/05/2024;13;2.0TD;3;0.000110549000000000;0.148;0.820552373;48.315500;0.557;2.195;45.563500;-0.07;14.47241;1.07198;0.75;0.25;17.52917;75.41880;101.96000;48.69000;28.32000;1828.4;275.0;154.0;61.0;21.93;0.000;0.17498;0.04096;0.00;0.000;0.595;0.947;0.000;0.557;39.689;0.00;-1.00;23777.0;1671.70;17.52;3.16;1.25;328379.60;55030.08;0.00;21889.7;15.00;2.51;0.00;04/05/2024 16:08:37;
05/05/2024;14;2.0TD;3;0.000115915024000000;0.144;0.799941388;45.532406;0.557;2.195;42.780406;-0.35;14.47241;1.07198;0.75;0.25;17.52917;75.41880;101.96000;48.69000;28.32000;1828.4;275.0;154.0;61.0;19.95;0.000;0.17498;0.04096;0.00;0.000;0.561;0.947;0.000;0.557;37.395;-0.04;-4.00;23301.1;1995.40;15.54;3.16;1.25;296539.92;51680.72;0.00;22409.4;13.23;2.31;0.00;04/05/2024 16:08:37;
05/05/2024;15;2.0TD;3;0.000113237998000000;0.144;0.800409299;43.825558;0.557;2.195;41.073558;-0.87;14.47241;1.07198;0.75;0.25;17.52917;75.41880;101.96000;48.69000;28.32000;1828.4;275.0;154.0;61.0;19.00;0.000;0.17498;0.04096;0.00;0.000;0.539;0.947;0.000;0.557;35.903;-0.58;-5.00;23909.1;2061.60;14.59;3.16;1.25;299086.24;24180.20;0.00;22155.3;13.50;1.09;0.00;04/05/2024 16:08:37;
05/05/2024;16;2.0TD;3;0.000097619157000000;0.153;0.850614853;45.353575;0.557;2.195;42.601575;-0.42;14.47241;1.07198;0.75;0.25;17.52917;75.41880;101.96000;48.69000;28.32000;1828.4;275.0;154.0;61.0;19.58;0.000;0.17498;0.04096;0.00;0.000;0.554;0.947;0.000;0.557;36.948;-0.10;-4.00;21585.2;1965.20;15.17;3.16;1.25;298002.68;20748.00;0.00;21010.9;14.18;0.99;0.00;04/05/2024 16:08:37;
05/05/2024;17;2.0TD;3;0.000088864561000000;0.159;0.880682831;49.164688;0.557;2.195;46.412688;-0.18;14.47241;1.07198;0.75;0.25;17.52917;75.41880;101.96000;48.69000;28.32000;1828.4;275.0;154.0;61.0;22.39;0.000;0.17498;0.04096;0.00;0.000;0.601;0.947;0.000;0.557;40.045;0.00;-2.40;22562.6;1839.10;17.98;3.16;1.25;331476.84;31012.16;0.00;20164.2;16.44;1.54;0.00;04/05/2024 16:08:37;
05/05/2024;18;2.0TD;3;0.000086179682000000;0.163;0.904995943;49.749365;0.557;2.195;46.997365;0.00;14.47241;1.07198;0.75;0.25;17.52917;75.41880;101.96000;48.69000;28.32000;1828.4;275.0;154.0;61.0;22.57;0.000;0.17498;0.04096;0.00;0.000;0.606;0.947;0.000;0.557;40.410;0.00;0.00;23125.4;1786.80;18.16;3.16;1.25;325770.28;41687.52;0.00;20236.0;16.10;2.06;0.00;04/05/2024 16:08:37;
05/05/2024;19;2.0TD;3;0.000087631092000000;0.168;0.932452749;53.663321;0.557;2.195;50.911321;3.25;14.47241;1.07198;0.75;0.25;17.52917;75.41880;101.96000;48.69000;28.32000;1828.4;275.0;154.0;61.0;22.45;0.000;0.17498;0.04096;0.00;0.000;0.654;0.947;0.000;0.557;43.588;3.25;3.25;23711.0;1952.80;18.04;3.16;1.25;318104.72;61226.88;0.00;21026.3;15.13;2.91;0.00;04/05/2024 16:08:37;
05/05/2024;20;2.0TD;3;0.000092457055000000;0.173;0.962010943;57.441319;0.557;2.195;54.689319;6.61;14.47241;1.07198;0.75;0.25;17.52917;75.41880;101.96000;48.69000;28.32000;1828.4;275.0;154.0;61.0;22.08;0.000;0.17498;0.04096;0.00;0.000;0.699;0.947;0.000;0.557;46.623;6.10;17.20;22470.9;1073.30;17.67;3.16;1.25;310754.36;80701.44;0.00;22147.5;14.03;3.64;0.00;04/05/2024 16:08:37;
05/05/2024;21;2.0TD;3;0.000104757836000000;0.176;0.977091275;78.331709;0.557;2.195;75.579709;29.90;14.47241;1.07198;0.75;0.25;17.52917;75.41880;101.96000;48.69000;28.32000;1828.4;275.0;154.0;61.0;16.17;0.000;0.17498;0.04096;0.00;0.000;0.964;0.947;0.000;0.557;64.268;29.90;29.90;20517.4;1361.20;11.76;3.16;1.25;241789.20;36537.48;0.00;23668.9;10.22;1.54;0.00;04/05/2024 16:08:37;
05/05/2024;22;2.0TD;3;0.000126439012000000;0.174;0.966951855;98.107168;0.557;2.195;95.355168;54.33;14.47241;1.07198;0.75;0.25;17.52917;75.41880;101.96000;48.69000;28.32000;1828.4;275.0;154.0;61.0;8.44;0.000;0.17498;0.04096;0.00;0.000;1.218;0.947;0.000;0.557;81.222;54.33;54.43;21148.0;1053.30;4.03;3.16;1.25;68032.20;8304.40;24859.38;25082.2;2.71;0.33;0.99;04/05/2024 16:08:37;
05/05/2024;23;2.0TD;3;0.000121921421000000;0.179;0.992944833;95.581107;0.557;2.195;92.829107;51.62;14.47241;1.07198;0.75;0.25;17.52917;75.41880;101.96000;48.69000;28.32000;1828.4;275.0;154.0;61.0;8.70;0.000;0.17498;0.04096;0.00;0.000;1.181;0.947;0.000;0.557;78.735;51.61;51.71;19905.0;1084.70;4.29;3.16;1.25;70477.96;8304.40;24859.38;24193.4;2.91;0.34;1.03;04/05/2024 16:08:37;
05/05/2024;24;2.0TD;3;0.000102885501000000;0.185;1.026698583;94.923030;0.557;2.195;92.171030;50.20;14.47241;1.07198;0.75;0.25;17.52917;75.41880;101.96000;48.69000;28.32000;1828.4;275.0;154.0;61.0;9.18;0.000;0.17498;0.04096;0.00;0.000;1.167;0.947;0.000;0.557;77.781;50.15;51.00;18976.0;1121.40;4.77;3.16;1.25;71714.28;8304.40;24859.38;21981.4;3.26;0.38;1.13;04/05/2024 16:08:37;
*
