pvpcdata;
2024;02;09;12;01;32;
06/01/2024;1;2.0TD;3;0.000132653891000000;0.235;1.303463239;101.882579;0.557;2.195;99.130579;52.69;13.58065;0.69431;0.75;0.25;43.97000;98.29260;101.96000;97.42000;81.63000;2961.2;275.0;177.0;62.0;15.61;0.000;0.17498;0.03702;0.00;0.000;0.000;1.204;0.565;0.000;0.557;80.267;52.50;57.00;17694.2;779.00;10.47;3.56;1.58;165379.80;63920.00;24859.38;24263.6;6.82;2.63;1.02;05/01/2024 16:12:13;
06/01/2024;2;2.0TD;3;0.000111724146000000;0.243;1.349490325;94.486240;0.557;2.195;91.734240;45.48;13.58065;0.69431;0.75;0.25;43.97000;98.29260;101.96000;97.42000;81.63000;2961.2;275.0;177.0;62.0;16.45;0.000;0.17498;0.03702;0.00;0.000;0.000;1.107;0.565;0.000;0.557;73.800;45.00;55.99;18354.5;841.60;11.31;3.56;1.58;168910.08;57272.32;24859.38;22198.7;7.61;2.58;1.12;05/01/2024 16:12:13;
06/01/2024;3;2.0TD;3;0.000095630249000000;0.253;1.403461602;95.249306;0.557;2.195;92.497306;44.36;13.58065;0.69431;0.75;0.25;43.97000;98.29260;101.96000;97.42000;81.63000;2961.2;275.0;177.0;62.0;17.59;0.000;0.17498;0.03702;0.00;0.000;0.000;1.107;0.565;0.000;0.557;73.820;44.20;47.70;18237.4;856.30;12.45;3.56;1.58;171191.92;65344.00;24859.38;20997.3;8.15;3.11;1.18;05/01/2024 16:12:13;
06/01/2024;4;2.0TD;3;0.000085821339000000;0.259;1.437783436;93.967400;0.557;2.195;91.215400;43.57;13.58065;0.69431;0.75;0.25;43.97000;98.29260;101.96000;97.42000;81.63000;2961.2;275.0;177.0;62.0;17.03;0.000;0.17498;0.03702;0.00;0.000;0.000;1.087;0.565;0.000;0.557;72.450;43.50;44.65;18082.5;1171.30;11.89;3.56;1.58;174479.52;64384.00;0.00;20084.9;8.69;3.21;0.00;05/01/2024 16:12:13;
06/01/2024;5;2.0TD;3;0.000080764828000000;0.263;1.459680025;71.407007;0.557;2.195;68.655007;24.04;13.58065;0.69431;0.75;0.25;43.97000;98.29260;101.96000;97.42000;81.63000;2961.2;275.0;177.0;62.0;18.74;0.000;0.17498;0.03702;0.00;0.000;0.000;0.815;0.565;0.000;0.557;54.358;23.99;24.72;17994.2;1222.90;13.60;3.56;1.58;199382.56;71557.56;0.00;19919.2;10.01;3.59;0.00;05/01/2024 16:12:13;
06/01/2024;6;2.0TD;3;0.000079525108000000;0.263;1.463497409;71.420900;0.557;2.195;68.668900;24.04;13.58065;0.69431;0.75;0.25;43.97000;98.29260;101.96000;97.42000;81.63000;2961.2;275.0;177.0;62.0;18.75;0.000;0.17498;0.03702;0.00;0.000;0.000;0.816;0.565;0.000;0.557;54.369;23.99;24.72;17888.2;1190.70;13.61;3.56;1.58;198728.16;70838.84;0.00;19812.4;10.03;3.58;0.00;05/01/2024 16:12:13;
06/01/2024;7;2.0TD;3;0.000080971435000000;0.260;1.442054660;78.676671;0.557;2.195;75.924671;30.58;13.58065;0.69431;0.75;0.25;43.97000;98.29260;101.96000;97.42000;81.63000;2961.2;275.0;177.0;62.0;18.01;0.000;0.17498;0.03702;0.00;0.000;0.000;0.904;0.565;0.000;0.557;60.257;30.51;31.66;17657.3;1128.30;12.87;3.56;1.58;191988.36;63680.00;0.00;19858.3;9.67;3.21;0.00;05/01/2024 16:12:13;
06/01/2024;8;2.0TD;3;0.000085212381000000;0.253;1.406184473;94.461169;0.557;2.195;91.709169;44.47;13.58065;0.69431;0.75;0.25;43.97000;98.29260;101.96000;97.42000;81.63000;2961.2;275.0;177.0;62.0;16.86;0.000;0.17498;0.03702;0.00;0.000;0.000;1.098;0.565;0.000;0.557;73.191;44.40;45.55;17177.5;1087.30;11.72;3.56;1.58;169842.56;70312.00;0.00;20494.5;8.29;3.43;0.00;05/01/2024 16:12:13;
06/01/2024;9;2.0TD;3;0.000093179518000000;0.249;1.384678679;92.900668;0.557;2.195;90.148668;46.50;13.58065;0.69431;0.75;0.25;43.97000;98.29260;101.96000;97.42000;81.63000;2961.2;275.0;177.0;62.0;13.83;0.000;0.17498;0.03702;0.00;0.000;0.000;1.083;0.565;0.000;0.557;72.176;45.80;57.79;16922.6;1044.90;8.69;3.56;1.58;127299.24;57847.60;0.00;21299.0;5.98;2.72;0.00;05/01/2024 16:12:13;
06/01/2024;10;2.0TD;3;0.000113426888000000;0.232;1.290567166;93.399696;0.557;2.195;90.647696;45.20;13.58065;0.69431;0.75;0.25;43.97000;98.29260;101.96000;97.42000;81.63000;2961.2;275.0;177.0;62.0;16.51;0.000;0.17498;0.03702;0.00;0.000;0.000;1.104;0.565;0.000;0.557;73.577;45.00;49.50;18635.8;852.10;11.37;3.56;1.58;177098.88;88264.80;0.00;23336.0;7.59;3.78;0.00;05/01/2024 16:12:13;
06/01/2024;11;2.0TD;3;0.000134148160000000;0.214;1.188797978;62.839750;0.557;2.195;60.087750;25.18;13.58065;0.69431;0.75;0.25;43.97000;98.29260;101.96000;97.42000;81.63000;2961.2;275.0;177.0;62.0;12.81;0.000;0.17498;0.03702;0.00;0.000;0.000;0.742;0.565;0.000;0.557;49.495;25.00;28.50;24007.5;1272.10;7.67;3.56;1.58;124556.76;69361.92;0.00;25284.6;4.93;2.74;0.00;05/01/2024 16:12:13;
06/01/2024;12;2.0TD;3;0.000142574535000000;0.207;1.150500046;36.381042;0.557;2.195;33.629042;4.00;13.58065;0.69431;0.75;0.25;43.97000;98.29260;101.96000;97.42000;81.63000;2961.2;275.0;177.0;62.0;12.68;0.000;0.17498;0.03702;0.00;0.000;0.000;0.418;0.565;0.000;0.557;27.861;4.00;4.00;25836.6;1172.90;7.54;3.56;1.58;123220.04;72786.24;0.00;25988.5;4.74;2.80;0.00;05/01/2024 16:12:13;
06/01/2024;13;2.0TD;3;0.000142281251000000;0.204;1.133851751;34.121829;0.557;2.195;31.369829;3.20;13.58065;0.69431;0.75;0.25;43.97000;98.29260;101.96000;97.42000;81.63000;2961.2;275.0;177.0;62.0;11.70;0.000;0.17498;0.03702;0.00;0.000;0.000;0.391;0.565;0.000;0.557;26.054;3.20;3.20;26410.2;1451.20;6.56;3.56;1.58;123641.92;47656.56;0.00;26119.6;4.73;1.82;0.00;05/01/2024 16:12:13;
06/01/2024;14;2.0TD;3;0.000147294577000000;0.201;1.116946942;33.823882;0.557;2.195;31.071882;3.20;13.58065;0.69431;0.75;0.25;43.97000;98.29260;101.96000;97.42000;81.63000;2961.2;275.0;177.0;62.0;11.52;0.000;0.17498;0.03702;0.00;0.000;0.000;0.388;0.565;0.000;0.557;25.871;3.20;3.20;26907.2;1219.90;6.38;3.56;1.58;124395.92;44729.28;0.00;26522.1;4.69;1.69;0.00;05/01/2024 16:12:13;
06/01/2024;15;2.0TD;3;0.000147232262000000;0.205;1.136169940;34.171984;0.557;2.195;31.419984;3.20;13.58065;0.69431;0.75;0.25;43.97000;98.29260;101.96000;97.42000;81.63000;2961.2;275.0;177.0;62.0;11.72;0.000;0.17498;0.03702;0.00;0.000;0.000;0.391;0.565;0.000;0.557;26.074;3.20;3.20;26733.5;1346.30;6.58;3.56;1.58;123728.48;49791.84;0.00;26380.5;4.69;1.89;0.00;05/01/2024 16:12:13;
06/01/2024;16;2.0TD;3;0.000134090515000000;0.216;1.199464363;39.705845;0.557;2.195;36.953845;3.20;13.58065;0.69431;0.75;0.25;43.97000;98.29260;101.96000;97.42000;81.63000;2961.2;275.0;177.0;62.0;15.97;0.000;0.17498;0.03702;0.00;0.000;0.000;0.456;0.565;0.000;0.557;30.389;3.20;3.20;25998.0;1318.70;10.83;3.56;1.58;123721.00;149894.80;0.00;25275.8;4.89;5.93;0.00;05/01/2024 16:12:13;
06/01/2024;17;2.0TD;3;0.000128356911000000;0.224;1.242699017;66.105843;0.557;2.195;63.353843;25.18;13.58065;0.69431;0.75;0.25;43.97000;98.29260;101.96000;97.42000;81.63000;2961.2;275.0;177.0;62.0;15.04;0.000;0.17498;0.03702;0.00;0.000;0.000;0.776;0.565;0.000;0.557;51.759;25.00;29.00;24165.5;1124.50;9.90;3.56;1.58;108576.64;134457.60;0.00;24537.3;4.42;5.48;0.00;05/01/2024 16:12:13;
06/01/2024;18;2.0TD;3;0.000131687576000000;0.232;1.289346212;112.886240;0.557;2.195;110.134240;65.09;13.58065;0.69431;0.75;0.25;43.97000;98.29260;101.96000;97.42000;81.63000;2961.2;275.0;177.0;62.0;12.20;0.000;0.17498;0.03702;0.00;0.000;0.000;1.341;0.565;0.000;0.557;89.394;65.00;67.23;20449.5;899.00;7.06;3.56;1.58;81728.92;90650.00;0.00;24408.3;3.35;3.71;0.00;05/01/2024 16:12:13;
06/01/2024;19;2.0TD;3;0.000152800183000000;0.230;1.280417365;134.897881;0.557;2.195;132.145881;86.09;13.58065;0.69431;0.75;0.25;43.97000;98.29260;101.96000;97.42000;81.63000;2961.2;275.0;177.0;62.0;8.97;0.000;0.17498;0.03702;0.00;0.000;0.000;1.612;0.565;0.000;0.557;107.435;85.96;89.26;17915.0;738.70;3.83;3.56;1.58;59139.48;40908.80;0.00;26146.5;2.26;1.56;0.00;05/01/2024 16:12:13;
06/01/2024;20;2.0TD;3;0.000167484344000000;0.231;1.281215496;141.465604;0.557;2.195;138.713604;92.22;13.58065;0.69431;0.75;0.25;43.97000;98.29260;101.96000;97.42000;81.63000;2961.2;275.0;177.0;62.0;8.01;0.000;0.17498;0.03702;0.00;0.000;0.000;1.690;0.565;0.000;0.557;112.683;92.05;95.35;17955.7;991.90;2.87;3.56;1.58;55085.04;22372.00;0.00;26972.1;2.04;0.83;0.00;05/01/2024 16:12:13;
06/01/2024;21;2.0TD;3;0.000178898232000000;0.231;1.281606637;139.828374;0.557;2.195;137.076374;92.46;13.58065;0.69431;0.75;0.25;43.97000;98.29260;101.96000;97.42000;81.63000;2961.2;275.0;177.0;62.0;6.46;0.000;0.17498;0.03702;0.00;0.000;0.000;1.670;0.565;0.000;0.557;111.353;92.14;97.89;17696.9;1059.70;1.32;3.56;1.58;17452.64;19176.00;0.00;27750.5;0.63;0.69;0.00;05/01/2024 16:12:13;
06/01/2024;22;2.0TD;3;0.000183225686000000;0.233;1.293594506;136.258374;0.557;2.195;133.506374;88.41;13.58065;0.69431;0.75;0.25;43.97000;98.29260;101.96000;97.42000;81.63000;2961.2;275.0;177.0;62.0;7.48;0.000;0.17498;0.03702;0.00;0.000;0.000;1.624;0.565;0.000;0.557;108.277;88.00;95.83;16872.8;936.90;2.34;3.56;1.58;18701.40;22372.00;24859.38;28125.3;0.66;0.80;0.88;05/01/2024 16:12:13;
06/01/2024;23;2.0TD;3;0.000170118486000000;0.235;1.308234703;135.584494;0.557;2.195;132.832494;86.90;13.58065;0.69431;0.75;0.25;43.97000;98.29260;101.96000;97.42000;81.63000;2961.2;275.0;177.0;62.0;8.28;0.000;0.17498;0.03702;0.00;0.000;0.000;1.613;0.565;0.000;0.557;107.556;86.57;93.55;16715.4;840.90;3.14;3.56;1.58;19090.20;39630.40;24859.38;26601.6;0.72;1.49;0.93;05/01/2024 16:12:13;
06/01/2024;24;2.0TD;3;0.000146161171000000;0.238;1.323639096;128.115192;0.557;2.195;125.363192;80.01;13.58065;0.69431;0.75;0.25;43.97000;98.29260;101.96000;97.42000;81.63000;2961.2;275.0;177.0;62.0;8.97;0.000;0.17498;0.03702;0.00;0.000;0.000;1.519;0.565;0.000;0.557;101.262;79.87;83.17;16940.2;766.30;3.83;3.56;1.58;21070.28;47812.16;24859.38;24485.2;0.86;1.95;1.02;05/01/2024 16:12:13;
*
