pvpcdata;
2024;05;13;12;31;24;
17/04/2024;1;2.0TD;3;0.000095285010000000;0.192;1.067886941;54.101857;0.557;2.195;51.349857;3.24;18.03010;1.07944;0.75;0.25;3.26042;75.38080;101.96000;48.69000;27.94000;1775.0;275.0;154.0;50.0;18.01;0.000;0.17498;0.04096;0.00;0.000;0.646;0.947;0.000;0.557;43.078;3.25;3.15;19512.4;2851.70;13.24;3.35;1.42;263614.60;19116.00;24859.38;23223.9;11.35;0.82;1.07;16/04/2024 16:10:16;
17/04/2024;2;2.0TD;3;0.000078992278000000;0.194;1.080103136;55.618426;0.557;2.195;52.866426;3.24;18.03010;1.07944;0.75;0.25;3.26042;75.38080;101.96000;48.69000;27.94000;1775.0;275.0;154.0;50.0;19.19;0.000;0.17498;0.04096;0.00;0.000;0.664;0.947;0.000;0.557;44.276;3.25;3.15;18549.6;2877.50;14.42;3.35;1.42;263805.32;27948.80;24859.38;21947.5;12.02;1.27;1.13;16/04/2024 16:10:16;
17/04/2024;3;2.0TD;3;0.000069961400000000;0.195;1.085765930;55.528863;0.557;2.195;52.776863;1.93;18.03010;1.07944;0.75;0.25;3.26042;75.38080;101.96000;48.69000;27.94000;1775.0;275.0;154.0;50.0;20.39;0.000;0.17498;0.04096;0.00;0.000;0.662;0.947;0.000;0.557;44.164;1.77;2.99;18050.8;2636.30;15.62;3.35;1.42;274298.52;28656.00;24859.38;20984.5;13.07;1.37;1.18;16/04/2024 16:10:16;
17/04/2024;4;2.0TD;3;0.000065606460000000;0.197;1.093853060;56.286315;0.557;2.195;53.534315;1.48;18.03010;1.07944;0.75;0.25;3.26042;75.38080;101.96000;48.69000;27.94000;1775.0;275.0;154.0;50.0;21.39;0.000;0.17498;0.04096;0.00;0.000;0.671;0.947;0.000;0.557;44.723;1.24;3.01;17729.2;2739.70;16.62;3.35;1.42;302851.20;38112.00;0.00;20518.9;14.76;1.86;0.00;16/04/2024 16:10:16;
17/04/2024;5;2.0TD;3;0.000064076588000000;0.199;1.102880705;56.205505;0.557;2.195;53.453505;1.21;18.03010;1.07944;0.75;0.25;3.26042;75.38080;101.96000;48.69000;27.94000;1775.0;275.0;154.0;50.0;21.52;0.000;0.17498;0.04096;0.00;0.000;0.669;0.947;0.000;0.557;44.581;1.00;2.51;17415.9;2781.10;16.75;3.35;1.42;302949.48;38016.00;0.00;20355.5;14.88;1.87;0.00;16/04/2024 16:10:16;
17/04/2024;6;2.0TD;3;0.000065936143000000;0.195;1.081624433;55.966233;0.557;2.195;53.214233;1.64;18.03010;1.07944;0.75;0.25;3.26042;75.38080;101.96000;48.69000;27.94000;1775.0;275.0;154.0;50.0;21.04;0.000;0.17498;0.04096;0.00;0.000;0.668;0.947;0.000;0.557;44.530;1.50;2.49;17732.9;2938.00;16.27;3.35;1.42;302761.16;39625.00;0.00;21049.8;14.38;1.88;0.00;16/04/2024 16:10:16;
17/04/2024;7;2.0TD;3;0.000074166686000000;0.182;1.013494741;55.279771;0.557;2.195;52.527771;3.24;18.03010;1.07944;0.75;0.25;3.26042;75.38080;101.96000;48.69000;27.94000;1775.0;275.0;154.0;50.0;19.35;0.000;0.17498;0.04096;0.00;0.000;0.667;0.947;0.000;0.557;44.439;3.25;3.15;19562.7;3044.00;14.58;3.35;1.42;302016.52;19032.00;24859.38;23732.7;12.73;0.80;1.05;16/04/2024 16:10:16;
17/04/2024;8;2.0TD;3;0.000090187080000000;0.170;0.943545615;67.823584;0.557;2.195;65.071584;19.72;18.03010;1.07944;0.75;0.25;3.26042;75.38080;101.96000;48.69000;27.94000;1775.0;275.0;154.0;50.0;13.88;0.000;0.17498;0.04096;0.00;0.000;0.834;0.947;0.000;0.557;55.616;19.72;19.72;23202.5;1466.90;9.11;3.35;1.42;191764.00;31285.20;24859.38;27195.5;7.05;1.15;0.91;16/04/2024 16:10:16;
17/04/2024;9;2.0TD;2;0.000101921549000000;0.186;1.143330082;77.000232;19.184;8.779;49.037232;5.15;18.03010;1.07944;0.75;0.25;3.26042;75.38080;101.96000;48.69000;27.94000;1775.0;275.0;154.0;50.0;14.24;0.154;0.17498;0.04096;0.00;0.000;0.620;0.947;0.000;0.557;41.346;5.00;7.01;24629.0;2012.40;9.47;3.35;1.42;223468.24;21480.00;24859.38;28483.6;7.85;0.75;0.87;16/04/2024 16:10:16;
17/04/2024;10;2.0TD;2;0.000110102251000000;0.152;0.935173585;75.314507;19.184;8.779;47.351507;0.60;18.03010;1.07944;0.75;0.25;3.26042;75.38080;101.96000;48.69000;27.94000;1775.0;275.0;154.0;50.0;18.55;0.154;0.17498;0.04096;0.00;0.000;0.617;0.947;0.000;0.557;41.103;0.44;2.01;25035.8;2821.90;13.78;3.35;1.42;259492.40;96158.40;24859.38;27622.8;9.39;3.48;0.90;16/04/2024 16:10:16;
17/04/2024;11;2.0TD;1;0.000116544607000000;0.160;0.955831769;123.018737;33.081;43.893;46.044737;0.00;18.03010;1.07944;0.75;0.25;3.26042;75.38080;101.96000;48.69000;27.94000;1775.0;275.0;154.0;50.0;16.99;0.926;0.17498;0.04096;0.00;0.000;0.595;0.947;0.000;0.557;39.693;0.00;0.01;26897.4;3148.70;12.22;3.35;1.42;267999.92;35107.20;24859.38;26843.7;9.98;1.31;0.93;16/04/2024 16:10:16;
17/04/2024;12;2.0TD;1;0.000118633340000000;0.163;0.973579295;124.106597;33.081;43.893;47.132597;-0.01;18.03010;1.07944;0.75;0.25;3.26042;75.38080;101.96000;48.69000;27.94000;1775.0;275.0;154.0;50.0;17.82;0.926;0.17498;0.04096;0.00;0.000;0.608;0.947;0.000;0.557;40.526;-0.01;0.00;26598.0;3599.10;13.05;3.35;1.42;276311.40;43475.04;24859.38;26399.1;10.47;1.65;0.94;16/04/2024 16:10:16;
17/04/2024;13;2.0TD;1;0.000122389386000000;0.163;0.973158799;124.306633;33.081;43.893;47.332633;-0.02;18.03010;1.07944;0.75;0.25;3.26042;75.38080;101.96000;48.69000;27.94000;1775.0;275.0;154.0;50.0;18.00;0.926;0.17498;0.04096;0.00;0.000;0.610;0.947;0.000;0.557;40.698;-0.02;0.00;26739.9;3239.70;13.23;3.35;1.42;276148.48;44202.00;24859.38;26083.8;10.59;1.69;0.95;16/04/2024 16:10:16;
17/04/2024;14;2.0TD;1;0.000129634417000000;0.156;0.936338236;124.257566;33.081;43.893;47.283566;-0.03;18.03010;1.07944;0.75;0.25;3.26042;75.38080;101.96000;48.69000;27.94000;1775.0;275.0;154.0;50.0;18.21;0.926;0.17498;0.04096;0.00;0.000;0.614;0.947;0.000;0.557;40.902;-0.03;0.00;26732.7;3177.30;13.44;3.35;1.42;276355.20;47700.00;24859.38;25964.6;10.64;1.84;0.96;16/04/2024 16:10:16;
17/04/2024;15;2.0TD;2;0.000129329746000000;0.179;1.096449966;75.537700;19.184;8.779;47.574700;-0.04;18.03010;1.07944;0.75;0.25;3.26042;75.38080;101.96000;48.69000;27.94000;1775.0;275.0;154.0;50.0;18.45;0.154;0.17498;0.04096;0.00;0.000;0.605;0.947;0.000;0.557;40.351;-0.05;0.00;26429.9;3114.50;13.68;3.35;1.42;276698.00;47820.00;24859.38;25525.8;10.84;1.87;0.97;16/04/2024 16:10:16;
17/04/2024;16;2.0TD;2;0.000118787019000000;0.186;1.142287318;75.929274;19.184;8.779;47.966274;-0.04;18.03010;1.07944;0.75;0.25;3.26042;75.38080;101.96000;48.69000;27.94000;1775.0;275.0;154.0;50.0;18.54;0.154;0.17498;0.04096;0.00;0.000;0.607;0.947;0.000;0.557;40.443;-0.05;0.00;26250.9;3158.60;13.77;3.35;1.42;268269.64;47850.00;24859.38;24761.2;10.83;1.93;1.00;16/04/2024 16:10:16;
17/04/2024;17;2.0TD;2;0.000111114860000000;0.190;1.162851762;75.945869;19.184;8.779;47.982869;-0.03;18.03010;1.07944;0.75;0.25;3.26042;75.38080;101.96000;48.69000;27.94000;1775.0;275.0;154.0;50.0;18.41;0.154;0.17498;0.04096;0.00;0.000;0.605;0.947;0.000;0.557;40.321;-0.03;0.00;25858.2;3077.80;13.64;3.35;1.42;260652.24;44174.20;24859.38;24175.5;10.78;1.83;1.03;16/04/2024 16:10:16;
17/04/2024;18;2.0TD;2;0.000109150494000000;0.191;1.172652197;76.263694;19.184;8.779;48.300694;-0.01;18.03010;1.07944;0.75;0.25;3.26042;75.38080;101.96000;48.69000;27.94000;1775.0;275.0;154.0;50.0;18.62;0.154;0.17498;0.04096;0.00;0.000;0.608;0.947;0.000;0.557;40.554;-0.01;0.00;25815.9;3534.20;13.85;3.35;1.42;252767.04;64046.16;24859.38;24680.3;10.24;2.60;1.01;16/04/2024 16:10:16;
17/04/2024;19;2.0TD;1;0.000110254082000000;0.168;1.004349417;123.432063;33.081;43.893;46.458063;0.00;18.03010;1.07944;0.75;0.25;3.26042;75.38080;101.96000;48.69000;27.94000;1775.0;275.0;154.0;50.0;17.07;0.926;0.17498;0.04096;0.00;0.000;0.597;0.947;0.000;0.557;39.775;0.00;0.01;25697.3;3297.10;12.30;3.35;1.42;217051.64;64010.40;24859.38;24877.9;8.72;2.57;1.00;16/04/2024 16:10:16;
17/04/2024;20;2.0TD;1;0.000116956415000000;0.166;0.994319166;124.405409;33.081;43.893;47.431409;0.73;18.03010;1.07944;0.75;0.25;3.26042;75.38080;101.96000;48.69000;27.94000;1775.0;275.0;154.0;50.0;17.23;0.926;0.17498;0.04096;0.00;0.000;0.610;0.947;0.000;0.557;40.678;0.44;3.01;24093.2;3081.50;12.46;3.35;1.42;216601.96;88871.36;24859.38;26505.4;8.17;3.35;0.94;16/04/2024 16:10:16;
17/04/2024;21;2.0TD;1;0.000135395403000000;0.168;1.008031937;125.400143;33.081;43.893;48.426143;6.14;18.03010;1.07944;0.75;0.25;3.26042;75.38080;101.96000;48.69000;27.94000;1775.0;275.0;154.0;50.0;12.59;0.926;0.17498;0.04096;0.00;0.000;0.622;0.947;0.000;0.557;41.460;6.00;8.01;24387.9;1786.70;7.82;3.35;1.42;187749.36;9715.84;24859.38;28429.4;6.60;0.34;0.87;16/04/2024 16:10:16;
17/04/2024;22;2.0TD;1;0.000157679702000000;0.168;1.008663197;141.669215;33.081;43.893;64.695215;22.48;18.03010;1.07944;0.75;0.25;3.26042;75.38080;101.96000;48.69000;27.94000;1775.0;275.0;154.0;50.0;9.97;0.926;0.17498;0.04096;0.00;0.000;0.831;0.947;0.000;0.557;55.389;22.34;25.01;25296.6;1375.00;5.20;3.35;1.42;120203.80;7159.04;24859.38;29295.3;4.10;0.24;0.85;16/04/2024 16:10:16;
17/04/2024;23;2.0TD;2;0.000142531106000000;0.197;1.208215990;75.778049;19.184;8.779;47.815049;6.00;18.03010;1.07944;0.75;0.25;3.26042;75.38080;101.96000;48.69000;27.94000;1775.0;275.0;154.0;50.0;12.01;0.154;0.17498;0.04096;0.00;0.000;0.599;0.947;0.000;0.557;39.945;6.00;6.00;23051.2;1621.80;7.24;3.35;1.42;159180.04;12218.88;24859.38;27111.5;5.87;0.45;0.92;16/04/2024 16:10:16;
17/04/2024;24;2.0TD;2;0.000118215547000000;0.206;1.266219893;74.129571;19.184;8.779;46.166571;3.23;18.03010;1.07944;0.75;0.25;3.26042;75.38080;101.96000;48.69000;27.94000;1775.0;275.0;154.0;50.0;13.14;0.154;0.17498;0.04096;0.00;0.000;0.574;0.947;0.000;0.557;38.280;3.25;3.10;20197.8;2334.20;8.37;3.35;1.42;162499.72;16218.00;24859.38;24308.7;6.68;0.67;1.02;16/04/2024 16:10:16;
*
