pvpcdata;
2024;08;09;11;56;50;
23/07/2024;1;2.0TD;3;0.000113037912000000;0.166;0.923437699;132.515584;0.557;2.195;129.763584;102.16;-0.69952;0.97191;0.75;0.25;91.72708;88.92900;101.96000;73.51000;74.07000;2345.9;275.0;234.0;61.0;6.42;0.000;0.17498;0.04096;0.00;0.000;1.669;0.947;0.000;0.557;111.289;101.98;103.98;22028.4;2161.50;2.20;3.13;1.09;6689.08;28554.36;24859.38;27316.5;0.24;1.05;0.91;22/07/2024 16:09:58;
23/07/2024;2;2.0TD;3;0.000096122665000000;0.166;0.923816814;130.598680;0.557;2.195;127.846680;99.91;-0.69952;0.97191;0.75;0.25;91.72708;88.92900;101.96000;73.51000;74.07000;2345.9;275.0;234.0;61.0;7.05;0.000;0.17498;0.04096;0.00;0.000;1.645;0.947;0.000;0.557;109.645;99.74;101.96;20792.9;1702.90;2.83;3.13;1.09;10440.96;37328.80;24859.38;25671.1;0.41;1.45;0.97;22/07/2024 16:09:58;
23/07/2024;3;2.0TD;3;0.000085428613000000;0.167;0.927945525;126.194369;0.557;2.195;123.442369;96.06;-0.69952;0.97191;0.75;0.25;91.72708;88.92900;101.96000;73.51000;74.07000;2345.9;275.0;234.0;61.0;7.09;0.000;0.17498;0.04096;0.00;0.000;1.587;0.947;0.000;0.557;105.777;96.02;96.52;19550.9;1711.90;2.87;3.13;1.09;12953.72;32272.48;24859.38;24483.2;0.53;1.32;1.02;22/07/2024 16:09:58;
23/07/2024;4;2.0TD;3;0.000079458052000000;0.167;0.926500972;125.033204;0.557;2.195;122.281204;96.02;-0.69952;0.97191;0.75;0.25;91.72708;88.92900;101.96000;73.51000;74.07000;2345.9;275.0;234.0;61.0;6.15;0.000;0.17498;0.04096;0.00;0.000;1.572;0.947;0.000;0.557;104.782;96.02;96.02;18989.0;1897.60;1.93;3.13;1.09;12925.84;33083.60;0.00;23874.3;0.54;1.39;0.00;22/07/2024 16:09:58;
23/07/2024;5;2.0TD;3;0.000076072499000000;0.167;0.930518094;127.876016;0.557;2.195;125.124016;98.64;-0.69952;0.97191;0.75;0.25;91.72708;88.92900;101.96000;73.51000;74.07000;2345.9;275.0;234.0;61.0;5.93;0.000;0.17498;0.04096;0.00;0.000;1.608;0.947;0.000;0.557;107.218;98.62;98.82;18692.0;1874.90;1.71;3.13;1.09;11193.28;29065.40;0.00;23519.2;0.48;1.24;0.00;22/07/2024 16:09:58;
23/07/2024;6;2.0TD;3;0.000074957098000000;0.166;0.921442026;132.717302;0.557;2.195;129.965302;102.00;-0.69952;0.97191;0.75;0.25;91.72708;88.92900;101.96000;73.51000;74.07000;2345.9;275.0;234.0;61.0;6.75;0.000;0.17498;0.04096;0.00;0.000;1.672;0.947;0.000;0.557;111.462;102.00;102.00;18596.0;1858.50;2.53;3.13;1.09;12313.64;47910.00;0.00;23804.9;0.52;2.01;0.00;22/07/2024 16:09:58;
23/07/2024;7;2.0TD;3;0.000076693923000000;0.161;0.896669583;135.118217;0.557;2.195;132.366217;104.26;-0.69952;0.97191;0.75;0.25;91.72708;88.92900;101.96000;73.51000;74.07000;2345.9;275.0;234.0;61.0;7.00;0.000;0.17498;0.04096;0.00;0.000;1.710;0.947;0.000;0.557;114.010;103.92;107.79;20080.6;1904.20;2.78;3.13;1.09;20370.80;25296.48;24859.38;25347.2;0.80;1.00;0.98;22/07/2024 16:09:58;
23/07/2024;8;2.0TD;3;0.000080438539000000;0.159;0.883521082;136.396896;0.557;2.195;133.644896;106.36;-0.69952;0.97191;0.75;0.25;91.72708;88.92900;101.96000;73.51000;74.07000;2345.9;275.0;234.0;61.0;6.18;0.000;0.17498;0.04096;0.00;0.000;1.730;0.947;0.000;0.557;115.310;106.05;110.16;21141.3;1732.40;1.96;3.13;1.09;14931.20;14382.00;24859.38;27581.4;0.54;0.52;0.90;22/07/2024 16:09:58;
23/07/2024;9;2.0TD;2;0.000091674643000000;0.140;0.860711772;156.955736;19.184;8.779;128.992736;102.88;-0.69952;0.97191;0.75;0.25;91.72708;88.92900;101.96000;73.51000;74.07000;2345.9;275.0;234.0;61.0;7.38;0.154;0.17498;0.04096;0.00;0.000;1.697;0.947;0.000;0.557;113.151;102.50;108.58;22758.3;1520.50;3.16;3.13;1.09;18874.88;47480.40;24859.38;28899.7;0.65;1.64;0.86;22/07/2024 16:09:58;
23/07/2024;10;2.0TD;2;0.000104055814000000;0.139;0.854324317;145.695191;19.184;8.779;117.732191;90.82;-0.69952;0.97191;0.75;0.25;91.72708;88.92900;101.96000;73.51000;74.07000;2345.9;275.0;234.0;61.0;9.80;0.154;0.17498;0.04096;0.00;0.000;1.550;0.947;0.000;0.557;103.364;90.82;90.82;24393.4;1458.10;5.58;3.13;1.09;30599.92;114146.24;24859.38;30433.5;1.01;3.75;0.82;22/07/2024 16:09:58;
23/07/2024;11;2.0TD;1;0.000113719973000000;0.147;0.879197749;173.597880;33.081;43.893;96.623880;70.75;-0.69952;0.97191;0.75;0.25;91.72708;88.92900;101.96000;73.51000;74.07000;2345.9;275.0;234.0;61.0;10.26;0.926;0.17498;0.04096;0.00;0.000;1.264;0.947;0.000;0.557;84.240;70.70;71.70;26800.2;1309.20;6.04;3.13;1.09;51111.28;115724.40;24859.38;31699.9;1.61;3.65;0.78;22/07/2024 16:09:58;
23/07/2024;12;2.0TD;1;0.000119330621000000;0.149;0.889594554;166.929811;33.081;43.893;89.955811;66.22;-0.69952;0.97191;0.75;0.25;91.72708;88.92900;101.96000;73.51000;74.07000;2345.9;275.0;234.0;61.0;8.93;0.926;0.17498;0.04096;0.00;0.000;1.174;0.947;0.000;0.557;78.290;66.18;67.18;28144.9;1268.60;4.71;3.13;1.09;65302.16;63162.60;24859.38;32560.5;2.01;1.94;0.76;22/07/2024 16:09:58;
23/07/2024;13;2.0TD;1;0.000126579025000000;0.150;0.901134564;171.795551;33.081;43.893;94.821551;70.03;-0.69952;0.97191;0.75;0.25;91.72708;88.92900;101.96000;73.51000;74.07000;2345.9;275.0;234.0;61.0;9.22;0.926;0.17498;0.04096;0.00;0.000;1.237;0.947;0.000;0.557;82.453;70.00;70.75;28369.4;1280.00;5.00;3.13;1.09;61403.00;79584.00;24859.38;33153.0;1.85;2.40;0.75;22/07/2024 16:09:58;
23/07/2024;14;2.0TD;1;0.000137702788000000;0.147;0.882780537;173.772224;33.081;43.893;96.798224;72.20;-0.69952;0.97191;0.75;0.25;91.72708;88.92900;101.96000;73.51000;74.07000;2345.9;275.0;234.0;61.0;8.96;0.926;0.17498;0.04096;0.00;0.000;1.266;0.947;0.000;0.557;84.392;72.20;72.20;28602.3;1258.00;4.74;3.13;1.09;59169.80;76464.00;24859.38;33846.5;1.75;2.26;0.73;22/07/2024 16:09:58;
23/07/2024;15;2.0TD;2;0.000142908116000000;0.147;0.903614954;126.016042;19.184;8.779;98.053042;74.17;-0.69952;0.97191;0.75;0.25;91.72708;88.92900;101.96000;73.51000;74.07000;2345.9;275.0;234.0;61.0;8.84;0.154;0.17498;0.04096;0.00;0.000;1.282;0.947;0.000;0.557;85.486;74.14;74.91;28598.9;1305.70;4.62;3.13;1.09;57353.72;75072.00;24859.38;34000.0;1.69;2.21;0.73;22/07/2024 16:09:58;
23/07/2024;16;2.0TD;2;0.000138688320000000;0.145;0.890453227;122.102064;19.184;8.779;94.139064;70.73;-0.69952;0.97191;0.75;0.25;91.72708;88.92900;101.96000;73.51000;74.07000;2345.9;275.0;234.0;61.0;9.06;0.154;0.17498;0.04096;0.00;0.000;1.233;0.947;0.000;0.557;82.217;70.70;71.47;28643.4;1246.70;4.84;3.13;1.09;60706.88;76568.80;24859.38;33486.7;1.81;2.29;0.74;22/07/2024 16:09:58;
23/07/2024;17;2.0TD;2;0.000135629870000000;0.147;0.900378240;122.010718;19.184;8.779;94.047718;70.71;-0.69952;0.97191;0.75;0.25;91.72708;88.92900;101.96000;73.51000;74.07000;2345.9;275.0;234.0;61.0;8.86;0.154;0.17498;0.04096;0.00;0.000;1.230;0.947;0.000;0.557;81.994;70.70;71.01;28504.8;1324.90;4.64;3.13;1.09;60798.44;68565.12;24859.38;33228.9;1.83;2.06;0.75;22/07/2024 16:09:58;
23/07/2024;18;2.0TD;2;0.000135721120000000;0.149;0.911539470;133.198213;19.184;8.779;105.235213;80.00;-0.69952;0.97191;0.75;0.25;91.72708;88.92900;101.96000;73.51000;74.07000;2345.9;275.0;234.0;61.0;9.02;0.154;0.17498;0.04096;0.00;0.000;1.374;0.947;0.000;0.557;91.588;80.00;80.00;27636.8;1308.20;4.80;3.13;1.09;51584.08;83368.40;24859.38;33317.7;1.55;2.50;0.75;22/07/2024 16:09:58;
23/07/2024;19;2.0TD;1;0.000134769541000000;0.149;0.894464786;189.770782;33.081;43.893;112.796782;84.32;-0.69952;0.97191;0.75;0.25;91.72708;88.92900;101.96000;73.51000;74.07000;2345.9;275.0;234.0;61.0;10.41;0.926;0.17498;0.04096;0.00;0.000;1.473;0.947;0.000;0.557;98.169;84.32;84.32;26491.8;1471.50;6.19;3.13;1.09;48812.24;129546.00;24859.38;32854.9;1.49;3.94;0.76;22/07/2024 16:09:58;
23/07/2024;20;2.0TD;1;0.000132513964000000;0.152;0.910970192;207.853322;33.081;43.893;130.879322;100.10;-0.69952;0.97191;0.75;0.25;91.72708;88.92900;101.96000;73.51000;74.07000;2345.9;275.0;234.0;61.0;9.84;0.926;0.17498;0.04096;0.00;0.000;1.704;0.947;0.000;0.557;113.610;100.00;102.00;26571.3;1455.70;5.62;3.13;1.09;27400.24;131820.80;24859.38;32755.3;0.84;4.02;0.76;22/07/2024 16:09:58;
23/07/2024;21;2.0TD;1;0.000133032554000000;0.152;0.909686737;212.111114;33.081;43.893;135.137114;106.77;-0.69952;0.97191;0.75;0.25;91.72708;88.92900;101.96000;73.51000;74.07000;2345.9;275.0;234.0;61.0;6.81;0.926;0.17498;0.04096;0.00;0.000;1.760;0.947;0.000;0.557;117.306;106.57;110.16;25462.5;1511.90;2.59;3.13;1.09;31915.12;27590.40;24859.38;32510.9;0.98;0.85;0.76;22/07/2024 16:09:58;
23/07/2024;22;2.0TD;1;0.000142676149000000;0.151;0.901649135;229.462535;33.081;43.893;152.488535;122.63;-0.69952;0.97191;0.75;0.25;91.72708;88.92900;101.96000;73.51000;74.07000;2345.9;275.0;234.0;61.0;5.90;0.926;0.17498;0.04096;0.00;0.000;1.987;0.947;0.000;0.557;132.483;122.23;129.97;24491.5;1350.60;1.68;3.13;1.09;16995.28;11618.88;24859.38;31836.4;0.53;0.36;0.78;22/07/2024 16:09:58;
23/07/2024;23;2.0TD;2;0.000149064231000000;0.157;0.963203226;166.550222;19.184;8.779;138.587222;110.27;-0.69952;0.97191;0.75;0.25;91.72708;88.92900;101.96000;73.51000;74.07000;2345.9;275.0;234.0;61.0;6.52;0.154;0.17498;0.04096;0.00;0.000;1.797;0.947;0.000;0.557;119.781;110.00;115.00;24165.2;1367.20;2.30;3.13;1.09;24324.60;22204.20;24859.38;31015.9;0.78;0.72;0.80;22/07/2024 16:09:58;
23/07/2024;24;2.0TD;2;0.000133967402000000;0.156;0.955264718;162.134744;19.184;8.779;134.171744;106.11;-0.69952;0.97191;0.75;0.25;91.72708;88.92900;101.96000;73.51000;74.07000;2345.9;275.0;234.0;61.0;7.02;0.154;0.17498;0.04096;0.00;0.000;1.741;0.947;0.000;0.557;116.065;106.04;107.29;21931.9;1232.50;2.80;3.13;1.09;37925.88;17375.36;24859.38;28723.2;1.32;0.60;0.87;22/07/2024 16:09:58;
*
