pvpcdata;
2025;01;13;09;30;25;
10/12/2024;1;2.0TD;3;0.000126802360000000;0.236;1.311364673;161.344473;0.557;2.195;158.592473;122.19;-9.89984;0.81762;0.75;0.25;134.22417;94.62480;101.96000;84.74000;90.60000;2583.1;275.0;200.0;53.0;10.57;0.000;0.17498;0.04096;0.00;0.000;1.925;0.947;0.000;0.557;128.311;122.19;0.00;18664.4;0.00;6.40;3.25;0.92;60478.84;70360.00;24859.38;24324.2;2.49;2.89;1.02;09/12/2024 16:04:57;
10/12/2024;2;2.0TD;3;0.000104342160000000;0.245;1.361373279;148.557763;0.557;2.195;145.805763;109.02;-9.89984;0.81762;0.75;0.25;134.22417;94.62480;101.96000;84.74000;90.60000;2583.1;275.0;200.0;53.0;12.71;0.000;0.17498;0.04096;0.00;0.000;1.757;0.947;0.000;0.557;117.113;109.02;0.00;17404.7;0.00;8.54;3.25;0.92;76754.48;119120.00;0.00;22947.5;3.34;5.19;0.00;09/12/2024 16:04:57;
10/12/2024;3;2.0TD;3;0.000091766383000000;0.253;1.406858571;145.028975;0.557;2.195;142.276975;100.70;-9.89984;0.81762;0.75;0.25;134.22417;94.62480;101.96000;84.74000;90.60000;2583.1;275.0;200.0;53.0;17.52;0.000;0.17498;0.04096;0.00;0.000;1.703;0.947;0.000;0.557;113.549;100.70;0.00;17020.4;0.00;13.35;3.25;0.92;200573.68;93920.00;0.00;22054.0;9.09;4.26;0.00;09/12/2024 16:04:57;
10/12/2024;4;2.0TD;3;0.000085422378000000;0.256;1.419651897;146.594222;0.557;2.195;143.842222;100.70;-9.89984;0.81762;0.75;0.25;134.22417;94.62480;101.96000;84.74000;90.60000;2583.1;275.0;200.0;53.0;18.48;0.000;0.17498;0.04096;0.00;0.000;1.718;0.947;0.000;0.557;114.524;100.70;0.00;16547.5;0.00;14.31;3.25;0.92;215281.36;93920.00;0.00;21610.7;9.96;4.35;0.00;09/12/2024 16:04:57;
10/12/2024;5;2.0TD;3;0.000083169610000000;0.257;1.425201940;151.404898;0.557;2.195;148.652898;105.00;-9.89984;0.81762;0.75;0.25;134.22417;94.62480;101.96000;84.74000;90.60000;2583.1;275.0;200.0;53.0;17.86;0.000;0.17498;0.04096;0.00;0.000;1.774;0.947;0.000;0.557;118.260;105.00;0.00;16061.5;0.00;13.69;3.25;0.92;205007.00;89960.00;0.00;21551.9;9.51;4.17;0.00;09/12/2024 16:04:57;
10/12/2024;6;2.0TD;3;0.000085565577000000;0.250;1.389609790;159.117078;0.557;2.195;156.365078;115.00;-9.89984;0.81762;0.75;0.25;134.22417;94.62480;101.96000;84.74000;90.60000;2583.1;275.0;200.0;53.0;14.59;0.000;0.17498;0.04096;0.00;0.000;1.876;0.947;0.000;0.557;125.092;115.00;0.00;16528.9;0.00;10.42;3.25;0.92;141127.16;88480.00;0.00;22035.7;6.40;4.02;0.00;09/12/2024 16:04:57;
10/12/2024;7;2.0TD;3;0.000097469740000000;0.227;1.262028931;157.486592;0.557;2.195;154.734592;116.00;-9.89984;0.81762;0.75;0.25;134.22417;94.62480;101.96000;84.74000;90.60000;2583.1;275.0;200.0;53.0;14.59;0.000;0.17498;0.04096;0.00;0.000;1.892;0.947;0.000;0.557;126.108;116.00;0.00;18889.0;0.00;10.42;3.25;0.92;53795.28;180768.00;24859.38;24889.4;2.16;7.26;1.00;09/12/2024 16:04:57;
10/12/2024;8;2.0TD;3;0.000123793651000000;0.206;1.146687374;185.446603;0.557;2.195;182.694603;140.00;-9.89984;0.81762;0.75;0.25;134.22417;94.62480;101.96000;84.74000;90.60000;2583.1;275.0;200.0;53.0;15.59;0.000;0.17498;0.04096;0.00;0.000;2.272;0.947;0.000;0.557;151.488;140.00;0.00;21850.8;0.00;11.42;3.25;0.92;21099.04;287743.32;24859.38;29222.0;0.72;9.85;0.85;09/12/2024 16:04:57;
10/12/2024;9;2.0TD;2;0.000138444681000000;0.195;1.195151843;224.950459;19.184;8.779;196.987459;150.32;-9.89984;0.81762;0.75;0.25;134.22417;94.62480;101.96000;84.74000;90.60000;2583.1;275.0;200.0;53.0;18.27;0.154;0.17498;0.04096;0.00;0.000;2.473;0.947;0.000;0.557;164.843;150.32;0.00;23845.5;0.00;14.10;3.25;0.92;15157.64;400500.80;24859.38;31261.2;0.48;12.81;0.80;09/12/2024 16:04:57;
10/12/2024;10;2.0TD;2;0.000143274382000000;0.185;1.136161779;207.084119;19.184;8.779;179.121119;142.18;-9.89984;0.81762;0.75;0.25;134.22417;94.62480;101.96000;84.74000;90.60000;2583.1;275.0;200.0;53.0;12.93;0.154;0.17498;0.04096;0.00;0.000;2.267;0.947;0.000;0.557;151.157;142.18;0.00;24286.3;0.00;8.76;3.25;0.92;15850.44;237033.24;24859.38;31676.9;0.50;7.48;0.78;09/12/2024 16:04:57;
10/12/2024;11;2.0TD;1;0.000147503265000000;0.177;1.059874262;239.128186;33.081;43.893;162.154186;132.77;-9.89984;0.81762;0.75;0.25;134.22417;94.62480;101.96000;84.74000;90.60000;2583.1;275.0;200.0;53.0;8.38;0.926;0.17498;0.04096;0.00;0.000;2.067;0.947;0.000;0.557;137.769;132.77;0.00;24909.8;0.00;4.21;3.25;0.92;22384.76;87136.00;24859.38;31962.7;0.70;2.73;0.78;09/12/2024 16:04:57;
10/12/2024;12;2.0TD;1;0.000145113759000000;0.174;1.044132735;223.660677;33.081;43.893;146.686677;119.00;-9.89984;0.81762;0.75;0.25;134.22417;94.62480;101.96000;84.74000;90.60000;2583.1;275.0;200.0;53.0;9.52;0.926;0.17498;0.04096;0.00;0.000;1.874;0.947;0.000;0.557;124.946;119.00;0.00;25616.3;0.00;5.35;3.25;0.92;42770.36;101088.00;24859.38;31575.3;1.35;3.20;0.79;09/12/2024 16:04:57;
10/12/2024;13;2.0TD;1;0.000144096280000000;0.173;1.033758898;221.690602;33.081;43.893;144.716602;117.35;-9.89984;0.81762;0.75;0.25;134.22417;94.62480;101.96000;84.74000;90.60000;2583.1;275.0;200.0;53.0;9.62;0.926;0.17498;0.04096;0.00;0.000;1.851;0.947;0.000;0.557;123.373;117.35;0.00;25517.2;0.00;5.45;3.25;0.92;44211.68;101376.00;24859.38;31271.6;1.41;3.24;0.79;09/12/2024 16:04:57;
10/12/2024;14;2.0TD;1;0.000151534119000000;0.173;1.037974128;218.915284;33.081;43.893;141.941284;115.21;-9.89984;0.81762;0.75;0.25;134.22417;94.62480;101.96000;84.74000;90.60000;2583.1;275.0;200.0;53.0;9.43;0.926;0.17498;0.04096;0.00;0.000;1.815;0.947;0.000;0.557;121.007;115.21;0.00;25016.8;0.00;5.26;3.25;0.92;45644.32;95376.00;24859.38;31531.2;1.45;3.02;0.79;09/12/2024 16:04:57;
10/12/2024;15;2.0TD;2;0.000154059444000000;0.174;1.064600722;175.612357;19.184;8.779;147.649357;120.72;-9.89984;0.81762;0.75;0.25;134.22417;94.62480;101.96000;84.74000;90.60000;2583.1;275.0;200.0;53.0;9.38;0.154;0.17498;0.04096;0.00;0.000;1.886;0.947;0.000;0.557;125.766;120.72;0.00;24934.8;0.00;5.21;3.25;0.92;41915.76;97248.00;24859.38;31468.7;1.33;3.09;0.79;09/12/2024 16:04:57;
10/12/2024;16;2.0TD;2;0.000148605734000000;0.180;1.106955458;189.784734;19.184;8.779;161.821734;131.00;-9.89984;0.81762;0.75;0.25;134.22417;94.62480;101.96000;84.74000;90.60000;2583.1;275.0;200.0;53.0;10.30;0.154;0.17498;0.04096;0.00;0.000;2.057;0.947;0.000;0.557;137.137;131.00;0.00;25028.8;0.00;6.13;3.25;0.92;30331.00;135887.36;24859.38;31205.1;0.97;4.35;0.80;09/12/2024 16:04:57;
10/12/2024;17;2.0TD;2;0.000146362033000000;0.186;1.144021525;207.921970;19.184;8.779;179.958970;145.01;-9.89984;0.81762;0.75;0.25;134.22417;94.62480;101.96000;84.74000;90.60000;2583.1;275.0;200.0;53.0;10.67;0.154;0.17498;0.04096;0.00;0.000;2.276;0.947;0.000;0.557;151.736;145.01;0.00;25796.4;0.00;6.50;3.25;0.92;32980.08;144066.00;24859.38;31084.0;1.06;4.63;0.80;09/12/2024 16:04:57;
10/12/2024;18;2.0TD;2;0.000155715224000000;0.194;1.189771671;227.355104;19.184;8.779;199.392104;160.60;-9.89984;0.81762;0.75;0.25;134.22417;94.62480;101.96000;84.74000;90.60000;2583.1;275.0;200.0;53.0;10.11;0.154;0.17498;0.04096;0.00;0.000;2.505;0.947;0.000;0.557;166.995;160.60;0.00;25952.2;0.00;5.94;3.25;0.92;4327.52;160000.00;24859.38;31828.9;0.14;5.03;0.78;09/12/2024 16:04:57;
10/12/2024;19;2.0TD;1;0.000178975281000000;0.204;1.224386023;299.172275;33.081;43.893;222.198275;181.00;-9.89984;0.81762;0.75;0.25;134.22417;94.62480;101.96000;84.74000;90.60000;2583.1;275.0;200.0;53.0;6.23;0.926;0.17498;0.04096;0.00;0.000;2.768;0.947;0.000;0.557;184.550;181.00;0.00;25302.7;0.00;2.06;3.25;0.92;-722.36;44016.00;24859.38;33069.9;-0.02;1.33;0.75;09/12/2024 16:04:57;
10/12/2024;20;2.0TD;1;0.000192610518000000;0.209;1.251430988;296.278212;33.081;43.893;219.304212;178.28;-9.89984;0.81762;0.75;0.25;134.22417;94.62480;101.96000;84.74000;90.60000;2583.1;275.0;200.0;53.0;5.84;0.926;0.17498;0.04096;0.00;0.000;2.721;0.947;0.000;0.557;181.393;178.28;0.00;26005.2;0.00;1.67;3.25;0.92;91.80;31800.00;24859.38;33866.2;0.00;0.94;0.73;09/12/2024 16:04:57;
10/12/2024;21;2.0TD;1;0.000204837961000000;0.212;1.269204886;283.238296;33.081;43.893;206.264296;167.13;-9.89984;0.81762;0.75;0.25;134.22417;94.62480;101.96000;84.74000;90.60000;2583.1;275.0;200.0;53.0;5.95;0.926;0.17498;0.04096;0.00;0.000;2.553;0.947;0.000;0.557;170.185;167.13;0.00;27580.4;0.00;1.78;3.25;0.92;2608.64;34000.00;24859.38;34577.3;0.08;0.98;0.72;09/12/2024 16:04:57;
10/12/2024;22;2.0TD;1;0.000206863460000000;0.217;1.300578552;277.960409;33.081;43.893;200.986409;162.00;-9.89984;0.81762;0.75;0.25;134.22417;94.62480;101.96000;84.74000;90.60000;2583.1;275.0;200.0;53.0;6.12;0.926;0.17498;0.04096;0.00;0.000;2.477;0.947;0.000;0.557;165.149;162.00;0.00;27202.4;0.00;1.95;3.25;0.92;3650.48;37000.00;24859.38;33620.8;0.11;1.10;0.74;09/12/2024 16:04:57;
10/12/2024;23;2.0TD;2;0.000188687719000000;0.220;1.350168946;214.653576;19.184;8.779;186.690576;150.20;-9.89984;0.81762;0.75;0.25;134.22417;94.62480;101.96000;84.74000;90.60000;2583.1;275.0;200.0;53.0;6.75;0.154;0.17498;0.04096;0.00;0.000;2.295;0.947;0.000;0.557;153.025;150.20;0.00;26158.4;0.00;2.58;3.25;0.92;6630.40;47800.00;24859.38;30694.0;0.22;1.56;0.81;09/12/2024 16:04:57;
10/12/2024;24;2.0TD;2;0.000158851189000000;0.226;1.387195286;203.175640;19.184;8.779;175.212640;140.00;-9.89984;0.81762;0.75;0.25;134.22417;94.62480;101.96000;84.74000;90.60000;2583.1;275.0;200.0;53.0;6.99;0.154;0.17498;0.04096;0.00;0.000;2.144;0.947;0.000;0.557;142.914;140.00;0.00;22902.6;0.00;2.82;3.25;0.92;9126.60;43160.00;24859.38;27381.5;0.33;1.58;0.91;09/12/2024 16:04:57;
*
