pvpcdata;
2024;06;11;12;31;18;
30/05/2024;1;2.0TD;3;0.000086438312000000;0.187;1.040250203;101.988108;0.557;2.195;99.236108;50.94;12.76283;1.10697;0.75;0.25;24.36750;75.41880;101.96000;48.69000;28.32000;1770.6;275.0;154.0;61.0;15.56;0.000;0.17498;0.04096;0.00;0.000;1.254;0.947;0.000;0.557;83.602;50.94;50.94;19776.0;821.90;11.15;3.16;1.25;230621.36;14400.00;24859.38;24216.5;9.52;0.59;1.03;29/05/2024 16:08:26;
30/05/2024;2;2.0TD;3;0.000072432090000000;0.193;1.070430567;97.124801;0.557;2.195;94.372801;45.32;12.76283;1.10697;0.75;0.25;24.36750;75.41880;101.96000;48.69000;28.32000;1770.6;275.0;154.0;61.0;16.75;0.000;0.17498;0.04096;0.00;0.000;1.187;0.947;0.000;0.557;79.105;45.32;45.27;18764.1;756.50;12.34;3.16;1.25;240752.64;19176.00;24859.38;23076.9;10.43;0.83;1.08;29/05/2024 16:08:26;
30/05/2024;3;2.0TD;3;0.000064733701000000;0.194;1.075342853;96.317959;0.557;2.195;93.565959;43.12;12.76283;1.10697;0.75;0.25;24.36750;75.41880;101.96000;48.69000;28.32000;1770.6;275.0;154.0;61.0;18.22;0.000;0.17498;0.04096;0.00;0.000;1.175;0.947;0.000;0.557;78.363;43.12;43.07;18178.6;744.80;13.81;3.16;1.25;253730.36;28316.56;24859.38;22232.2;11.41;1.27;1.12;29/05/2024 16:08:26;
30/05/2024;4;2.0TD;3;0.000061059185000000;0.194;1.078035220;95.543053;0.557;2.195;92.791053;40.53;12.76283;1.10697;0.75;0.25;24.36750;75.41880;101.96000;48.69000;28.32000;1770.6;275.0;154.0;61.0;20.17;0.000;0.17498;0.04096;0.00;0.000;1.166;0.947;0.000;0.557;77.714;40.53;40.48;17627.2;751.40;15.76;3.16;1.25;316721.84;27166.00;0.00;21821.3;14.51;1.24;0.00;29/05/2024 16:08:26;
30/05/2024;5;2.0TD;3;0.000059714212000000;0.193;1.073054475;93.902508;0.557;2.195;91.150508;38.64;12.76283;1.10697;0.75;0.25;24.36750;75.41880;101.96000;48.69000;28.32000;1770.6;275.0;154.0;61.0;20.77;0.000;0.17498;0.04096;0.00;0.000;1.146;0.947;0.000;0.557;76.404;38.64;38.64;17578.7;750.00;16.36;3.16;1.25;321629.60;32727.04;0.00;21664.6;14.85;1.51;0.00;29/05/2024 16:08:26;
30/05/2024;6;2.0TD;3;0.000061035634000000;0.189;1.051533668;97.279224;0.557;2.195;94.527224;42.79;12.76283;1.10697;0.75;0.25;24.36750;75.41880;101.96000;48.69000;28.32000;1770.6;275.0;154.0;61.0;19.67;0.000;0.17498;0.04096;0.00;0.000;1.193;0.947;0.000;0.557;79.501;42.79;42.84;17687.6;667.40;15.26;3.16;1.25;312846.48;23522.56;0.00;22045.3;14.19;1.07;0.00;29/05/2024 16:08:26;
30/05/2024;7;2.0TD;3;0.000066265236000000;0.175;0.970419413;96.475228;0.557;2.195;93.723228;45.44;12.76283;1.10697;0.75;0.25;24.36750;75.41880;101.96000;48.69000;28.32000;1770.6;275.0;154.0;61.0;17.28;0.000;0.17498;0.04096;0.00;0.000;1.196;0.947;0.000;0.557;79.764;45.44;45.44;18108.0;697.40;12.87;3.16;1.25;267153.12;16000.00;24859.38;23936.1;11.16;0.67;1.04;29/05/2024 16:08:26;
30/05/2024;8;2.0TD;3;0.000078819561000000;0.165;0.915479820;92.318889;0.557;2.195;89.566889;45.43;12.76283;1.10697;0.75;0.25;24.36750;75.41880;101.96000;48.69000;28.32000;1770.6;275.0;154.0;61.0;14.45;0.000;0.17498;0.04096;0.00;0.000;1.153;0.947;0.000;0.557;76.881;45.44;44.99;19960.8;687.50;10.04;3.16;1.25;165050.08;74724.00;24859.38;26356.6;6.26;2.84;0.94;29/05/2024 16:08:26;
30/05/2024;9;2.0TD;2;0.000091200525000000;0.178;1.089719850;109.529428;19.184;8.779;81.566428;38.64;12.76283;1.10697;0.75;0.25;24.36750;75.41880;101.96000;48.69000;28.32000;1770.6;275.0;154.0;61.0;13.56;0.154;0.17498;0.04096;0.00;0.000;1.039;0.947;0.000;0.557;69.241;38.64;38.64;21547.2;759.30;9.15;3.16;1.25;127877.36;99979.20;24859.38;27611.7;4.63;3.62;0.90;29/05/2024 16:08:26;
30/05/2024;10;2.0TD;2;0.000096609378000000;0.146;0.896052702;97.482167;19.184;8.779;69.519167;26.93;12.76283;1.10697;0.75;0.25;24.36750;75.41880;101.96000;48.69000;28.32000;1770.6;275.0;154.0;61.0;16.82;0.154;0.17498;0.04096;0.00;0.000;0.910;0.947;0.000;0.557;60.662;27.42;17.42;23755.2;1212.10;12.41;3.16;1.25;198624.96;131883.20;24859.38;28633.5;6.94;4.61;0.87;29/05/2024 16:08:26;
30/05/2024;11;2.0TD;1;0.000101599238000000;0.149;0.889233247;128.678368;33.081;43.893;51.704368;10.06;12.76283;1.10697;0.75;0.25;24.36750;75.41880;101.96000;48.69000;28.32000;1770.6;275.0;154.0;61.0;17.49;0.926;0.17498;0.04096;0.00;0.000;0.675;0.947;0.000;0.557;44.999;10.27;5.58;27959.8;1302.80;13.08;3.16;1.25;321218.52;26996.00;24859.38;28514.7;11.27;0.95;0.87;29/05/2024 16:08:26;
30/05/2024;12;2.0TD;1;0.000103845008000000;0.148;0.887934748;122.631624;33.081;43.893;45.657624;3.52;12.76283;1.10697;0.75;0.25;24.36750;75.41880;101.96000;48.69000;28.32000;1770.6;275.0;154.0;61.0;18.88;0.926;0.17498;0.04096;0.00;0.000;0.597;0.947;0.000;0.557;39.771;3.82;-1.60;29203.3;1742.20;14.47;3.16;1.25;376736.60;13983.20;24859.38;28732.8;13.11;0.49;0.87;29/05/2024 16:08:26;
30/05/2024;13;2.0TD;1;0.000108257139000000;0.146;0.876963199;121.981373;33.081;43.893;45.007373;2.97;12.76283;1.10697;0.75;0.25;24.36750;75.41880;101.96000;48.69000;28.32000;1770.6;275.0;154.0;61.0;18.94;0.926;0.17498;0.04096;0.00;0.000;0.589;0.947;0.000;0.557;39.273;3.25;-1.75;29841.3;1741.80;14.53;3.16;1.25;377538.48;17404.48;24859.38;28890.8;13.07;0.60;0.86;29/05/2024 16:08:26;
30/05/2024;14;2.0TD;1;0.000115737438000000;0.144;0.859417027;119.150362;33.081;43.893;42.176362;0.22;12.76283;1.10697;0.75;0.25;24.36750;75.41880;101.96000;48.69000;28.32000;1770.6;275.0;154.0;61.0;19.32;0.926;0.17498;0.04096;0.00;0.000;0.553;0.947;0.000;0.557;36.867;0.44;-3.00;28725.0;1924.80;14.91;3.16;1.25;390895.16;15840.00;24859.38;28954.6;13.50;0.55;0.86;29/05/2024 16:08:26;
30/05/2024;15;2.0TD;2;0.000115392320000000;0.162;0.996002243;69.373716;19.184;8.779;41.410716;-0.21;12.76283;1.10697;0.75;0.25;24.36750;75.41880;101.96000;48.69000;28.32000;1770.6;275.0;154.0;61.0;19.31;0.154;0.17498;0.04096;0.00;0.000;0.535;0.947;0.000;0.557;35.637;0.00;-3.50;28114.4;1770.10;14.90;3.16;1.25;382637.08;15930.00;24859.38;28413.9;13.47;0.56;0.87;29/05/2024 16:08:26;
30/05/2024;16;2.0TD;2;0.000105707041000000;0.169;1.038709642;69.669939;19.184;8.779;41.706939;-0.26;12.76283;1.10697;0.75;0.25;24.36750;75.41880;101.96000;48.69000;28.32000;1770.6;275.0;154.0;61.0;19.40;0.154;0.17498;0.04096;0.00;0.000;0.535;0.947;0.000;0.557;35.677;0.00;-4.69;28047.9;1618.90;14.99;3.16;1.25;372495.72;14837.44;24859.38;27482.7;13.55;0.54;0.90;29/05/2024 16:08:26;
30/05/2024;17;2.0TD;2;0.000099562812000000;0.177;1.087520294;69.776454;19.184;8.779;41.813454;-0.23;12.76283;1.10697;0.75;0.25;24.36750;75.41880;101.96000;48.69000;28.32000;1770.6;275.0;154.0;61.0;19.22;0.154;0.17498;0.04096;0.00;0.000;0.533;0.947;0.000;0.557;35.525;0.00;-4.00;27401.7;1691.00;14.81;3.16;1.25;372493.48;3832.80;24859.38;27086.7;13.75;0.14;0.92;29/05/2024 16:08:26;
30/05/2024;18;2.0TD;2;0.000099654212000000;0.182;1.118054992;71.861829;19.184;8.779;43.898829;-0.18;12.76283;1.10697;0.75;0.25;24.36750;75.41880;101.96000;48.69000;28.32000;1770.6;275.0;154.0;61.0;20.76;0.154;0.17498;0.04096;0.00;0.000;0.557;0.947;0.000;0.557;37.139;0.00;-3.00;28123.1;1851.60;16.35;3.16;1.25;416385.04;4424.28;24859.38;27254.9;15.28;0.16;0.91;29/05/2024 16:08:26;
30/05/2024;19;2.0TD;1;0.000101333380000000;0.161;0.966544915;122.959410;33.081;43.893;45.985410;0.74;12.76283;1.10697;0.75;0.25;24.36750;75.41880;101.96000;48.69000;28.32000;1770.6;275.0;154.0;61.0;21.50;0.926;0.17498;0.04096;0.00;0.000;0.594;0.947;0.000;0.557;39.608;1.00;-3.00;28995.1;1984.10;17.09;3.16;1.25;415038.08;32408.80;24859.38;27634.6;15.02;1.17;0.90;29/05/2024 16:08:26;
30/05/2024;20;2.0TD;1;0.000105889342000000;0.161;0.964927928;132.034947;33.081;43.893;55.060947;7.00;12.76283;1.10697;0.75;0.25;24.36750;75.41880;101.96000;48.69000;28.32000;1770.6;275.0;154.0;61.0;22.94;0.926;0.17498;0.04096;0.00;0.000;0.711;0.947;0.000;0.557;47.425;7.00;7.00;29281.7;1341.70;18.53;3.16;1.25;398234.36;94481.20;24859.38;27937.1;14.25;3.38;0.89;29/05/2024 16:08:26;
30/05/2024;21;2.0TD;1;0.000117104761000000;0.162;0.970352762;161.527452;33.081;43.893;84.553452;37.66;12.76283;1.10697;0.75;0.25;24.36750;75.41880;101.96000;48.69000;28.32000;1770.6;275.0;154.0;61.0;17.24;0.926;0.17498;0.04096;0.00;0.000;1.091;0.947;0.000;0.557;72.765;37.50;42.15;23879.0;871.00;12.83;3.16;1.25;264056.48;77247.04;24859.38;28526.0;9.26;2.71;0.87;29/05/2024 16:08:26;
30/05/2024;22;2.0TD;1;0.000132464483000000;0.168;1.005672016;158.916733;33.081;43.893;81.942733;34.86;12.76283;1.10697;0.75;0.25;24.36750;75.41880;101.96000;48.69000;28.32000;1770.6;275.0;154.0;61.0;17.47;0.926;0.17498;0.04096;0.00;0.000;1.052;0.947;0.000;0.557;70.156;35.01;31.01;23492.6;909.60;13.06;3.16;1.25;349639.68;12464.40;24859.38;29636.6;11.80;0.42;0.84;29/05/2024 16:08:26;
30/05/2024;23;2.0TD;2;0.000128149601000000;0.197;1.209246970;115.012969;19.184;8.779;87.049969;37.90;12.76283;1.10697;0.75;0.25;24.36750;75.41880;101.96000;48.69000;28.32000;1770.6;275.0;154.0;61.0;17.73;0.154;0.17498;0.04096;0.00;0.000;1.091;0.947;0.000;0.557;72.723;37.92;37.45;21779.1;767.30;13.32;3.16;1.25;333438.40;14382.00;24859.38;27993.4;11.91;0.51;0.89;29/05/2024 16:08:26;
30/05/2024;24;2.0TD;2;0.000106446788000000;0.202;1.239831329;111.556630;19.184;8.779;83.593630;29.75;12.76283;1.10697;0.75;0.25;24.36750;75.41880;101.96000;48.69000;28.32000;1770.6;275.0;154.0;61.0;22.75;0.154;0.17498;0.04096;0.00;0.000;1.043;0.947;0.000;0.557;69.545;30.33;20.30;20566.3;1259.80;18.34;3.16;1.25;429033.56;27166.00;24859.38;26233.6;16.35;1.04;0.95;29/05/2024 16:08:26;
*
