pvpcdata;
2024;08;09;11;56;39;
11/07/2024;1;2.0TD;3;0.000114685939000000;0.172;0.953582129;138.095160;0.557;2.195;135.343160;104.92;0.84954;1.08072;0.75;0.25;85.53083;88.92900;101.96000;73.51000;74.07000;2109.7;275.0;234.0;61.0;6.19;0.000;0.17498;0.04096;0.00;0.000;1.732;0.947;0.000;0.557;115.480;105.00;104.10;18814.7;1779.50;1.97;3.13;1.09;20223.64;6519.84;24859.38;26301.7;0.77;0.25;0.95;10/07/2024 16:06:06;
11/07/2024;2;2.0TD;3;0.000097456693000000;0.173;0.959692767;134.745598;0.557;2.195;131.993598;101.48;0.84954;1.08072;0.75;0.25;85.53083;88.92900;101.96000;73.51000;74.07000;2109.7;275.0;234.0;61.0;6.72;0.000;0.17498;0.04096;0.00;0.000;1.688;0.947;0.000;0.557;112.526;101.78;98.58;17729.6;1846.00;2.50;3.13;1.09;25170.56;12129.60;24859.38;24863.5;1.01;0.49;1.00;10/07/2024 16:06:06;
11/07/2024;3;2.0TD;3;0.000086704767000000;0.172;0.955494808;135.263608;0.557;2.195;132.511608;101.41;0.84954;1.08072;0.75;0.25;85.53083;88.92900;101.96000;73.51000;74.07000;2109.7;275.0;234.0;61.0;7.32;0.000;0.17498;0.04096;0.00;0.000;1.696;0.947;0.000;0.557;113.064;101.74;97.67;17549.7;1555.40;3.10;3.13;1.09;40264.12;8820.96;24859.38;23805.1;1.69;0.37;1.04;10/07/2024 16:06:06;
11/07/2024;4;2.0TD;3;0.000080802463000000;0.168;0.934371908;132.344534;0.557;2.195;129.592534;99.51;0.84954;1.08072;0.75;0.25;85.53083;88.92900;101.96000;73.51000;74.07000;2109.7;275.0;234.0;61.0;7.14;0.000;0.17498;0.04096;0.00;0.000;1.664;0.947;0.000;0.557;110.952;100.00;93.99;17035.8;1525.30;2.92;3.13;1.09;59116.12;8437.44;0.00;23154.4;2.55;0.36;0.00;10/07/2024 16:06:06;
11/07/2024;5;2.0TD;3;0.000077397329000000;0.168;0.931237996;131.752358;0.557;2.195;129.000358;98.73;0.84954;1.08072;0.75;0.25;85.53083;88.92900;101.96000;73.51000;74.07000;2109.7;275.0;234.0;61.0;7.42;0.000;0.17498;0.04096;0.00;0.000;1.657;0.947;0.000;0.557;110.445;99.50;89.92;17138.5;1494.90;3.20;3.13;1.09;59801.68;13828.80;0.00;23032.0;2.60;0.60;0.00;10/07/2024 16:06:06;
11/07/2024;6;2.0TD;3;0.000076252946000000;0.165;0.918519166;131.786831;0.557;2.195;129.034831;99.18;0.84954;1.08072;0.75;0.25;85.53083;88.92900;101.96000;73.51000;74.07000;2109.7;275.0;234.0;61.0;7.28;0.000;0.17498;0.04096;0.00;0.000;1.661;0.947;0.000;0.557;110.759;99.92;91.00;16645.7;1501.40;3.06;3.13;1.09;59218.92;12448.80;0.00;23394.6;2.53;0.53;0.00;10/07/2024 16:06:06;
11/07/2024;7;2.0TD;3;0.000077728380000000;0.162;0.898530846;132.505001;0.557;2.195;129.753001;99.40;0.84954;1.08072;0.75;0.25;85.53083;88.92900;101.96000;73.51000;74.07000;2109.7;275.0;234.0;61.0;7.95;0.000;0.17498;0.04096;0.00;0.000;1.675;0.947;0.000;0.557;111.663;100.00;92.57;17480.1;1521.70;3.73;3.13;1.09;58562.44;10149.92;24859.38;25034.7;2.34;0.41;0.99;10/07/2024 16:06:06;
11/07/2024;8;2.0TD;3;0.000081792168000000;0.159;0.881698533;143.454034;0.557;2.195;140.702034;107.00;0.84954;1.08072;0.75;0.25;85.53083;88.92900;101.96000;73.51000;74.07000;2109.7;275.0;234.0;61.0;9.94;0.000;0.17498;0.04096;0.00;0.000;1.821;0.947;0.000;0.557;121.399;107.34;102.88;18574.4;1533.10;5.72;3.13;1.09;21134.16;108395.04;24859.38;26983.6;0.78;4.02;0.92;10/07/2024 16:06:06;
11/07/2024;9;2.0TD;2;0.000093439982000000;0.139;0.855188390;158.159256;19.184;8.779;130.196256;100.42;0.84954;1.08072;0.75;0.25;85.53083;88.92900;101.96000;73.51000;74.07000;2109.7;275.0;234.0;61.0;9.38;0.154;0.17498;0.04096;0.00;0.000;1.715;0.947;0.000;0.557;114.307;100.96;93.96;19738.3;1646.30;5.16;3.13;1.09;25334.24;97196.40;24859.38;28566.9;0.89;3.40;0.87;10/07/2024 16:06:06;
11/07/2024;10;2.0TD;2;0.000105620962000000;0.138;0.847406845;147.739220;19.184;8.779;119.776220;90.33;0.84954;1.08072;0.75;0.25;85.53083;88.92900;101.96000;73.51000;74.07000;2109.7;275.0;234.0;61.0;10.55;0.154;0.17498;0.04096;0.00;0.000;1.579;0.947;0.000;0.557;105.251;90.69;85.00;23335.5;1561.80;6.33;3.13;1.09;30667.16;132163.36;24859.38;29638.6;1.03;4.46;0.84;10/07/2024 16:06:06;
11/07/2024;11;2.0TD;1;0.000115090659000000;0.144;0.863772715;185.339985;33.081;43.893;108.365985;80.74;0.84954;1.08072;0.75;0.25;85.53083;88.92900;101.96000;73.51000;74.07000;2109.7;275.0;234.0;61.0;9.00;0.926;0.17498;0.04096;0.00;0.000;1.421;0.947;0.000;0.557;94.725;81.00;75.78;23799.8;1263.20;4.78;3.13;1.09;42199.32;79126.16;24859.38;30539.0;1.38;2.59;0.81;10/07/2024 16:06:06;
11/07/2024;12;2.0TD;1;0.000120457105000000;0.146;0.876250541;171.590638;33.081;43.893;94.616638;68.15;0.84954;1.08072;0.75;0.25;85.53083;88.92900;101.96000;73.51000;74.07000;2109.7;275.0;234.0;61.0;9.61;0.926;0.17498;0.04096;0.00;0.000;1.238;0.947;0.000;0.557;82.562;68.49;61.29;25616.7;1287.70;5.39;3.13;1.09;70308.28;74901.20;24859.38;31548.4;2.23;2.37;0.79;10/07/2024 16:06:06;
11/07/2024;13;2.0TD;1;0.000127737911000000;0.148;0.886943832;162.292799;33.081;43.893;85.318799;59.86;0.84954;1.08072;0.75;0.25;85.53083;88.92900;101.96000;73.51000;74.07000;2109.7;275.0;234.0;61.0;9.78;0.926;0.17498;0.04096;0.00;0.000;1.115;0.947;0.000;0.557;74.319;60.00;56.99;28148.2;1398.90;5.56;3.13;1.09;78019.80;75936.00;24859.38;32162.2;2.43;2.36;0.77;10/07/2024 16:06:06;
11/07/2024;14;2.0TD;1;0.000138594777000000;0.145;0.868901853;154.548336;33.081;43.893;77.574336;54.07;0.84954;1.08072;0.75;0.25;85.53083;88.92900;101.96000;73.51000;74.07000;2109.7;275.0;234.0;61.0;9.10;0.926;0.17498;0.04096;0.00;0.000;1.016;0.947;0.000;0.557;67.750;54.19;51.77;29194.9;1467.20;4.88;3.13;1.09;83669.52;51840.00;24859.38;32899.4;2.54;1.58;0.76;10/07/2024 16:06:06;
11/07/2024;15;2.0TD;2;0.000143874317000000;0.145;0.892329414;101.931731;19.184;8.779;73.968731;51.56;0.84954;1.08072;0.75;0.25;85.53083;88.92900;101.96000;73.51000;74.07000;2109.7;275.0;234.0;61.0;9.28;0.154;0.17498;0.04096;0.00;0.000;0.969;0.947;0.000;0.557;64.601;52.00;42.00;29706.9;1361.90;5.06;3.13;1.09;85802.76;56572.32;24859.38;33051.2;2.60;1.71;0.75;10/07/2024 16:06:06;
11/07/2024;16;2.0TD;2;0.000139783510000000;0.143;0.878070379;101.083581;19.184;8.779;73.120581;50.70;0.84954;1.08072;0.75;0.25;85.53083;88.92900;101.96000;73.51000;74.07000;2109.7;275.0;234.0;61.0;9.52;0.154;0.17498;0.04096;0.00;0.000;0.960;0.947;0.000;0.557;63.972;50.98;44.80;28903.4;1392.20;5.30;3.13;1.09;86828.80;59210.24;24859.38;32271.8;2.69;1.83;0.77;10/07/2024 16:06:06;
11/07/2024;17;2.0TD;2;0.000137005655000000;0.145;0.888450673;109.685671;19.184;8.779;81.722671;55.80;0.84954;1.08072;0.75;0.25;85.53083;88.92900;101.96000;73.51000;74.07000;2109.7;275.0;234.0;61.0;11.71;0.154;0.17498;0.04096;0.00;0.000;1.071;0.947;0.000;0.557;71.373;55.99;51.80;28221.4;1358.10;7.49;3.13;1.09;158164.68;56172.56;24859.38;31922.6;4.95;1.76;0.78;10/07/2024 16:06:06;
11/07/2024;18;2.0TD;2;0.000137181444000000;0.147;0.901643359;111.761113;19.184;8.779;83.798113;57.61;0.84954;1.08072;0.75;0.25;85.53083;88.92900;101.96000;73.51000;74.07000;2109.7;275.0;234.0;61.0;11.56;0.154;0.17498;0.04096;0.00;0.000;1.096;0.947;0.000;0.557;73.058;57.61;57.61;27838.3;1333.70;7.34;3.13;1.09;155703.56;55383.12;24859.38;32118.6;4.85;1.72;0.77;10/07/2024 16:06:06;
11/07/2024;19;2.0TD;1;0.000136185760000000;0.146;0.873930910;167.076544;33.081;43.893;90.102544;61.53;0.84954;1.08072;0.75;0.25;85.53083;88.92900;101.96000;73.51000;74.07000;2109.7;275.0;234.0;61.0;12.35;0.926;0.17498;0.04096;0.00;0.000;1.179;0.947;0.000;0.557;78.623;61.49;62.49;27134.7;1272.80;8.13;3.13;1.09;143639.12;90256.68;24859.38;31831.5;4.51;2.84;0.78;10/07/2024 16:06:06;
11/07/2024;20;2.0TD;1;0.000134058247000000;0.150;0.895546457;192.434588;33.081;43.893;115.460588;83.98;0.84954;1.08072;0.75;0.25;85.53083;88.92900;101.96000;73.51000;74.07000;2109.7;275.0;234.0;61.0;11.35;0.926;0.17498;0.04096;0.00;0.000;1.506;0.947;0.000;0.557;100.400;84.19;80.19;24078.5;1314.20;7.13;3.13;1.09;58725.72;140840.96;24859.38;31466.7;1.87;4.48;0.79;10/07/2024 16:06:06;
11/07/2024;21;2.0TD;1;0.000134597286000000;0.149;0.889704318;208.361589;33.081;43.893;131.387589;101.70;0.84954;1.08072;0.75;0.25;85.53083;88.92900;101.96000;73.51000;74.07000;2109.7;275.0;234.0;61.0;7.37;0.926;0.17498;0.04096;0.00;0.000;1.715;0.947;0.000;0.557;114.349;101.78;100.33;22911.8;1409.70;3.15;3.13;1.09;40437.12;32516.88;24859.38;31012.0;1.30;1.05;0.80;10/07/2024 16:06:06;
11/07/2024;22;2.0TD;1;0.000143402594000000;0.148;0.889175194;215.776971;33.081;43.893;138.802971;109.63;0.84954;1.08072;0.75;0.25;85.53083;88.92900;101.96000;73.51000;74.07000;2109.7;275.0;234.0;61.0;5.90;0.926;0.17498;0.04096;0.00;0.000;1.814;0.947;0.000;0.557;120.908;109.55;111.03;20964.1;1219.90;1.68;3.13;1.09;17578.00;9204.48;24859.38;30704.0;0.57;0.30;0.81;10/07/2024 16:06:06;
11/07/2024;23;2.0TD;2;0.000150538092000000;0.155;0.948964745;168.723441;19.184;8.779;140.760441;111.28;0.84954;1.08072;0.75;0.25;85.53083;88.92900;101.96000;73.51000;74.07000;2109.7;275.0;234.0;61.0;5.97;0.154;0.17498;0.04096;0.00;0.000;1.828;0.947;0.000;0.557;121.870;111.39;109.69;21047.7;1526.20;1.75;3.13;1.09;16496.96;11633.44;24859.38;30331.5;0.54;0.38;0.82;10/07/2024 16:06:06;
11/07/2024;24;2.0TD;2;0.000135843524000000;0.153;0.936850645;152.607502;19.184;8.779;124.644502;97.15;0.84954;1.08072;0.75;0.25;85.53083;88.92900;101.96000;73.51000;74.07000;2109.7;275.0;234.0;61.0;6.54;0.154;0.17498;0.04096;0.00;0.000;1.622;0.947;0.000;0.557;108.104;97.15;97.15;20679.0;1121.50;2.32;3.13;1.09;33901.40;6528.00;24859.38;28131.2;1.21;0.23;0.88;10/07/2024 16:06:06;
*
