pvpcdata;
2024;03;11;12;38;31;
14/02/2024;1;2.0TD;3;0.000111033021000000;0.230;1.275811815;105.193203;0.557;2.195;102.441203;60.61;9.34686;0.82403;0.75;0.25;59.56917;96.95660;101.96000;97.42000;68.27000;2427.1;275.0;177.0;48.0;12.39;0.000;0.17498;0.03702;0.00;0.000;0.000;1.249;0.565;0.000;0.557;83.285;60.63;60.33;13554.3;1132.20;7.36;3.48;1.55;85649.04;69289.28;24859.38;24431.2;3.51;2.84;1.02;13/02/2024 16:09:58;
14/02/2024;2;2.0TD;3;0.000090974713000000;0.238;1.321397731;104.602918;0.557;2.195;101.850918;59.21;9.34686;0.82403;0.75;0.25;59.56917;96.95660;101.96000;97.42000;68.27000;2427.1;275.0;177.0;48.0;12.79;0.000;0.17498;0.03702;0.00;0.000;0.000;1.234;0.565;0.000;0.557;82.270;59.34;57.44;16091.9;1165.60;7.76;3.48;1.55;96032.88;57503.04;24859.38;22988.0;4.18;2.50;1.08;13/02/2024 16:09:58;
14/02/2024;3;2.0TD;3;0.000080187301000000;0.242;1.346291745;101.779804;0.557;2.195;99.027804;55.76;9.34686;0.82403;0.75;0.25;59.56917;96.95660;101.96000;97.42000;68.27000;2427.1;275.0;177.0;48.0;13.74;0.000;0.17498;0.03702;0.00;0.000;0.000;1.196;0.565;0.000;0.557;79.732;55.76;55.78;15999.7;780.10;8.71;3.48;1.55;107287.84;58467.92;24859.38;21901.0;4.90;2.67;1.14;13/02/2024 16:09:58;
14/02/2024;4;2.0TD;3;0.000074969132000000;0.246;1.364809172;101.807170;0.557;2.195;99.055170;54.79;9.34686;0.82403;0.75;0.25;59.56917;96.95660;101.96000;97.42000;68.27000;2427.1;275.0;177.0;48.0;14.48;0.000;0.17498;0.03702;0.00;0.000;0.000;1.192;0.565;0.000;0.557;79.498;54.79;54.79;14760.3;890.70;9.45;3.48;1.55;128047.84;75333.44;0.00;21526.5;5.95;3.50;0.00;13/02/2024 16:09:58;
14/02/2024;5;2.0TD;3;0.000073247749000000;0.246;1.367023660;101.162988;0.557;2.195;98.410988;55.06;9.34686;0.82403;0.75;0.25;59.56917;96.95660;101.96000;97.42000;68.27000;2427.1;275.0;177.0;48.0;13.70;0.000;0.17498;0.03702;0.00;0.000;0.000;1.185;0.565;0.000;0.557;78.981;55.06;55.06;14870.3;792.70;8.67;3.48;1.55;127118.52;58394.56;0.00;21390.5;5.94;2.73;0.00;13/02/2024 16:09:58;
14/02/2024;6;2.0TD;3;0.000075995914000000;0.242;1.345470221;105.550516;0.557;2.195;102.798516;59.20;9.34686;0.82403;0.75;0.25;59.56917;96.95660;101.96000;97.42000;68.27000;2427.1;275.0;177.0;48.0;13.29;0.000;0.17498;0.03702;0.00;0.000;0.000;1.242;0.565;0.000;0.557;82.768;59.21;59.01;15230.5;854.70;8.26;3.48;1.55;119682.88;62852.16;0.00;22103.9;5.41;2.84;0.00;13/02/2024 16:09:58;
14/02/2024;7;2.0TD;3;0.000087928263000000;0.225;1.251682992;109.217401;0.557;2.195;106.465401;64.84;9.34686;0.82403;0.75;0.25;59.56917;96.95660;101.96000;97.42000;68.27000;2427.1;275.0;177.0;48.0;11.73;0.000;0.17498;0.03702;0.00;0.000;0.000;1.304;0.565;0.000;0.557;86.910;64.95;63.05;16107.9;972.20;6.70;3.48;1.55;112190.16;28309.44;24859.38;24713.6;4.54;1.15;1.01;13/02/2024 16:09:58;
14/02/2024;8;2.0TD;3;0.000113619220000000;0.212;1.179600371;118.730136;0.557;2.195;115.978136;74.28;9.34686;0.82403;0.75;0.25;59.56917;96.95660;101.96000;97.42000;68.27000;2427.1;275.0;177.0;48.0;10.94;0.000;0.17498;0.03702;0.00;0.000;0.000;1.435;0.565;0.000;0.557;95.691;74.28;74.28;16937.2;848.10;5.91;3.48;1.55;54180.68;92044.80;24859.38;28951.2;1.87;3.18;0.86;13/02/2024 16:09:58;
14/02/2024;9;2.0TD;2;0.000123621537000000;0.202;1.240386780;150.463065;19.184;8.779;122.500065;80.56;9.34686;0.82403;0.75;0.25;59.56917;96.95660;101.96000;97.42000;68.27000;2427.1;275.0;177.0;48.0;10.61;0.178;0.17498;0.03702;0.00;0.000;0.000;1.529;0.565;0.000;0.557;101.913;80.56;80.63;18080.0;980.70;5.58;3.48;1.55;47700.36;98890.00;24859.38;30708.1;1.55;3.22;0.81;13/02/2024 16:09:58;
14/02/2024;10;2.0TD;2;0.000125949015000000;0.192;1.180744221;136.458281;19.184;8.779;108.495281;69.65;9.34686;0.82403;0.75;0.25;59.56917;96.95660;101.96000;97.42000;68.27000;2427.1;275.0;177.0;48.0;10.79;0.178;0.17498;0.03702;0.00;0.000;0.000;1.365;0.565;0.000;0.557;91.019;69.65;69.65;19937.6;1225.60;5.76;3.48;1.55;54441.92;99321.52;24859.38;31027.6;1.75;3.20;0.80;13/02/2024 16:09:58;
14/02/2024;11;2.0TD;1;0.000128642841000000;0.186;1.112882995;174.280000;33.081;43.893;97.306000;59.75;9.34686;0.82403;0.75;0.25;59.56917;96.95660;101.96000;97.42000;68.27000;2427.1;275.0;177.0;48.0;10.96;1.068;0.17498;0.03702;0.00;0.000;0.000;1.231;0.565;0.000;0.557;82.045;59.87;57.97;20187.1;1400.70;5.93;3.48;1.55;66854.60;91852.80;24859.38;30953.1;2.16;2.97;0.80;13/02/2024 16:09:58;
14/02/2024;12;2.0TD;1;0.000126432276000000;0.185;1.107183576;158.918565;33.081;43.893;81.944565;47.13;9.34686;0.82403;0.75;0.25;59.56917;96.95660;101.96000;97.42000;68.27000;2427.1;275.0;177.0;48.0;10.88;1.068;0.17498;0.03702;0.00;0.000;0.000;1.037;0.565;0.000;0.557;69.151;47.00;49.95;23378.8;1044.20;5.85;3.48;1.55;82233.48;70607.04;24859.38;30360.2;2.71;2.33;0.82;13/02/2024 16:09:58;
14/02/2024;13;2.0TD;1;0.000125541420000000;0.182;1.088951882;157.907350;33.081;43.893;80.933350;46.31;9.34686;0.82403;0.75;0.25;59.56917;96.95660;101.96000;97.42000;68.27000;2427.1;275.0;177.0;48.0;11.03;1.068;0.17498;0.03702;0.00;0.000;0.000;1.027;0.565;0.000;0.557;68.471;46.10;50.63;22844.3;1106.80;6.00;3.48;1.55;88263.16;66476.80;24859.38;29912.3;2.95;2.22;0.83;13/02/2024 16:09:58;
14/02/2024;14;2.0TD;1;0.000131657992000000;0.177;1.062757933;152.450927;33.081;43.893;75.476927;41.32;9.34686;0.82403;0.75;0.25;59.56917;96.95660;101.96000;97.42000;68.27000;2427.1;275.0;177.0;48.0;11.74;1.068;0.17498;0.03702;0.00;0.000;0.000;0.962;0.565;0.000;0.557;64.126;41.10;45.63;23118.6;1185.10;6.71;3.48;1.55;87513.40;87350.56;24859.38;29768.8;2.94;2.93;0.84;13/02/2024 16:09:58;
14/02/2024;15;2.0TD;2;0.000132052643000000;0.179;1.098692314;101.102891;19.184;8.779;73.139891;40.17;9.34686;0.82403;0.75;0.25;59.56917;96.95660;101.96000;97.42000;68.27000;2427.1;275.0;177.0;48.0;11.72;0.178;0.17498;0.03702;0.00;0.000;0.000;0.931;0.565;0.000;0.557;62.035;39.88;46.46;23468.1;1084.60;6.69;3.48;1.55;88605.88;83099.52;24859.38;29393.4;3.01;2.83;0.85;13/02/2024 16:09:58;
14/02/2024;16;2.0TD;2;0.000126036971000000;0.185;1.135775554;102.581895;19.184;8.779;74.618895;40.31;9.34686;0.82403;0.75;0.25;59.56917;96.95660;101.96000;97.42000;68.27000;2427.1;275.0;177.0;48.0;12.50;0.178;0.17498;0.03702;0.00;0.000;0.000;0.945;0.565;0.000;0.557;62.969;40.00;47.00;23144.8;1087.50;7.47;3.48;1.55;82955.76;107219.84;24859.38;28789.9;2.88;3.72;0.86;13/02/2024 16:09:58;
14/02/2024;17;2.0TD;2;0.000121752286000000;0.192;1.177662144;106.349553;19.184;8.779;78.386553;43.41;9.34686;0.82403;0.75;0.25;59.56917;96.95660;101.96000;97.42000;68.27000;2427.1;275.0;177.0;48.0;12.15;0.178;0.17498;0.03702;0.00;0.000;0.000;0.986;0.565;0.000;0.557;65.760;43.00;53.50;22968.7;942.50;7.12;3.48;1.55;74654.84;104424.00;24859.38;28632.0;2.61;3.65;0.87;13/02/2024 16:09:58;
14/02/2024;18;2.0TD;2;0.000124010807000000;0.195;1.197587531;123.895845;19.184;8.779;95.932845;59.92;9.34686;0.82403;0.75;0.25;59.56917;96.95660;101.96000;97.42000;68.27000;2427.1;275.0;177.0;48.0;9.94;0.178;0.17498;0.03702;0.00;0.000;0.000;1.204;0.565;0.000;0.557;80.278;59.93;59.73;19381.9;1441.20;4.91;3.48;1.55;57583.32;59164.56;24859.38;28807.6;2.00;2.05;0.86;13/02/2024 16:09:58;
14/02/2024;19;2.0TD;1;0.000137267022000000;0.198;1.184561466;178.073856;33.081;43.893;101.099856;64.99;9.34686;0.82403;0.75;0.25;59.56917;96.95660;101.96000;97.42000;68.27000;2427.1;275.0;177.0;48.0;8.03;1.068;0.17498;0.03702;0.00;0.000;0.000;1.266;0.565;0.000;0.557;84.390;65.00;64.90;19938.4;1303.80;3.00;3.48;1.55;49135.44;14391.00;24859.38;29445.1;1.67;0.49;0.84;13/02/2024 16:09:58;
14/02/2024;20;2.0TD;1;0.000166373845000000;0.199;1.190211034;203.026706;33.081;43.893;126.052706;85.42;9.34686;0.82403;0.75;0.25;59.56917;96.95660;101.96000;97.42000;68.27000;2427.1;275.0;177.0;48.0;8.03;1.068;0.17498;0.03702;0.00;0.000;0.000;1.577;0.565;0.000;0.557;105.131;85.16;90.41;20038.9;1060.80;3.00;3.48;1.55;24616.44;42981.12;24859.38;30814.1;0.80;1.39;0.81;13/02/2024 16:09:58;
14/02/2024;21;2.0TD;1;0.000184023463000000;0.198;1.185765125;191.768194;33.081;43.893;114.794194;77.10;9.34686;0.82403;0.75;0.25;59.56917;96.95660;101.96000;97.42000;68.27000;2427.1;275.0;177.0;48.0;7.18;1.068;0.17498;0.03702;0.00;0.000;0.000;1.437;0.565;0.000;0.557;95.821;77.10;77.10;19365.3;1535.70;2.15;3.48;1.55;29379.92;14199.12;24859.38;31872.1;0.92;0.45;0.78;13/02/2024 16:09:58;
14/02/2024;22;2.0TD;1;0.000185842417000000;0.197;1.180667605;182.947440;33.081;43.893;105.973440;69.58;9.34686;0.82403;0.75;0.25;59.56917;96.95660;101.96000;97.42000;68.27000;2427.1;275.0;177.0;48.0;7.52;1.068;0.17498;0.03702;0.00;0.000;0.000;1.328;0.565;0.000;0.557;88.532;69.59;69.39;19768.2;1415.00;2.49;3.48;1.55;33436.88;19164.00;24859.38;31040.9;1.08;0.62;0.80;13/02/2024 16:09:58;
14/02/2024;23;2.0TD;2;0.000167695899000000;0.203;1.247282274;125.111904;19.184;8.779;97.148904;61.76;9.34686;0.82403;0.75;0.25;59.56917;96.95660;101.96000;97.42000;68.27000;2427.1;275.0;177.0;48.0;8.57;0.178;0.17498;0.03702;0.00;0.000;0.000;1.211;0.565;0.000;0.557;80.755;61.77;61.57;22099.4;1170.30;3.54;3.48;1.55;37802.04;37201.44;24859.38;28233.2;1.34;1.32;0.88;13/02/2024 16:09:58;
14/02/2024;24;2.0TD;2;0.000138559596000000;0.209;1.279948292;125.596437;19.184;8.779;97.633437;59.84;9.34686;0.82403;0.75;0.25;59.56917;96.95660;101.96000;97.42000;68.27000;2427.1;275.0;177.0;48.0;10.49;0.178;0.17498;0.03702;0.00;0.000;0.000;1.211;0.565;0.000;0.557;80.755;59.93;58.33;19910.9;1144.40;5.46;3.48;1.55;38942.04;76000.88;24859.38;25613.3;1.52;2.97;0.97;13/02/2024 16:09:58;
*
