pvpcdata;
2024;02;09;12;01;38;
12/01/2024;1;2.0TD;3;0.000128314678000000;0.241;1.341441660;126.019315;0.557;2.195;123.267315;88.56;0.18378;0.67783;0.75;0.25;97.55750;98.29260;101.96000;97.42000;81.63000;3033.2;275.0;177.0;62.0;7.82;0.000;0.17498;0.03702;0.00;0.000;0.000;1.490;0.565;0.000;0.557;99.329;88.98;83.08;15514.5;1201.10;2.68;3.56;1.58;32044.40;17995.24;24859.38;27987.2;1.14;0.64;0.89;11/01/2024 16:08:23;
12/01/2024;2;2.0TD;3;0.000104473478000000;0.250;1.390707750;123.677026;0.557;2.195;120.925026;85.94;0.18378;0.67783;0.75;0.25;97.55750;98.29260;101.96000;97.42000;81.63000;3033.2;275.0;177.0;62.0;7.89;0.000;0.17498;0.03702;0.00;0.000;0.000;1.451;0.565;0.000;0.557;96.740;86.45;80.52;13825.5;1300.80;2.75;3.56;1.58;35266.28;11847.40;24859.38;26110.8;1.35;0.45;0.95;11/01/2024 16:08:23;
12/01/2024;3;2.0TD;3;0.000091483216000000;0.258;1.432988761;122.624330;0.557;2.195;119.872330;84.34;0.18378;0.67783;0.75;0.25;97.55750;98.29260;101.96000;97.42000;81.63000;3033.2;275.0;177.0;62.0;8.06;0.000;0.17498;0.03702;0.00;0.000;0.000;1.429;0.565;0.000;0.557;95.288;84.99;77.99;13215.1;1363.80;2.92;3.56;1.58;36711.12;11847.40;24859.38;25121.1;1.46;0.47;0.99;11/01/2024 16:08:23;
12/01/2024;4;2.0TD;3;0.000084850832000000;0.260;1.446474429;119.169726;0.557;2.195;116.417726;82.29;0.18378;0.67783;0.75;0.25;97.55750;98.29260;101.96000;97.42000;81.63000;3033.2;275.0;177.0;62.0;7.26;0.000;0.17498;0.03702;0.00;0.000;0.000;1.386;0.565;0.000;0.557;92.395;83.00;76.13;12889.6;1479.90;2.12;3.56;1.58;39042.96;12664.08;0.00;24418.6;1.60;0.52;0.00;11/01/2024 16:08:23;
12/01/2024;5;2.0TD;3;0.000082496579000000;0.259;1.438789249;119.256109;0.557;2.195;116.504109;82.43;0.18378;0.67783;0.75;0.25;97.55750;98.29260;101.96000;97.42000;81.63000;3033.2;275.0;177.0;62.0;7.26;0.000;0.17498;0.03702;0.00;0.000;0.000;1.388;0.565;0.000;0.557;92.537;83.14;76.14;12819.7;1445.00;2.12;3.56;1.58;38916.40;12679.92;0.00;24354.6;1.60;0.52;0.00;11/01/2024 16:08:23;
12/01/2024;6;2.0TD;3;0.000084879370000000;0.252;1.401087149;120.820634;0.557;2.195;118.068634;84.34;0.18378;0.67783;0.75;0.25;97.55750;98.29260;101.96000;97.42000;81.63000;3033.2;275.0;177.0;62.0;7.09;0.000;0.17498;0.03702;0.00;0.000;0.000;1.415;0.565;0.000;0.557;94.304;85.00;78.00;13175.7;1381.00;1.95;3.56;1.58;36624.56;11847.40;0.00;24908.5;1.47;0.48;0.00;11/01/2024 16:08:23;
12/01/2024;7;2.0TD;3;0.000096041971000000;0.230;1.278322149;126.125945;0.557;2.195;123.373945;88.79;0.18378;0.67783;0.75;0.25;97.55750;98.29260;101.96000;97.42000;81.63000;3033.2;275.0;177.0;62.0;8.55;0.000;0.17498;0.03702;0.00;0.000;0.000;1.505;0.565;0.000;0.557;100.304;89.00;85.44;16081.1;1013.20;3.41;3.56;1.58;55480.24;11847.40;24859.38;26988.8;2.06;0.44;0.92;11/01/2024 16:08:23;
12/01/2024;8;2.0TD;3;0.000122628954000000;0.213;1.181195231;140.355958;0.557;2.195;137.603958;102.81;0.18378;0.67783;0.75;0.25;97.55750;98.29260;101.96000;97.42000;81.63000;3033.2;275.0;177.0;62.0;7.47;0.000;0.17498;0.03702;0.00;0.000;0.000;1.702;0.565;0.000;0.557;113.441;102.77;103.80;18990.7;823.00;2.33;3.56;1.58;24132.08;23232.00;24859.38;30960.4;0.78;0.75;0.80;11/01/2024 16:08:23;
12/01/2024;9;2.0TD;2;0.000138446302000000;0.197;1.211180646;176.849476;19.184;8.779;148.886476;113.34;0.18378;0.67783;0.75;0.25;97.55750;98.29260;101.96000;97.42000;81.63000;3033.2;275.0;177.0;62.0;7.54;0.178;0.17498;0.03702;0.00;0.000;0.000;1.866;0.565;0.000;0.557;124.383;113.28;114.79;20779.5;819.00;2.40;3.56;1.58;19961.92;35227.36;24859.38;33348.2;0.60;1.06;0.75;11/01/2024 16:08:23;
12/01/2024;10;2.0TD;2;0.000144089609000000;0.189;1.158744302;165.340084;19.184;8.779;137.377084;105.00;0.18378;0.67783;0.75;0.25;97.55750;98.29260;101.96000;97.42000;81.63000;3033.2;275.0;177.0;62.0;7.17;0.178;0.17498;0.03702;0.00;0.000;0.000;1.733;0.565;0.000;0.557;115.540;105.00;105.00;21385.5;1130.20;2.03;3.56;1.58;23384.40;21716.00;24859.38;34391.9;0.68;0.63;0.72;11/01/2024 16:08:23;
12/01/2024;11;2.0TD;1;0.000150403690000000;0.183;1.098358768;208.685695;33.081;43.893;131.711695;99.86;0.18378;0.67783;0.75;0.25;97.55750;98.29260;101.96000;97.42000;81.63000;3033.2;275.0;177.0;62.0;7.28;1.068;0.17498;0.03702;0.00;0.000;0.000;1.670;0.565;0.000;0.557;111.337;100.00;97.00;21696.6;1047.70;2.14;3.56;1.58;25354.32;23374.00;24859.38;34396.2;0.74;0.68;0.72;11/01/2024 16:08:23;
12/01/2024;12;2.0TD;1;0.000148530805000000;0.184;1.100665517;202.294504;33.081;43.893;125.320504;94.58;0.18378;0.67783;0.75;0.25;97.55750;98.29260;101.96000;97.42000;81.63000;3033.2;275.0;177.0;62.0;7.15;1.068;0.17498;0.03702;0.00;0.000;0.000;1.588;0.565;0.000;0.557;105.845;94.58;94.58;22323.4;1232.60;2.01;3.56;1.58;27486.88;15808.00;24859.38;33939.6;0.81;0.47;0.73;11/01/2024 16:08:23;
12/01/2024;13;2.0TD;1;0.000146644453000000;0.180;1.076495108;199.055644;33.081;43.893;122.081644;92.00;0.18378;0.67783;0.75;0.25;97.55750;98.29260;101.96000;97.42000;81.63000;3033.2;275.0;177.0;62.0;7.38;1.068;0.17498;0.03702;0.00;0.000;0.000;1.552;0.565;0.000;0.557;103.459;92.00;92.00;21869.1;1159.10;2.24;3.56;1.58;33670.96;16640.00;24859.38;33493.3;1.01;0.50;0.74;11/01/2024 16:08:23;
12/01/2024;14;2.0TD;1;0.000152770046000000;0.178;1.066134955;198.681450;33.081;43.893;121.707450;91.84;0.18378;0.67783;0.75;0.25;97.55750;98.29260;101.96000;97.42000;81.63000;3033.2;275.0;177.0;62.0;7.40;1.068;0.17498;0.03702;0.00;0.000;0.000;1.550;0.565;0.000;0.557;103.317;91.78;93.00;21798.4;1128.70;2.26;3.56;1.58;33773.24;16640.00;24859.38;33360.5;1.01;0.50;0.75;11/01/2024 16:08:23;
12/01/2024;15;2.0TD;2;0.000154901546000000;0.177;1.088276586;146.292719;19.184;8.779;118.329719;90.10;0.18378;0.67783;0.75;0.25;97.55750;98.29260;101.96000;97.42000;81.63000;3033.2;275.0;177.0;62.0;7.29;0.178;0.17498;0.03702;0.00;0.000;0.000;1.508;0.565;0.000;0.557;100.535;90.10;90.10;21373.7;1143.70;2.15;3.56;1.58;29316.16;16458.28;24859.38;32832.2;0.89;0.50;0.76;11/01/2024 16:08:23;
12/01/2024;16;2.0TD;2;0.000150152678000000;0.184;1.129348333;149.952912;19.184;8.779;121.989912;92.14;0.18378;0.67783;0.75;0.25;97.55750;98.29260;101.96000;97.42000;81.63000;3033.2;275.0;177.0;62.0;7.71;0.178;0.17498;0.03702;0.00;0.000;0.000;1.545;0.565;0.000;0.557;103.032;92.01;94.46;21005.5;1158.40;2.57;3.56;1.58;28536.88;29438.00;24859.38;32246.6;0.88;0.91;0.77;11/01/2024 16:08:23;
12/01/2024;17;2.0TD;2;0.000146578862000000;0.189;1.161671371;160.970509;19.184;8.779;133.007509;100.98;0.18378;0.67783;0.75;0.25;97.55750;98.29260;101.96000;97.42000;81.63000;3033.2;275.0;177.0;62.0;7.57;0.178;0.17498;0.03702;0.00;0.000;0.000;1.678;0.565;0.000;0.557;111.865;100.98;100.98;21071.2;1135.30;2.43;3.56;1.58;24876.44;27776.56;24859.38;31917.6;0.78;0.87;0.78;11/01/2024 16:08:23;
12/01/2024;18;2.0TD;2;0.000151084603000000;0.195;1.197141099;168.689810;19.184;8.779;140.726810;107.10;0.18378;0.67783;0.75;0.25;97.55750;98.29260;101.96000;97.42000;81.63000;3033.2;275.0;177.0;62.0;7.26;0.178;0.17498;0.03702;0.00;0.000;0.000;1.766;0.565;0.000;0.557;117.763;107.10;107.10;20761.5;1220.00;2.12;3.56;1.58;22338.52;22047.20;24859.38;32659.2;0.68;0.68;0.76;11/01/2024 16:08:23;
12/01/2024;19;2.0TD;1;0.000170569263000000;0.200;1.199681822;242.277625;33.081;43.893;165.303625;126.00;0.18378;0.67783;0.75;0.25;97.55750;98.29260;101.96000;97.42000;81.63000;3033.2;275.0;177.0;62.0;7.16;1.068;0.17498;0.03702;0.00;0.000;0.000;2.066;0.565;0.000;0.557;137.753;126.00;126.00;21664.6;916.80;2.02;3.56;1.58;15516.28;27648.00;24859.38;33718.2;0.46;0.82;0.74;11/01/2024 16:08:23;
12/01/2024;20;2.0TD;1;0.000185527638000000;0.207;1.236894412;235.142926;33.081;43.893;158.168926;119.47;0.18378;0.67783;0.75;0.25;97.55750;98.29260;101.96000;97.42000;81.63000;3033.2;275.0;177.0;62.0;7.08;1.068;0.17498;0.03702;0.00;0.000;0.000;1.966;0.565;0.000;0.557;131.043;119.47;119.47;21736.8;857.40;1.94;3.56;1.58;18122.84;23808.00;24859.38;34422.2;0.53;0.69;0.72;11/01/2024 16:08:23;
12/01/2024;21;2.0TD;1;0.000194090909000000;0.210;1.257851979;223.681685;33.081;43.893;146.707685;110.00;0.18378;0.67783;0.75;0.25;97.55750;98.29260;101.96000;97.42000;81.63000;3033.2;275.0;177.0;62.0;6.90;1.068;0.17498;0.03702;0.00;0.000;0.000;1.819;0.565;0.000;0.557;121.246;110.00;110.00;20335.8;1035.80;1.76;3.56;1.58;22046.40;14208.00;24859.38;34702.3;0.64;0.41;0.72;11/01/2024 16:08:23;
12/01/2024;22;2.0TD;1;0.000198793072000000;0.212;1.269150631;214.412401;33.081;43.893;137.438401;102.26;0.18378;0.67783;0.75;0.25;97.55750;98.29260;101.96000;97.42000;81.63000;3033.2;275.0;177.0;62.0;6.91;1.068;0.17498;0.03702;0.00;0.000;0.000;1.701;0.565;0.000;0.557;113.398;102.26;102.26;19577.4;1145.40;1.77;3.56;1.58;24328.80;11014.88;24859.38;33849.4;0.72;0.33;0.73;11/01/2024 16:08:23;
12/01/2024;23;2.0TD;2;0.000187278382000000;0.222;1.359265240;160.679557;19.184;8.779;132.716557;98.00;0.18378;0.67783;0.75;0.25;97.55750;98.29260;101.96000;97.42000;81.63000;3033.2;275.0;177.0;62.0;7.34;0.178;0.17498;0.03702;0.00;0.000;0.000;1.629;0.565;0.000;0.557;108.606;98.00;98.00;17346.8;1226.50;2.20;3.56;1.58;26091.48;17226.76;24859.38;30984.0;0.84;0.56;0.80;11/01/2024 16:08:23;
12/01/2024;24;2.0TD;2;0.000163714627000000;0.228;1.395727159;158.476093;19.184;8.779;130.513093;95.49;0.18378;0.67783;0.75;0.25;97.55750;98.29260;101.96000;97.42000;81.63000;3033.2;275.0;177.0;62.0;7.56;0.178;0.17498;0.03702;0.00;0.000;0.000;1.594;0.565;0.000;0.557;106.281;95.49;95.49;15878.5;1202.60;2.42;3.56;1.58;6092.20;37305.36;24859.38;28147.9;0.22;1.33;0.88;11/01/2024 16:08:23;
*
