pvpcdata;
2024;06;11;12;31;05;
15/05/2024;1;2.0TD;3;0.000085388564000000;0.175;0.974476203;64.531238;0.557;2.195;61.779238;17.64;15.30168;1.12463;0.75;0.25;14.21208;75.41880;101.96000;48.69000;28.32000;1742.8;275.0;154.0;61.0;15.22;0.000;0.17498;0.04096;0.00;0.000;0.789;0.947;0.000;0.557;52.578;17.84;15.65;16746.8;1664.30;10.81;3.16;1.25;214318.88;13969.44;24859.38;23407.6;9.16;0.60;1.06;14/05/2024 16:12:07;
15/05/2024;2;2.0TD;3;0.000071557928000000;0.178;0.989998813;62.572106;0.557;2.195;59.820106;14.99;15.30168;1.12463;0.75;0.25;14.21208;75.41880;101.96000;48.69000;28.32000;1742.8;275.0;154.0;61.0;16.10;0.000;0.17498;0.04096;0.00;0.000;0.762;0.947;0.000;0.557;50.781;14.99;14.99;16167.3;1610.20;11.69;3.16;1.25;220526.28;13842.00;24859.38;22172.1;9.95;0.62;1.12;14/05/2024 16:12:07;
15/05/2024;3;2.0TD;3;0.000063978639000000;0.180;0.998955861;61.055889;0.557;2.195;58.303889;12.03;15.30168;1.12463;0.75;0.25;14.21208;75.41880;101.96000;48.69000;28.32000;1742.8;275.0;154.0;61.0;17.71;0.000;0.17498;0.04096;0.00;0.000;0.741;0.947;0.000;0.557;49.410;12.03;12.03;16116.8;1800.10;13.30;3.16;1.25;237095.92;23124.56;24859.38;21438.4;11.06;1.08;1.16;14/05/2024 16:12:07;
15/05/2024;4;2.0TD;3;0.000060384147000000;0.180;1.001722953;60.720769;0.557;2.195;57.968769;10.96;15.30168;1.12463;0.75;0.25;14.21208;75.41880;101.96000;48.69000;28.32000;1742.8;275.0;154.0;61.0;18.50;0.000;0.17498;0.04096;0.00;0.000;0.737;0.947;0.000;0.557;49.126;10.96;10.96;16723.5;1715.90;14.09;3.16;1.25;268755.44;28454.80;0.00;21086.8;12.75;1.35;0.00;14/05/2024 16:12:07;
15/05/2024;5;2.0TD;3;0.000059166089000000;0.180;1.001439169;61.534969;0.557;2.195;58.782969;11.00;15.30168;1.12463;0.75;0.25;14.21208;75.41880;101.96000;48.69000;28.32000;1742.8;275.0;154.0;61.0;19.14;0.000;0.17498;0.04096;0.00;0.000;0.747;0.947;0.000;0.557;49.816;11.00;10.95;16552.3;1734.80;14.73;3.16;1.25;268912.96;39825.00;0.00;20965.2;12.83;1.90;0.00;14/05/2024 16:12:07;
15/05/2024;6;2.0TD;3;0.000060501792000000;0.178;0.988984612;67.020234;0.557;2.195;64.268234;16.46;15.30168;1.12463;0.75;0.25;14.21208;75.41880;101.96000;48.69000;28.32000;1742.8;275.0;154.0;61.0;18.35;0.000;0.17498;0.04096;0.00;0.000;0.818;0.947;0.000;0.557;54.557;16.55;15.65;15865.1;1702.10;13.94;3.16;1.25;258188.48;39975.00;0.00;21394.6;12.07;1.87;0.00;14/05/2024 16:12:07;
15/05/2024;7;2.0TD;3;0.000066122676000000;0.168;0.931563175;79.553928;0.557;2.195;76.801928;29.69;15.30168;1.12463;0.75;0.25;14.21208;75.41880;101.96000;48.69000;28.32000;1742.8;275.0;154.0;61.0;16.15;0.000;0.17498;0.04096;0.00;0.000;0.986;0.947;0.000;0.557;65.755;30.64;21.20;16390.2;1827.70;11.74;3.16;1.25;234286.56;19188.00;24859.38;23701.2;9.89;0.81;1.05;14/05/2024 16:12:07;
15/05/2024;8;2.0TD;3;0.000078535785000000;0.159;0.881653483;79.797771;0.557;2.195;77.045771;34.64;15.30168;1.12463;0.75;0.25;14.21208;75.41880;101.96000;48.69000;28.32000;1742.8;275.0;154.0;61.0;11.91;0.000;0.17498;0.04096;0.00;0.000;0.997;0.947;0.000;0.557;66.476;35.01;30.52;18306.6;1630.00;7.50;3.16;1.25;151047.52;19188.00;24859.38;26024.0;5.80;0.74;0.96;14/05/2024 16:12:07;
15/05/2024;9;2.0TD;2;0.000090728578000000;0.174;1.070381163;105.224028;19.184;8.779;77.261028;29.57;15.30168;1.12463;0.75;0.25;14.21208;75.41880;101.96000;48.69000;28.32000;1742.8;275.0;154.0;61.0;16.17;0.154;0.17498;0.04096;0.00;0.000;0.987;0.947;0.000;0.557;65.810;30.00;25.00;19512.8;1837.10;11.76;3.16;1.25;218540.00;81818.88;24859.38;27651.1;7.90;2.96;0.90;14/05/2024 16:12:07;
15/05/2024;10;2.0TD;2;0.000095787333000000;0.144;0.885646833;76.095742;19.184;8.779;48.132742;3.25;15.30168;1.12463;0.75;0.25;14.21208;75.41880;101.96000;48.69000;28.32000;1742.8;275.0;154.0;61.0;19.11;0.154;0.17498;0.04096;0.00;0.000;0.631;0.947;0.000;0.557;42.074;3.25;3.25;25626.5;1631.60;14.70;3.16;1.25;285343.56;95080.00;24859.38;27563.7;10.35;3.45;0.90;14/05/2024 16:12:07;
15/05/2024;11;2.0TD;1;0.000100446318000000;0.144;0.859784956;125.620398;33.081;43.893;48.646398;3.21;15.30168;1.12463;0.75;0.25;14.21208;75.41880;101.96000;48.69000;28.32000;1742.8;275.0;154.0;61.0;18.82;0.926;0.17498;0.04096;0.00;0.000;0.638;0.947;0.000;0.557;42.523;3.21;3.25;28107.0;1689.20;14.41;3.16;1.25;292603.44;71520.00;24859.38;26992.0;10.84;2.65;0.92;14/05/2024 16:12:07;
15/05/2024;12;2.0TD;1;0.000102439111000000;0.144;0.864094688;119.104174;33.081;43.893;42.130174;0.17;15.30168;1.12463;0.75;0.25;14.21208;75.41880;101.96000;48.69000;28.32000;1742.8;275.0;154.0;61.0;16.25;0.926;0.17498;0.04096;0.00;0.000;0.552;0.947;0.000;0.557;36.827;0.15;0.44;27933.1;1909.20;11.84;3.16;1.25;275495.28;13559.52;24859.38;26516.8;10.39;0.51;0.94;14/05/2024 16:12:07;
15/05/2024;13;2.0TD;1;0.000106579710000000;0.142;0.852328643;118.822676;33.081;43.893;41.848676;0.00;15.30168;1.12463;0.75;0.25;14.21208;75.41880;101.96000;48.69000;28.32000;1742.8;275.0;154.0;61.0;16.24;0.926;0.17498;0.04096;0.00;0.000;0.550;0.947;0.000;0.557;36.645;0.00;0.00;28495.4;2224.60;11.83;3.16;1.25;275664.80;13551.04;24859.38;26552.2;10.38;0.51;0.94;14/05/2024 16:12:07;
15/05/2024;14;2.0TD;1;0.000113723143000000;0.138;0.825029466;118.214067;33.081;43.893;41.240067;0.00;15.30168;1.12463;0.75;0.25;14.21208;75.41880;101.96000;48.69000;28.32000;1742.8;275.0;154.0;61.0;15.84;0.926;0.17498;0.04096;0.00;0.000;0.544;0.947;0.000;0.557;36.239;0.00;0.00;28393.3;2191.70;11.43;3.16;1.25;267431.68;10259.20;24859.38;26481.9;10.10;0.39;0.94;14/05/2024 16:12:07;
15/05/2024;15;2.0TD;2;0.000112934916000000;0.157;0.962598722;69.488974;19.184;8.779;41.525974;-0.09;15.30168;1.12463;0.75;0.25;14.21208;75.41880;101.96000;48.69000;28.32000;1742.8;275.0;154.0;61.0;16.36;0.154;0.17498;0.04096;0.00;0.000;0.538;0.947;0.000;0.557;35.891;0.00;-1.29;27626.2;2231.10;11.95;3.16;1.25;275663.20;10265.60;24859.38;26019.6;10.59;0.39;0.96;14/05/2024 16:12:07;
15/05/2024;16;2.0TD;2;0.000103143793000000;0.163;0.999505406;69.550804;19.184;8.779;41.587804;-0.22;15.30168;1.12463;0.75;0.25;14.21208;75.41880;101.96000;48.69000;28.32000;1742.8;275.0;154.0;61.0;16.36;0.154;0.17498;0.04096;0.00;0.000;0.536;0.947;0.000;0.557;35.759;0.00;-3.00;26602.5;2254.40;11.95;3.16;1.25;267429.16;9612.00;24859.38;25253.4;10.59;0.38;0.98;14/05/2024 16:12:07;
15/05/2024;17;2.0TD;2;0.000096938196000000;0.168;1.028278956;69.646672;19.184;8.779;41.683672;-0.15;15.30168;1.12463;0.75;0.25;14.21208;75.41880;101.96000;48.69000;28.32000;1742.8;275.0;154.0;61.0;16.22;0.154;0.17498;0.04096;0.00;0.000;0.535;0.947;0.000;0.557;35.688;0.00;-2.00;26005.0;2218.30;11.81;3.16;1.25;259195.64;9588.00;24859.38;24856.4;10.43;0.39;1.00;14/05/2024 16:12:07;
15/05/2024;18;2.0TD;2;0.000096931044000000;0.172;1.057622337;69.932408;19.184;8.779;41.969408;-0.07;15.30168;1.12463;0.75;0.25;14.21208;75.41880;101.96000;48.69000;28.32000;1742.8;275.0;154.0;61.0;16.26;0.154;0.17498;0.04096;0.00;0.000;0.537;0.947;0.000;0.557;35.810;0.00;-1.00;26106.1;2191.70;11.85;3.16;1.25;259194.76;13320.32;24859.38;25085.0;10.33;0.53;0.99;14/05/2024 16:12:07;
15/05/2024;19;2.0TD;1;0.000098674563000000;0.151;0.903154522;121.933297;33.081;43.893;44.959297;0.04;15.30168;1.12463;0.75;0.25;14.21208;75.41880;101.96000;48.69000;28.32000;1742.8;275.0;154.0;61.0;18.58;0.926;0.17498;0.04096;0.00;0.000;0.586;0.947;0.000;0.557;39.061;0.01;0.44;26016.8;2144.10;14.17;3.16;1.25;259185.68;78254.40;24859.38;25554.1;10.14;3.06;0.97;14/05/2024 16:12:07;
15/05/2024;20;2.0TD;1;0.000103816641000000;0.157;0.937865104;132.164144;33.081;43.893;55.190144;3.25;15.30168;1.12463;0.75;0.25;14.21208;75.41880;101.96000;48.69000;28.32000;1742.8;275.0;154.0;61.0;23.88;0.926;0.17498;0.04096;0.00;0.000;0.716;0.947;0.000;0.557;47.701;3.25;3.25;24277.0;1793.40;19.47;3.16;1.25;249371.04;237900.00;24859.38;26304.6;9.48;9.04;0.95;14/05/2024 16:12:07;
15/05/2024;21;2.0TD;1;0.000115980102000000;0.164;0.982822005;145.602363;33.081;43.893;68.628363;22.37;15.30168;1.12463;0.75;0.25;14.21208;75.41880;101.96000;48.69000;28.32000;1742.8;275.0;154.0;61.0;15.85;0.926;0.17498;0.04096;0.00;0.000;0.884;0.947;0.000;0.557;58.959;22.78;17.80;20282.6;1810.00;11.44;3.16;1.25;214017.92;75110.16;24859.38;27452.8;7.80;2.74;0.91;14/05/2024 16:12:07;
15/05/2024;22;2.0TD;1;0.000133038622000000;0.169;1.013386649;162.976249;33.081;43.893;86.002249;43.47;15.30168;1.12463;0.75;0.25;14.21208;75.41880;101.96000;48.69000;28.32000;1742.8;275.0;154.0;61.0;9.14;0.926;0.17498;0.04096;0.00;0.000;1.104;0.947;0.000;0.557;73.569;43.12;49.62;20811.8;1168.00;4.73;3.16;1.25;89033.44;19188.00;24859.38;28119.8;3.17;0.68;0.88;14/05/2024 16:12:07;
15/05/2024;23;2.0TD;2;0.000126478541000000;0.198;1.217216632;124.864518;19.184;8.779;96.901518;51.63;15.30168;1.12463;0.75;0.25;14.21208;75.41880;101.96000;48.69000;28.32000;1742.8;275.0;154.0;61.0;8.96;0.154;0.17498;0.04096;0.00;0.000;1.213;0.947;0.000;0.557;80.886;51.29;57.79;19412.3;1085.80;4.55;3.16;1.25;75291.48;19176.00;24859.38;26243.4;2.87;0.73;0.95;14/05/2024 16:12:07;
15/05/2024;24;2.0TD;2;0.000104694837000000;0.202;1.236523463;106.225310;19.184;8.779;78.262310;34.78;15.30168;1.12463;0.75;0.25;14.21208;75.41880;101.96000;48.69000;28.32000;1742.8;275.0;154.0;61.0;10.27;0.154;0.17498;0.04096;0.00;0.000;0.977;0.947;0.000;0.557;65.110;35.01;32.01;17375.6;1451.80;5.86;3.16;1.25;102231.48;14391.00;24859.38;24143.0;4.23;0.60;1.03;14/05/2024 16:12:07;
*
