pvpcdata;
2024;08;09;11;56;47;
20/07/2024;1;2.0TD;3;0.000115799166000000;0.178;0.988340868;145.755480;0.557;2.195;143.003480;102.10;9.36465;1.00631;0.75;0.25;51.47042;88.92900;101.96000;73.51000;74.07000;2265.7;275.0;234.0;61.0;6.33;0.000;0.17498;0.04096;0.00;0.000;1.821;0.947;0.000;0.557;121.395;101.70;106.71;20725.5;1817.50;2.11;3.13;1.09;10670.72;23173.92;24859.38;27814.4;0.38;0.83;0.89;19/07/2024 16:14:38;
20/07/2024;2;2.0TD;3;0.000101637021000000;0.175;0.973862365;142.659419;0.557;2.195;139.907419;99.17;9.36465;1.00631;0.75;0.25;51.47042;88.92900;101.96000;73.51000;74.07000;2265.7;275.0;234.0;61.0;6.97;0.000;0.17498;0.04096;0.00;0.000;1.786;0.947;0.000;0.557;119.070;98.65;103.66;19039.9;2190.70;2.75;3.13;1.09;28023.40;18536.80;24859.38;25967.4;1.08;0.71;0.96;19/07/2024 16:14:38;
20/07/2024;3;2.0TD;3;0.000090165092000000;0.175;0.970633181;146.023444;0.557;2.195;143.271444;101.23;9.36465;1.00631;0.75;0.25;51.47042;88.92900;101.96000;73.51000;74.07000;2265.7;275.0;234.0;61.0;7.73;0.000;0.17498;0.04096;0.00;0.000;1.829;0.947;0.000;0.557;121.933;101.01;103.01;17764.3;2236.50;3.51;3.13;1.09;40379.52;21067.20;24859.38;24546.6;1.65;0.86;1.01;19/07/2024 16:14:38;
20/07/2024;4;2.0TD;3;0.000083072126000000;0.172;0.958266349;142.909305;0.557;2.195;140.157305;98.65;9.36465;1.00631;0.75;0.25;51.47042;88.92900;101.96000;73.51000;74.07000;2265.7;275.0;234.0;61.0;8.00;0.000;0.17498;0.04096;0.00;0.000;1.794;0.947;0.000;0.557;119.588;98.65;98.65;16841.6;2450.20;3.78;3.13;1.09;72759.52;16938.48;0.00;23737.3;3.07;0.71;0.00;19/07/2024 16:14:38;
20/07/2024;5;2.0TD;3;0.000078856649000000;0.171;0.950305651;141.041414;0.557;2.195;138.289414;96.86;9.36465;1.00631;0.75;0.25;51.47042;88.92900;101.96000;73.51000;74.07000;2265.7;275.0;234.0;61.0;8.32;0.000;0.17498;0.04096;0.00;0.000;1.771;0.947;0.000;0.557;118.095;96.86;96.86;16444.3;2392.50;4.10;3.13;1.09;75470.64;19343.52;0.00;23149.1;3.26;0.84;0.00;19/07/2024 16:14:38;
20/07/2024;6;2.0TD;3;0.000076763652000000;0.172;0.953756538;140.232457;0.557;2.195;137.480457;96.05;9.36465;1.00631;0.75;0.25;51.47042;88.92900;101.96000;73.51000;74.07000;2265.7;275.0;234.0;61.0;8.35;0.000;0.17498;0.04096;0.00;0.000;1.760;0.947;0.000;0.557;117.304;96.05;96.05;16132.8;2413.70;4.13;3.13;1.09;76546.24;17694.76;0.00;22829.6;3.35;0.78;0.00;19/07/2024 16:14:38;
20/07/2024;7;2.0TD;3;0.000075130763000000;0.170;0.945299271;140.448298;0.557;2.195;137.696298;94.82;9.36465;1.00631;0.75;0.25;51.47042;88.92900;101.96000;73.51000;74.07000;2265.7;275.0;234.0;61.0;9.96;0.000;0.17498;0.04096;0.00;0.000;1.765;0.947;0.000;0.557;117.689;94.75;95.39;16085.9;2041.80;5.74;3.13;1.09;111969.52;18780.72;0.00;22779.0;4.92;0.82;0.00;19/07/2024 16:14:38;
20/07/2024;8;2.0TD;3;0.000073816229000000;0.166;0.923141247;145.079958;0.557;2.195;142.327958;93.17;9.36465;1.00631;0.75;0.25;51.47042;88.92900;101.96000;73.51000;74.07000;2265.7;275.0;234.0;61.0;15.92;0.000;0.17498;0.04096;0.00;0.000;1.831;0.947;0.000;0.557;122.065;92.90;95.39;16106.8;1940.00;11.70;3.13;1.09;98327.88;170837.60;0.00;23013.5;4.27;7.42;0.00;19/07/2024 16:14:38;
20/07/2024;9;2.0TD;3;0.000084367239000000;0.159;0.884301043;117.985742;0.557;2.195;115.233742;68.09;9.36465;1.00631;0.75;0.25;51.47042;88.92900;101.96000;73.51000;74.07000;2265.7;275.0;234.0;61.0;18.70;0.000;0.17498;0.04096;0.00;0.000;1.491;0.947;0.000;0.557;99.425;67.74;72.75;17641.5;1323.80;14.48;3.13;1.09;75680.08;276670.08;0.00;24326.8;3.11;11.37;0.00;19/07/2024 16:14:38;
20/07/2024;10;2.0TD;3;0.000099921409000000;0.155;0.862544815;90.900611;0.557;2.195;88.148611;50.21;9.36465;1.00631;0.75;0.25;51.47042;88.92900;101.96000;73.51000;74.07000;2265.7;275.0;234.0;61.0;13.82;0.000;0.17498;0.04096;0.00;0.000;1.145;0.947;0.000;0.557;76.319;50.00;53.01;21272.4;1577.10;9.60;3.13;1.09;91676.12;156486.00;0.00;25842.8;3.55;6.06;0.00;19/07/2024 16:14:38;
20/07/2024;11;2.0TD;3;0.000113372437000000;0.156;0.865024422;39.279454;0.557;2.195;36.527454;10.34;9.36465;1.00631;0.75;0.25;51.47042;88.92900;101.96000;73.51000;74.07000;2265.7;275.0;234.0;61.0;9.64;0.000;0.17498;0.04096;0.00;0.000;0.474;0.947;0.000;0.557;31.598;9.96;14.97;24145.2;2002.60;5.42;3.13;1.09;139377.12;9419.92;0.00;27460.6;5.08;0.34;0.00;19/07/2024 16:14:38;
20/07/2024;12;2.0TD;3;0.000120607494000000;0.156;0.869276185;28.951750;0.557;2.195;26.199750;1.74;9.36465;1.00631;0.75;0.25;51.47042;88.92900;101.96000;73.51000;74.07000;2265.7;275.0;234.0;61.0;9.44;0.000;0.17498;0.04096;0.00;0.000;0.340;0.947;0.000;0.557;22.664;1.57;3.32;24762.0;2611.00;5.22;3.13;1.09;143309.76;3631.04;0.00;28160.2;5.09;0.13;0.00;19/07/2024 16:14:38;
20/07/2024;13;2.0TD;3;0.000126642357000000;0.157;0.873977422;28.575250;0.557;2.195;25.823250;0.49;9.36465;1.00631;0.75;0.25;51.47042;88.92900;101.96000;73.51000;74.07000;2265.7;275.0;234.0;61.0;10.35;0.000;0.17498;0.04096;0.00;0.000;0.335;0.947;0.000;0.557;22.319;0.44;0.94;25197.6;2807.90;6.13;3.13;1.09;171828.52;3588.48;0.00;28603.3;6.01;0.13;0.00;19/07/2024 16:14:38;
20/07/2024;14;2.0TD;3;0.000136477584000000;0.154;0.855987107;27.805506;0.557;2.195;25.053506;0.04;9.36465;1.00631;0.75;0.25;51.47042;88.92900;101.96000;73.51000;74.07000;2265.7;275.0;234.0;61.0;10.20;0.000;0.17498;0.04096;0.00;0.000;0.326;0.947;0.000;0.557;21.710;0.00;0.44;25720.9;2775.50;5.98;3.13;1.09;172058.56;2247.00;0.00;29141.7;5.90;0.08;0.00;19/07/2024 16:14:38;
20/07/2024;15;2.0TD;3;0.000140781731000000;0.151;0.840562936;28.838430;0.557;2.195;26.086430;0.04;9.36465;1.00631;0.75;0.25;51.47042;88.92900;101.96000;73.51000;74.07000;2265.7;275.0;234.0;61.0;11.14;0.000;0.17498;0.04096;0.00;0.000;0.340;0.947;0.000;0.557;22.664;-0.01;0.44;25143.9;3126.70;6.92;3.13;1.09;199476.84;1516.80;0.00;29031.0;6.87;0.05;0.00;19/07/2024 16:14:38;
20/07/2024;16;2.0TD;3;0.000133897526000000;0.153;0.852088562;31.587543;0.557;2.195;28.835543;0.04;9.36465;1.00631;0.75;0.25;51.47042;88.92900;101.96000;73.51000;74.07000;2265.7;275.0;234.0;61.0;13.45;0.000;0.17498;0.04096;0.00;0.000;0.375;0.947;0.000;0.557;25.009;0.00;0.44;26504.2;2995.00;9.23;3.13;1.09;258854.92;2247.00;0.00;28303.7;9.15;0.08;0.00;19/07/2024 16:14:38;
20/07/2024;17;2.0TD;3;0.000127857498000000;0.155;0.858813126;33.291521;0.557;2.195;30.539521;0.04;9.36465;1.00631;0.75;0.25;51.47042;88.92900;101.96000;73.51000;74.07000;2265.7;275.0;234.0;61.0;14.86;0.000;0.17498;0.04096;0.00;0.000;0.397;0.947;0.000;0.557;26.441;0.00;0.44;25894.6;2931.70;10.64;3.13;1.09;292242.92;2247.00;0.00;27665.1;10.56;0.08;0.00;19/07/2024 16:14:38;
20/07/2024;18;2.0TD;3;0.000125431919000000;0.161;0.896506577;35.300802;0.557;2.195;32.548802;0.05;9.36465;1.00631;0.75;0.25;51.47042;88.92900;101.96000;73.51000;74.07000;2265.7;275.0;234.0;61.0;16.42;0.000;0.17498;0.04096;0.00;0.000;0.421;0.947;0.000;0.557;28.035;0.00;0.44;25923.6;3028.10;12.20;3.13;1.09;337265.84;2252.60;0.00;27833.0;12.12;0.08;0.00;19/07/2024 16:14:38;
20/07/2024;19;2.0TD;3;0.000123705033000000;0.169;0.940607340;36.817997;0.557;2.195;34.065997;2.05;9.36465;1.00631;0.75;0.25;51.47042;88.92900;101.96000;73.51000;74.07000;2265.7;275.0;234.0;61.0;15.51;0.000;0.17498;0.04096;0.00;0.000;0.437;0.947;0.000;0.557;29.141;1.90;3.32;26249.5;3151.40;11.29;3.13;1.09;308381.68;10784.40;0.00;28267.2;10.91;0.38;0.00;19/07/2024 16:14:38;
20/07/2024;20;2.0TD;3;0.000121790988000000;0.178;0.987779143;43.621702;0.557;2.195;40.869702;6.57;9.36465;1.00631;0.75;0.25;51.47042;88.92900;101.96000;73.51000;74.07000;2265.7;275.0;234.0;61.0;16.46;0.000;0.17498;0.04096;0.00;0.000;0.520;0.947;0.000;0.557;34.694;6.15;11.16;23613.3;2167.30;12.24;3.13;1.09;306880.60;46420.88;0.00;28866.5;10.63;1.61;0.00;19/07/2024 16:14:38;
20/07/2024;21;2.0TD;3;0.000122192810000000;0.186;1.030948300;105.668507;0.557;2.195;102.916507;60.38;9.36465;1.00631;0.75;0.25;51.47042;88.92900;101.96000;73.51000;74.07000;2265.7;275.0;234.0;61.0;13.95;0.000;0.17498;0.04096;0.00;0.000;1.302;0.947;0.000;0.557;86.776;60.05;65.06;20781.5;1483.40;9.73;3.13;1.09;165338.88;115192.00;0.00;28833.3;5.73;4.00;0.00;19/07/2024 16:14:38;
20/07/2024;22;2.0TD;3;0.000129669607000000;0.188;1.044506669;135.789163;0.557;2.195;133.037163;88.35;9.36465;1.00631;0.75;0.25;51.47042;88.92900;101.96000;73.51000;74.07000;2265.7;275.0;234.0;61.0;10.81;0.000;0.17498;0.04096;0.00;0.000;1.680;0.947;0.000;0.557;111.984;87.93;91.48;19212.0;2609.20;6.59;3.13;1.09;143386.68;21194.88;24859.38;28741.8;4.99;0.74;0.86;19/07/2024 16:14:38;
20/07/2024;23;2.0TD;3;0.000136843090000000;0.188;1.043677687;135.222487;0.557;2.195;132.470487;88.82;9.36465;1.00631;0.75;0.25;51.47042;88.92900;101.96000;73.51000;74.07000;2265.7;275.0;234.0;61.0;9.87;0.000;0.17498;0.04096;0.00;0.000;1.673;0.947;0.000;0.557;111.507;88.31;93.32;18938.0;2148.90;5.65;3.13;1.09;111854.20;22727.04;24859.38;28228.0;3.96;0.81;0.88;19/07/2024 16:14:38;
20/07/2024;24;2.0TD;3;0.000128149788000000;0.188;1.044487219;127.780855;0.557;2.195;125.028855;81.15;9.36465;1.00631;0.75;0.25;51.47042;88.92900;101.96000;73.51000;74.07000;2265.7;275.0;234.0;61.0;11.37;0.000;0.17498;0.04096;0.00;0.000;1.579;0.947;0.000;0.557;105.243;80.68;85.69;17717.6;1819.90;7.15;3.13;1.09;121764.36;43293.04;24859.38;26583.6;4.58;1.63;0.94;19/07/2024 16:14:38;
*
