pvpcdata;
2024;11;12;10;29;20;
21/10/2024;1;2.0TD;3;0.000083498364000000;0.187;1.036559840;133.852927;0.557;2.195;131.100927;91.75;-0.12997;1.15498;0.75;0.25;93.62667;93.10680;101.96000;84.74000;75.42000;1800.9;275.0;200.0;45.0;15.47;0.000;0.17498;0.04096;0.00;0.000;1.657;0.947;0.000;0.557;110.447;92.00;88.70;14150.0;1135.90;11.23;3.19;1.05;156791.48;47952.00;24859.38;20451.9;7.67;2.34;1.22;20/10/2024 16:08:59;
21/10/2024;2;2.0TD;3;0.000070360844000000;0.198;1.097250647;127.393459;0.557;2.195;124.641459;85.15;-0.12997;1.15498;0.75;0.25;93.62667;93.10680;101.96000;84.74000;75.42000;1800.9;275.0;200.0;45.0;15.76;0.000;0.17498;0.04096;0.00;0.000;1.561;0.947;0.000;0.557;104.041;85.23;84.10;14156.2;1051.30;11.52;3.19;1.05;171199.88;57142.80;0.00;19829.4;8.63;2.88;0.00;20/10/2024 16:08:59;
21/10/2024;3;2.0TD;3;0.000063834647000000;0.201;1.118494648;114.475367;0.557;2.195;111.723367;70.17;-0.12997;1.15498;0.75;0.25;93.62667;93.10680;101.96000;84.74000;75.42000;1800.9;275.0;200.0;45.0;19.89;0.000;0.17498;0.04096;0.00;0.000;1.395;0.947;0.000;0.557;93.025;70.00;73.70;14421.8;675.20;15.65;3.19;1.05;198505.08;101498.40;0.00;19174.3;10.35;5.29;0.00;20/10/2024 16:08:59;
21/10/2024;4;2.0TD;3;0.000060591536000000;0.202;1.124429999;109.456286;0.557;2.195;106.704286;64.26;-0.12997;1.15498;0.75;0.25;93.62667;93.10680;101.96000;84.74000;75.42000;1800.9;275.0;200.0;45.0;21.61;0.000;0.17498;0.04096;0.00;0.000;1.332;0.947;0.000;0.557;88.772;64.00;69.87;14377.7;673.10;17.37;3.19;1.05;228586.20;99161.28;0.00;18871.8;12.11;5.25;0.00;20/10/2024 16:08:59;
21/10/2024;5;2.0TD;3;0.000059417584000000;0.200;1.113419873;109.217541;0.557;2.195;106.465541;64.13;-0.12997;1.15498;0.75;0.25;93.62667;93.10680;101.96000;84.74000;75.42000;1800.9;275.0;200.0;45.0;21.69;0.000;0.17498;0.04096;0.00;0.000;1.331;0.947;0.000;0.557;88.721;64.00;66.63;14462.5;777.50;17.45;3.19;1.05;228583.44;104031.52;0.00;19065.5;11.99;5.46;0.00;20/10/2024 16:08:59;
21/10/2024;6;2.0TD;3;0.000060804986000000;0.191;1.059486130;113.908369;0.557;2.195;111.156369;70.08;-0.12997;1.15498;0.75;0.25;93.62667;93.10680;101.96000;84.74000;75.42000;1800.9;275.0;200.0;45.0;20.28;0.000;0.17498;0.04096;0.00;0.000;1.400;0.947;0.000;0.557;93.330;70.00;71.46;14785.7;815.30;16.04;3.19;1.05;214030.20;102594.40;0.00;19740.6;10.84;5.20;0.00;20/10/2024 16:08:59;
21/10/2024;7;2.0TD;3;0.000069184853000000;0.170;0.946954530;128.625613;0.557;2.195;125.873613;89.99;-0.12997;1.15498;0.75;0.25;93.62667;93.10680;101.96000;84.74000;75.42000;1800.9;275.0;200.0;45.0;14.41;0.000;0.17498;0.04096;0.00;0.000;1.614;0.947;0.000;0.557;107.584;90.71;80.71;15393.4;1186.30;10.17;3.19;1.05;174235.52;29250.72;24859.38;22469.6;7.75;1.30;1.11;20/10/2024 16:08:59;
21/10/2024;8;2.0TD;3;0.000087660927000000;0.158;0.878243131;140.736135;0.557;2.195;137.984135;104.23;-0.12997;1.15498;0.75;0.25;93.62667;93.10680;101.96000;84.74000;75.42000;1800.9;275.0;200.0;45.0;11.57;0.000;0.17498;0.04096;0.00;0.000;1.787;0.947;0.000;0.557;119.157;105.01;95.29;16073.4;1402.90;7.33;3.19;1.05;144386.92;19782.00;24859.38;25777.2;5.60;0.77;0.96;20/10/2024 16:08:59;
21/10/2024;9;2.0TD;2;0.000095076383000000;0.185;1.136475828;190.752712;19.184;8.779;162.789712;125.58;-0.12997;1.15498;0.75;0.25;93.62667;93.10680;101.96000;84.74000;75.42000;1800.9;275.0;200.0;45.0;8.01;0.154;0.17498;0.04096;0.00;0.000;2.061;0.947;0.000;0.557;137.375;125.89;121.00;17782.2;1220.80;3.77;3.19;1.05;34003.84;44974.08;24859.38;27510.3;1.24;1.63;0.90;20/10/2024 16:08:59;
21/10/2024;10;2.0TD;2;0.000095538350000000;0.149;0.912498827;168.017235;19.184;8.779;140.054235;103.87;-0.12997;1.15498;0.75;0.25;93.62667;93.10680;101.96000;84.74000;75.42000;1800.9;275.0;200.0;45.0;14.47;0.154;0.17498;0.04096;0.00;0.000;1.828;0.947;0.000;0.557;121.892;103.90;103.45;17917.6;1299.70;10.23;3.19;1.05;47847.08;210144.00;24859.38;27657.5;1.73;7.60;0.90;20/10/2024 16:08:59;
21/10/2024;11;2.0TD;1;0.000097166125000000;0.145;0.870913935;197.839381;33.081;43.893;120.865381;88.72;-0.12997;1.15498;0.75;0.25;93.62667;93.10680;101.96000;84.74000;75.42000;1800.9;275.0;200.0;45.0;12.76;0.926;0.17498;0.04096;0.00;0.000;1.583;0.947;0.000;0.557;105.559;88.77;87.88;19901.9;1154.80;8.52;3.19;1.05;68192.48;145865.44;24859.38;28072.0;2.43;5.20;0.89;20/10/2024 16:08:59;
21/10/2024;12;2.0TD;1;0.000096682432000000;0.143;0.854604340;190.677679;33.081;43.893;113.703679;81.35;-0.12997;1.15498;0.75;0.25;93.62667;93.10680;101.96000;84.74000;75.42000;1800.9;275.0;200.0;45.0;14.14;0.926;0.17498;0.04096;0.00;0.000;1.492;0.947;0.000;0.557;99.478;81.50;78.45;21713.7;1095.70;9.90;3.19;1.05;80444.00;175432.32;24859.38;28378.9;2.83;6.18;0.88;20/10/2024 16:08:59;
21/10/2024;13;2.0TD;1;0.000099224401000000;0.141;0.844197604;178.315662;33.081;43.893;101.341662;73.15;-0.12997;1.15498;0.75;0.25;93.62667;93.10680;101.96000;84.74000;75.42000;1800.9;275.0;200.0;45.0;11.84;0.926;0.17498;0.04096;0.00;0.000;1.332;0.947;0.000;0.557;88.818;73.29;70.29;23103.1;1111.90;7.60;3.19;1.05;89617.48;101971.84;24859.38;28468.8;3.15;3.58;0.87;20/10/2024 16:08:59;
21/10/2024;14;2.0TD;1;0.000106024933000000;0.139;0.832455384;173.269940;33.081;43.893;96.295940;68.87;-0.12997;1.15498;0.75;0.25;93.62667;93.10680;101.96000;84.74000;75.42000;1800.9;275.0;200.0;45.0;11.91;0.926;0.17498;0.04096;0.00;0.000;1.268;0.947;0.000;0.557;84.544;69.00;66.00;23154.1;1089.50;7.67;3.19;1.05;95465.72;99772.80;24859.38;28724.6;3.32;3.47;0.87;20/10/2024 16:08:59;
21/10/2024;15;2.0TD;2;0.000106322189000000;0.160;0.984054111;123.028810;19.184;8.779;95.065810;66.93;-0.12997;1.15498;0.75;0.25;93.62667;93.10680;101.96000;84.74000;75.42000;1800.9;275.0;200.0;45.0;12.07;0.154;0.17498;0.04096;0.00;0.000;1.229;0.947;0.000;0.557;81.953;67.04;64.54;22903.1;1038.50;7.83;3.19;1.05;97719.08;98067.20;24859.38;28189.2;3.47;3.48;0.88;20/10/2024 16:08:59;
21/10/2024;16;2.0TD;2;0.000098581392000000;0.171;1.048854928;124.679736;19.184;8.779;96.716736;67.77;-0.12997;1.15498;0.75;0.25;93.62667;93.10680;101.96000;84.74000;75.42000;1800.9;275.0;200.0;45.0;11.86;0.154;0.17498;0.04096;0.00;0.000;1.239;0.947;0.000;0.557;82.593;67.88;65.12;23790.9;985.60;7.62;3.19;1.05;96851.76;88023.28;24859.38;27528.5;3.52;3.20;0.90;20/10/2024 16:08:59;
21/10/2024;17;2.0TD;2;0.000094434306000000;0.182;1.114534457;130.856436;19.184;8.779;102.893436;70.39;-0.12997;1.15498;0.75;0.25;93.62667;93.10680;101.96000;84.74000;75.42000;1800.9;275.0;200.0;45.0;13.63;0.154;0.17498;0.04096;0.00;0.000;1.306;0.947;0.000;0.557;87.050;70.47;68.50;23192.0;921.30;9.39;3.19;1.05;88884.64;143293.20;24859.38;27391.6;3.24;5.23;0.91;20/10/2024 16:08:59;
21/10/2024;18;2.0TD;2;0.000097319122000000;0.188;1.151825360;155.644826;19.184;8.779;127.681826;90.10;-0.12997;1.15498;0.75;0.25;93.62667;93.10680;101.96000;84.74000;75.42000;1800.9;275.0;200.0;45.0;14.04;0.154;0.17498;0.04096;0.00;0.000;1.612;0.947;0.000;0.557;107.476;90.22;87.72;20672.7;1085.10;9.80;3.19;1.05;61168.24;181078.40;24859.38;27251.6;2.24;6.64;0.91;20/10/2024 16:08:59;
21/10/2024;19;2.0TD;1;0.000105385091000000;0.168;1.007205924;218.101436;33.081;43.893;141.127436;103.31;-0.12997;1.15498;0.75;0.25;93.62667;93.10680;101.96000;84.74000;75.42000;1800.9;275.0;200.0;45.0;13.21;0.926;0.17498;0.04096;0.00;0.000;1.812;0.947;0.000;0.557;120.828;103.41;102.17;18299.3;1572.50;8.97;3.19;1.05;28792.52;191632.16;24859.38;27341.0;1.05;7.01;0.91;20/10/2024 16:08:59;
21/10/2024;20;2.0TD;1;0.000121776217000000;0.166;0.991786936;281.013838;33.081;43.893;204.039838;159.18;-0.12997;1.15498;0.75;0.25;93.62667;93.10680;101.96000;84.74000;75.42000;1800.9;275.0;200.0;45.0;10.69;0.926;0.17498;0.04096;0.00;0.000;2.625;0.947;0.000;0.557;174.991;158.40;168.40;17929.8;1522.90;6.45;3.19;1.05;-1389.52;155610.00;24859.38;27772.7;-0.05;5.60;0.90;20/10/2024 16:08:59;
21/10/2024;21;2.0TD;1;0.000143469361000000;0.160;0.960150396;304.388850;33.081;43.893;227.414850;181.75;-0.12997;1.15498;0.75;0.25;93.62667;93.10680;101.96000;84.74000;75.42000;1800.9;275.0;200.0;45.0;8.86;0.926;0.17498;0.04096;0.00;0.000;2.941;0.947;0.000;0.557;196.047;181.00;191.04;18914.4;1532.10;4.62;3.19;1.05;1855.80;106479.60;24859.38;28812.9;0.06;3.70;0.86;20/10/2024 16:08:59;
21/10/2024;22;2.0TD;1;0.000144649591000000;0.161;0.963575865;237.635832;33.081;43.893;160.661832;126.41;-0.12997;1.15498;0.75;0.25;93.62667;93.10680;101.96000;84.74000;75.42000;1800.9;275.0;200.0;45.0;7.40;0.926;0.17498;0.04096;0.00;0.000;2.076;0.947;0.000;0.557;138.382;126.39;126.64;18512.3;1222.10;3.16;3.19;1.05;23914.88;40718.40;24859.38;28291.3;0.85;1.44;0.88;20/10/2024 16:08:59;
21/10/2024;23;2.0TD;2;0.000125142791000000;0.186;1.141533167;163.581251;19.184;8.779;135.618251;103.09;-0.12997;1.15498;0.75;0.25;93.62667;93.10680;101.96000;84.74000;75.42000;1800.9;275.0;200.0;45.0;7.82;0.154;0.17498;0.04096;0.00;0.000;1.715;0.947;0.000;0.557;114.349;103.37;99.47;17347.8;1339.30;3.58;3.19;1.05;48691.36;18301.68;24859.38;25638.8;1.90;0.71;0.97;20/10/2024 16:08:59;
21/10/2024;24;2.0TD;2;0.000103099605000000;0.196;1.201624725;156.565632;19.184;8.779;128.602632;95.41;-0.12997;1.15498;0.75;0.25;93.62667;93.10680;101.96000;84.74000;75.42000;1800.9;275.0;200.0;45.0;8.78;0.154;0.17498;0.04096;0.00;0.000;1.613;0.947;0.000;0.557;107.527;95.56;93.56;16497.2;1312.80;4.54;3.19;1.05;63307.52;17982.00;24859.38;23364.6;2.71;0.77;1.06;20/10/2024 16:08:59;
*
