pvpcdata;
2024;12;11;12;05;28;
09/11/2024;1;2.0TD;3;0.000105391797000000;0.220;1.222336414;155.063502;0.557;2.195;152.311502;115.30;-4.33518;1.04676;0.75;0.25;110.45750;93.11680;101.96000;84.74000;75.52000;1990.9;275.0;200.0;46.0;10.49;0.000;0.17498;0.04096;0.00;0.000;1.873;0.947;0.000;0.557;124.845;115.70;110.70;16089.3;1417.00;6.25;3.21;1.03;99617.44;16783.20;24859.38;22624.0;4.40;0.74;1.10;08/11/2024 16:09:09;
09/11/2024;2;2.0TD;3;0.000088522580000000;0.232;1.288114165;157.761616;0.557;2.195;155.009616;115.22;-4.33518;1.04676;0.75;0.25;110.45750;93.11680;101.96000;84.74000;75.52000;1990.9;275.0;200.0;46.0;11.53;0.000;0.17498;0.04096;0.00;0.000;1.887;0.947;0.000;0.557;125.819;115.70;109.70;15441.2;1335.60;7.29;3.21;1.03;113307.88;17182.80;24859.38;21336.6;5.31;0.81;1.17;08/11/2024 16:09:09;
09/11/2024;3;2.0TD;3;0.000077763943000000;0.240;1.330714212;149.465692;0.557;2.195;146.713692;98.96;-4.33518;1.04676;0.75;0.25;110.45750;93.11680;101.96000;84.74000;75.52000;1990.9;275.0;200.0;46.0;20.40;0.000;0.17498;0.04096;0.00;0.000;1.775;0.947;0.000;0.557;118.317;98.96;98.96;15093.6;1037.70;16.16;3.21;1.03;280506.72;21956.00;24859.38;20260.6;13.84;1.08;1.23;08/11/2024 16:09:09;
09/11/2024;4;2.0TD;3;0.000071957732000000;0.242;1.345869427;149.411699;0.557;2.195;146.659699;98.88;-4.33518;1.04676;0.75;0.25;110.45750;93.11680;101.96000;84.74000;75.52000;1990.9;275.0;200.0;46.0;20.25;0.000;0.17498;0.04096;0.00;0.000;1.771;0.947;0.000;0.557;118.083;98.96;97.99;14842.4;1294.30;16.01;3.21;1.03;291216.76;23952.00;0.00;19691.7;14.79;1.22;0.00;08/11/2024 16:09:09;
09/11/2024;5;2.0TD;3;0.000069308380000000;0.243;1.350282993;149.542212;0.557;2.195;146.790212;98.34;-4.33518;1.04676;0.75;0.25;110.45750;93.11680;101.96000;84.74000;75.52000;1990.9;275.0;200.0;46.0;20.80;0.000;0.17498;0.04096;0.00;0.000;1.771;0.947;0.000;0.557;118.093;98.41;97.49;14541.7;1228.70;16.56;3.21;1.03;290867.16;29301.28;0.00;19336.3;15.04;1.52;0.00;08/11/2024 16:09:09;
09/11/2024;6;2.0TD;3;0.000069750627000000;0.243;1.347980714;150.778997;0.557;2.195;148.026997;99.99;-4.33518;1.04676;0.75;0.25;110.45750;93.11680;101.96000;84.74000;75.52000;1990.9;275.0;200.0;46.0;20.13;0.000;0.17498;0.04096;0.00;0.000;1.786;0.947;0.000;0.557;119.088;100.17;97.97;14242.3;1246.40;15.89;3.21;1.03;278663.96;27864.16;0.00;19287.8;14.45;1.44;0.00;08/11/2024 16:09:09;
09/11/2024;7;2.0TD;3;0.000072843931000000;0.232;1.286352012;152.058688;0.557;2.195;149.306688;103.68;-4.33518;1.04676;0.75;0.25;110.45750;93.11680;101.96000;84.74000;75.52000;1990.9;275.0;200.0;46.0;18.51;0.000;0.17498;0.04096;0.00;0.000;1.818;0.947;0.000;0.557;121.190;104.31;98.00;13968.7;1544.50;14.27;3.21;1.03;268351.28;20897.12;0.00;20266.1;13.24;1.03;0.00;08/11/2024 16:09:09;
09/11/2024;8;2.0TD;3;0.000079573942000000;0.222;1.234602021;149.544131;0.557;2.195;146.792131;109.45;-4.33518;1.04676;0.75;0.25;110.45750;93.11680;101.96000;84.74000;75.52000;1990.9;275.0;200.0;46.0;11.69;0.000;0.17498;0.04096;0.00;0.000;1.802;0.947;0.000;0.557;120.124;109.87;104.87;14332.2;1316.40;7.45;3.21;1.03;105535.32;50858.08;0.00;21005.2;5.02;2.42;0.00;08/11/2024 16:09:09;
09/11/2024;9;2.0TD;3;0.000092256024000000;0.210;1.164210580;165.951347;0.557;2.195;163.199347;114.02;-4.33518;1.04676;0.75;0.25;110.45750;93.11680;101.96000;84.74000;75.52000;1990.9;275.0;200.0;46.0;21.65;0.000;0.17498;0.04096;0.00;0.000;2.023;0.947;0.000;0.557;134.875;114.10;113.10;14655.2;1198.20;17.41;3.21;1.03;69049.92;311640.00;0.00;21870.9;3.16;14.25;0.00;08/11/2024 16:09:09;
09/11/2024;10;2.0TD;3;0.000112206811000000;0.187;1.041582685;159.306015;0.557;2.195;156.554015;114.60;-4.33518;1.04676;0.75;0.25;110.45750;93.11680;101.96000;84.74000;75.52000;1990.9;275.0;200.0;46.0;18.13;0.000;0.17498;0.04096;0.00;0.000;1.978;0.947;0.000;0.557;131.890;114.60;114.60;16351.6;1340.30;13.89;3.21;1.03;68683.16;253370.88;0.00;23179.6;2.96;10.93;0.00;08/11/2024 16:09:09;
09/11/2024;11;2.0TD;3;0.000122724682000000;0.177;0.983496326;148.584058;0.557;2.195;145.832058;109.97;-4.33518;1.04676;0.75;0.25;110.45750;93.11680;101.96000;84.74000;75.52000;1990.9;275.0;200.0;46.0;14.89;0.000;0.17498;0.04096;0.00;0.000;1.859;0.947;0.000;0.557;123.901;109.97;109.97;17095.0;1498.50;10.65;3.21;1.03;63332.76;194556.00;0.00;24203.6;2.62;8.04;0.00;08/11/2024 16:09:09;
09/11/2024;12;2.0TD;3;0.000122929261000000;0.174;0.965129710;140.071837;0.557;2.195;137.319837;105.96;-4.33518;1.04676;0.75;0.25;110.45750;93.11680;101.96000;84.74000;75.52000;1990.9;275.0;200.0;46.0;12.07;0.000;0.17498;0.04096;0.00;0.000;1.755;0.947;0.000;0.557;116.967;106.40;101.40;18411.6;1769.70;7.83;3.21;1.03;92371.28;99615.20;0.00;24532.0;3.77;4.06;0.00;08/11/2024 16:09:09;
09/11/2024;13;2.0TD;3;0.000121550528000000;0.172;0.957567777;133.436438;0.557;2.195;130.684438;100.17;-4.33518;1.04676;0.75;0.25;110.45750;93.11680;101.96000;84.74000;75.52000;1990.9;275.0;200.0;46.0;12.48;0.000;0.17498;0.04096;0.00;0.000;1.673;0.947;0.000;0.557;111.505;100.37;96.67;19307.1;1122.30;8.24;3.21;1.03;119859.12;79863.84;0.00;24247.3;4.94;3.29;0.00;08/11/2024 16:09:09;
09/11/2024;14;2.0TD;3;0.000128469344000000;0.169;0.938496539;129.232532;0.557;2.195;126.480532;96.68;-4.33518;1.04676;0.75;0.25;110.45750;93.11680;101.96000;84.74000;75.52000;1990.9;275.0;200.0;46.0;12.71;0.000;0.17498;0.04096;0.00;0.000;1.623;0.947;0.000;0.557;108.195;96.80;94.48;19584.6;1104.50;8.47;3.21;1.03;136738.56;72298.80;0.00;24687.5;5.54;2.93;0.00;08/11/2024 16:09:09;
09/11/2024;15;2.0TD;3;0.000129226366000000;0.175;0.974205653;126.230980;0.557;2.195;123.478980;92.96;-4.33518;1.04676;0.75;0.25;110.45750;93.11680;101.96000;84.74000;75.52000;1990.9;275.0;200.0;46.0;13.37;0.000;0.17498;0.04096;0.00;0.000;1.576;0.947;0.000;0.557;105.088;93.23;89.20;19447.3;1396.30;9.13;3.21;1.03;145084.04;80409.76;0.00;24692.9;5.88;3.26;0.00;08/11/2024 16:09:09;
09/11/2024;16;2.0TD;3;0.000117813202000000;0.188;1.044812845;128.490506;0.557;2.195;125.738506;90.14;-4.33518;1.04676;0.75;0.25;110.45750;93.11680;101.96000;84.74000;75.52000;1990.9;275.0;200.0;46.0;16.93;0.000;0.17498;0.04096;0.00;0.000;1.588;0.947;0.000;0.557;105.840;90.20;89.20;19148.6;1209.20;12.69;3.21;1.03;153058.32;147702.96;0.00;23695.0;6.46;6.23;0.00;08/11/2024 16:09:09;
09/11/2024;17;2.0TD;3;0.000112041950000000;0.195;1.083790317;156.018509;0.557;2.195;153.266509;113.40;-4.33518;1.04676;0.75;0.25;110.45750;93.11680;101.96000;84.74000;75.52000;1990.9;275.0;200.0;46.0;15.75;0.000;0.17498;0.04096;0.00;0.000;1.924;0.947;0.000;0.557;128.256;114.08;106.08;17961.2;1665.50;11.51;3.21;1.03;82015.32;185913.20;0.00;23274.5;3.52;7.99;0.00;08/11/2024 16:09:09;
09/11/2024;18;2.0TD;3;0.000115009889000000;0.200;1.111967956;177.345392;0.557;2.195;174.593392;129.64;-4.33518;1.04676;0.75;0.25;110.45750;93.11680;101.96000;84.74000;75.52000;1990.9;275.0;200.0;46.0;16.49;0.000;0.17498;0.04096;0.00;0.000;2.182;0.947;0.000;0.557;145.494;130.04;125.04;16347.6;1426.60;12.25;3.21;1.03;37574.72;244338.00;0.00;23018.7;1.63;10.61;0.00;08/11/2024 16:09:09;
09/11/2024;19;2.0TD;3;0.000132857072000000;0.199;1.103585070;171.819984;0.557;2.195;169.067984;132.97;-4.33518;1.04676;0.75;0.25;110.45750;93.11680;101.96000;84.74000;75.52000;1990.9;275.0;200.0;46.0;8.74;0.000;0.17498;0.04096;0.00;0.000;2.115;0.947;0.000;0.557;141.007;133.34;128.34;17537.2;1399.80;4.50;3.21;1.03;37080.40;72011.52;0.00;24228.8;1.53;2.97;0.00;08/11/2024 16:09:09;
09/11/2024;20;2.0TD;3;0.000141245148000000;0.204;1.135573423;175.360442;0.557;2.195;172.608442;134.72;-4.33518;1.04676;0.75;0.25;110.45750;93.11680;101.96000;84.74000;75.52000;1990.9;275.0;200.0;46.0;9.31;0.000;0.17498;0.04096;0.00;0.000;2.150;0.947;0.000;0.557;143.362;134.86;132.87;17986.5;1388.20;5.07;3.21;1.03;88168.36;38882.08;0.00;25058.5;3.52;1.55;0.00;08/11/2024 16:09:09;
09/11/2024;21;2.0TD;3;0.000147270867000000;0.206;1.142286182;167.591087;0.557;2.195;164.839087;127.85;-4.33518;1.04676;0.75;0.25;110.45750;93.11680;101.96000;84.74000;75.52000;1990.9;275.0;200.0;46.0;9.60;0.000;0.17498;0.04096;0.00;0.000;2.050;0.947;0.000;0.557;136.682;128.32;123.32;16462.0;1699.60;5.36;3.21;1.03;96827.72;41634.72;0.00;25828.2;3.75;1.61;0.00;08/11/2024 16:09:09;
09/11/2024;22;2.0TD;3;0.000150279865000000;0.206;1.142578746;157.686209;0.557;2.195;154.934209;117.81;-4.33518;1.04676;0.75;0.25;110.45750;93.11680;101.96000;84.74000;75.52000;1990.9;275.0;200.0;46.0;11.55;0.000;0.17498;0.04096;0.00;0.000;1.927;0.947;0.000;0.557;128.469;117.96;116.00;16586.6;1360.10;7.31;3.21;1.03;112732.52;45862.00;24859.38;25085.4;4.49;1.83;0.99;08/11/2024 16:09:09;
09/11/2024;23;2.0TD;3;0.000140271051000000;0.211;1.174445736;151.505782;0.557;2.195;148.753782;114.20;-4.33518;1.04676;0.75;0.25;110.45750;93.11680;101.96000;84.74000;75.52000;1990.9;275.0;200.0;46.0;9.61;0.000;0.17498;0.04096;0.00;0.000;1.843;0.947;0.000;0.557;122.835;114.53;110.53;15807.0;1424.20;5.37;3.21;1.03;43034.80;58224.80;24859.38;23500.1;1.83;2.48;1.06;08/11/2024 16:09:09;
09/11/2024;24;2.0TD;3;0.000123425524000000;0.218;1.211621693;148.507007;0.557;2.195;145.755007;109.93;-4.33518;1.04676;0.75;0.25;110.45750;93.11680;101.96000;84.74000;75.52000;1990.9;275.0;200.0;46.0;10.76;0.000;0.17498;0.04096;0.00;0.000;1.795;0.947;0.000;0.557;119.667;110.10;108.10;14750.0;1391.60;6.52;3.21;1.03;25382.84;91484.72;24859.38;21729.5;1.17;4.21;1.14;08/11/2024 16:09:09;
*
