pvpcdata;
2024;02;09;12;01;55;
30/01/2024;1;2.0TD;3;0.000126696039000000;0.240;1.331174686;114.350424;0.557;2.195;111.598424;71.91;4.25200;0.82415;0.75;0.25;81.28458;98.29260;101.96000;97.42000;81.63000;2494.7;275.0;177.0;62.0;11.90;0.000;0.17498;0.03702;0.00;0.000;0.000;1.350;0.565;0.000;0.557;89.998;71.94;71.45;14327.1;1001.80;6.76;3.56;1.58;85334.92;55040.00;24859.38;24442.7;3.49;2.25;1.02;29/01/2024 16:13:55;
30/01/2024;2;2.0TD;3;0.000103559344000000;0.250;1.389303389;110.757912;0.557;2.195;108.005912;68.64;4.25200;0.82415;0.75;0.25;81.28458;98.29260;101.96000;97.42000;81.63000;2494.7;275.0;177.0;62.0;11.63;0.000;0.17498;0.03702;0.00;0.000;0.000;1.296;0.565;0.000;0.557;86.404;68.64;68.64;13704.9;941.50;6.49;3.56;1.58;94915.84;28544.00;24859.38;22848.4;4.15;1.25;1.09;29/01/2024 16:13:55;
30/01/2024;3;2.0TD;3;0.000091154222000000;0.257;1.428006846;114.246303;0.557;2.195;111.494303;69.17;4.25200;0.82415;0.75;0.25;81.28458;98.29260;101.96000;97.42000;81.63000;2494.7;275.0;177.0;62.0;13.36;0.000;0.17498;0.03702;0.00;0.000;0.000;1.330;0.565;0.000;0.557;88.698;69.37;66.87;13277.6;1132.90;8.22;3.56;1.58;130135.48;26240.00;24859.38;22062.6;5.90;1.19;1.13;29/01/2024 16:13:55;
30/01/2024;4;2.0TD;3;0.000084913774000000;0.262;1.456214273;110.218530;0.557;2.195;107.466530;65.02;4.25200;0.82415;0.75;0.25;81.28458;98.29260;101.96000;97.42000;81.63000;2494.7;275.0;177.0;62.0;14.02;0.000;0.17498;0.03702;0.00;0.000;0.000;1.277;0.565;0.000;0.557;85.155;65.10;64.10;13528.4;1114.50;8.88;3.56;1.58;165635.88;27264.00;0.00;21712.2;7.63;1.26;0.00;29/01/2024 16:13:55;
30/01/2024;5;2.0TD;3;0.000082731926000000;0.263;1.461948959;108.919438;0.557;2.195;106.167438;63.82;4.25200;0.82415;0.75;0.25;81.28458;98.29260;101.96000;97.42000;81.63000;2494.7;275.0;177.0;62.0;14.14;0.000;0.17498;0.03702;0.00;0.000;0.000;1.261;0.565;0.000;0.557;84.059;64.00;61.00;14201.1;925.10;9.00;3.56;1.58;166607.56;30080.00;0.00;21848.0;7.63;1.38;0.00;29/01/2024 16:13:55;
30/01/2024;6;2.0TD;3;0.000085029152000000;0.258;1.434345069;115.523811;0.557;2.195;112.771811;69.19;4.25200;0.82415;0.75;0.25;81.28458;98.29260;101.96000;97.42000;81.63000;2494.7;275.0;177.0;62.0;14.27;0.000;0.17498;0.03702;0.00;0.000;0.000;1.345;0.565;0.000;0.557;89.643;69.37;66.87;12571.9;959.20;9.13;3.56;1.58;164625.08;38592.00;0.00;22267.7;7.39;1.73;0.00;29/01/2024 16:13:55;
30/01/2024;7;2.0TD;3;0.000096671087000000;0.239;1.325072959;122.688104;0.557;2.195;119.936104;78.69;4.25200;0.82415;0.75;0.25;81.28458;98.29260;101.96000;97.42000;81.63000;2494.7;275.0;177.0;62.0;11.82;0.000;0.17498;0.03702;0.00;0.000;0.000;1.452;0.565;0.000;0.557;96.800;79.02;74.78;13637.0;1137.10;6.68;3.56;1.58;111731.72;32768.00;24859.38;25338.6;4.41;1.29;0.98;29/01/2024 16:13:55;
30/01/2024;8;2.0TD;3;0.000123821630000000;0.219;1.215638233;130.751546;0.557;2.195;127.999546;91.04;4.25200;0.82415;0.75;0.25;81.28458;98.29260;101.96000;97.42000;81.63000;2494.7;275.0;177.0;62.0;7.55;0.000;0.17498;0.03702;0.00;0.000;0.000;1.575;0.565;0.000;0.557;105.003;91.04;91.04;16121.3;612.20;2.41;3.56;1.58;23741.96;21888.00;24859.38;29180.2;0.81;0.75;0.85;29/01/2024 16:13:55;
30/01/2024;9;2.0TD;2;0.000137623602000000;0.205;1.257552865;160.692219;19.184;8.779;132.729219;95.90;4.25200;0.82415;0.75;0.25;81.28458;98.29260;101.96000;97.42000;81.63000;2494.7;275.0;177.0;62.0;7.58;0.178;0.17498;0.03702;0.00;0.000;0.000;1.652;0.565;0.000;0.557;110.148;95.95;95.00;17583.7;981.00;2.44;3.56;1.58;23934.92;28160.00;24859.38;31535.2;0.76;0.89;0.79;29/01/2024 16:13:55;
30/01/2024;10;2.0TD;2;0.000141912971000000;0.195;1.195843852;151.389447;19.184;8.779;123.426447;88.55;4.25200;0.82415;0.75;0.25;81.28458;98.29260;101.96000;97.42000;81.63000;2494.7;275.0;177.0;62.0;8.17;0.178;0.17498;0.03702;0.00;0.000;0.000;1.549;0.565;0.000;0.557;103.285;88.70;86.01;17673.6;1020.10;3.03;3.56;1.58;30373.72;41760.00;24859.38;32046.7;0.95;1.30;0.78;29/01/2024 16:13:55;
30/01/2024;11;2.0TD;1;0.000147040328000000;0.187;1.117967584;188.101806;33.081;43.893;111.127806;77.12;4.25200;0.82415;0.75;0.25;81.28458;98.29260;101.96000;97.42000;81.63000;2494.7;275.0;177.0;62.0;9.19;1.068;0.17498;0.03702;0.00;0.000;0.000;1.404;0.565;0.000;0.557;93.620;77.15;76.60;17189.8;995.60;4.05;3.56;1.58;39664.68;63000.00;24859.38;31516.2;1.26;2.00;0.79;29/01/2024 16:13:55;
30/01/2024;12;2.0TD;1;0.000145123811000000;0.185;1.107430955;180.444324;33.081;43.893;103.470324;70.07;4.25200;0.82415;0.75;0.25;81.28458;98.29260;101.96000;97.42000;81.63000;2494.7;275.0;177.0;62.0;10.03;1.068;0.17498;0.03702;0.00;0.000;0.000;1.310;0.565;0.000;0.557;87.316;70.10;69.55;18215.9;1009.50;4.89;3.56;1.58;40264.00;86304.00;24859.38;30933.3;1.30;2.79;0.80;29/01/2024 16:13:55;
30/01/2024;13;2.0TD;1;0.000144344416000000;0.182;1.091423920;177.385762;33.081;43.893;100.411762;68.05;4.25200;0.82415;0.75;0.25;81.28458;98.29260;101.96000;97.42000;81.63000;2494.7;275.0;177.0;62.0;9.72;1.068;0.17498;0.03702;0.00;0.000;0.000;1.274;0.565;0.000;0.557;84.950;68.10;67.12;18841.0;1060.00;4.58;3.56;1.58;54769.44;59776.00;24859.38;30490.0;1.80;1.96;0.82;29/01/2024 16:13:55;
30/01/2024;14;2.0TD;1;0.000150910996000000;0.180;1.079069325;177.647741;33.081;43.893;100.673741;68.22;4.25200;0.82415;0.75;0.25;81.28458;98.29260;101.96000;97.42000;81.63000;2494.7;275.0;177.0;62.0;9.91;1.068;0.17498;0.03702;0.00;0.000;0.000;1.280;0.565;0.000;0.557;85.316;68.23;68.14;19265.7;1167.90;4.77;3.56;1.58;63250.12;56000.00;24859.38;30170.4;2.10;1.86;0.82;29/01/2024 16:13:55;
30/01/2024;15;2.0TD;2;0.000152705938000000;0.181;1.109315932;131.779666;19.184;8.779;103.816666;71.93;4.25200;0.82415;0.75;0.25;81.28458;98.29260;101.96000;97.42000;81.63000;2494.7;275.0;177.0;62.0;9.64;0.178;0.17498;0.03702;0.00;0.000;0.000;1.319;0.565;0.000;0.557;87.905;71.93;71.93;19672.1;1206.80;4.50;3.56;1.58;56420.52;52992.00;24859.38;29785.5;1.89;1.78;0.83;29/01/2024 16:13:55;
30/01/2024;16;2.0TD;2;0.000146799190000000;0.188;1.151053199;132.779918;19.184;8.779;104.816918;71.95;4.25200;0.82415;0.75;0.25;81.28458;98.29260;101.96000;97.42000;81.63000;2494.7;275.0;177.0;62.0;9.94;0.178;0.17498;0.03702;0.00;0.000;0.000;1.323;0.565;0.000;0.557;88.229;71.95;71.95;19615.2;1163.70;4.80;3.56;1.58;52675.04;63000.00;24859.38;29284.6;1.80;2.15;0.85;29/01/2024 16:13:55;
30/01/2024;17;2.0TD;2;0.000142732965000000;0.195;1.193542009;141.125592;19.184;8.779;113.162592;78.81;4.25200;0.82415;0.75;0.25;81.28458;98.29260;101.96000;97.42000;81.63000;2494.7;275.0;177.0;62.0;9.45;0.178;0.17498;0.03702;0.00;0.000;0.000;1.420;0.565;0.000;0.557;94.696;78.89;77.41;18235.1;1033.90;4.31;3.56;1.58;47101.84;53868.80;24859.38;29201.5;1.61;1.84;0.85;29/01/2024 16:13:55;
30/01/2024;18;2.0TD;2;0.000147165170000000;0.202;1.238618231;152.588439;19.184;8.779;124.625439;88.71;4.25200;0.82415;0.75;0.25;81.28458;98.29260;101.96000;97.42000;81.63000;2494.7;275.0;177.0;62.0;8.40;0.178;0.17498;0.03702;0.00;0.000;0.000;1.555;0.565;0.000;0.557;103.681;88.83;86.85;16764.8;1040.70;3.26;3.56;1.58;33662.36;37728.00;24859.38;29464.8;1.14;1.28;0.84;29/01/2024 16:13:55;
30/01/2024;19;2.0TD;1;0.000166651649000000;0.208;1.246783914;215.381481;33.081;43.893;138.407481;99.76;4.25200;0.82415;0.75;0.25;81.28458;98.29260;101.96000;97.42000;81.63000;2494.7;275.0;177.0;62.0;7.19;1.068;0.17498;0.03702;0.00;0.000;0.000;1.719;0.565;0.000;0.557;114.575;99.76;99.76;17155.9;1052.60;2.05;3.56;1.58;19735.56;18560.00;24859.38;30776.1;0.64;0.60;0.81;29/01/2024 16:13:55;
30/01/2024;20;2.0TD;1;0.000191201864000000;0.208;1.245959724;224.407657;33.081;43.893;147.433657;107.00;4.25200;0.82415;0.75;0.25;81.28458;98.29260;101.96000;97.42000;81.63000;2494.7;275.0;177.0;62.0;7.31;1.068;0.17498;0.03702;0.00;0.000;0.000;1.831;0.565;0.000;0.557;122.047;107.00;107.00;18674.4;944.80;2.17;3.56;1.58;18496.12;26432.00;24859.38;32188.5;0.57;0.82;0.77;29/01/2024 16:13:55;
30/01/2024;21;2.0TD;1;0.000206011366000000;0.208;1.245663453;244.311873;33.081;43.893;167.337873;123.22;4.25200;0.82415;0.75;0.25;81.28458;98.29260;101.96000;97.42000;81.63000;2494.7;275.0;177.0;62.0;7.32;1.068;0.17498;0.03702;0.00;0.000;0.000;2.078;0.565;0.000;0.557;138.524;123.22;123.22;18511.4;1041.40;2.18;3.56;1.58;9025.08;37248.00;24859.38;32649.4;0.28;1.14;0.76;29/01/2024 16:13:55;
30/01/2024;22;2.0TD;1;0.000208572346000000;0.210;1.255301395;209.726402;33.081;43.893;132.752402;95.06;4.25200;0.82415;0.75;0.25;81.28458;98.29260;101.96000;97.42000;81.63000;2494.7;275.0;177.0;62.0;7.10;1.068;0.17498;0.03702;0.00;0.000;0.000;1.646;0.565;0.000;0.557;109.712;95.06;95.00;18033.2;994.20;1.96;3.56;1.58;19157.92;18432.00;24859.38;31930.5;0.60;0.58;0.78;29/01/2024 16:13:55;
30/01/2024;23;2.0TD;2;0.000189771800000000;0.215;1.319017010;153.023836;19.184;8.779;125.060836;88.62;4.25200;0.82415;0.75;0.25;81.28458;98.29260;101.96000;97.42000;81.63000;2494.7;275.0;177.0;62.0;7.75;0.178;0.17498;0.03702;0.00;0.000;0.000;1.544;0.565;0.000;0.557;102.930;88.70;87.20;15512.8;927.70;2.61;3.56;1.58;28297.80;21632.00;24859.38;28684.9;0.99;0.75;0.87;29/01/2024 16:13:55;
30/01/2024;24;2.0TD;2;0.000158086890000000;0.220;1.348175404;142.391350;19.184;8.779;114.428350;78.73;4.25200;0.82415;0.75;0.25;81.28458;98.29260;101.96000;97.42000;81.63000;2494.7;275.0;177.0;62.0;8.64;0.178;0.17498;0.03702;0.00;0.000;0.000;1.407;0.565;0.000;0.557;93.793;78.78;77.78;14432.0;780.30;3.50;3.56;1.58;25544.24;40000.00;24859.38;25812.5;0.99;1.55;0.96;29/01/2024 16:13:55;
*
