pvpcdata;
2024;08;09;11;56;57;
31/07/2024;1;2.0TD;3;0.000110832830000000;0.174;0.969001235;145.834148;0.557;2.195;143.082148;115.90;-4.10306;0.84391;0.75;0.25;105.34125;88.92900;101.96000;73.51000;74.07000;2701.7;275.0;234.0;61.0;5.89;0.000;0.17498;0.04096;0.00;0.000;1.828;0.947;0.000;0.557;121.875;115.82;116.98;24327.7;1687.20;1.67;3.13;1.09;9644.44;12768.00;24859.38;28393.7;0.34;0.45;0.88;30/07/2024 16:10:24;
31/07/2024;2;2.0TD;3;0.000094052697000000;0.176;0.978092627;141.851355;0.557;2.195;139.099355;112.16;-4.10306;0.84391;0.75;0.25;105.34125;88.92900;101.96000;73.51000;74.07000;2701.7;275.0;234.0;61.0;6.09;0.000;0.17498;0.04096;0.00;0.000;1.774;0.947;0.000;0.557;118.281;112.14;112.39;22512.7;1558.80;1.87;3.13;1.09;10627.68;14382.00;24859.38;26673.9;0.40;0.54;0.93;30/07/2024 16:10:24;
31/07/2024;3;2.0TD;3;0.000083475448000000;0.175;0.974041296;141.184349;0.557;2.195;138.432349;111.24;-4.10306;0.84391;0.75;0.25;105.34125;88.92900;101.96000;73.51000;74.07000;2701.7;275.0;234.0;61.0;6.55;0.000;0.17498;0.04096;0.00;0.000;1.767;0.947;0.000;0.557;117.814;111.14;112.62;21214.0;1514.80;2.33;3.13;1.09;13938.12;19893.12;24859.38;25180.2;0.55;0.79;0.99;30/07/2024 16:10:24;
31/07/2024;4;2.0TD;3;0.000077522954000000;0.174;0.968787134;141.304856;0.557;2.195;138.552856;112.14;-4.10306;0.84391;0.75;0.25;105.34125;88.92900;101.96000;73.51000;74.07000;2701.7;275.0;234.0;61.0;5.85;0.000;0.17498;0.04096;0.00;0.000;1.770;0.947;0.000;0.557;118.017;112.14;112.14;20142.4;1534.20;1.63;3.13;1.09;28700.80;11172.00;0.00;24388.7;1.18;0.46;0.00;30/07/2024 16:10:24;
31/07/2024;5;2.0TD;3;0.000074197776000000;0.173;0.960251718;141.829642;0.557;2.195;139.077642;112.65;-4.10306;0.84391;0.75;0.25;105.34125;88.92900;101.96000;73.51000;74.07000;2701.7;275.0;234.0;61.0;5.88;0.000;0.17498;0.04096;0.00;0.000;1.778;0.947;0.000;0.557;118.565;112.44;115.44;19900.5;1477.60;1.66;3.13;1.09;25658.08;14062.40;0.00;23916.4;1.07;0.59;0.00;30/07/2024 16:10:24;
31/07/2024;6;2.0TD;3;0.000073143736000000;0.168;0.935067888;141.735549;0.557;2.195;138.983549;113.24;-4.10306;0.84391;0.75;0.25;105.34125;88.92900;101.96000;73.51000;74.07000;2701.7;275.0;234.0;61.0;5.71;0.000;0.17498;0.04096;0.00;0.000;1.785;0.947;0.000;0.557;118.992;113.03;116.03;20102.1;1483.20;1.49;3.13;1.09;22046.96;13980.96;0.00;24099.6;0.91;0.58;0.00;30/07/2024 16:10:24;
31/07/2024;7;2.0TD;3;0.000074829324000000;0.159;0.882918510;144.194928;0.557;2.195;141.442928;115.44;-4.10306;0.84391;0.75;0.25;105.34125;88.92900;101.96000;73.51000;74.07000;2701.7;275.0;234.0;61.0;6.51;0.000;0.17498;0.04096;0.00;0.000;1.831;0.947;0.000;0.557;122.038;115.34;116.80;21635.2;1674.60;2.29;3.13;1.09;22462.80;12001.92;24859.38;25876.5;0.87;0.46;0.96;30/07/2024 16:10:24;
31/07/2024;8;2.0TD;3;0.000078337508000000;0.158;0.876093318;147.728696;0.557;2.195;144.976696;118.80;-4.10306;0.84391;0.75;0.25;105.34125;88.92900;101.96000;73.51000;74.07000;2701.7;275.0;234.0;61.0;6.26;0.000;0.17498;0.04096;0.00;0.000;1.878;0.947;0.000;0.557;125.195;118.48;124.49;23115.7;1302.50;2.04;3.13;1.09;20404.36;11172.00;24859.38;27619.3;0.74;0.40;0.90;30/07/2024 16:10:24;
31/07/2024;9;2.0TD;2;0.000089458564000000;0.142;0.873542744;169.109363;19.184;8.779;141.146363;115.60;-4.10306;0.84391;0.75;0.25;105.34125;88.92900;101.96000;73.51000;74.07000;2701.7;275.0;234.0;61.0;7.73;0.154;0.17498;0.04096;0.00;0.000;1.854;0.947;0.000;0.557;123.595;115.34;119.34;24296.3;1709.60;3.51;3.13;1.09;24277.12;53360.60;24859.38;29167.3;0.83;1.83;0.85;30/07/2024 16:10:24;
31/07/2024;10;2.0TD;2;0.000101821637000000;0.141;0.864633393;163.425675;19.184;8.779;135.462675;110.96;-4.10306;0.84391;0.75;0.25;105.34125;88.92900;101.96000;73.51000;74.07000;2701.7;275.0;234.0;61.0;7.57;0.154;0.17498;0.04096;0.00;0.000;1.781;0.947;0.000;0.557;118.722;111.14;108.14;25638.6;1639.00;3.35;3.13;1.09;31649.04;46730.88;24859.38;30807.1;1.03;1.52;0.81;30/07/2024 16:10:24;
31/07/2024;11;2.0TD;1;0.000111486797000000;0.146;0.873235387;210.647755;33.081;43.893;133.673755;105.00;-4.10306;0.84391;0.75;0.25;105.34125;88.92900;101.96000;73.51000;74.07000;2701.7;275.0;234.0;61.0;10.71;0.926;0.17498;0.04096;0.00;0.000;1.750;0.947;0.000;0.557;116.643;105.00;105.00;26293.5;1673.10;6.49;3.13;1.09;40920.60;141774.80;24859.38;31972.2;1.28;4.43;0.78;30/07/2024 16:10:24;
31/07/2024;12;2.0TD;1;0.000117216755000000;0.146;0.875720882;186.994315;33.081;43.893;110.020315;86.32;-4.10306;0.84391;0.75;0.25;105.34125;88.92900;101.96000;73.51000;74.07000;2701.7;275.0;234.0;61.0;9.06;0.926;0.17498;0.04096;0.00;0.000;1.440;0.947;0.000;0.557;96.003;86.10;91.35;27077.3;1201.60;4.84;3.13;1.09;76756.16;57210.80;24859.38;32825.9;2.34;1.74;0.76;30/07/2024 16:10:24;
31/07/2024;13;2.0TD;1;0.000124540090000000;0.147;0.877253066;182.537875;33.081;43.893;105.563875;82.30;-4.10306;0.84391;0.75;0.25;105.34125;88.92900;101.96000;73.51000;74.07000;2701.7;275.0;234.0;61.0;9.17;0.926;0.17498;0.04096;0.00;0.000;1.381;0.947;0.000;0.557;92.034;82.10;87.09;27645.1;1178.40;4.95;3.13;1.09;81989.28;60380.72;24859.38;33779.3;2.43;1.79;0.74;30/07/2024 16:10:24;
31/07/2024;14;2.0TD;1;0.000135726270000000;0.145;0.866301714;182.167171;33.081;43.893;105.193171;82.18;-4.10306;0.84391;0.75;0.25;105.34125;88.92900;101.96000;73.51000;74.07000;2701.7;275.0;234.0;61.0;9.13;0.926;0.17498;0.04096;0.00;0.000;1.378;0.947;0.000;0.557;91.871;81.97;87.22;28327.2;1174.20;4.91;3.13;1.09;82002.16;63043.20;24859.38;34622.0;2.37;1.82;0.72;30/07/2024 16:10:24;
31/07/2024;15;2.0TD;2;0.000140885430000000;0.144;0.885615453;131.808187;19.184;8.779;103.845187;81.90;-4.10306;0.84391;0.75;0.25;105.34125;88.92900;101.96000;73.51000;74.07000;2701.7;275.0;234.0;61.0;9.10;0.154;0.17498;0.04096;0.00;0.000;1.362;0.947;0.000;0.557;90.773;81.71;86.61;28719.6;1160.50;4.88;3.13;1.09;82378.60;63043.20;24859.38;34888.1;2.36;1.81;0.71;30/07/2024 16:10:24;
31/07/2024;16;2.0TD;2;0.000136349306000000;0.142;0.874008366;129.782309;19.184;8.779;101.819309;80.21;-4.10306;0.84391;0.75;0.25;105.34125;88.92900;101.96000;73.51000;74.07000;2701.7;275.0;234.0;61.0;9.20;0.154;0.17498;0.04096;0.00;0.000;1.337;0.947;0.000;0.557;89.158;80.01;85.01;28755.7;1197.10;4.98;3.13;1.09;80635.48;65545.28;24859.38;34321.6;2.35;1.91;0.72;30/07/2024 16:10:24;
31/07/2024;17;2.0TD;2;0.000133293846000000;0.142;0.872685662;130.188861;19.184;8.779;102.225861;79.79;-4.10306;0.84391;0.75;0.25;105.34125;88.92900;101.96000;73.51000;74.07000;2701.7;275.0;234.0;61.0;9.97;0.154;0.17498;0.04096;0.00;0.000;1.343;0.947;0.000;0.557;89.514;79.59;84.84;28754.8;1155.70;5.75;3.13;1.09;105116.68;66055.36;24859.38;34079.7;3.08;1.94;0.73;30/07/2024 16:10:24;
31/07/2024;18;2.0TD;2;0.000133186506000000;0.144;0.885102016;130.356451;19.184;8.779;102.393451;80.05;-4.10306;0.84391;0.75;0.25;105.34125;88.92900;101.96000;73.51000;74.07000;2701.7;275.0;234.0;61.0;9.70;0.154;0.17498;0.04096;0.00;0.000;1.343;0.947;0.000;0.557;89.504;79.80;86.10;28338.6;1148.10;5.48;3.13;1.09;104813.88;56810.16;24859.38;34017.6;3.08;1.67;0.73;30/07/2024 16:10:24;
31/07/2024;19;2.0TD;1;0.000132538375000000;0.145;0.865305796;198.336861;33.081;43.893;121.362861;94.21;-4.10306;0.84391;0.75;0.25;105.34125;88.92900;101.96000;73.51000;74.07000;2701.7;275.0;234.0;61.0;11.01;0.926;0.17498;0.04096;0.00;0.000;1.590;0.947;0.000;0.557;105.993;94.37;91.37;26206.8;1436.90;6.79;3.13;1.09;85683.24;118550.88;24859.38;33756.7;2.54;3.51;0.74;30/07/2024 16:10:24;
31/07/2024;20;2.0TD;1;0.000130078185000000;0.148;0.888942253;214.319302;33.081;43.893;137.345302;110.97;-4.10306;0.84391;0.75;0.25;105.34125;88.92900;101.96000;73.51000;74.07000;2701.7;275.0;234.0;61.0;7.69;0.926;0.17498;0.04096;0.00;0.000;1.795;0.947;0.000;0.557;119.638;111.14;108.14;26906.4;1665.50;3.47;3.13;1.09;36222.08;55828.08;24859.38;33745.7;1.07;1.65;0.74;30/07/2024 16:10:24;
31/07/2024;21;2.0TD;1;0.000130737434000000;0.149;0.895056151;222.241800;33.081;43.893;145.267800;117.73;-4.10306;0.84391;0.75;0.25;105.34125;88.92900;101.96000;73.51000;74.07000;2701.7;275.0;234.0;61.0;7.62;0.926;0.17498;0.04096;0.00;0.000;1.896;0.947;0.000;0.557;126.429;117.53;121.37;27661.3;1512.00;3.40;3.13;1.09;34734.32;52903.68;24859.38;33080.7;1.05;1.60;0.75;30/07/2024 16:10:24;
31/07/2024;22;2.0TD;1;0.000141197173000000;0.151;0.902948546;251.276565;33.081;43.893;174.302565;142.26;-4.10306;0.84391;0.75;0.25;105.34125;88.92900;101.96000;73.51000;74.07000;2701.7;275.0;234.0;61.0;7.72;0.926;0.17498;0.04096;0.00;0.000;2.272;0.947;0.000;0.557;151.435;142.48;139.02;26215.3;1757.10;3.50;3.13;1.09;73864.44;16800.44;24859.38;33009.2;2.24;0.51;0.75;30/07/2024 16:10:24;
31/07/2024;23;2.0TD;2;0.000147183254000000;0.157;0.965430407;190.908823;19.184;8.779;162.945823;132.22;-4.10306;0.84391;0.75;0.25;105.34125;88.92900;101.96000;73.51000;74.07000;2701.7;275.0;234.0;61.0;8.09;0.154;0.17498;0.04096;0.00;0.000;2.113;0.947;0.000;0.557;140.834;132.40;129.41;26015.2;1681.80;3.87;3.13;1.09;85971.28;14373.00;24859.38;32374.9;2.66;0.44;0.77;30/07/2024 16:10:24;
31/07/2024;24;2.0TD;2;0.000132148209000000;0.156;0.954659349;173.515844;19.184;8.779;145.552844;116.67;-4.10306;0.84391;0.75;0.25;105.34125;88.92900;101.96000;73.51000;74.07000;2701.7;275.0;234.0;61.0;8.94;0.154;0.17498;0.04096;0.00;0.000;1.889;0.947;0.000;0.557;125.910;116.98;111.98;25278.5;1691.70;4.72;3.13;1.09;105926.36;11172.00;24859.38;30115.6;3.52;0.37;0.83;30/07/2024 16:10:24;
*
