pvpcdata;
2024;04;10;12;05;36;
08/03/2024;1;2.0TD;3;0.000109611667000000;0.215;1.193007206;50.454487;0.557;2.195;47.702487;2.97;23.04330;0.83295;0.75;0.25;1.66542;93.83860;101.96000;97.42000;37.09000;2391.5;275.0;177.0;46.0;15.17;0.000;0.17498;0.04096;0.00;0.000;0.000;0.589;0.565;0.000;0.557;39.261;3.20;0.00;21494.9;1686.30;10.36;3.40;1.41;217938.36;19358.72;24859.38;25296.7;8.62;0.77;0.98;07/03/2024 16:10:53;
08/03/2024;2;2.0TD;3;0.000090532923000000;0.225;1.248549942;50.137825;0.557;2.195;47.385825;0.58;23.04330;0.83295;0.75;0.25;1.66542;93.83860;101.96000;97.42000;37.09000;2391.5;275.0;177.0;46.0;16.99;0.000;0.17498;0.04096;0.00;0.000;0.000;0.580;0.565;0.000;0.557;38.682;0.59;0.43;20361.4;1813.40;12.18;3.40;1.41;218743.48;43928.16;24859.38;23607.7;9.27;1.86;1.05;07/03/2024 16:10:53;
08/03/2024;3;2.0TD;3;0.000079935319000000;0.226;1.257494303;50.587217;0.557;2.195;47.835217;0.32;23.04330;0.83295;0.75;0.25;1.66542;93.83860;101.96000;97.42000;37.09000;2391.5;275.0;177.0;46.0;17.58;0.000;0.17498;0.04096;0.00;0.000;0.000;0.585;0.565;0.000;0.557;39.017;0.35;0.00;19550.1;1823.70;12.77;3.40;1.41;218763.44;44520.00;24859.38;22561.6;9.70;1.97;1.10;07/03/2024 16:10:53;
08/03/2024;4;2.0TD;3;0.000074822705000000;0.228;1.266291748;49.331644;0.557;2.195;46.579644;0.05;23.04330;0.83295;0.75;0.25;1.66542;93.83860;101.96000;97.42000;37.09000;2391.5;275.0;177.0;46.0;16.78;0.000;0.17498;0.04096;0.00;0.000;0.000;0.569;0.565;0.000;0.557;37.931;0.05;0.00;19246.5;1819.60;11.97;3.40;1.41;218854.36;45262.56;0.00;22073.2;9.91;2.05;0.00;07/03/2024 16:10:53;
08/03/2024;5;2.0TD;3;0.000073198711000000;0.228;1.268888144;49.356204;0.557;2.195;46.604204;0.01;23.04330;0.83295;0.75;0.25;1.66542;93.83860;101.96000;97.42000;37.09000;2391.5;275.0;177.0;46.0;16.84;0.000;0.17498;0.04096;0.00;0.000;0.000;0.569;0.565;0.000;0.557;37.951;0.01;-0.03;19132.1;1839.80;12.03;3.40;1.41;218862.92;45184.40;0.00;21952.1;9.97;2.06;0.00;07/03/2024 16:10:53;
08/03/2024;6;2.0TD;3;0.000075836724000000;0.224;1.246116937;48.820063;0.557;2.195;46.068063;0.12;23.04330;0.83295;0.75;0.25;1.66542;93.83860;101.96000;97.42000;37.09000;2391.5;275.0;177.0;46.0;16.42;0.000;0.17498;0.04096;0.00;0.000;0.000;0.565;0.565;0.000;0.557;37.637;0.13;-0.01;19739.5;1835.30;11.61;3.40;1.41;218839.52;44986.32;0.00;22716.3;9.63;1.98;0.00;07/03/2024 16:10:53;
08/03/2024;7;2.0TD;3;0.000086822665000000;0.207;1.151888894;50.875459;0.557;2.195;48.123459;3.20;23.04330;0.83295;0.75;0.25;1.66542;93.83860;101.96000;97.42000;37.09000;2391.5;275.0;177.0;46.0;15.54;0.000;0.17498;0.04096;0.00;0.000;0.000;0.598;0.565;0.000;0.557;39.870;3.20;3.20;22252.5;1483.40;10.73;3.40;1.41;218182.12;30122.88;24859.38;25458.8;8.57;1.18;0.98;07/03/2024 16:10:53;
08/03/2024;8;2.0TD;3;0.000107755217000000;0.192;1.066893399;48.341597;0.557;2.195;45.589597;4.00;23.04330;0.83295;0.75;0.25;1.66542;93.83860;101.96000;97.42000;37.09000;2391.5;275.0;177.0;46.0;13.14;0.000;0.17498;0.04096;0.00;0.000;0.000;0.574;0.565;0.000;0.557;38.246;4.00;4.00;24743.4;1205.70;8.33;3.40;1.41;208880.04;9566.76;24859.38;29194.2;7.15;0.33;0.85;07/03/2024 16:10:53;
08/03/2024;9;2.0TD;2;0.000119926611000000;0.183;1.124422558;73.381098;19.184;8.779;45.418098;4.00;23.04330;0.83295;0.75;0.25;1.66542;93.83860;101.96000;97.42000;37.09000;2391.5;275.0;177.0;46.0;13.13;0.154;0.17498;0.04096;0.00;0.000;0.000;0.576;0.565;0.000;0.557;38.392;4.00;4.00;27015.7;1265.20;8.32;3.40;1.41;193560.40;41909.40;24859.38;31277.1;6.19;1.34;0.79;07/03/2024 16:10:53;
08/03/2024;10;2.0TD;2;0.000124743982000000;0.163;1.000090545;71.337441;19.184;8.779;43.374441;3.20;23.04330;0.83295;0.75;0.25;1.66542;93.83860;101.96000;97.42000;37.09000;2391.5;275.0;177.0;46.0;12.85;0.154;0.17498;0.04096;0.00;0.000;0.000;0.559;0.565;0.000;0.557;37.295;3.20;3.21;27829.7;1726.30;8.04;3.40;1.41;193671.16;33795.20;24859.38;31387.2;6.17;1.08;0.79;07/03/2024 16:10:53;
08/03/2024;11;2.0TD;1;0.000127780712000000;0.160;0.955443205;118.697235;33.081;43.893;41.723235;0.43;23.04330;0.83295;0.75;0.25;1.66542;93.83860;101.96000;97.42000;37.09000;2391.5;275.0;177.0;46.0;13.54;0.926;0.17498;0.04096;0.00;0.000;0.000;0.540;0.565;0.000;0.557;35.968;0.43;0.43;28924.5;2059.10;8.73;3.40;1.41;194569.32;49960.96;24859.38;30868.3;6.30;1.62;0.81;07/03/2024 16:10:53;
08/03/2024;12;2.0TD;1;0.000126408851000000;0.158;0.947731211;118.377486;33.081;43.893;41.403486;-0.01;23.04330;0.83295;0.75;0.25;1.66542;93.83860;101.96000;97.42000;37.09000;2391.5;275.0;177.0;46.0;13.77;0.926;0.17498;0.04096;0.00;0.000;0.000;0.536;0.565;0.000;0.557;35.754;0.00;-0.10;29961.2;2198.20;8.96;3.40;1.41;215937.80;33644.40;24859.38;30627.7;7.05;1.10;0.81;07/03/2024 16:10:53;
08/03/2024;13;2.0TD;1;0.000126531060000000;0.157;0.942066798;119.175929;33.081;43.893;42.201929;-0.14;23.04330;0.83295;0.75;0.25;1.66542;93.83860;101.96000;97.42000;37.09000;2391.5;275.0;177.0;46.0;14.61;0.926;0.17498;0.04096;0.00;0.000;0.000;0.547;0.565;0.000;0.557;36.475;0.00;-2.00;29939.5;2501.20;9.80;3.40;1.41;225082.64;47640.00;24859.38;30374.4;7.41;1.57;0.82;07/03/2024 16:10:53;
08/03/2024;14;2.0TD;1;0.000132671090000000;0.154;0.921910568;119.277685;33.081;43.893;42.303685;-0.15;23.04330;0.83295;0.75;0.25;1.66542;93.83860;101.96000;97.42000;37.09000;2391.5;275.0;177.0;46.0;14.80;0.926;0.17498;0.04096;0.00;0.000;0.000;0.550;0.565;0.000;0.557;36.658;0.00;-2.01;29687.1;2683.90;9.99;3.40;1.41;233104.44;45134.28;24859.38;30354.8;7.68;1.49;0.82;07/03/2024 16:10:53;
08/03/2024;15;2.0TD;2;0.000133984142000000;0.161;0.984882209;69.613069;19.184;8.779;41.650069;-0.31;23.04330;0.83295;0.75;0.25;1.66542;93.83860;101.96000;97.42000;37.09000;2391.5;275.0;177.0;46.0;14.96;0.154;0.17498;0.04096;0.00;0.000;0.000;0.538;0.565;0.000;0.557;35.874;0.00;-4.11;29295.5;2579.40;10.15;3.40;1.41;233104.48;45248.04;24859.38;29875.1;7.80;1.51;0.83;07/03/2024 16:10:53;
08/03/2024;16;2.0TD;2;0.000127848336000000;0.164;1.007369417;70.039628;19.184;8.779;42.076628;-0.15;23.04330;0.83295;0.75;0.25;1.66542;93.83860;101.96000;97.42000;37.09000;2391.5;275.0;177.0;46.0;15.07;0.154;0.17498;0.04096;0.00;0.000;0.000;0.542;0.565;0.000;0.557;36.148;0.00;-2.00;28665.3;2427.60;10.26;3.40;1.41;225082.64;47640.00;24859.38;29028.4;7.75;1.64;0.86;07/03/2024 16:10:53;
08/03/2024;17;2.0TD;2;0.000122990965000000;0.170;1.043052427;71.100088;19.184;8.779;43.137088;0.00;23.04330;0.83295;0.75;0.25;1.66542;93.83860;101.96000;97.42000;37.09000;2391.5;275.0;177.0;46.0;15.63;0.154;0.17498;0.04096;0.00;0.000;0.000;0.553;0.565;0.000;0.557;36.869;0.00;-0.03;28025.9;2036.00;10.82;3.40;1.41;233102.48;50964.48;24859.38;28536.2;8.17;1.79;0.87;07/03/2024 16:10:53;
08/03/2024;18;2.0TD;2;0.000123613090000000;0.174;1.069521061;73.750533;19.184;8.779;45.787533;2.50;23.04330;0.83295;0.75;0.25;1.66542;93.83860;101.96000;97.42000;37.09000;2391.5;275.0;177.0;46.0;15.23;0.154;0.17498;0.04096;0.00;0.000;0.000;0.585;0.565;0.000;0.557;39.001;2.41;3.80;27181.7;1787.80;10.42;3.40;1.41;218293.32;58327.68;24859.38;28920.6;7.55;2.02;0.86;07/03/2024 16:10:53;
08/03/2024;19;2.0TD;1;0.000129340789000000;0.172;1.027966235;122.888631;33.081;43.893;45.914631;1.65;23.04330;0.83295;0.75;0.25;1.66542;93.83860;101.96000;97.42000;37.09000;2391.5;275.0;177.0;46.0;15.48;0.926;0.17498;0.04096;0.00;0.000;0.000;0.588;0.565;0.000;0.557;39.176;1.59;2.75;23677.3;1350.20;10.67;3.40;1.41;238526.64;51408.00;24859.38;29485.9;8.09;1.74;0.84;07/03/2024 16:10:53;
08/03/2024;20;2.0TD;1;0.000149674181000000;0.181;1.086492543;122.281064;33.081;43.893;45.307064;3.20;23.04330;0.83295;0.75;0.25;1.66542;93.83860;101.96000;97.42000;37.09000;2391.5;275.0;177.0;46.0;13.13;0.926;0.17498;0.04096;0.00;0.000;0.000;0.575;0.565;0.000;0.557;38.363;3.20;3.20;26037.9;1117.00;8.32;3.40;1.41;229452.52;9494.28;24859.38;31676.7;7.24;0.30;0.78;07/03/2024 16:10:53;
08/03/2024;21;2.0TD;1;0.000168845915000000;0.188;1.125196365;125.154892;33.081;43.893;48.180892;5.89;23.04330;0.83295;0.75;0.25;1.66542;93.83860;101.96000;97.42000;37.09000;2391.5;275.0;177.0;46.0;12.60;0.926;0.17498;0.04096;0.00;0.000;0.000;0.608;0.565;0.000;0.557;40.556;5.98;4.30;26748.4;1437.30;7.79;3.40;1.41;218608.24;10347.32;24859.38;32567.0;6.71;0.32;0.76;07/03/2024 16:10:53;
08/03/2024;22;2.0TD;1;0.000174241540000000;0.190;1.136264720;122.457354;33.081;43.893;45.483354;4.00;23.04330;0.83295;0.75;0.25;1.66542;93.83860;101.96000;97.42000;37.09000;2391.5;275.0;177.0;46.0;12.19;0.926;0.17498;0.04096;0.00;0.000;0.000;0.573;0.565;0.000;0.557;38.221;4.00;4.00;25881.1;1226.90;7.38;3.40;1.41;198435.80;10489.44;24859.38;31678.8;6.26;0.33;0.78;07/03/2024 16:10:53;
08/03/2024;23;2.0TD;2;0.000161397731000000;0.205;1.258078385;72.317009;19.184;8.779;44.354009;3.23;23.04330;0.83295;0.75;0.25;1.66542;93.83860;101.96000;97.42000;37.09000;2391.5;275.0;177.0;46.0;12.34;0.154;0.17498;0.04096;0.00;0.000;0.000;0.552;0.565;0.000;0.557;36.808;3.20;3.80;23483.5;1027.30;7.53;3.40;1.41;181889.20;12600.72;24859.38;29118.6;6.25;0.43;0.85;07/03/2024 16:10:53;
08/03/2024;24;2.0TD;2;0.000139571210000000;0.211;1.296905854;71.542417;19.184;8.779;43.579417;0.55;23.04330;0.83295;0.75;0.25;1.66542;93.83860;101.96000;97.42000;37.09000;2391.5;275.0;177.0;46.0;14.21;0.154;0.17498;0.04096;0.00;0.000;0.000;0.540;0.565;0.000;0.557;35.986;0.43;3.15;20890.7;982.30;9.40;3.40;1.41;182639.00;41238.72;24859.38;26459.6;6.90;1.56;0.94;07/03/2024 16:10:53;
*
