pvpcdata;
2024;05;13;12;31;13;
05/04/2024;1;2.0TD;3;0.000096381353000000;0.191;1.059751628;50.567232;0.557;2.195;47.815232;0.40;18.73530;0.95513;0.75;0.25;0.43958;75.38080;101.96000;48.69000;27.94000;2006.0;275.0;154.0;50.0;19.53;0.000;0.17498;0.04096;0.00;0.000;0.602;0.947;0.000;0.557;40.147;0.44;0.00;24176.0;2656.60;14.76;3.35;1.42;265348.96;54696.00;24859.38;23353.1;11.36;2.34;1.06;04/04/2024 16:07:02;
05/04/2024;2;2.0TD;3;0.000079830626000000;0.197;1.094206180;51.076243;0.557;2.195;48.324243;0.43;18.73530;0.95513;0.75;0.25;0.43958;75.38080;101.96000;48.69000;27.94000;2006.0;275.0;154.0;50.0;19.72;0.000;0.17498;0.04096;0.00;0.000;0.606;0.947;0.000;0.557;40.371;0.48;0.00;23167.8;2629.00;14.95;3.35;1.42;265335.44;38835.16;24859.38;22004.3;12.06;1.76;1.13;04/04/2024 16:07:02;
05/04/2024;3;2.0TD;3;0.000070069080000000;0.201;1.118919587;52.163698;0.557;2.195;49.411698;0.01;18.73530;0.95513;0.75;0.25;0.43958;75.38080;101.96000;48.69000;27.94000;2006.0;275.0;154.0;50.0;20.90;0.000;0.17498;0.04096;0.00;0.000;0.617;0.947;0.000;0.557;41.142;0.01;0.00;22131.2;2501.40;16.13;3.35;1.42;275411.04;39534.32;24859.38;21067.0;13.07;1.88;1.18;04/04/2024 16:07:02;
05/04/2024;4;2.0TD;3;0.000065397272000000;0.202;1.124598611;52.424806;0.557;2.195;49.672806;0.00;18.73530;0.95513;0.75;0.25;0.43958;75.38080;101.96000;48.69000;27.94000;2006.0;275.0;154.0;50.0;21.09;0.000;0.17498;0.04096;0.00;0.000;0.620;0.947;0.000;0.557;41.325;0.00;-0.01;21969.5;2425.40;16.32;3.35;1.42;303974.20;32626.80;0.00;20622.8;14.74;1.58;0.00;04/04/2024 16:07:02;
05/04/2024;5;2.0TD;3;0.000063821115000000;0.202;1.119558213;52.204840;0.557;2.195;49.452840;0.00;18.73530;0.95513;0.75;0.25;0.43958;75.38080;101.96000;48.69000;27.94000;2006.0;275.0;154.0;50.0;20.91;0.000;0.17498;0.04096;0.00;0.000;0.617;0.947;0.000;0.557;41.142;0.00;-0.01;21942.3;2383.80;16.14;3.35;1.42;303974.20;28711.04;0.00;20611.9;14.75;1.39;0.00;04/04/2024 16:07:02;
05/04/2024;6;2.0TD;3;0.000065499979000000;0.198;1.100249990;51.662902;0.557;2.195;48.910902;0.00;18.73530;0.95513;0.75;0.25;0.43958;75.38080;101.96000;48.69000;27.94000;2006.0;275.0;154.0;50.0;20.60;0.000;0.17498;0.04096;0.00;0.000;0.612;0.947;0.000;0.557;40.827;0.00;0.00;22586.7;2430.20;15.83;3.35;1.42;303974.20;31100.40;0.00;21173.1;14.36;1.47;0.00;04/04/2024 16:07:02;
05/04/2024;7;2.0TD;3;0.000073842559000000;0.189;1.052332340;52.660430;0.557;2.195;49.908430;0.36;18.73530;0.95513;0.75;0.25;0.43958;75.38080;101.96000;48.69000;27.94000;2006.0;275.0;154.0;50.0;21.37;0.000;0.17498;0.04096;0.00;0.000;0.630;0.947;0.000;0.557;41.975;0.40;0.00;24150.6;2452.10;16.60;3.35;1.42;312970.44;55770.56;24859.38;23710.8;13.20;2.35;1.05;04/04/2024 16:07:02;
05/04/2024;8;2.0TD;3;0.000091921164000000;0.178;0.990873116;48.884989;0.557;2.195;46.132989;3.25;18.73530;0.95513;0.75;0.25;0.43958;75.38080;101.96000;48.69000;27.94000;2006.0;275.0;154.0;50.0;15.71;0.000;0.17498;0.04096;0.00;0.000;0.587;0.947;0.000;0.557;39.162;3.25;3.25;26629.6;2244.40;10.94;3.35;1.42;210238.12;57367.20;24859.38;26747.0;7.86;2.14;0.93;04/04/2024 16:07:02;
05/04/2024;9;2.0TD;2;0.000103822003000000;0.191;1.173803679;75.855647;19.184;8.779;47.892647;2.99;18.73530;0.95513;0.75;0.25;0.43958;75.38080;101.96000;48.69000;27.94000;2006.0;275.0;154.0;50.0;16.85;0.154;0.17498;0.04096;0.00;0.000;0.603;0.947;0.000;0.557;40.212;2.97;3.25;27845.0;2024.90;12.08;3.35;1.42;234770.48;81480.80;24859.38;28230.6;8.32;2.89;0.88;04/04/2024 16:07:02;
05/04/2024;10;2.0TD;2;0.000110930411000000;0.155;0.949241497;73.704615;19.184;8.779;45.741615;0.00;18.73530;0.95513;0.75;0.25;0.43958;75.38080;101.96000;48.69000;27.94000;2006.0;275.0;154.0;50.0;19.24;0.154;0.17498;0.04096;0.00;0.000;0.594;0.947;0.000;0.557;39.603;0.00;0.00;28373.9;2270.70;14.47;3.35;1.42;244000.44;143299.80;24859.38;28469.8;8.57;5.03;0.87;04/04/2024 16:07:02;
05/04/2024;11;2.0TD;1;0.000116754770000000;0.157;0.942756529;120.131408;33.081;43.893;43.157408;-0.51;18.73530;0.95513;0.75;0.25;0.43958;75.38080;101.96000;48.69000;27.94000;2006.0;275.0;154.0;50.0;16.71;0.926;0.17498;0.04096;0.00;0.000;0.560;0.947;0.000;0.557;37.301;0.00;-5.00;28561.2;3297.10;11.94;3.35;1.42;246169.32;67594.24;24859.38;28375.4;8.68;2.38;0.88;04/04/2024 16:07:02;
05/04/2024;12;2.0TD;1;0.000118307534000000;0.153;0.913685142;118.951421;33.081;43.893;41.977421;-0.53;18.73530;0.95513;0.75;0.25;0.43958;75.38080;101.96000;48.69000;27.94000;2006.0;275.0;154.0;50.0;15.85;0.926;0.17498;0.04096;0.00;0.000;0.546;0.947;0.000;0.557;36.407;0.00;-5.00;29158.9;3456.10;11.08;3.35;1.42;257002.28;28783.36;24859.38;28048.7;9.16;1.03;0.89;04/04/2024 16:07:02;
05/04/2024;13;2.0TD;1;0.000120917348000000;0.152;0.912750615;119.582022;33.081;43.893;42.608022;-0.66;18.73530;0.95513;0.75;0.25;0.43958;75.38080;101.96000;48.69000;27.94000;2006.0;275.0;154.0;50.0;16.55;0.926;0.17498;0.04096;0.00;0.000;0.555;0.947;0.000;0.557;36.986;0.00;-6.99;30196.8;3130.70;11.78;3.35;1.42;258671.16;40933.92;24859.38;27533.8;9.39;1.49;0.90;04/04/2024 16:07:02;
05/04/2024;14;2.0TD;1;0.000127451688000000;0.148;0.889055910;116.869445;33.081;43.893;39.895445;-1.50;18.73530;0.95513;0.75;0.25;0.43958;75.38080;101.96000;48.69000;27.94000;2006.0;275.0;154.0;50.0;15.19;0.926;0.17498;0.04096;0.00;0.000;0.521;0.947;0.000;0.557;34.752;0.00;-12.12;29093.3;4099.10;10.42;3.35;1.42;227319.08;37651.20;24859.38;27816.2;8.17;1.35;0.89;04/04/2024 16:07:02;
05/04/2024;15;2.0TD;2;0.000127826372000000;0.167;1.025470966;67.663325;19.184;8.779;39.700325;-1.58;18.73530;0.95513;0.75;0.25;0.43958;75.38080;101.96000;48.69000;27.94000;2006.0;275.0;154.0;50.0;15.32;0.154;0.17498;0.04096;0.00;0.000;0.510;0.947;0.000;0.557;34.019;-0.01;-12.22;29366.6;4347.60;10.55;3.35;1.42;226562.64;37698.56;24859.38;27424.7;8.26;1.37;0.91;04/04/2024 16:07:02;
05/04/2024;16;2.0TD;2;0.000118902432000000;0.173;1.062587522;67.724334;19.184;8.779;39.761334;-1.75;18.73530;0.95513;0.75;0.25;0.43958;75.38080;101.96000;48.69000;27.94000;2006.0;275.0;154.0;50.0;15.37;0.154;0.17498;0.04096;0.00;0.000;0.508;0.947;0.000;0.557;33.897;-0.01;-12.53;28845.0;4646.20;10.60;3.35;1.42;219165.20;37769.60;24859.38;26586.9;8.24;1.42;0.94;04/04/2024 16:07:02;
05/04/2024;17;2.0TD;2;0.000111913252000000;0.179;1.098502254;67.545720;19.184;8.779;39.582720;-1.53;18.73530;0.95513;0.75;0.25;0.43958;75.38080;101.96000;48.69000;27.94000;2006.0;275.0;154.0;50.0;14.83;0.154;0.17498;0.04096;0.00;0.000;0.504;0.947;0.000;0.557;33.573;0.00;-12.12;28115.2;4057.00;10.06;3.35;1.42;203189.44;35336.08;24859.38;26190.9;7.76;1.35;0.95;04/04/2024 16:07:02;
05/04/2024;18;2.0TD;2;0.000109250112000000;0.186;1.141599169;69.683076;19.184;8.779;41.720076;-0.82;18.73530;0.95513;0.75;0.25;0.43958;75.38080;101.96000;48.69000;27.94000;2006.0;275.0;154.0;50.0;15.70;0.154;0.17498;0.04096;0.00;0.000;0.528;0.947;0.000;0.557;35.177;0.00;-7.53;28265.1;3457.70;10.93;3.35;1.42;204664.20;54873.76;24859.38;26028.2;7.86;2.11;0.96;04/04/2024 16:07:02;
05/04/2024;19;2.0TD;1;0.000108685949000000;0.170;1.018466289;118.763042;33.081;43.893;41.789042;-0.48;18.73530;0.95513;0.75;0.25;0.43958;75.38080;101.96000;48.69000;27.94000;2006.0;275.0;154.0;50.0;15.12;0.926;0.17498;0.04096;0.00;0.000;0.536;0.947;0.000;0.557;35.717;0.00;-5.00;27985.4;2952.80;10.35;3.35;1.42;183130.32;62685.00;24859.38;26158.5;7.00;2.40;0.95;04/04/2024 16:07:02;
05/04/2024;20;2.0TD;1;0.000112032156000000;0.176;1.052984027;119.132577;33.081;43.893;42.158577;0.00;18.73530;0.95513;0.75;0.25;0.43958;75.38080;101.96000;48.69000;27.94000;2006.0;275.0;154.0;50.0;14.77;0.926;0.17498;0.04096;0.00;0.000;0.538;0.947;0.000;0.557;35.849;0.00;0.00;28216.0;2524.80;10.00;3.35;1.42;175930.08;73226.00;24859.38;27395.8;6.42;2.67;0.91;04/04/2024 16:07:02;
05/04/2024;21;2.0TD;1;0.000127095816000000;0.181;1.082620308;119.970821;33.081;43.893;42.996821;0.02;18.73530;0.95513;0.75;0.25;0.43958;75.38080;101.96000;48.69000;27.94000;2006.0;275.0;154.0;50.0;15.30;0.926;0.17498;0.04096;0.00;0.000;0.546;0.947;0.000;0.557;36.407;0.02;0.04;29092.1;2494.50;10.53;3.35;1.42;206492.60;67966.40;24859.38;28418.0;7.27;2.39;0.87;04/04/2024 16:07:02;
05/04/2024;22;2.0TD;1;0.000150448752000000;0.180;1.074891599;120.641234;33.081;43.893;43.667234;2.00;18.73530;0.95513;0.75;0.25;0.43958;75.38080;101.96000;48.69000;27.94000;2006.0;275.0;154.0;50.0;13.91;0.926;0.17498;0.04096;0.00;0.000;0.555;0.947;0.000;0.557;37.006;2.00;1.99;29241.9;2257.60;9.14;3.35;1.42;174261.20;64721.88;24859.38;28865.9;6.04;2.24;0.86;04/04/2024 16:07:02;
05/04/2024;23;2.0TD;2;0.000141108177000000;0.210;1.290940499;69.838838;19.184;8.779;41.875838;1.00;18.73530;0.95513;0.75;0.25;0.43958;75.38080;101.96000;48.69000;27.94000;2006.0;275.0;154.0;50.0;13.32;0.154;0.17498;0.04096;0.00;0.000;0.519;0.947;0.000;0.557;34.608;1.00;1.01;27444.1;2435.50;8.55;3.35;1.42;174379.32;28500.72;24859.38;26632.0;6.55;1.07;0.93;04/04/2024 16:07:02;
05/04/2024;24;2.0TD;2;0.000121998172000000;0.219;1.340696150;68.182845;19.184;8.779;40.219845;0.00;18.73530;0.95513;0.75;0.25;0.43958;75.38080;101.96000;48.69000;27.94000;2006.0;275.0;154.0;50.0;12.73;0.154;0.17498;0.04096;0.00;0.000;0.495;0.947;0.000;0.557;32.994;0.00;0.00;25800.3;2146.70;7.96;3.35;1.42;142323.40;28729.12;24859.38;24616.4;5.78;1.17;1.01;04/04/2024 16:07:02;
*
