pvpcdata;
2024;06;11;12;31;10;
21/05/2024;1;2.0TD;3;0.000084893036000000;0.183;1.015978754;115.639732;0.557;2.195;112.887732;72.43;7.33199;1.11751;0.75;0.25;46.09083;75.41880;101.96000;48.69000;28.32000;1753.9;275.0;154.0;61.0;11.65;0.000;0.17498;0.04096;0.00;0.000;1.431;0.947;0.000;0.557;95.425;72.43;72.43;18056.5;1006.20;7.24;3.16;1.25;123580.88;19176.00;24859.38;23153.7;5.34;0.83;1.07;20/05/2024 16:08:25;
21/05/2024;2;2.0TD;3;0.000071239719000000;0.188;1.046476345;114.404949;0.557;2.195;111.652949;70.50;7.33199;1.11751;0.75;0.25;46.09083;75.41880;101.96000;48.69000;28.32000;1753.9;275.0;154.0;61.0;12.16;0.000;0.17498;0.04096;0.00;0.000;1.410;0.947;0.000;0.557;93.984;70.50;70.50;17164.7;916.90;7.75;3.16;1.25;126460.24;19176.00;24859.38;21982.9;5.75;0.87;1.13;20/05/2024 16:08:25;
21/05/2024;3;2.0TD;3;0.000063824393000000;0.191;1.062287909;113.900841;0.557;2.195;111.148841;69.13;7.33199;1.11751;0.75;0.25;46.09083;75.41880;101.96000;48.69000;28.32000;1753.9;275.0;154.0;61.0;12.88;0.000;0.17498;0.04096;0.00;0.000;1.400;0.947;0.000;0.557;93.324;69.13;69.13;16682.0;898.60;8.47;3.16;1.25;135654.12;19176.00;24859.38;21216.3;6.39;0.90;1.17;20/05/2024 16:08:25;
21/05/2024;4;2.0TD;3;0.000060284429000000;0.191;1.062780569;113.574507;0.557;2.195;110.822507;69.00;7.33199;1.11751;0.75;0.25;46.09083;75.41880;101.96000;48.69000;28.32000;1753.9;275.0;154.0;61.0;12.74;0.000;0.17498;0.04096;0.00;0.000;1.396;0.947;0.000;0.557;93.050;69.00;69.00;16312.0;841.80;8.33;3.16;1.25;154846.28;19176.00;0.00;20893.1;7.41;0.92;0.00;20/05/2024 16:08:25;
21/05/2024;5;2.0TD;3;0.000059023992000000;0.191;1.059859331;112.546674;0.557;2.195;109.794674;68.01;7.33199;1.11751;0.75;0.25;46.09083;75.41880;101.96000;48.69000;28.32000;1753.9;275.0;154.0;61.0;12.88;0.000;0.17498;0.04096;0.00;0.000;1.383;0.947;0.000;0.557;92.187;68.01;68.01;16356.5;775.70;8.47;3.16;1.25;156653.64;19176.00;0.00;20753.4;7.55;0.92;0.00;20/05/2024 16:08:25;
21/05/2024;6;2.0TD;3;0.000060334737000000;0.187;1.038804839;112.864012;0.557;2.195;110.112012;68.84;7.33199;1.11751;0.75;0.25;46.09083;75.41880;101.96000;48.69000;28.32000;1753.9;275.0;154.0;61.0;12.62;0.000;0.17498;0.04096;0.00;0.000;1.391;0.947;0.000;0.557;92.765;68.84;68.84;16530.2;776.00;8.21;3.16;1.25;155260.20;19176.00;0.00;21248.6;7.31;0.90;0.00;20/05/2024 16:08:25;
21/05/2024;7;2.0TD;3;0.000066003253000000;0.173;0.962156899;109.743633;0.557;2.195;106.991633;67.00;7.33199;1.11751;0.75;0.25;46.09083;75.41880;101.96000;48.69000;28.32000;1753.9;275.0;154.0;61.0;12.93;0.000;0.17498;0.04096;0.00;0.000;1.368;0.947;0.000;0.557;91.212;67.00;67.00;15771.6;709.90;8.52;3.16;1.25;159724.96;14382.00;24859.38;23349.1;6.84;0.62;1.06;20/05/2024 16:08:25;
21/05/2024;8;2.0TD;3;0.000078654103000000;0.161;0.895725863;109.332919;0.557;2.195;106.580919;68.06;7.33199;1.11751;0.75;0.25;46.09083;75.41880;101.96000;48.69000;28.32000;1753.9;275.0;154.0;61.0;12.45;0.000;0.17498;0.04096;0.00;0.000;1.377;0.947;0.000;0.557;91.801;67.92;70.44;16496.4;994.20;8.04;3.16;1.25;87042.24;95880.00;24859.38;25842.2;3.37;3.71;0.96;20/05/2024 16:08:25;
21/05/2024;9;2.0TD;2;0.000091405477000000;0.176;1.077785782;139.876997;19.184;8.779;111.913997;72.94;7.33199;1.11751;0.75;0.25;46.09083;75.41880;101.96000;48.69000;28.32000;1753.9;275.0;154.0;61.0;10.73;0.154;0.17498;0.04096;0.00;0.000;1.427;0.947;0.000;0.557;95.165;72.87;73.90;20903.1;1455.80;6.32;3.16;1.25;71880.44;76288.20;24859.38;27391.4;2.62;2.79;0.91;20/05/2024 16:08:25;
21/05/2024;10;2.0TD;2;0.000096742085000000;0.146;0.896825375;105.900126;19.184;8.779;77.937126;42.02;7.33199;1.11751;0.75;0.25;46.09083;75.41880;101.96000;48.69000;28.32000;1753.9;275.0;154.0;61.0;14.90;0.154;0.17498;0.04096;0.00;0.000;1.020;0.947;0.000;0.557;68.008;41.70;51.39;25091.9;862.80;10.49;3.16;1.25;103948.04;161201.04;24859.38;27634.2;3.76;5.83;0.90;20/05/2024 16:08:25;
21/05/2024;11;2.0TD;1;0.000101456285000000;0.146;0.875738501;139.183422;33.081;43.893;62.209422;30.25;7.33199;1.11751;0.75;0.25;46.09083;75.41880;101.96000;48.69000;28.32000;1753.9;275.0;154.0;61.0;12.38;0.926;0.17498;0.04096;0.00;0.000;0.814;0.947;0.000;0.557;54.284;30.00;35.00;26429.1;1374.50;7.97;3.16;1.25;149586.72;48210.00;24859.38;27919.7;5.36;1.73;0.89;20/05/2024 16:08:25;
21/05/2024;12;2.0TD;1;0.000103372275000000;0.146;0.872024239;127.246686;33.081;43.893;50.272686;19.05;7.33199;1.11751;0.75;0.25;46.09083;75.41880;101.96000;48.69000;28.32000;1753.9;275.0;154.0;61.0;13.32;0.926;0.17498;0.04096;0.00;0.000;0.658;0.947;0.000;0.557;43.868;18.82;23.82;27211.3;1336.30;8.91;3.16;1.25;183299.68;39630.40;24859.38;27801.8;6.59;1.43;0.89;20/05/2024 16:08:25;
21/05/2024;13;2.0TD;1;0.000107656684000000;0.146;0.874293176;129.829770;33.081;43.893;52.855770;20.63;7.33199;1.11751;0.75;0.25;46.09083;75.41880;101.96000;48.69000;28.32000;1753.9;275.0;154.0;61.0;13.96;0.926;0.17498;0.04096;0.00;0.000;0.692;0.947;0.000;0.557;46.122;20.43;27.09;28814.8;891.10;9.55;3.16;1.25;196946.88;42447.88;24859.38;27678.2;7.12;1.53;0.90;20/05/2024 16:08:25;
21/05/2024;14;2.0TD;1;0.000114756812000000;0.141;0.842542782;123.668243;33.081;43.893;46.694243;14.92;7.33199;1.11751;0.75;0.25;46.09083;75.41880;101.96000;48.69000;28.32000;1753.9;275.0;154.0;61.0;14.55;0.926;0.17498;0.04096;0.00;0.000;0.614;0.947;0.000;0.557;40.924;14.70;23.12;30004.9;822.20;10.14;3.16;1.25;221242.60;35046.00;24859.38;27743.4;7.97;1.26;0.90;20/05/2024 16:08:25;
21/05/2024;15;2.0TD;2;0.000113949693000000;0.163;0.998386148;69.498340;19.184;8.779;41.535340;9.84;7.33199;1.11751;0.75;0.25;46.09083;75.41880;101.96000;48.69000;28.32000;1753.9;275.0;154.0;61.0;15.27;0.154;0.17498;0.04096;0.00;0.000;0.536;0.947;0.000;0.557;35.714;9.66;14.66;29899.7;1115.60;10.86;3.16;1.25;245272.28;29256.00;24859.38;27552.6;8.90;1.06;0.90;20/05/2024 16:08:25;
21/05/2024;16;2.0TD;2;0.000104059241000000;0.169;1.033949739;72.762545;19.184;8.779;44.799545;8.40;7.33199;1.11751;0.75;0.25;46.09083;75.41880;101.96000;48.69000;28.32000;1753.9;275.0;154.0;61.0;19.28;0.154;0.17498;0.04096;0.00;0.000;0.575;0.947;0.000;0.557;38.323;8.21;13.21;28999.1;1171.40;14.87;3.16;1.25;308138.28;63880.00;24859.38;26696.0;11.54;2.39;0.93;20/05/2024 16:08:25;
21/05/2024;17;2.0TD;2;0.000097802771000000;0.174;1.069158340;72.930679;19.184;8.779;44.967679;7.66;7.33199;1.11751;0.75;0.25;46.09083;75.41880;101.96000;48.69000;28.32000;1753.9;275.0;154.0;61.0;20.00;0.154;0.17498;0.04096;0.00;0.000;0.575;0.947;0.000;0.557;38.303;7.44;12.44;28874.6;1298.00;15.59;3.16;1.25;302873.20;83044.00;24859.38;26344.8;11.50;3.15;0.94;20/05/2024 16:08:25;
21/05/2024;18;2.0TD;2;0.000097863487000000;0.177;1.087125528;78.039599;19.184;8.779;50.076599;14.87;7.33199;1.11751;0.75;0.25;46.09083;75.41880;101.96000;48.69000;28.32000;1753.9;275.0;154.0;61.0;16.97;0.154;0.17498;0.04096;0.00;0.000;0.638;0.947;0.000;0.557;42.546;14.70;19.71;28633.9;1012.20;12.56;3.16;1.25;272437.72;34914.00;24859.38;26452.9;10.30;1.32;0.94;20/05/2024 16:08:25;
21/05/2024;19;2.0TD;1;0.000099542656000000;0.154;0.922751955;135.283270;33.081;43.893;58.309270;19.64;7.33199;1.11751;0.75;0.25;46.09083;75.41880;101.96000;48.69000;28.32000;1753.9;275.0;154.0;61.0;19.29;0.926;0.17498;0.04096;0.00;0.000;0.758;0.947;0.000;0.557;50.528;19.44;24.44;27262.9;1131.90;14.88;3.16;1.25;249345.24;119666.40;24859.38;26475.7;9.42;4.52;0.94;20/05/2024 16:08:25;
21/05/2024;20;2.0TD;1;0.000104291661000000;0.158;0.947423796;153.201624;33.081;43.893;76.227624;34.70;7.33199;1.11751;0.75;0.25;46.09083;75.41880;101.96000;48.69000;28.32000;1753.9;275.0;154.0;61.0;19.30;0.926;0.17498;0.04096;0.00;0.000;0.987;0.947;0.000;0.557;65.827;34.79;33.00;23688.7;1257.50;14.89;3.16;1.25;162362.80;218037.16;24859.38;27204.5;5.97;8.01;0.91;20/05/2024 16:08:25;
21/05/2024;21;2.0TD;1;0.000116149665000000;0.156;0.935271981;180.004770;33.081;43.893;103.030770;62.73;7.33199;1.11751;0.75;0.25;46.09083;75.41880;101.96000;48.69000;28.32000;1753.9;275.0;154.0;61.0;14.22;0.926;0.17498;0.04096;0.00;0.000;1.337;0.947;0.000;0.557;89.127;62.73;62.84;22847.6;927.80;9.81;3.16;1.25;101134.20;145381.44;24859.38;27671.9;3.65;5.25;0.90;20/05/2024 16:08:25;
21/05/2024;22;2.0TD;1;0.000132458109000000;0.160;0.955721660;180.313718;33.081;43.893;103.339718;68.01;7.33199;1.11751;0.75;0.25;46.09083;75.41880;101.96000;48.69000;28.32000;1753.9;275.0;154.0;61.0;8.90;0.926;0.17498;0.04096;0.00;0.000;1.336;0.947;0.000;0.557;89.086;68.01;68.01;20035.9;910.00;4.49;3.16;1.25;95033.76;8299.20;24859.38;28519.0;3.33;0.29;0.87;20/05/2024 16:08:25;
21/05/2024;23;2.0TD;2;0.000126835295000000;0.187;1.149570670;131.813587;19.184;8.779;103.850587;66.75;7.33199;1.11751;0.75;0.25;46.09083;75.41880;101.96000;48.69000;28.32000;1753.9;275.0;154.0;61.0;9.36;0.154;0.17498;0.04096;0.00;0.000;1.312;0.947;0.000;0.557;87.490;66.77;66.30;19332.2;996.00;4.95;3.16;1.25;96496.00;12768.00;24859.38;27100.3;3.56;0.47;0.92;20/05/2024 16:08:25;
21/05/2024;24;2.0TD;2;0.000104809259000000;0.192;1.178038822;128.680997;19.184;8.779;100.717997;63.08;7.33199;1.11751;0.75;0.25;46.09083;75.41880;101.96000;48.69000;28.32000;1753.9;275.0;154.0;61.0;10.08;0.154;0.17498;0.04096;0.00;0.000;1.267;0.947;0.000;0.557;84.495;63.08;63.08;20233.8;992.90;5.67;3.16;1.25;100754.84;12768.00;24859.38;24400.9;4.13;0.52;1.02;20/05/2024 16:08:25;
*
