pvpcdata;
2024;12;11;12;05;38;
20/11/2024;1;2.0TD;3;0.000102774713000000;0.216;1.199958917;150.636357;0.557;2.195;147.884357;102.07;-0.66715;0.97274;0.75;0.25;95.78542;93.11680;101.96000;84.74000;75.52000;2142.4;275.0;200.0;46.0;16.65;0.000;0.17498;0.04096;0.00;0.000;1.824;0.947;0.000;0.557;121.615;102.01;102.80;16331.1;1428.50;12.41;3.21;1.03;138373.12;128360.00;24859.38;23497.7;5.89;5.46;1.06;19/11/2024 16:07:19;
20/11/2024;2;2.0TD;3;0.000085202765000000;0.223;1.239491895;136.613539;0.557;2.195;133.861539;88.99;-0.66715;0.97274;0.75;0.25;95.78542;93.11680;101.96000;84.74000;75.52000;2142.4;275.0;200.0;46.0;17.75;0.000;0.17498;0.04096;0.00;0.000;1.642;0.947;0.000;0.557;109.453;88.78;92.00;17202.1;1192.00;13.51;3.21;1.03;166169.12;111840.00;24859.38;22420.2;7.41;4.99;1.11;19/11/2024 16:07:19;
20/11/2024;3;2.0TD;3;0.000075452326000000;0.231;1.284671415;137.964332;0.557;2.195;135.212332;86.03;-0.66715;0.97274;0.75;0.25;95.78542;93.11680;101.96000;84.74000;75.52000;2142.4;275.0;200.0;46.0;21.09;0.000;0.17498;0.04096;0.00;0.000;1.648;0.947;0.000;0.557;109.839;86.03;86.03;16882.2;1143.50;16.85;3.21;1.03;209891.60;132600.00;24859.38;21804.9;9.63;6.08;1.14;19/11/2024 16:07:19;
20/11/2024;4;2.0TD;3;0.000070795994000000;0.235;1.303999079;133.087015;0.557;2.195;130.335015;81.50;-0.66715;0.97274;0.75;0.25;95.78542;93.11680;101.96000;84.74000;75.52000;2142.4;275.0;200.0;46.0;21.38;0.000;0.17498;0.04096;0.00;0.000;1.583;0.947;0.000;0.557;105.534;81.50;81.50;16503.1;1276.60;17.14;3.21;1.03;235716.68;131400.00;0.00;21416.5;11.01;6.14;0.00;19/11/2024 16:07:19;
20/11/2024;5;2.0TD;3;0.000069307283000000;0.234;1.299822214;127.456862;0.557;2.195;124.704862;76.33;-0.66715;0.97274;0.75;0.25;95.78542;93.11680;101.96000;84.74000;75.52000;2142.4;275.0;200.0;46.0;22.14;0.000;0.17498;0.04096;0.00;0.000;1.516;0.947;0.000;0.557;101.057;76.15;79.22;16836.0;1026.30;17.90;3.21;1.03;247083.88;138600.00;0.00;21542.6;11.47;6.43;0.00;19/11/2024 16:07:19;
20/11/2024;6;2.0TD;3;0.000071827518000000;0.227;1.260059963;134.821893;0.557;2.195;132.069893;84.20;-0.66715;0.97274;0.75;0.25;95.78542;93.11680;101.96000;84.74000;75.52000;2142.4;275.0;200.0;46.0;20.75;0.000;0.17498;0.04096;0.00;0.000;1.615;0.947;0.000;0.557;107.636;83.79;92.31;16738.7;838.30;16.51;3.21;1.03;230410.68;131240.00;0.00;21908.2;10.52;5.99;0.00;19/11/2024 16:07:19;
20/11/2024;7;2.0TD;3;0.000083068361000000;0.208;1.155418473;150.988609;0.557;2.195;148.236609;102.25;-0.66715;0.97274;0.75;0.25;95.78542;93.11680;101.96000;84.74000;75.52000;2142.4;275.0;200.0;46.0;17.55;0.000;0.17498;0.04096;0.00;0.000;1.841;0.947;0.000;0.557;122.712;101.73;109.23;16851.8;1268.20;13.31;3.21;1.03;106417.00;190416.00;24859.38;24165.6;4.40;7.88;1.03;19/11/2024 16:07:19;
20/11/2024;8;2.0TD;3;0.000107307041000000;0.189;1.048279930;173.620128;0.557;2.195;170.868128;122.17;-0.66715;0.97274;0.75;0.25;95.78542;93.11680;101.96000;84.74000;75.52000;2142.4;275.0;200.0;46.0;18.31;0.000;0.17498;0.04096;0.00;0.000;2.156;0.947;0.000;0.557;143.707;122.00;123.72;18105.5;1963.60;14.07;3.21;1.03;72114.68;286816.96;24859.38;27271.1;2.64;10.52;0.91;19/11/2024 16:07:19;
20/11/2024;9;2.0TD;2;0.000115977399000000;0.189;1.159610544;205.691658;19.184;8.779;177.728658;130.04;-0.66715;0.97274;0.75;0.25;95.78542;93.11680;101.96000;84.74000;75.52000;2142.4;275.0;200.0;46.0;15.97;0.154;0.17498;0.04096;0.00;0.000;2.242;0.947;0.000;0.557;149.477;129.74;132.43;19494.8;2465.00;11.73;3.21;1.03;76268.24;241344.00;24859.38;29188.7;2.61;8.27;0.85;19/11/2024 16:07:19;
20/11/2024;10;2.0TD;2;0.000116804662000000;0.174;1.064608091;181.483957;19.184;8.779;153.520957;108.81;-0.66715;0.97274;0.75;0.25;95.78542;93.11680;101.96000;84.74000;75.52000;2142.4;275.0;200.0;46.0;18.77;0.154;0.17498;0.04096;0.00;0.000;1.962;0.947;0.000;0.557;130.767;108.36;113.36;21031.5;2072.70;14.53;3.21;1.03;116019.76;289344.00;24859.38;29600.6;3.92;9.77;0.84;19/11/2024 16:07:19;
20/11/2024;11;2.0TD;1;0.000118763252000000;0.170;1.015499486;203.425757;33.081;43.893;126.451757;90.04;-0.66715;0.97274;0.75;0.25;95.78542;93.11680;101.96000;84.74000;75.52000;2142.4;275.0;200.0;46.0;14.42;0.926;0.17498;0.04096;0.00;0.000;1.621;0.947;0.000;0.557;108.078;89.50;98.72;23225.0;1432.20;10.18;3.21;1.03;167814.84;114632.00;24859.38;30166.6;5.56;3.80;0.82;19/11/2024 16:07:19;
20/11/2024;12;2.0TD;1;0.000117445098000000;0.169;1.013782671;174.621067;33.081;43.893;97.647067;65.43;-0.66715;0.97274;0.75;0.25;95.78542;93.11680;101.96000;84.74000;75.52000;2142.4;275.0;200.0;46.0;14.85;0.926;0.17498;0.04096;0.00;0.000;1.253;0.947;0.000;0.557;83.530;64.89;74.88;24810.4;1404.90;10.61;3.21;1.03;206432.12;88848.00;24859.38;30170.3;6.84;2.94;0.82;19/11/2024 16:07:19;
20/11/2024;13;2.0TD;1;0.000118284719000000;0.166;0.993661339;157.536933;33.081;43.893;80.562933;50.58;-0.66715;0.97274;0.75;0.25;95.78542;93.11680;101.96000;84.74000;75.52000;2142.4;275.0;200.0;46.0;15.48;0.926;0.17498;0.04096;0.00;0.000;1.036;0.947;0.000;0.557;69.093;50.24;56.24;25519.3;1530.90;11.24;3.21;1.03;237043.08;78720.00;24859.38;30314.0;7.82;2.60;0.82;19/11/2024 16:07:19;
20/11/2024;14;2.0TD;1;0.000124956646000000;0.168;1.003788741;157.379616;33.081;43.893;80.405616;50.48;-0.66715;0.97274;0.75;0.25;95.78542;93.11680;101.96000;84.74000;75.52000;2142.4;275.0;200.0;46.0;15.33;0.926;0.17498;0.04096;0.00;0.000;1.033;0.947;0.000;0.557;68.840;50.20;55.21;25897.7;1545.10;11.09;3.21;1.03;237075.24;77510.44;24859.38;30593.4;7.75;2.53;0.81;19/11/2024 16:07:19;
20/11/2024;15;2.0TD;2;0.000126543364000000;0.172;1.058079946;83.225642;19.184;8.779;55.262642;29.28;-0.66715;0.97274;0.75;0.25;95.78542;93.11680;101.96000;84.74000;75.52000;2142.4;275.0;200.0;46.0;15.94;0.154;0.17498;0.04096;0.00;0.000;0.707;0.947;0.000;0.557;47.152;29.12;32.12;27866.8;1543.30;11.70;3.21;1.03;273693.48;56064.00;24859.38;30317.8;9.03;1.85;0.82;19/11/2024 16:07:19;
20/11/2024;16;2.0TD;2;0.000120856592000000;0.180;1.101738124;111.683321;19.184;8.779;83.720321;50.47;-0.66715;0.97274;0.75;0.25;95.78542;93.11680;101.96000;84.74000;75.52000;2142.4;275.0;200.0;46.0;18.19;0.154;0.17498;0.04096;0.00;0.000;1.064;0.947;0.000;0.557;70.949;50.20;55.20;26994.8;1569.50;13.95;3.21;1.03;230903.04;156288.00;24859.38;29527.5;7.82;5.29;0.84;19/11/2024 16:07:19;
20/11/2024;17;2.0TD;2;0.000118257683000000;0.186;1.139692701;159.537158;19.184;8.779;131.574158;89.51;-0.66715;0.97274;0.75;0.25;95.78542;93.11680;101.96000;84.74000;75.52000;2142.4;275.0;200.0;46.0;18.54;0.154;0.17498;0.04096;0.00;0.000;1.664;0.947;0.000;0.557;110.939;89.24;93.24;22223.2;1578.20;14.30;3.21;1.03;117585.20;268736.00;24859.38;28749.9;4.09;9.35;0.86;19/11/2024 16:07:19;
20/11/2024;18;2.0TD;2;0.000126232236000000;0.193;1.185784310;199.580136;19.184;8.779;171.617136;126.42;-0.66715;0.97274;0.75;0.25;95.78542;93.11680;101.96000;84.74000;75.52000;2142.4;275.0;200.0;46.0;14.05;0.154;0.17498;0.04096;0.00;0.000;2.158;0.947;0.000;0.557;143.853;126.74;123.74;19817.9;2353.70;9.81;3.21;1.03;82950.04;177088.00;24859.38;29048.1;2.86;6.10;0.86;19/11/2024 16:07:19;
20/11/2024;19;2.0TD;1;0.000148180021000000;0.192;1.147922517;264.653714;33.081;43.893;187.679714;143.23;-0.66715;0.97274;0.75;0.25;95.78542;93.11680;101.96000;84.74000;75.52000;2142.4;275.0;200.0;46.0;9.86;0.926;0.17498;0.04096;0.00;0.000;2.362;0.947;0.000;0.557;157.449;143.18;143.69;20013.1;2361.70;5.62;3.21;1.03;61185.92;82656.00;24859.38;30032.6;2.04;2.75;0.83;19/11/2024 16:07:19;
20/11/2024;20;2.0TD;1;0.000163006469000000;0.195;1.164790857;262.710968;33.081;43.893;185.736968;141.46;-0.66715;0.97274;0.75;0.25;95.78542;93.11680;101.96000;84.74000;75.52000;2142.4;275.0;200.0;46.0;9.64;0.926;0.17498;0.04096;0.00;0.000;2.331;0.947;0.000;0.557;155.428;141.56;140.60;19182.0;2303.20;5.40;3.21;1.03;88968.96;52840.00;24859.38;30873.5;2.88;1.71;0.81;19/11/2024 16:07:19;
20/11/2024;21;2.0TD;1;0.000175004460000000;0.195;1.165900716;255.165738;33.081;43.893;178.191738;135.69;-0.66715;0.97274;0.75;0.25;95.78542;93.11680;101.96000;84.74000;75.52000;2142.4;275.0;200.0;46.0;9.19;0.926;0.17498;0.04096;0.00;0.000;2.237;0.947;0.000;0.557;149.114;135.98;133.26;19505.9;2338.00;4.95;3.21;1.03;95633.12;34880.00;24859.38;31380.8;3.05;1.11;0.79;19/11/2024 16:07:19;
20/11/2024;22;2.0TD;1;0.000175119627000000;0.200;1.199101957;245.141310;33.081;43.893;168.167310;126.61;-0.66715;0.97274;0.75;0.25;95.78542;93.11680;101.96000;84.74000;75.52000;2142.4;275.0;200.0;46.0;9.43;0.926;0.17498;0.04096;0.00;0.000;2.102;0.947;0.000;0.557;140.139;126.91;123.91;19204.8;2132.90;5.19;3.21;1.03;97821.60;35280.00;24859.38;30460.7;3.21;1.16;0.82;19/11/2024 16:07:19;
20/11/2024;23;2.0TD;2;0.000156016105000000;0.212;1.303419942;186.095579;19.184;8.779;158.132579;117.50;-0.66715;0.97274;0.75;0.25;95.78542;93.11680;101.96000;84.74000;75.52000;2142.4;275.0;200.0;46.0;9.79;0.154;0.17498;0.04096;0.00;0.000;1.957;0.947;0.000;0.557;130.472;117.50;117.50;18642.6;1868.20;5.55;3.21;1.03;59528.84;68600.00;24859.38;27565.5;2.16;2.49;0.90;19/11/2024 16:07:19;
20/11/2024;24;2.0TD;2;0.000128528789000000;0.222;1.363896785;171.992105;19.184;8.779;144.029105;103.31;-0.66715;0.97274;0.75;0.25;95.78542;93.11680;101.96000;84.74000;75.52000;2142.4;275.0;200.0;46.0;11.56;0.154;0.17498;0.04096;0.00;0.000;1.768;0.947;0.000;0.557;117.863;103.50;100.62;17279.8;1244.60;7.32;3.21;1.03;70871.04;87880.00;24859.38;25083.0;2.83;3.50;0.99;19/11/2024 16:07:19;
*
