pvpcdata;
2024;05;13;12;31;31;
25/04/2024;1;2.0TD;3;0.000095041006000000;0.191;1.059074616;77.542703;0.557;2.195;74.790703;38.57;8.48405;1.04952;0.75;0.25;41.44458;75.38080;101.96000;48.69000;27.94000;1825.6;275.0;154.0;50.0;12.66;0.000;0.17498;0.04096;0.00;0.000;0.942;0.947;0.000;0.557;62.796;38.07;48.07;20769.1;1094.30;7.89;3.35;1.42;140740.28;19188.00;24859.38;23426.8;6.01;0.82;1.06;24/04/2024 16:10:12;
25/04/2024;2;2.0TD;3;0.000078747257000000;0.196;1.091303605;74.772202;0.557;2.195;72.020202;35.16;8.48405;1.04952;0.75;0.25;41.44458;75.38080;101.96000;48.69000;27.94000;1825.6;275.0;154.0;50.0;13.53;0.000;0.17498;0.04096;0.00;0.000;0.903;0.947;0.000;0.557;60.217;35.02;38.01;19592.6;998.20;8.76;3.35;1.42;152116.80;19188.00;24859.38;22389.3;6.79;0.86;1.11;24/04/2024 16:10:12;
25/04/2024;3;2.0TD;3;0.000069689970000000;0.199;1.105621473;77.362845;0.557;2.195;74.610845;34.89;8.48405;1.04952;0.75;0.25;41.44458;75.38080;101.96000;48.69000;27.94000;1825.6;275.0;154.0;50.0;15.78;0.000;0.17498;0.04096;0.00;0.000;0.933;0.947;0.000;0.557;62.227;35.01;33.01;18613.8;1163.40;11.01;3.35;1.42;199026.72;16565.64;24859.38;21851.7;9.11;0.76;1.14;24/04/2024 16:10:12;
25/04/2024;4;2.0TD;3;0.000065389308000000;0.200;1.111232801;77.900272;0.557;2.195;75.148272;34.83;8.48405;1.04952;0.75;0.25;41.44458;75.38080;101.96000;48.69000;27.94000;1825.6;275.0;154.0;50.0;16.23;0.000;0.17498;0.04096;0.00;0.000;0.939;0.947;0.000;0.557;62.623;35.01;32.00;18229.4;1137.50;11.46;3.35;1.42;230622.72;15990.00;0.00;21525.2;10.71;0.74;0.00;24/04/2024 16:10:12;
25/04/2024;5;2.0TD;3;0.000063868698000000;0.198;1.099502089;77.739085;0.557;2.195;74.987085;34.84;8.48405;1.04952;0.75;0.25;41.44458;75.38080;101.96000;48.69000;27.94000;1825.6;275.0;154.0;50.0;16.19;0.000;0.17498;0.04096;0.00;0.000;0.939;0.947;0.000;0.557;62.593;35.01;32.00;18116.4;1106.30;11.42;3.35;1.42;228059.44;16565.64;0.00;21429.8;10.64;0.77;0.00;24/04/2024 16:10:12;
25/04/2024;6;2.0TD;3;0.000065623127000000;0.194;1.077550654;77.112601;0.557;2.195;74.360601;35.01;8.48405;1.04952;0.75;0.25;41.44458;75.38080;101.96000;48.69000;27.94000;1825.6;275.0;154.0;50.0;15.71;0.000;0.17498;0.04096;0.00;0.000;0.934;0.947;0.000;0.557;62.278;35.01;35.01;18489.4;1025.60;10.94;3.35;1.42;222047.72;15990.00;0.00;21758.4;10.21;0.73;0.00;24/04/2024 16:10:12;
25/04/2024;7;2.0TD;3;0.000073610621000000;0.185;1.027453421;80.414009;0.557;2.195;77.662009;38.98;8.48405;1.04952;0.75;0.25;41.44458;75.38080;101.96000;48.69000;27.94000;1825.6;275.0;154.0;50.0;14.95;0.000;0.17498;0.04096;0.00;0.000;0.983;0.947;0.000;0.557;65.537;38.69;44.54;19718.4;1029.70;10.18;3.35;1.42;194458.32;26910.32;24859.38;24181.8;8.04;1.11;1.03;24/04/2024 16:10:12;
25/04/2024;8;2.0TD;3;0.000088868394000000;0.173;0.958651935;144.934333;0.557;2.195;142.182333;100.43;8.48405;1.04952;0.75;0.25;41.44458;75.38080;101.96000;48.69000;27.94000;1825.6;275.0;154.0;50.0;8.34;0.000;0.17498;0.04096;0.00;0.000;1.818;0.947;0.000;0.557;121.212;100.00;107.78;21791.3;1269.90;3.57;3.35;1.42;33847.52;35968.00;24859.38;26573.9;1.27;1.35;0.94;24/04/2024 16:10:12;
25/04/2024;9;2.0TD;2;0.000101097300000000;0.187;1.148636186;133.176971;19.184;8.779;105.213971;67.38;8.48405;1.04952;0.75;0.25;41.44458;75.38080;101.96000;48.69000;27.94000;1825.6;275.0;154.0;50.0;9.15;0.154;0.17498;0.04096;0.00;0.000;1.330;0.947;0.000;0.557;88.638;66.85;75.73;23501.2;1498.30;4.38;3.35;1.42;60756.92;37800.00;24859.38;28120.8;2.16;1.34;0.88;24/04/2024 16:10:12;
25/04/2024;10;2.0TD;2;0.000109320746000000;0.151;0.928703195;97.021343;19.184;8.779;69.058343;34.98;8.48405;1.04952;0.75;0.25;41.44458;75.38080;101.96000;48.69000;27.94000;1825.6;275.0;154.0;50.0;13.34;0.154;0.17498;0.04096;0.00;0.000;0.900;0.947;0.000;0.557;59.998;35.00;34.50;25201.0;910.20;8.57;3.35;1.42;165938.68;55738.00;24859.38;28769.7;5.77;1.94;0.86;24/04/2024 16:10:12;
25/04/2024;11;2.0TD;1;0.000115752480000000;0.157;0.940315611;140.745017;33.081;43.893;63.771017;26.93;8.48405;1.04952;0.75;0.25;41.44458;75.38080;101.96000;48.69000;27.94000;1825.6;275.0;154.0;50.0;15.81;0.926;0.17498;0.04096;0.00;0.000;0.827;0.947;0.000;0.557;55.117;26.96;25.96;26385.6;836.50;11.04;3.35;1.42;228583.44;60650.32;24859.38;28434.8;8.04;2.13;0.87;24/04/2024 16:10:12;
25/04/2024;12;2.0TD;1;0.000117992851000000;0.160;0.957647816;136.599810;33.081;43.893;59.625810;22.22;8.48405;1.04952;0.75;0.25;41.44458;75.38080;101.96000;48.69000;27.94000;1825.6;275.0;154.0;50.0;16.86;0.926;0.17498;0.04096;0.00;0.000;0.771;0.947;0.000;0.557;51.401;22.30;20.30;26480.5;1170.30;12.09;3.35;1.42;258608.00;58348.08;24859.38;28266.5;9.15;2.06;0.88;24/04/2024 16:10:12;
25/04/2024;13;2.0TD;1;0.000121688410000000;0.159;0.953251468;133.465468;33.081;43.893;56.491468;19.29;8.48405;1.04952;0.75;0.25;41.44458;75.38080;101.96000;48.69000;27.94000;1825.6;275.0;154.0;50.0;17.17;0.926;0.17498;0.04096;0.00;0.000;0.731;0.947;0.000;0.557;48.741;19.29;19.29;26366.0;1311.70;12.40;3.35;1.42;274910.96;48229.40;24859.38;28073.5;9.79;1.72;0.89;24/04/2024 16:10:12;
25/04/2024;14;2.0TD;1;0.000129096172000000;0.154;0.919196785;129.308547;33.081;43.893;52.334547;15.65;8.48405;1.04952;0.75;0.25;41.44458;75.38080;101.96000;48.69000;27.94000;1825.6;275.0;154.0;50.0;17.47;0.926;0.17498;0.04096;0.00;0.000;0.680;0.947;0.000;0.557;45.350;15.65;15.67;26467.7;1346.20;12.70;3.35;1.42;282146.48;48868.20;24859.38;28033.6;10.06;1.74;0.89;24/04/2024 16:10:12;
25/04/2024;15;2.0TD;2;0.000128678717000000;0.174;1.067077186;74.694728;19.184;8.779;46.731728;9.99;8.48405;1.04952;0.75;0.25;41.44458;75.38080;101.96000;48.69000;27.94000;1825.6;275.0;154.0;50.0;18.44;0.154;0.17498;0.04096;0.00;0.000;0.597;0.947;0.000;0.557;39.805;9.99;10.01;26027.9;1165.10;13.67;3.35;1.42;293995.76;60468.32;24859.38;27757.1;10.59;2.18;0.90;24/04/2024 16:10:12;
25/04/2024;16;2.0TD;2;0.000118397310000000;0.182;1.113594189;72.469508;19.184;8.779;44.506508;7.00;8.48405;1.04952;0.75;0.25;41.44458;75.38080;101.96000;48.69000;27.94000;1825.6;275.0;154.0;50.0;19.31;0.154;0.17498;0.04096;0.00;0.000;0.565;0.947;0.000;0.557;37.653;7.00;7.00;25816.2;1226.70;14.54;3.35;1.42;303110.64;66434.64;24859.38;27125.5;11.17;2.45;0.92;24/04/2024 16:10:12;
25/04/2024;17;2.0TD;2;0.000111045026000000;0.186;1.141481155;71.849222;19.184;8.779;43.886222;6.04;8.48405;1.04952;0.75;0.25;41.44458;75.38080;101.96000;48.69000;27.94000;1825.6;275.0;154.0;50.0;19.63;0.154;0.17498;0.04096;0.00;0.000;0.555;0.947;0.000;0.557;37.003;6.00;7.00;25391.9;1022.30;14.86;3.35;1.42;296673.40;72585.52;24859.38;26528.0;11.18;2.74;0.94;24/04/2024 16:10:12;
25/04/2024;18;2.0TD;2;0.000109258086000000;0.191;1.169845255;75.408343;19.184;8.779;47.445343;9.37;8.48405;1.04952;0.75;0.25;41.44458;75.38080;101.96000;48.69000;27.94000;1825.6;275.0;154.0;50.0;19.09;0.154;0.17498;0.04096;0.00;0.000;0.598;0.947;0.000;0.557;39.836;9.35;9.91;24770.1;1034.40;14.32;3.35;1.42;278298.72;79759.28;24859.38;26739.5;10.41;2.98;0.93;24/04/2024 16:10:12;
25/04/2024;19;2.0TD;1;0.000110337768000000;0.166;0.995039358;134.978489;33.081;43.893;58.004489;22.24;8.48405;1.04952;0.75;0.25;41.44458;75.38080;101.96000;48.69000;27.94000;1825.6;275.0;154.0;50.0;15.21;0.926;0.17498;0.04096;0.00;0.000;0.746;0.947;0.000;0.557;49.746;22.30;20.30;25290.1;834.90;10.44;3.35;1.42;198111.24;57017.40;24859.38;26820.1;7.39;2.13;0.93;24/04/2024 16:10:12;
25/04/2024;20;2.0TD;1;0.000116577177000000;0.167;1.002967757;145.904676;33.081;43.893;68.930676;32.54;8.48405;1.04952;0.75;0.25;41.44458;75.38080;101.96000;48.69000;27.94000;1825.6;275.0;154.0;50.0;14.09;0.926;0.17498;0.04096;0.00;0.000;0.886;0.947;0.000;0.557;59.066;32.56;32.06;24471.4;941.60;9.32;3.35;1.42;173927.00;57536.00;24859.38;27485.4;6.33;2.09;0.90;24/04/2024 16:10:12;
25/04/2024;21;2.0TD;1;0.000133706195000000;0.170;1.019351032;209.464286;33.081;43.893;132.490286;88.56;8.48405;1.04952;0.75;0.25;41.44458;75.38080;101.96000;48.69000;27.94000;1825.6;275.0;154.0;50.0;11.43;0.926;0.17498;0.04096;0.00;0.000;1.699;0.947;0.000;0.557;113.239;88.61;87.61;22436.5;1136.00;6.66;3.35;1.42;106641.00;60738.00;24859.38;28849.7;3.70;2.11;0.86;24/04/2024 16:10:12;
25/04/2024;22;2.0TD;1;0.000156205997000000;0.170;1.020166185;233.826026;33.081;43.893;156.852026;109.90;8.48405;1.04952;0.75;0.25;41.44458;75.38080;101.96000;48.69000;27.94000;1825.6;275.0;154.0;50.0;10.60;0.926;0.17498;0.04096;0.00;0.000;2.011;0.947;0.000;0.557;134.061;109.90;109.90;20173.6;1184.40;5.83;3.35;1.42;75266.00;72293.52;24859.38;29566.2;2.55;2.45;0.84;24/04/2024 16:10:12;
25/04/2024;23;2.0TD;2;0.000142540354000000;0.199;1.219896658;165.864259;19.184;8.779;137.901259;91.25;8.48405;1.04952;0.75;0.25;41.44458;75.38080;101.96000;48.69000;27.94000;1825.6;275.0;154.0;50.0;11.26;0.154;0.17498;0.04096;0.00;0.000;1.725;0.947;0.000;0.557;115.013;91.35;89.34;18478.8;996.80;6.49;3.35;1.42;89155.72;63920.00;24859.38;27433.5;3.25;2.33;0.91;24/04/2024 16:10:12;
25/04/2024;24;2.0TD;2;0.000118213475000000;0.207;1.269293300;151.626861;19.184;8.779;123.663861;79.74;8.48405;1.04952;0.75;0.25;41.44458;75.38080;101.96000;48.69000;27.94000;1825.6;275.0;154.0;50.0;10.40;0.154;0.17498;0.04096;0.00;0.000;1.537;0.947;0.000;0.557;102.455;79.74;79.64;19321.6;867.40;5.63;3.35;1.42;51273.88;64007.76;24859.38;24898.5;2.06;2.57;1.00;24/04/2024 16:10:12;
*
