pvpcdata;
2024;06;11;12;30;56;
06/05/2024;1;2.0TD;3;0.000083279245000000;0.188;1.045738066;110.888080;0.557;2.195;108.136080;63.70;6.90345;1.10354;0.75;0.25;47.80500;75.41880;101.96000;48.69000;28.32000;1776.1;275.0;154.0;61.0;16.62;0.000;0.17498;0.04096;0.00;0.000;1.365;0.947;0.000;0.557;91.023;63.58;65.69;17868.3;1074.60;12.21;3.16;1.25;200755.80;29850.64;24859.38;20922.4;9.60;1.43;1.19;05/05/2024 16:08:55;
06/05/2024;2;2.0TD;3;0.000071221420000000;0.192;1.068210600;103.047639;0.557;2.195;100.295639;56.22;6.90345;1.10354;0.75;0.25;47.80500;75.41880;101.96000;48.69000;28.32000;1776.1;275.0;154.0;61.0;17.32;0.000;0.17498;0.04096;0.00;0.000;1.262;0.947;0.000;0.557;84.140;55.99;59.77;15889.4;1008.20;12.91;3.16;1.25;215525.92;38799.44;0.00;19706.7;10.94;1.97;0.00;05/05/2024 16:08:55;
06/05/2024;3;2.0TD;3;0.000063624123000000;0.195;1.082745163;99.624240;0.557;2.195;96.872240;52.22;6.90345;1.10354;0.75;0.25;47.80500;75.41880;101.96000;48.69000;28.32000;1776.1;275.0;154.0;61.0;18.29;0.000;0.17498;0.04096;0.00;0.000;1.216;0.947;0.000;0.557;81.064;51.91;56.91;15323.5;1011.70;13.88;3.16;1.25;223638.40;39630.40;0.00;18966.6;11.79;2.09;0.00;05/05/2024 16:08:55;
06/05/2024;4;2.0TD;3;0.000060230458000000;0.195;1.084900465;101.856500;0.557;2.195;99.104500;54.17;6.90345;1.10354;0.75;0.25;47.80500;75.41880;101.96000;48.69000;28.32000;1776.1;275.0;154.0;61.0;18.18;0.000;0.17498;0.04096;0.00;0.000;1.244;0.947;0.000;0.557;82.932;53.96;56.96;15397.0;1143.80;13.77;3.16;1.25;219612.44;39438.64;0.00;18815.4;11.67;2.10;0.00;05/05/2024 16:08:55;
06/05/2024;5;2.0TD;3;0.000059124412000000;0.193;1.072964236;98.505325;0.557;2.195;95.753325;51.42;6.90345;1.10354;0.75;0.25;47.80500;75.41880;101.96000;48.69000;28.32000;1776.1;275.0;154.0;61.0;18.30;0.000;0.17498;0.04096;0.00;0.000;1.204;0.947;0.000;0.557;80.262;51.08;55.99;15003.6;1105.90;13.89;3.16;1.25;225230.64;33110.56;0.00;18605.0;12.11;1.78;0.00;05/05/2024 16:08:55;
06/05/2024;6;2.0TD;3;0.000060879461000000;0.188;1.044611549;100.636828;0.557;2.195;97.884828;54.03;6.90345;1.10354;0.75;0.25;47.80500;75.41880;101.96000;48.69000;28.32000;1776.1;275.0;154.0;61.0;17.79;0.000;0.17498;0.04096;0.00;0.000;1.236;0.947;0.000;0.557;82.394;53.96;54.95;15725.3;1134.00;13.38;3.16;1.25;219582.24;40410.72;0.00;19429.9;11.30;2.08;0.00;05/05/2024 16:08:55;
06/05/2024;7;2.0TD;3;0.000068302681000000;0.174;0.965809676;101.318265;0.557;2.195;98.566265;57.12;6.90345;1.10354;0.75;0.25;47.80500;75.41880;101.96000;48.69000;28.32000;1776.1;275.0;154.0;61.0;16.24;0.000;0.17498;0.04096;0.00;0.000;1.259;0.947;0.000;0.557;83.957;57.10;57.35;16195.3;1235.70;11.83;3.16;1.25;211943.92;25216.00;24859.38;22142.3;9.57;1.14;1.12;05/05/2024 16:08:55;
06/05/2024;8;2.0TD;3;0.000082102901000000;0.164;0.909721226;124.692217;0.557;2.195;121.940217;84.03;6.90345;1.10354;0.75;0.25;47.80500;75.41880;101.96000;48.69000;28.32000;1776.1;275.0;154.0;61.0;9.82;0.000;0.17498;0.04096;0.00;0.000;1.571;0.947;0.000;0.557;104.759;84.03;84.03;18396.2;1104.80;5.41;3.16;1.25;96452.00;14373.00;24859.38;25049.6;3.85;0.57;0.99;05/05/2024 16:08:55;
06/05/2024;9;2.0TD;2;0.000096060388000000;0.179;1.097100627;155.729622;19.184;8.779;127.766622;86.91;6.90345;1.10354;0.75;0.25;47.80500;75.41880;101.96000;48.69000;28.32000;1776.1;275.0;154.0;61.0;10.34;0.154;0.17498;0.04096;0.00;0.000;1.626;0.947;0.000;0.557;108.368;86.89;87.20;20765.6;1462.00;5.93;3.16;1.25;76113.08;57838.56;24859.38;26808.6;2.84;2.16;0.93;05/05/2024 16:08:55;
06/05/2024;10;2.0TD;2;0.000102521736000000;0.147;0.901129802;125.862474;19.184;8.779;97.899474;61.71;6.90345;1.10354;0.75;0.25;47.80500;75.41880;101.96000;48.69000;28.32000;1776.1;275.0;154.0;61.0;12.87;0.154;0.17498;0.04096;0.00;0.000;1.280;0.947;0.000;0.557;85.352;61.54;64.80;21464.2;1165.90;8.46;3.16;1.25;133811.76;71920.00;24859.38;27242.9;4.91;2.64;0.91;05/05/2024 16:08:55;
06/05/2024;11;2.0TD;1;0.000107602956000000;0.145;0.871033070;157.350294;33.081;43.893;80.376294;45.17;6.90345;1.10354;0.75;0.25;47.80500;75.41880;101.96000;48.69000;28.32000;1776.1;275.0;154.0;61.0;13.71;0.926;0.17498;0.04096;0.00;0.000;1.053;0.947;0.000;0.557;70.197;45.13;46.14;25104.7;1150.80;9.30;3.16;1.25;167426.16;62506.80;24859.38;27391.7;6.11;2.28;0.91;05/05/2024 16:08:55;
06/05/2024;12;2.0TD;1;0.000109647422000000;0.145;0.866367581;147.249104;33.081;43.893;70.275104;34.83;6.90345;1.10354;0.75;0.25;47.80500;75.41880;101.96000;48.69000;28.32000;1776.1;275.0;154.0;61.0;15.36;0.926;0.17498;0.04096;0.00;0.000;0.921;0.947;0.000;0.557;61.375;35.00;32.00;25540.0;1558.10;10.95;3.16;1.25;226807.44;47940.00;24859.38;27371.1;8.29;1.75;0.91;05/05/2024 16:08:55;
06/05/2024;13;2.0TD;1;0.000113828971000000;0.143;0.855639026;131.413531;33.081;43.893;54.439531;19.12;6.90345;1.10354;0.75;0.25;47.80500;75.41880;101.96000;48.69000;28.32000;1776.1;275.0;154.0;61.0;17.53;0.926;0.17498;0.04096;0.00;0.000;0.714;0.947;0.000;0.557;47.628;18.90;23.90;26642.6;1201.50;13.12;3.16;1.25;283202.76;49218.40;24859.38;27217.1;10.41;1.81;0.91;05/05/2024 16:08:55;
06/05/2024;14;2.0TD;1;0.000120973640000000;0.140;0.837740526;121.873625;33.081;43.893;44.899625;10.40;6.90345;1.10354;0.75;0.25;47.80500;75.41880;101.96000;48.69000;28.32000;1776.1;275.0;154.0;61.0;18.13;0.926;0.17498;0.04096;0.00;0.000;0.591;0.947;0.000;0.557;39.385;10.00;18.90;27355.6;1296.00;13.72;3.16;1.25;303893.36;43291.04;24859.38;27131.6;11.20;1.60;0.92;05/05/2024 16:08:55;
06/05/2024;15;2.0TD;2;0.000120211214000000;0.161;0.985518053;70.068565;19.184;8.779;42.105565;6.15;6.90345;1.10354;0.75;0.25;47.80500;75.41880;101.96000;48.69000;28.32000;1776.1;275.0;154.0;61.0;20.08;0.154;0.17498;0.04096;0.00;0.000;0.544;0.947;0.000;0.557;36.266;6.10;7.09;27746.5;1589.00;15.67;3.16;1.25;354015.08;44315.68;24859.38;26997.8;13.11;1.64;0.92;05/05/2024 16:08:55;
06/05/2024;16;2.0TD;2;0.000109733897000000;0.170;1.040890793;69.765505;19.184;8.779;41.802505;4.99;6.90345;1.10354;0.75;0.25;47.80500;75.41880;101.96000;48.69000;28.32000;1776.1;275.0;154.0;61.0;20.71;0.154;0.17498;0.04096;0.00;0.000;0.536;0.947;0.000;0.557;35.728;4.99;4.99;27689.7;1817.30;16.30;3.16;1.25;359200.08;45180.72;24859.38;26319.5;13.65;1.72;0.94;05/05/2024 16:08:55;
06/05/2024;17;2.0TD;2;0.000103123266000000;0.176;1.079001900;68.833276;19.184;8.779;40.870276;4.17;6.90345;1.10354;0.75;0.25;47.80500;75.41880;101.96000;48.69000;28.32000;1776.1;275.0;154.0;61.0;20.57;0.154;0.17498;0.04096;0.00;0.000;0.521;0.947;0.000;0.557;34.753;4.23;3.23;27527.0;1771.30;16.16;3.16;1.25;350814.56;43949.44;24859.38;25971.9;13.51;1.69;0.96;05/05/2024 16:08:55;
06/05/2024;18;2.0TD;2;0.000102607695000000;0.176;1.080611788;69.036724;19.184;8.779;41.073724;5.00;6.90345;1.10354;0.75;0.25;47.80500;75.41880;101.96000;48.69000;28.32000;1776.1;275.0;154.0;61.0;19.91;0.154;0.17498;0.04096;0.00;0.000;0.524;0.947;0.000;0.557;34.926;5.00;5.00;26944.6;1498.30;15.50;3.16;1.25;333723.60;45340.32;24859.38;26053.2;12.81;1.74;0.95;05/05/2024 16:08:55;
06/05/2024;19;2.0TD;1;0.000104002558000000;0.154;0.922311831;124.334894;33.081;43.893;47.360894;10.29;6.90345;1.10354;0.75;0.25;47.80500;75.41880;101.96000;48.69000;28.32000;1776.1;275.0;154.0;61.0;19.87;0.926;0.17498;0.04096;0.00;0.000;0.616;0.947;0.000;0.557;41.040;9.90;19.90;25812.8;1057.30;15.46;3.16;1.25;325887.00;48996.84;24859.38;25851.2;12.61;1.90;0.96;05/05/2024 16:08:55;
06/05/2024;20;2.0TD;1;0.000109366026000000;0.158;0.945930887;150.374567;33.081;43.893;73.400567;37.84;6.90345;1.10354;0.75;0.25;47.80500;75.41880;101.96000;48.69000;28.32000;1776.1;275.0;154.0;61.0;14.33;0.926;0.17498;0.04096;0.00;0.000;0.951;0.947;0.000;0.557;63.385;37.62;43.83;23961.6;872.60;9.92;3.16;1.25;178325.12;60076.80;24859.38;26556.6;6.71;2.26;0.94;05/05/2024 16:08:55;
06/05/2024;21;2.0TD;1;0.000122481469000000;0.158;0.943815887;190.710023;33.081;43.893;113.736023;75.10;6.90345;1.10354;0.75;0.25;47.80500;75.41880;101.96000;48.69000;28.32000;1776.1;275.0;154.0;61.0;11.38;0.926;0.17498;0.04096;0.00;0.000;1.473;0.947;0.000;0.557;98.217;75.10;75.10;20470.8;1096.30;6.97;3.16;1.25;95050.64;71840.00;24859.38;27495.8;3.46;2.61;0.90;05/05/2024 16:08:55;
06/05/2024;22;2.0TD;1;0.000140437175000000;0.163;0.974339374;214.744883;33.081;43.893;137.770883;97.64;6.90345;1.10354;0.75;0.25;47.80500;75.41880;101.96000;48.69000;28.32000;1776.1;275.0;154.0;61.0;8.78;0.926;0.17498;0.04096;0.00;0.000;1.777;0.947;0.000;0.557;118.461;97.69;96.82;20186.4;1199.50;4.37;3.16;1.25;56172.40;43538.88;24859.38;28482.6;1.97;1.53;0.87;05/05/2024 16:08:55;
06/05/2024;23;2.0TD;2;0.000130572091000000;0.190;1.167333569;162.357597;19.184;8.779;134.394597;93.14;6.90345;1.10354;0.75;0.25;47.80500;75.41880;101.96000;48.69000;28.32000;1776.1;275.0;154.0;61.0;8.61;0.154;0.17498;0.04096;0.00;0.000;1.694;0.947;0.000;0.557;112.936;93.20;92.21;19290.6;1146.30;4.20;3.16;1.25;54522.68;30816.00;24859.38;26286.0;2.07;1.17;0.95;05/05/2024 16:08:55;
06/05/2024;24;2.0TD;2;0.000106392622000000;0.196;1.202205165;153.928873;19.184;8.779;125.965873;84.33;6.90345;1.10354;0.75;0.25;47.80500;75.41880;101.96000;48.69000;28.32000;1776.1;275.0;154.0;61.0;9.92;0.154;0.17498;0.04096;0.00;0.000;1.580;0.947;0.000;0.557;105.322;84.42;82.76;18040.8;1006.50;5.51;3.16;1.25;63596.12;41637.96;24859.38;23595.8;2.70;1.76;1.05;05/05/2024 16:08:55;
*
