pvpcdata;
2024;11;12;10;29;11;
12/10/2024;1;2.0TD;3;0.000090025152000000;0.171;0.948833987;106.244706;0.557;2.195;103.492706;67.20;5.81264;1.19109;0.75;0.25;69.85625;93.10680;101.96000;84.74000;75.42000;1746.3;275.0;200.0;45.0;11.21;0.000;0.17498;0.04096;0.00;0.000;1.326;0.947;0.000;0.557;88.379;67.29;65.73;16543.8;986.80;6.97;3.19;1.05;82581.48;45958.48;24859.38;21999.8;3.75;2.09;1.13;11/10/2024 16:06:43;
12/10/2024;2;2.0TD;3;0.000077708525000000;0.180;0.997455568;96.905104;0.557;2.195;94.153104;57.57;5.81264;1.19109;0.75;0.25;69.85625;93.10680;101.96000;84.74000;75.42000;1746.3;275.0;200.0;45.0;12.38;0.000;0.17498;0.04096;0.00;0.000;1.197;0.947;0.000;0.557;79.790;57.57;57.60;17708.6;1034.00;8.14;3.19;1.05;97825.48;49090.56;24859.38;21093.5;4.64;2.33;1.18;11/10/2024 16:06:43;
12/10/2024;3;2.0TD;3;0.000069807342000000;0.184;1.020151424;88.725515;0.557;2.195;85.973515;47.96;5.81264;1.19109;0.75;0.25;69.85625;93.10680;101.96000;84.74000;75.42000;1746.3;275.0;200.0;45.0;14.92;0.000;0.17498;0.04096;0.00;0.000;1.089;0.947;0.000;0.557;72.612;47.96;47.96;17473.7;962.10;10.68;3.19;1.05;137064.36;53558.40;24859.38;20181.6;6.79;2.65;1.23;11/10/2024 16:06:43;
12/10/2024;4;2.0TD;3;0.000064697020000000;0.183;1.014702753;77.580022;0.557;2.195;74.828022;38.91;5.81264;1.19109;0.75;0.25;69.85625;93.10680;101.96000;84.74000;75.42000;1746.3;275.0;200.0;45.0;14.75;0.000;0.17498;0.04096;0.00;0.000;0.949;0.947;0.000;0.557;63.252;38.91;38.91;17476.7;989.90;10.51;3.19;1.05;148112.84;57830.32;0.00;19585.7;7.56;2.95;0.00;11/10/2024 16:06:43;
12/10/2024;5;2.0TD;3;0.000061950369000000;0.183;1.016955460;77.675845;0.557;2.195;74.923845;38.80;5.81264;1.19109;0.75;0.25;69.85625;93.10680;101.96000;84.74000;75.42000;1746.3;275.0;200.0;45.0;14.94;0.000;0.17498;0.04096;0.00;0.000;0.950;0.947;0.000;0.557;63.333;38.91;36.91;17528.0;994.10;10.70;3.19;1.05;148116.36;58605.12;0.00;19317.1;7.67;3.03;0.00;11/10/2024 16:06:43;
12/10/2024;6;2.0TD;3;0.000061205991000000;0.184;1.023173696;81.910411;0.557;2.195;79.158411;42.57;5.81264;1.19109;0.75;0.25;69.85625;93.10680;101.96000;84.74000;75.42000;1746.3;275.0;200.0;45.0;14.64;0.000;0.17498;0.04096;0.00;0.000;1.003;0.947;0.000;0.557;66.856;42.63;41.60;17008.8;968.10;10.40;3.19;1.05;143592.80;54897.36;0.00;19093.7;7.52;2.88;0.00;11/10/2024 16:06:43;
12/10/2024;7;2.0TD;3;0.000062294395000000;0.180;0.997255074;100.618564;0.557;2.195;97.866564;60.06;5.81264;1.19109;0.75;0.25;69.85625;93.10680;101.96000;84.74000;75.42000;1746.3;275.0;200.0;45.0;12.99;0.000;0.17498;0.04096;0.00;0.000;1.244;0.947;0.000;0.557;82.937;60.21;58.01;15038.9;1110.40;8.75;3.19;1.05;122556.84;46150.24;0.00;19274.6;6.36;2.39;0.00;11/10/2024 16:06:43;
12/10/2024;8;2.0TD;3;0.000066430056000000;0.173;0.962993566;100.717166;0.557;2.195;97.965166;61.00;5.81264;1.19109;0.75;0.25;69.85625;93.10680;101.96000;84.74000;75.42000;1746.3;275.0;200.0;45.0;12.62;0.000;0.17498;0.04096;0.00;0.000;1.253;0.947;0.000;0.557;83.516;61.00;60.99;15308.5;1112.80;8.38;3.19;1.05;119955.44;47270.72;0.00;19950.0;6.01;2.37;0.00;11/10/2024 16:06:43;
12/10/2024;9;2.0TD;3;0.000070526645000000;0.168;0.936010420;101.970991;0.557;2.195;99.218991;62.96;5.81264;1.19109;0.75;0.25;69.85625;93.10680;101.96000;84.74000;75.42000;1746.3;275.0;200.0;45.0;12.07;0.000;0.17498;0.04096;0.00;0.000;1.274;0.947;0.000;0.557;84.947;62.97;62.73;15945.7;1057.80;7.83;3.19;1.05;117293.08;44878.08;0.00;20704.3;5.67;2.17;0.00;11/10/2024 16:06:43;
12/10/2024;10;2.0TD;3;0.000084447256000000;0.155;0.859889576;108.347605;0.557;2.195;105.595605;67.08;5.81264;1.19109;0.75;0.25;69.85625;93.10680;101.96000;84.74000;75.42000;1746.3;275.0;200.0;45.0;14.33;0.000;0.17498;0.04096;0.00;0.000;1.371;0.947;0.000;0.557;91.424;67.08;67.08;16359.3;1075.40;10.09;3.19;1.05;116151.04;104857.20;0.00;21912.6;5.30;4.79;0.00;11/10/2024 16:06:43;
12/10/2024;11;2.0TD;3;0.000096787751000000;0.150;0.832879123;110.448081;0.557;2.195;107.696081;69.31;5.81264;1.19109;0.75;0.25;69.85625;93.10680;101.96000;84.74000;75.42000;1746.3;275.0;200.0;45.0;14.29;0.000;0.17498;0.04096;0.00;0.000;1.405;0.947;0.000;0.557;93.648;69.31;69.31;17246.7;1139.40;10.05;3.19;1.05;120151.52;111174.40;0.00;23007.2;5.22;4.83;0.00;11/10/2024 16:06:43;
12/10/2024;12;2.0TD;3;0.000101035073000000;0.155;0.862894318;116.251270;0.557;2.195;113.499270;72.50;5.81264;1.19109;0.75;0.25;69.85625;93.10680;101.96000;84.74000;75.42000;1746.3;275.0;200.0;45.0;15.65;0.000;0.17498;0.04096;0.00;0.000;1.474;0.947;0.000;0.557;98.267;72.50;72.50;18167.0;1247.10;11.41;3.19;1.05;116960.96;147622.00;0.00;23188.0;5.04;6.37;0.00;11/10/2024 16:06:43;
12/10/2024;13;2.0TD;3;0.000102439893000000;0.155;0.860126607;110.786965;0.557;2.195;108.034965;70.00;5.81264;1.19109;0.75;0.25;69.85625;93.10680;101.96000;84.74000;75.42000;1746.3;275.0;200.0;45.0;13.49;0.000;0.17498;0.04096;0.00;0.000;1.403;0.947;0.000;0.557;93.536;70.00;70.00;19914.1;1323.60;9.25;3.19;1.05;119955.20;96192.00;0.00;23377.5;5.13;4.11;0.00;11/10/2024 16:06:43;
12/10/2024;14;2.0TD;3;0.000107800385000000;0.153;0.850762577;109.359263;0.557;2.195;106.607263;69.46;5.81264;1.19109;0.75;0.25;69.85625;93.10680;101.96000;84.74000;75.42000;1746.3;275.0;200.0;45.0;12.97;0.000;0.17498;0.04096;0.00;0.000;1.387;0.947;0.000;0.557;92.460;69.31;72.04;20334.7;1185.40;8.73;3.19;1.05;120587.80;87855.36;0.00;23876.7;5.05;3.68;0.00;11/10/2024 16:06:43;
12/10/2024;15;2.0TD;3;0.000107406665000000;0.155;0.860283260;105.979855;0.557;2.195;103.227855;67.10;5.81264;1.19109;0.75;0.25;69.85625;93.10680;101.96000;84.74000;75.42000;1746.3;275.0;200.0;45.0;12.29;0.000;0.17498;0.04096;0.00;0.000;1.341;0.947;0.000;0.557;89.374;66.83;71.82;20453.6;1161.80;8.05;3.19;1.05;123178.24;67544.64;0.00;23690.0;5.20;2.85;0.00;11/10/2024 16:06:43;
12/10/2024;16;2.0TD;3;0.000096012958000000;0.164;0.913227088;92.082907;0.557;2.195;89.330907;53.28;5.81264;1.19109;0.75;0.25;69.85625;93.10680;101.96000;84.74000;75.42000;1746.3;275.0;200.0;45.0;13.67;0.000;0.17498;0.04096;0.00;0.000;1.151;0.947;0.000;0.557;76.744;53.00;57.99;20183.6;1184.20;9.43;3.19;1.05;140242.80;72030.72;0.00;22507.7;6.23;3.20;0.00;11/10/2024 16:06:43;
12/10/2024;17;2.0TD;3;0.000089531751000000;0.171;0.949828590;92.857834;0.557;2.195;90.105834;53.27;5.81264;1.19109;0.75;0.25;69.85625;93.10680;101.96000;84.74000;75.42000;1746.3;275.0;200.0;45.0;13.88;0.000;0.17498;0.04096;0.00;0.000;1.154;0.947;0.000;0.557;76.947;53.00;57.99;19629.0;1141.50;9.64;3.19;1.05;140207.56;72030.72;0.00;22019.1;6.37;3.27;0.00;11/10/2024 16:06:43;
12/10/2024;18;2.0TD;3;0.000089576094000000;0.172;0.957262152;112.912694;0.557;2.195;110.160694;67.33;5.81264;1.19109;0.75;0.25;69.85625;93.10680;101.96000;84.74000;75.42000;1746.3;275.0;200.0;45.0;16.61;0.000;0.17498;0.04096;0.00;0.000;1.410;0.947;0.000;0.557;93.993;67.08;72.08;18201.8;963.70;12.37;3.19;1.05;122779.20;147145.80;0.00;21824.6;5.63;6.74;0.00;11/10/2024 16:06:43;
12/10/2024;19;2.0TD;3;0.000093784321000000;0.170;0.946492697;124.888026;0.557;2.195;122.136026;84.65;5.81264;1.19109;0.75;0.25;69.85625;93.10680;101.96000;84.74000;75.42000;1746.3;275.0;200.0;45.0;9.53;0.000;0.17498;0.04096;0.00;0.000;1.566;0.947;0.000;0.557;104.389;84.65;84.65;15505.0;1127.90;5.29;3.19;1.05;36907.28;80026.40;0.00;22098.8;1.67;3.62;0.00;11/10/2024 16:06:43;
12/10/2024;20;2.0TD;3;0.000106030336000000;0.172;0.956562326;133.425038;0.557;2.195;130.673038;92.08;5.81264;1.19109;0.75;0.25;69.85625;93.10680;101.96000;84.74000;75.42000;1746.3;275.0;200.0;45.0;9.10;0.000;0.17498;0.04096;0.00;0.000;1.672;0.947;0.000;0.557;111.495;92.08;92.08;15533.5;1225.80;4.86;3.19;1.05;32344.96;79385.04;0.00;22994.0;1.41;3.45;0.00;11/10/2024 16:06:43;
12/10/2024;21;2.0TD;3;0.000130264156000000;0.170;0.942869921;164.216406;0.557;2.195;161.464406;119.72;5.81264;1.19109;0.75;0.25;69.85625;93.10680;101.96000;84.74000;75.42000;1746.3;275.0;200.0;45.0;7.57;0.000;0.17498;0.04096;0.00;0.000;2.070;0.947;0.000;0.557;138.003;119.93;117.43;16493.7;1510.60;3.33;3.19;1.05;10955.64;70862.40;0.00;24606.2;0.45;2.88;0.00;11/10/2024 16:06:43;
12/10/2024;22;2.0TD;3;0.000134116052000000;0.169;0.940569265;159.367332;0.557;2.195;156.615332;116.66;5.81264;1.19109;0.75;0.25;69.85625;93.10680;101.96000;84.74000;75.42000;1746.3;275.0;200.0;45.0;6.66;0.000;0.17498;0.04096;0.00;0.000;2.010;0.947;0.000;0.557;133.973;117.10;112.10;16313.9;1578.60;2.42;3.19;1.05;12386.96;21923.00;24859.38;24468.9;0.51;0.90;1.02;11/10/2024 16:06:43;
12/10/2024;23;2.0TD;3;0.000118966774000000;0.173;0.961436333;147.410777;0.557;2.195;144.658777;105.26;5.81264;1.19109;0.75;0.25;69.85625;93.10680;101.96000;84.74000;75.42000;1746.3;275.0;200.0;45.0;7.57;0.000;0.17498;0.04096;0.00;0.000;1.850;0.947;0.000;0.557;123.323;105.62;101.39;15130.0;1416.40;3.33;3.19;1.05;23784.92;27972.00;24859.38;23005.4;1.03;1.22;1.08;11/10/2024 16:06:43;
12/10/2024;24;2.0TD;3;0.000100921348000000;0.179;0.991815261;134.098219;0.557;2.195;131.346219;91.61;5.81264;1.19109;0.75;0.25;69.85625;93.10680;101.96000;84.74000;75.42000;1746.3;275.0;200.0;45.0;9.48;0.000;0.17498;0.04096;0.00;0.000;1.671;0.947;0.000;0.557;111.404;91.61;91.61;14198.8;1151.90;5.24;3.19;1.05;32562.56;54941.92;24859.38;21455.0;1.52;2.56;1.16;11/10/2024 16:06:43;
*
