pvpcdata;
2024;11;12;10;29;14;
15/10/2024;1;2.0TD;3;0.000084159840000000;0.181;1.004291034;115.871281;0.557;2.195;113.119281;82.42;1.47035;1.17335;0.75;0.25;87.22542;93.10680;101.96000;84.74000;75.42000;1772.7;275.0;200.0;45.0;8.48;0.000;0.17498;0.04096;0.00;0.000;1.437;0.947;0.000;0.557;95.782;82.19;87.19;17437.2;835.20;4.24;3.19;1.05;49482.76;22372.00;24859.38;22811.1;2.17;0.98;1.09;14/10/2024 16:04:02;
15/10/2024;2;2.0TD;3;0.000071349325000000;0.187;1.038947700;114.409084;0.557;2.195;111.657084;80.25;1.47035;1.17335;0.75;0.25;87.22542;93.10680;101.96000;84.74000;75.42000;1772.7;275.0;200.0;45.0;8.96;0.000;0.17498;0.04096;0.00;0.000;1.411;0.947;0.000;0.557;94.066;79.99;84.99;16745.8;910.70;4.72;3.19;1.05;54379.04;23916.88;24859.38;21894.0;2.48;1.09;1.14;14/10/2024 16:04:02;
15/10/2024;3;2.0TD;3;0.000064316811000000;0.191;1.061131092;118.775201;0.557;2.195;116.023201;80.25;1.47035;1.17335;0.75;0.25;87.22542;93.10680;101.96000;84.74000;75.42000;1772.7;275.0;200.0;45.0;12.26;0.000;0.17498;0.04096;0.00;0.000;1.461;0.947;0.000;0.557;97.416;80.00;84.90;15423.8;844.20;8.02;3.19;1.05;81415.04;62818.56;24859.38;21080.3;3.86;2.98;1.18;14/10/2024 16:04:01;
15/10/2024;4;2.0TD;3;0.000061060281000000;0.192;1.065920691;112.894737;0.557;2.195;110.142737;77.05;1.47035;1.17335;0.75;0.25;87.22542;93.10680;101.96000;84.74000;75.42000;1772.7;275.0;200.0;45.0;10.52;0.000;0.17498;0.04096;0.00;0.000;1.386;0.947;0.000;0.557;92.401;77.05;77.05;15369.5;785.20;6.28;3.19;1.05;99432.84;31320.80;0.00;20812.8;4.78;1.50;0.00;14/10/2024 16:04:01;
15/10/2024;5;2.0TD;3;0.000059874846000000;0.191;1.059037363;106.550777;0.557;2.195;103.798777;69.91;1.47035;1.17335;0.75;0.25;87.22542;93.10680;101.96000;84.74000;75.42000;1772.7;275.0;200.0;45.0;12.49;0.000;0.17498;0.04096;0.00;0.000;1.307;0.947;0.000;0.557;87.152;69.78;72.78;16516.9;739.20;8.25;3.19;1.05;110248.84;61642.24;0.00;20824.1;5.29;2.96;0.00;14/10/2024 16:04:01;
15/10/2024;6;2.0TD;3;0.000061289779000000;0.186;1.035382991;108.451434;0.557;2.195;105.699434;72.19;1.47035;1.17335;0.75;0.25;87.22542;93.10680;101.96000;84.74000;75.42000;1772.7;275.0;200.0;45.0;12.15;0.000;0.17498;0.04096;0.00;0.000;1.337;0.947;0.000;0.557;89.122;72.00;75.99;16499.7;828.40;7.91;3.19;1.05;106667.40;60890.80;0.00;21179.7;5.04;2.87;0.00;14/10/2024 16:04:01;
15/10/2024;7;2.0TD;3;0.000069600515000000;0.173;0.959626593;107.197827;0.557;2.195;104.445827;72.13;1.47035;1.17335;0.75;0.25;87.22542;93.10680;101.96000;84.74000;75.42000;1772.7;275.0;200.0;45.0;12.13;0.000;0.17498;0.04096;0.00;0.000;1.336;0.947;0.000;0.557;89.041;72.00;75.00;16686.3;773.50;7.89;3.19;1.05;105938.92;54583.20;24859.38;23503.8;4.51;2.32;1.06;14/10/2024 16:04:01;
15/10/2024;8;2.0TD;3;0.000089573463000000;0.163;0.904868760;125.021243;0.557;2.195;122.269243;91.38;1.47035;1.17335;0.75;0.25;87.22542;93.10680;101.96000;84.74000;75.42000;1772.7;275.0;200.0;45.0;8.73;0.000;0.17498;0.04096;0.00;0.000;1.577;0.947;0.000;0.557;105.132;91.36;91.70;17065.4;886.10;4.49;3.19;1.05;62916.72;30188.80;24859.38;26294.9;2.39;1.15;0.95;14/10/2024 16:04:01;
15/10/2024;9;2.0TD;2;0.000095873043000000;0.188;1.154877450;188.203559;19.184;8.779;160.240559;122.57;1.47035;1.17335;0.75;0.25;87.22542;93.10680;101.96000;84.74000;75.42000;1772.7;275.0;200.0;45.0;6.69;0.154;0.17498;0.04096;0.00;0.000;2.023;0.947;0.000;0.557;134.882;122.28;126.89;17650.2;1195.90;2.45;3.19;1.05;25153.92;17633.16;24859.38;27557.7;0.91;0.64;0.90;14/10/2024 16:04:01;
15/10/2024;10;2.0TD;2;0.000094111952000000;0.150;0.921696139;177.754669;19.184;8.779;149.791669;110.46;1.47035;1.17335;0.75;0.25;87.22542;93.10680;101.96000;84.74000;75.42000;1772.7;275.0;200.0;45.0;14.24;0.154;0.17498;0.04096;0.00;0.000;1.954;0.947;0.000;0.557;130.253;110.47;110.32;17885.8;1238.30;10.00;3.19;1.05;46798.00;208955.84;24859.38;28064.8;1.67;7.45;0.89;14/10/2024 16:04:01;
15/10/2024;11;2.0TD;1;0.000095468436000000;0.150;0.896670667;202.448919;33.081;43.893;125.474919;92.74;1.47035;1.17335;0.75;0.25;87.22542;93.10680;101.96000;84.74000;75.42000;1772.7;275.0;200.0;45.0;10.36;0.926;0.17498;0.04096;0.00;0.000;1.637;0.947;0.000;0.557;109.108;92.74;92.74;18854.3;831.90;6.12;3.19;1.05;85196.84;63148.80;24859.38;28316.9;3.01;2.23;0.88;14/10/2024 16:04:01;
15/10/2024;12;2.0TD;1;0.000094893588000000;0.151;0.903102674;193.653892;33.081;43.893;116.679892;82.92;1.47035;1.17335;0.75;0.25;87.22542;93.10680;101.96000;84.74000;75.42000;1772.7;275.0;200.0;45.0;12.56;0.926;0.17498;0.04096;0.00;0.000;1.521;0.947;0.000;0.557;101.372;83.05;80.05;19652.8;886.00;8.32;3.19;1.05;98930.84;114909.76;24859.38;28709.3;3.45;4.00;0.87;14/10/2024 16:04:01;
15/10/2024;13;2.0TD;1;0.000097515426000000;0.147;0.882283705;186.389341;33.081;43.893;109.415341;80.05;1.47035;1.17335;0.75;0.25;87.22542;93.10680;101.96000;84.74000;75.42000;1772.7;275.0;200.0;45.0;9.54;0.926;0.17498;0.04096;0.00;0.000;1.431;0.947;0.000;0.557;95.392;80.00;81.30;21443.7;869.90;5.30;3.19;1.05;102775.56;25144.00;24859.38;28839.1;3.56;0.87;0.86;14/10/2024 16:04:01;
15/10/2024;14;2.0TD;1;0.000103976086000000;0.148;0.886469350;186.950822;33.081;43.893;109.976822;79.92;1.47035;1.17335;0.75;0.25;87.22542;93.10680;101.96000;84.74000;75.42000;1772.7;275.0;200.0;45.0;10.07;0.926;0.17498;0.04096;0.00;0.000;1.437;0.947;0.000;0.557;95.798;79.92;79.92;21925.5;933.80;5.83;3.19;1.05;102910.48;40922.48;24859.38;28942.7;3.56;1.41;0.86;14/10/2024 16:04:01;
15/10/2024;15;2.0TD;2;0.000104084395000000;0.172;1.054843829;129.468309;19.184;8.779;101.505309;70.25;1.47035;1.17335;0.75;0.25;87.22542;93.10680;101.96000;84.74000;75.42000;1772.7;275.0;200.0;45.0;11.46;0.154;0.17498;0.04096;0.00;0.000;1.299;0.947;0.000;0.557;86.608;70.16;72.00;22090.6;1084.70;7.22;3.19;1.05;116699.36;65194.40;24859.38;28625.8;4.08;2.28;0.87;14/10/2024 16:04:01;
15/10/2024;16;2.0TD;2;0.000097043021000000;0.181;1.108204218;132.562547;19.184;8.779;104.599547;72.02;1.47035;1.17335;0.75;0.25;87.22542;93.10680;101.96000;84.74000;75.42000;1772.7;275.0;200.0;45.0;11.62;0.154;0.17498;0.04096;0.00;0.000;1.329;0.947;0.000;0.557;88.568;71.90;74.59;21752.1;1051.00;7.38;3.19;1.05;113921.64;67635.60;24859.38;27990.5;4.07;2.42;0.89;14/10/2024 16:04:01;
15/10/2024;17;2.0TD;2;0.000093679061000000;0.188;1.153345129;145.110047;19.184;8.779;117.147047;82.19;1.47035;1.17335;0.75;0.25;87.22542;93.10680;101.96000;84.74000;75.42000;1772.7;275.0;200.0;45.0;11.34;0.154;0.17498;0.04096;0.00;0.000;1.479;0.947;0.000;0.557;98.608;82.19;82.19;20792.5;931.20;7.10;3.19;1.05;99231.32;72589.80;24859.38;27718.4;3.58;2.62;0.90;14/10/2024 16:04:01;
15/10/2024;18;2.0TD;2;0.000096875328000000;0.188;1.154259446;145.266863;19.184;8.779;117.303863;81.00;1.47035;1.17335;0.75;0.25;87.22542;93.10680;101.96000;84.74000;75.42000;1772.7;275.0;200.0;45.0;12.66;0.154;0.17498;0.04096;0.00;0.000;1.481;0.947;0.000;0.557;98.740;81.00;81.00;19934.4;819.70;8.42;3.19;1.05;101548.92;108701.76;24859.38;27936.0;3.64;3.89;0.89;14/10/2024 16:04:01;
15/10/2024;19;2.0TD;1;0.000102693766000000;0.167;0.998701906;207.383479;33.081;43.893;130.409479;89.51;1.47035;1.17335;0.75;0.25;87.22542;93.10680;101.96000;84.74000;75.42000;1772.7;275.0;200.0;45.0;16.19;0.926;0.17498;0.04096;0.00;0.000;1.676;0.947;0.000;0.557;111.747;90.08;80.02;18262.4;1089.20;11.95;3.19;1.05;124415.12;182166.00;24859.38;27743.7;4.48;6.57;0.90;14/10/2024 16:04:01;
15/10/2024;20;2.0TD;1;0.000118408790000000;0.168;1.003520887;218.831834;33.081;43.893;141.857834;104.34;1.47035;1.17335;0.75;0.25;87.22542;93.10680;101.96000;84.74000;75.42000;1772.7;275.0;200.0;45.0;10.92;0.926;0.17498;0.04096;0.00;0.000;1.822;0.947;0.000;0.557;121.453;105.01;96.05;18838.7;1523.20;6.68;3.19;1.05;96588.92;71820.00;24859.38;28919.6;3.34;2.48;0.86;14/10/2024 16:04:01;
15/10/2024;21;2.0TD;1;0.000142961473000000;0.167;0.998337376;239.230909;33.081;43.893;162.256909;124.85;1.47035;1.17335;0.75;0.25;87.22542;93.10680;101.96000;84.74000;75.42000;1772.7;275.0;200.0;45.0;7.73;0.926;0.17498;0.04096;0.00;0.000;2.086;0.947;0.000;0.557;139.037;125.89;110.89;19590.7;1459.40;3.49;3.19;1.05;56026.20;24572.52;24859.38;30232.1;1.85;0.81;0.82;14/10/2024 16:04:01;
15/10/2024;22;2.0TD;1;0.000144129261000000;0.169;1.013340319;216.804666;33.081;43.893;139.830666;104.55;1.47035;1.17335;0.75;0.25;87.22542;93.10680;101.96000;84.74000;75.42000;1772.7;275.0;200.0;45.0;8.90;0.926;0.17498;0.04096;0.00;0.000;1.794;0.947;0.000;0.557;119.615;105.01;97.68;18797.7;1254.70;4.66;3.19;1.05;93372.60;17710.00;24859.38;29143.3;3.20;0.61;0.85;14/10/2024 16:04:01;
15/10/2024;23;2.0TD;2;0.000125053419000000;0.200;1.224511173;154.748550;19.184;8.779;126.785550;89.66;1.47035;1.17335;0.75;0.25;87.22542;93.10680;101.96000;84.74000;75.42000;1772.7;275.0;200.0;45.0;10.81;0.154;0.17498;0.04096;0.00;0.000;1.585;0.947;0.000;0.557;105.654;90.08;83.19;17385.9;1139.20;6.57;3.19;1.05;116146.12;30405.24;24859.38;26071.4;4.45;1.17;0.95;14/10/2024 16:04:01;
15/10/2024;24;2.0TD;2;0.000103941624000000;0.210;1.286986986;145.142577;19.184;8.779;117.179577;79.18;1.47035;1.17335;0.75;0.25;87.22542;93.10680;101.96000;84.74000;75.42000;1772.7;275.0;200.0;45.0;12.61;0.154;0.17498;0.04096;0.00;0.000;1.453;0.947;0.000;0.557;96.842;79.26;77.82;17347.0;1015.20;8.37;3.19;1.05;133203.96;43894.24;24859.38;24126.4;5.52;1.82;1.03;14/10/2024 16:04:01;
*
