pvpcdata;
2024;06;11;12;30;52;
01/05/2024;1;2.0TD;3;0.000090072253000000;0.193;1.073617247;86.433234;0.557;2.195;83.681234;35.06;15.72199;1.01203;0.75;0.25;12.53083;75.41880;101.96000;48.69000;28.32000;1936.7;275.0;154.0;61.0;16.40;0.000;0.17498;0.04096;0.00;0.000;1.052;0.947;0.000;0.557;70.143;35.01;36.01;19740.8;1051.80;11.99;3.16;1.25;189612.92;49670.40;24859.38;22031.4;8.61;2.25;1.13;30/04/2024 18:38:20;
01/05/2024;2;2.0TD;3;0.000076121123000000;0.200;1.111698667;89.373439;0.557;2.195;86.621439;34.36;15.72199;1.01203;0.75;0.25;12.53083;75.41880;101.96000;48.69000;28.32000;1936.7;275.0;154.0;61.0;19.11;0.000;0.17498;0.04096;0.00;0.000;1.083;0.947;0.000;0.557;72.184;34.99;27.99;17233.7;1714.10;14.70;3.16;1.25;244610.20;41742.56;24859.38;21171.6;11.55;1.97;1.17;30/04/2024 18:38:20;
01/05/2024;3;2.0TD;3;0.000066246475000000;0.209;1.161938077;76.398879;0.557;2.195;73.646879;20.82;15.72199;1.01203;0.75;0.25;12.53083;75.41880;101.96000;48.69000;28.32000;1936.7;275.0;154.0;61.0;21.55;0.000;0.17498;0.04096;0.00;0.000;0.914;0.947;0.000;0.557;60.915;21.07;18.00;17002.7;1524.80;17.14;3.16;1.25;276118.60;39212.40;24859.38;19844.7;13.91;1.98;1.25;30/04/2024 18:38:20;
01/05/2024;4;2.0TD;3;0.000060954896000000;0.211;1.173724169;74.712687;0.557;2.195;71.960687;19.58;15.72199;1.01203;0.75;0.25;12.53083;75.41880;101.96000;48.69000;28.32000;1936.7;275.0;154.0;61.0;21.32;0.000;0.17498;0.04096;0.00;0.000;0.891;0.947;0.000;0.557;59.422;19.77;17.77;16809.4;1792.50;16.91;3.16;1.25;281172.16;41085.60;0.00;19058.5;14.75;2.16;0.00;30/04/2024 18:38:20;
01/05/2024;5;2.0TD;3;0.000058346736000000;0.215;1.192027087;72.668607;0.557;2.195;69.916607;17.34;15.72199;1.01203;0.75;0.25;12.53083;75.41880;101.96000;48.69000;28.32000;1936.7;275.0;154.0;61.0;21.71;0.000;0.17498;0.04096;0.00;0.000;0.863;0.947;0.000;0.557;57.544;17.83;12.84;17073.9;1866.40;17.30;3.16;1.25;290770.92;36593.00;0.00;18925.1;15.36;1.93;0.00;30/04/2024 18:38:20;
01/05/2024;6;2.0TD;3;0.000057225151000000;0.217;1.205676104;73.216948;0.557;2.195;70.464948;17.44;15.72199;1.01203;0.75;0.25;12.53083;75.41880;101.96000;48.69000;28.32000;1936.7;275.0;154.0;61.0;21.96;0.000;0.17498;0.04096;0.00;0.000;0.869;0.947;0.000;0.557;57.900;17.83;13.83;17297.9;1857.70;17.55;3.16;1.25;291073.96;35956.60;0.00;18629.2;15.62;1.93;0.00;30/04/2024 18:38:20;
01/05/2024;7;2.0TD;3;0.000056883739000000;0.217;1.202982283;74.500883;0.557;2.195;71.748883;18.60;15.72199;1.01203;0.75;0.25;12.53083;75.41880;101.96000;48.69000;28.32000;1936.7;275.0;154.0;61.0;21.84;0.000;0.17498;0.04096;0.00;0.000;0.884;0.947;0.000;0.557;58.955;18.97;15.00;17806.2;1824.50;17.43;3.16;1.25;286985.12;44866.20;0.00;19040.9;15.07;2.36;0.00;30/04/2024 18:38:20;
01/05/2024;8;2.0TD;3;0.000056514422000000;0.216;1.199251709;73.368199;0.557;2.195;70.616199;17.44;15.72199;1.01203;0.75;0.25;12.53083;75.41880;101.96000;48.69000;28.32000;1936.7;275.0;154.0;61.0;22.13;0.000;0.17498;0.04096;0.00;0.000;0.871;0.947;0.000;0.557;58.072;17.83;13.33;18706.8;1762.80;17.72;3.16;1.25;289868.76;54719.76;0.00;19444.4;14.91;2.81;0.00;30/04/2024 18:38:20;
01/05/2024;9;2.0TD;3;0.000067566992000000;0.192;1.067255723;65.318331;0.557;2.195;62.566331;7.82;15.72199;1.01203;0.75;0.25;12.53083;75.41880;101.96000;48.69000;28.32000;1936.7;275.0;154.0;61.0;26.25;0.000;0.17498;0.04096;0.00;0.000;0.787;0.947;0.000;0.557;52.488;8.00;5.00;21917.3;1434.50;21.84;3.16;1.25;348776.64;87374.76;0.00;19974.2;17.46;4.37;0.00;30/04/2024 18:38:20;
01/05/2024;10;2.0TD;3;0.000085855214000000;0.174;0.967095600;57.925929;0.557;2.195;55.173929;3.00;15.72199;1.01203;0.75;0.25;12.53083;75.41880;101.96000;48.69000;28.32000;1936.7;275.0;154.0;61.0;25.66;0.000;0.17498;0.04096;0.00;0.000;0.705;0.947;0.000;0.557;46.996;3.00;3.00;23371.5;1592.40;21.25;3.16;1.25;343193.52;100969.60;0.00;20903.9;16.42;4.83;0.00;30/04/2024 18:38:20;
01/05/2024;11;2.0TD;3;0.000100519792000000;0.168;0.931570164;43.425886;0.557;2.195;40.673886;-0.47;15.72199;1.01203;0.75;0.25;12.53083;75.41880;101.96000;48.69000;28.32000;1936.7;275.0;154.0;61.0;17.14;0.000;0.17498;0.04096;0.00;0.000;0.522;0.947;0.000;0.557;34.823;-0.01;-6.32;23839.1;1888.70;12.73;3.16;1.25;204673.64;80191.28;0.00;22369.7;9.15;3.58;0.00;30/04/2024 18:38:20;
01/05/2024;12;2.0TD;3;0.000106457732000000;0.159;0.884725491;41.042500;0.557;2.195;38.290500;-0.54;15.72199;1.01203;0.75;0.25;12.53083;75.41880;101.96000;48.69000;28.32000;1936.7;275.0;154.0;61.0;15.45;0.000;0.17498;0.04096;0.00;0.000;0.496;0.947;0.000;0.557;33.037;-0.07;-6.32;23786.9;1958.50;11.04;3.16;1.25;204742.04;42772.80;0.00;22420.8;9.13;1.91;0.00;30/04/2024 18:38:20;
01/05/2024;13;2.0TD;3;0.000108676033000000;0.162;0.897751111;39.914541;0.557;2.195;37.162541;-0.54;15.72199;1.01203;0.75;0.25;12.53083;75.41880;101.96000;48.69000;28.32000;1936.7;275.0;154.0;61.0;14.41;0.000;0.17498;0.04096;0.00;0.000;0.480;0.947;0.000;0.557;31.981;-0.06;-6.32;23794.8;1989.00;10.00;3.16;1.25;204457.20;20988.00;0.00;22537.0;9.07;0.93;0.00;30/04/2024 18:38:20;
01/05/2024;14;2.0TD;3;0.000114113348000000;0.157;0.870666697;38.238963;0.557;2.195;35.486963;-1.72;15.72199;1.01203;0.75;0.25;12.53083;75.41880;101.96000;48.69000;28.32000;1936.7;275.0;154.0;61.0;14.30;0.000;0.17498;0.04096;0.00;0.000;0.460;0.947;0.000;0.557;30.671;-1.00;-10.00;25338.4;2205.50;9.89;3.16;1.25;207821.60;20722.00;0.00;23107.7;8.99;0.90;0.00;30/04/2024 18:38:20;
01/05/2024;15;2.0TD;3;0.000111335745000000;0.159;0.882447343;38.464884;0.557;2.195;35.712884;-1.87;15.72199;1.01203;0.75;0.25;12.53083;75.41880;101.96000;48.69000;28.32000;1936.7;275.0;154.0;61.0;14.59;0.000;0.17498;0.04096;0.00;0.000;0.462;0.947;0.000;0.557;30.813;-1.26;-10.00;25033.5;1869.90;10.18;3.16;1.25;209369.52;20696.00;0.00;22594.8;9.27;0.92;0.00;30/04/2024 18:38:20;
01/05/2024;16;2.0TD;3;0.000096026167000000;0.174;0.964061776;39.678447;0.557;2.195;36.926447;-1.93;15.72199;1.01203;0.75;0.25;12.53083;75.41880;101.96000;48.69000;28.32000;1936.7;275.0;154.0;61.0;15.28;0.000;0.17498;0.04096;0.00;0.000;0.472;0.947;0.000;0.557;31.453;-1.29;-10.26;23908.4;1826.50;10.87;3.16;1.25;209317.04;24536.40;0.00;21512.5;9.73;1.14;0.00;30/04/2024 18:38:20;
01/05/2024;17;2.0TD;3;0.000087061768000000;0.180;0.999465847;41.340988;0.557;2.195;38.588988;-1.96;15.72199;1.01203;0.75;0.25;12.53083;75.41880;101.96000;48.69000;28.32000;1936.7;275.0;154.0;61.0;16.54;0.000;0.17498;0.04096;0.00;0.000;0.491;0.947;0.000;0.557;32.702;-1.29;-10.26;23136.4;1878.10;12.13;3.16;1.25;209294.00;41995.44;0.00;20721.2;10.10;2.03;0.00;30/04/2024 18:38:20;
01/05/2024;18;2.0TD;3;0.000084386667000000;0.184;1.022592464;51.604470;0.557;2.195;48.852470;-0.44;15.72199;1.01203;0.75;0.25;12.53083;75.41880;101.96000;48.69000;28.32000;1936.7;275.0;154.0;61.0;23.45;0.000;0.17498;0.04096;0.00;0.000;0.619;0.947;0.000;0.557;41.260;-0.13;-5.13;22813.7;1501.30;19.04;3.16;1.25;347232.08;47820.00;0.00;20744.8;16.74;2.31;0.00;30/04/2024 18:38:20;
01/05/2024;19;2.0TD;3;0.000085882182000000;0.190;1.053555477;52.879004;0.557;2.195;50.127004;-0.28;15.72199;1.01203;0.75;0.25;12.53083;75.41880;101.96000;48.69000;28.32000;1936.7;275.0;154.0;61.0;24.14;0.000;0.17498;0.04096;0.00;0.000;0.632;0.947;0.000;0.557;42.123;0.00;-4.98;23787.0;1429.50;19.73;3.16;1.25;344247.32;76829.16;0.00;21337.6;16.13;3.60;0.00;30/04/2024 18:38:20;
01/05/2024;20;2.0TD;3;0.000090636694000000;0.191;1.060258362;54.081161;0.557;2.195;51.329161;0.44;15.72199;1.01203;0.75;0.25;12.53083;75.41880;101.96000;48.69000;28.32000;1936.7;275.0;154.0;61.0;24.38;0.000;0.17498;0.04096;0.00;0.000;0.646;0.947;0.000;0.557;43.097;0.44;0.44;23466.8;1691.70;19.97;3.16;1.25;333010.44;107280.00;0.00;22052.3;15.10;4.86;0.00;30/04/2024 18:38:20;
01/05/2024;21;2.0TD;3;0.000103074284000000;0.185;1.030075035;67.369496;0.557;2.195;64.617496;19.00;15.72199;1.01203;0.75;0.25;12.53083;75.41880;101.96000;48.69000;28.32000;1936.7;275.0;154.0;61.0;17.08;0.000;0.17498;0.04096;0.00;0.000;0.818;0.947;0.000;0.557;54.529;19.00;18.95;22338.8;1950.00;12.67;3.16;1.25;257945.32;41751.52;0.00;23660.1;10.90;1.76;0.00;30/04/2024 18:38:20;
01/05/2024;22;2.0TD;3;0.000124613056000000;0.179;0.993985537;78.820529;0.557;2.195;76.068529;34.69;15.72199;1.01203;0.75;0.25;12.53083;75.41880;101.96000;48.69000;28.32000;1936.7;275.0;154.0;61.0;11.23;0.000;0.17498;0.04096;0.00;0.000;0.968;0.947;0.000;0.557;64.519;35.00;30.10;20410.5;1363.20;6.82;3.16;1.25;109541.72;38953.44;24859.38;25425.3;4.31;1.53;0.98;30/04/2024 18:38:20;
01/05/2024;23;2.0TD;3;0.000119399479000000;0.183;1.017099904;78.549806;0.557;2.195;75.797806;33.10;15.72199;1.01203;0.75;0.25;12.53083;75.41880;101.96000;48.69000;28.32000;1936.7;275.0;154.0;61.0;12.38;0.000;0.17498;0.04096;0.00;0.000;0.961;0.947;0.000;0.557;64.072;33.40;28.92;18981.3;1357.80;7.97;3.16;1.25;128202.32;41682.96;24859.38;24437.1;5.25;1.71;1.02;30/04/2024 18:38:20;
01/05/2024;24;2.0TD;3;0.000100563921000000;0.191;1.062434787;68.579204;0.557;2.195;65.827204;23.46;15.72199;1.01203;0.75;0.25;12.53083;75.41880;101.96000;48.69000;28.32000;1936.7;275.0;154.0;61.0;13.35;0.000;0.17498;0.04096;0.00;0.000;0.829;0.947;0.000;0.557;55.270;23.71;20.00;18373.3;1317.60;8.94;3.16;1.25;145067.20;30314.88;24859.38;22386.0;6.48;1.35;1.11;30/04/2024 18:38:20;
*
