pvpcdata;
2024;05;13;12;31;11;
02/04/2024;1;2.0TD;3;0.000095752945000000;0.199;1.104798461;51.474663;0.557;2.195;48.722663;3.13;16.38239;0.89216;0.75;0.25;9.85125;75.38080;101.96000;48.69000;27.94000;2147.6;275.0;154.0;50.0;20.56;0.000;0.17498;0.04096;0.00;0.000;0.610;0.947;0.000;0.557;40.636;3.60;-1.40;21320.3;2214.00;15.79;3.35;1.42;272170.64;63456.48;24859.38;22834.7;11.92;2.78;1.09;01/04/2024 22:08:29;
02/04/2024;2;2.0TD;3;0.000079166006000000;0.205;1.139725148;52.671634;0.557;2.195;49.919634;2.86;16.38239;0.89216;0.75;0.25;9.85125;75.38080;101.96000;48.69000;27.94000;2147.6;275.0;154.0;50.0;21.61;0.000;0.17498;0.04096;0.00;0.000;0.621;0.947;0.000;0.557;41.427;3.25;-1.35;22865.7;2150.50;16.84;3.35;1.42;272418.64;63894.56;24859.38;21452.6;12.70;2.98;1.16;01/04/2024 22:08:29;
02/04/2024;3;2.0TD;3;0.000069940174000000;0.209;1.159279857;54.323204;0.557;2.195;51.571204;2.88;16.38239;0.89216;0.75;0.25;9.85125;75.38080;101.96000;48.69000;27.94000;2147.6;275.0;154.0;50.0;22.80;0.000;0.17498;0.04096;0.00;0.000;0.640;0.947;0.000;0.557;42.656;3.25;-0.75;21378.6;2202.60;18.03;3.35;1.42;283389.60;64426.80;24859.38;20666.5;13.71;3.12;1.20;01/04/2024 22:08:29;
02/04/2024;4;2.0TD;3;0.000065521849000000;0.210;1.168396297;52.977990;0.557;2.195;50.225990;1.14;16.38239;0.89216;0.75;0.25;9.85125;75.38080;101.96000;48.69000;27.94000;2147.6;275.0;154.0;50.0;23.41;0.000;0.17498;0.04096;0.00;0.000;0.623;0.947;0.000;0.557;41.509;1.63;-3.01;19344.2;2626.70;18.64;3.35;1.42;315012.64;65616.16;0.00;20417.5;15.43;3.21;0.00;01/04/2024 22:08:29;
02/04/2024;5;2.0TD;3;0.000063975160000000;0.210;1.165779537;53.517650;0.557;2.195;50.765650;1.58;16.38239;0.89216;0.75;0.25;9.85125;75.38080;101.96000;48.69000;27.94000;2147.6;275.0;154.0;50.0;23.41;0.000;0.17498;0.04096;0.00;0.000;0.629;0.947;0.000;0.557;41.955;2.00;-2.01;20117.6;2455.70;18.64;3.35;1.42;314745.84;65545.28;0.00;20397.8;15.43;3.21;0.00;01/04/2024 22:08:29;
02/04/2024;6;2.0TD;3;0.000066029246000000;0.202;1.124647230;53.902007;0.557;2.195;51.150007;2.80;16.38239;0.89216;0.75;0.25;9.85125;75.38080;101.96000;48.69000;27.94000;2147.6;275.0;154.0;50.0;22.78;0.000;0.17498;0.04096;0.00;0.000;0.638;0.947;0.000;0.557;42.554;3.25;-1.75;22210.2;2248.00;18.01;3.35;1.42;314105.20;64015.04;0.00;20994.2;14.96;3.05;0.00;01/04/2024 22:08:29;
02/04/2024;7;2.0TD;3;0.000074752366000000;0.189;1.048192458;70.357449;0.557;2.195;67.605449;19.65;16.38239;0.89216;0.75;0.25;9.85125;75.38080;101.96000;48.69000;27.94000;2147.6;275.0;154.0;50.0;20.02;0.000;0.17498;0.04096;0.00;0.000;0.853;0.947;0.000;0.557;56.859;20.00;15.67;20277.6;1792.30;15.25;3.35;1.42;291873.04;40194.00;24859.38;23393.6;12.48;1.72;1.06;01/04/2024 22:08:29;
02/04/2024;8;2.0TD;3;0.000093176323000000;0.175;0.974881191;78.174172;0.557;2.195;75.422172;35.00;16.38239;0.89216;0.75;0.25;9.85125;75.38080;101.96000;48.69000;27.94000;2147.6;275.0;154.0;50.0;11.89;0.000;0.17498;0.04096;0.00;0.000;0.963;0.947;0.000;0.557;64.189;35.00;35.00;22801.5;1626.30;7.12;3.35;1.42;105529.96;59280.64;24859.38;26606.6;3.97;2.23;0.93;01/04/2024 22:08:29;
02/04/2024;9;2.0TD;2;0.000105931452000000;0.190;1.163126561;105.150068;19.184;8.779;77.187068;34.94;16.38239;0.89216;0.75;0.25;9.85125;75.38080;101.96000;48.69000;27.94000;2147.6;275.0;154.0;50.0;12.46;0.154;0.17498;0.04096;0.00;0.000;0.973;0.947;0.000;0.557;64.863;35.00;34.00;23790.2;1478.30;7.69;3.35;1.42;122046.56;70695.52;24859.38;28314.7;4.31;2.50;0.88;01/04/2024 22:08:29;
02/04/2024;10;2.0TD;2;0.000114388967000000;0.153;0.937206526;75.745721;19.184;8.779;47.782721;9.66;16.38239;0.89216;0.75;0.25;9.85125;75.38080;101.96000;48.69000;27.94000;2147.6;275.0;154.0;50.0;14.67;0.154;0.17498;0.04096;0.00;0.000;0.622;0.947;0.000;0.557;41.442;10.02;5.00;25508.3;1944.70;9.90;3.35;1.42;197872.32;66699.60;24859.38;29250.3;6.76;2.28;0.85;01/04/2024 22:08:29;
02/04/2024;11;2.0TD;1;0.000121083021000000;0.159;0.953036527;117.547208;33.081;43.893;40.573208;1.55;16.38239;0.89216;0.75;0.25;9.85125;75.38080;101.96000;48.69000;27.94000;2147.6;275.0;154.0;50.0;15.67;0.926;0.17498;0.04096;0.00;0.000;0.525;0.947;0.000;0.557;35.007;1.63;0.40;25210.7;1726.20;10.90;3.35;1.42;215551.60;74023.20;24859.38;28850.1;7.47;2.57;0.86;01/04/2024 22:08:29;
02/04/2024;12;2.0TD;1;0.000122875927000000;0.162;0.970880391;116.814428;33.081;43.893;39.840428;0.41;16.38239;0.89216;0.75;0.25;9.85125;75.38080;101.96000;48.69000;27.94000;2147.6;275.0;154.0;50.0;16.10;0.926;0.17498;0.04096;0.00;0.000;0.514;0.947;0.000;0.557;34.286;0.44;0.00;29346.4;1804.90;11.33;3.35;1.42;224495.24;75138.00;24859.38;28648.5;7.84;2.62;0.87;01/04/2024 22:08:29;
02/04/2024;13;2.0TD;1;0.000126114252000000;0.159;0.954460208;115.653402;33.081;43.893;38.679402;0.41;16.38239;0.89216;0.75;0.25;9.85125;75.38080;101.96000;48.69000;27.94000;2147.6;275.0;154.0;50.0;15.20;0.926;0.17498;0.04096;0.00;0.000;0.501;0.947;0.000;0.557;33.373;0.44;0.00;29308.3;1949.70;10.43;3.35;1.42;224499.56;47583.88;24859.38;28470.0;7.89;1.67;0.87;01/04/2024 22:08:29;
02/04/2024;14;2.0TD;1;0.000133189602000000;0.154;0.922036361;115.075713;33.081;43.893;38.101713;0.01;16.38239;0.89216;0.75;0.25;9.85125;75.38080;101.96000;48.69000;27.94000;2147.6;275.0;154.0;50.0;15.25;0.926;0.17498;0.04096;0.00;0.000;0.495;0.947;0.000;0.557;33.017;0.01;-0.01;29241.2;1975.90;10.48;3.35;1.42;224555.44;48980.96;24859.38;28466.1;7.89;1.72;0.87;01/04/2024 22:08:29;
02/04/2024;15;2.0TD;2;0.000132498293000000;0.173;1.063528737;65.475637;19.184;8.779;37.512637;-0.12;16.38239;0.89216;0.75;0.25;9.85125;75.38080;101.96000;48.69000;27.94000;2147.6;275.0;154.0;50.0;15.13;0.154;0.17498;0.04096;0.00;0.000;0.480;0.947;0.000;0.557;31.980;0.00;-2.01;28409.7;2021.30;10.36;3.35;1.42;225337.28;42392.00;24859.38;28249.9;7.98;1.50;0.88;01/04/2024 22:08:29;
02/04/2024;16;2.0TD;2;0.000122142837000000;0.180;1.102606596;65.435177;19.184;8.779;37.472177;-0.12;16.38239;0.89216;0.75;0.25;9.85125;75.38080;101.96000;48.69000;27.94000;2147.6;275.0;154.0;50.0;14.91;0.154;0.17498;0.04096;0.00;0.000;0.476;0.947;0.000;0.557;31.756;0.00;-2.00;28428.9;1921.60;10.14;3.35;1.42;216252.80;36791.04;24859.38;27425.4;7.89;1.34;0.91;01/04/2024 22:08:29;
02/04/2024;17;2.0TD;2;0.000114371548000000;0.186;1.142085386;66.120276;19.184;8.779;38.157276;-0.03;16.38239;0.89216;0.75;0.25;9.85125;75.38080;101.96000;48.69000;27.94000;2147.6;275.0;154.0;50.0;15.23;0.154;0.17498;0.04096;0.00;0.000;0.483;0.947;0.000;0.557;32.173;0.01;-0.59;27743.4;1899.20;10.46;3.35;1.42;207377.92;50604.08;24859.38;27041.7;7.67;1.87;0.92;01/04/2024 22:08:29;
02/04/2024;18;2.0TD;2;0.000112244836000000;0.192;1.177544452;67.741330;19.184;8.779;39.778330;0.92;16.38239;0.89216;0.75;0.25;9.85125;75.38080;101.96000;48.69000;27.94000;2147.6;275.0;154.0;50.0;15.46;0.154;0.17498;0.04096;0.00;0.000;0.501;0.947;0.000;0.557;33.371;0.94;0.65;27393.0;1789.20;10.69;3.35;1.42;198502.64;68306.40;24859.38;27291.7;7.27;2.50;0.91;01/04/2024 22:08:29;
02/04/2024;19;2.0TD;1;0.000113265099000000;0.167;1.000441794;118.597485;33.081;43.893;41.623485;2.70;16.38239;0.89216;0.75;0.25;9.85125;75.38080;101.96000;48.69000;27.94000;2147.6;275.0;154.0;50.0;15.17;0.926;0.17498;0.04096;0.00;0.000;0.535;0.947;0.000;0.557;35.667;2.77;1.68;26936.6;1780.80;10.40;3.35;1.42;188841.76;73072.80;24859.38;27557.3;6.85;2.65;0.90;01/04/2024 22:08:29;
02/04/2024;20;2.0TD;1;0.000120083093000000;0.167;1.001551733;125.836386;33.081;43.893;48.862386;8.46;16.38239;0.89216;0.75;0.25;9.85125;75.38080;101.96000;48.69000;27.94000;2147.6;275.0;154.0;50.0;15.52;0.926;0.17498;0.04096;0.00;0.000;0.628;0.947;0.000;0.557;41.870;8.69;5.29;28202.3;2063.70;10.75;3.35;1.42;217781.24;67699.80;24859.38;28861.9;7.55;2.35;0.86;01/04/2024 22:08:29;
02/04/2024;21;2.0TD;1;0.000140478357000000;0.170;1.016552420;157.534446;33.081;43.893;80.560446;34.77;16.38239;0.89216;0.75;0.25;9.85125;75.38080;101.96000;48.69000;27.94000;2147.6;275.0;154.0;50.0;15.79;0.926;0.17498;0.04096;0.00;0.000;1.033;0.947;0.000;0.557;68.855;34.90;32.90;25717.9;1799.30;11.02;3.35;1.42;265154.72;41292.32;24859.38;30086.0;8.81;1.37;0.83;01/04/2024 22:08:29;
02/04/2024;22;2.0TD;1;0.000163683369000000;0.171;1.021433227;156.438156;33.081;43.893;79.464156;34.87;16.38239;0.89216;0.75;0.25;9.85125;75.38080;101.96000;48.69000;27.94000;2147.6;275.0;154.0;50.0;14.71;0.926;0.17498;0.04096;0.00;0.000;1.018;0.947;0.000;0.557;67.860;35.00;33.00;25937.6;1793.60;9.94;3.35;1.42;238594.88;41292.32;24859.38;30646.3;7.79;1.35;0.81;01/04/2024 22:08:29;
02/04/2024;23;2.0TD;2;0.000147067810000000;0.198;1.213292687;103.795301;19.184;8.779;75.832301;29.53;16.38239;0.89216;0.75;0.25;9.85125;75.38080;101.96000;48.69000;27.94000;2147.6;275.0;154.0;50.0;16.33;0.154;0.17498;0.04096;0.00;0.000;0.949;0.947;0.000;0.557;63.299;29.60;28.59;23712.1;1707.10;11.56;3.35;1.42;257554.28;43082.08;24859.38;28147.3;9.15;1.53;0.88;01/04/2024 22:08:29;
02/04/2024;24;2.0TD;2;0.000121725050000000;0.206;1.261438233;74.060037;19.184;8.779;46.097037;4.59;16.38239;0.89216;0.75;0.25;9.85125;75.38080;101.96000;48.69000;27.94000;2147.6;275.0;154.0;50.0;16.57;0.154;0.17498;0.04096;0.00;0.000;0.573;0.947;0.000;0.557;38.223;5.00;0.01;22229.9;2007.30;11.80;3.35;1.42;227000.20;50688.96;24859.38;25629.3;8.86;1.98;0.97;01/04/2024 22:08:29;
*
