pvpcdata;
2025;01;13;09;30;23;
07/12/2024;1;2.0TD;3;0.000129887143000000;0.238;1.322347920;138.891932;0.557;2.195;136.139932;73.26;14.48912;0.89980;0.75;0.25;36.66833;94.62480;101.96000;84.74000;90.60000;2347.2;275.0;200.0;53.0;20.30;0.000;0.17498;0.04096;0.00;0.000;1.650;0.947;0.000;0.557;109.967;73.45;70.45;16501.4;1125.50;16.13;3.25;0.92;291499.84;54600.00;24859.38;22993.6;12.68;2.37;1.08;06/12/2024 16:07:29;
07/12/2024;2;2.0TD;3;0.000108472948000000;0.251;1.392474825;141.120900;0.557;2.195;138.368900;71.60;14.48912;0.89980;0.75;0.25;36.66833;94.62480;101.96000;84.74000;90.60000;2347.2;275.0;200.0;53.0;22.59;0.000;0.17498;0.04096;0.00;0.000;1.659;0.947;0.000;0.557;110.606;71.85;68.85;15080.2;1356.20;18.42;3.25;0.92;318376.32;75000.00;0.00;21361.4;14.90;3.51;0.00;06/12/2024 16:07:29;
07/12/2024;3;2.0TD;3;0.000094177669000000;0.259;1.440648617;136.267231;0.557;2.195;133.515231;64.89;14.48912;0.89980;0.75;0.25;36.66833;94.62480;101.96000;84.74000;90.60000;2347.2;275.0;200.0;53.0;24.81;0.000;0.17498;0.04096;0.00;0.000;1.591;0.947;0.000;0.557;106.048;65.27;59.02;16116.4;1041.70;20.64;3.25;0.92;350773.48;72840.00;0.00;20521.7;17.09;3.55;0.00;06/12/2024 16:07:29;
07/12/2024;4;2.0TD;3;0.000086412898000000;0.265;1.474667311;116.830503;0.557;2.195;114.078503;46.04;14.48912;0.89980;0.75;0.25;36.66833;94.62480;101.96000;84.74000;90.60000;2347.2;275.0;200.0;53.0;28.03;0.000;0.17498;0.04096;0.00;0.000;1.353;0.947;0.000;0.557;90.180;46.50;40.97;16384.9;1486.80;23.86;3.25;0.92;392087.96;87600.00;0.00;20107.1;19.50;4.36;0.00;06/12/2024 16:07:29;
07/12/2024;5;2.0TD;3;0.000082987708000000;0.266;1.478057585;110.854012;0.557;2.195;108.102012;38.17;14.48912;0.89980;0.75;0.25;36.66833;94.62480;101.96000;84.74000;90.60000;2347.2;275.0;200.0;53.0;31.18;0.000;0.17498;0.04096;0.00;0.000;1.281;0.947;0.000;0.557;85.388;39.04;27.37;18923.1;1527.80;27.01;3.25;0.92;413732.20;130640.00;0.00;20155.4;20.53;6.48;0.00;06/12/2024 16:07:29;
07/12/2024;6;2.0TD;3;0.000083298949000000;0.264;1.469318623;98.222723;0.557;2.195;95.470723;27.64;14.48912;0.89980;0.75;0.25;36.66833;94.62480;101.96000;84.74000;90.60000;2347.2;275.0;200.0;53.0;32.00;0.000;0.17498;0.04096;0.00;0.000;1.133;0.947;0.000;0.557;75.530;28.20;21.20;19295.5;1669.90;27.83;3.25;0.92;436197.72;125000.00;0.00;20165.7;21.63;6.20;0.00;06/12/2024 16:07:29;
07/12/2024;7;2.0TD;3;0.000086687858000000;0.253;1.404130149;96.488473;0.557;2.195;93.736473;28.38;14.48912;0.89980;0.75;0.25;36.66833;94.62480;101.96000;84.74000;90.60000;2347.2;275.0;200.0;53.0;30.55;0.000;0.17498;0.04096;0.00;0.000;1.122;0.947;0.000;0.557;74.809;28.85;22.22;19831.8;1509.30;26.38;3.25;0.92;431106.36;123320.00;0.00;21017.4;20.51;5.87;0.00;06/12/2024 16:07:29;
07/12/2024;8;2.0TD;3;0.000095520263000000;0.237;1.318374856;104.622209;0.557;2.195;101.870209;40.14;14.48912;0.89980;0.75;0.25;36.66833;94.62480;101.96000;84.74000;90.60000;2347.2;275.0;200.0;53.0;26.22;0.000;0.17498;0.04096;0.00;0.000;1.235;0.947;0.000;0.557;82.352;40.31;36.31;20801.0;924.80;22.05;3.25;0.92;383069.40;109840.00;0.00;22352.5;17.14;4.91;0.00;06/12/2024 16:07:29;
07/12/2024;9;2.0TD;3;0.000109968707000000;0.226;1.254031218;128.946184;0.557;2.195;126.194184;43.29;14.48912;0.89980;0.75;0.25;36.66833;94.62480;101.96000;84.74000;90.60000;2347.2;275.0;200.0;53.0;43.34;0.000;0.17498;0.04096;0.00;0.000;1.544;0.947;0.000;0.557;102.931;43.22;44.73;20666.4;964.40;39.17;3.25;0.92;315263.68;601664.00;0.00;23411.9;13.47;25.70;0.00;06/12/2024 16:07:29;
07/12/2024;10;2.0TD;3;0.000133379558000000;0.206;1.146182649;113.247692;0.557;2.195;110.495692;42.35;14.48912;0.89980;0.75;0.25;36.66833;94.62480;101.96000;84.74000;90.60000;2347.2;275.0;200.0;53.0;33.14;0.000;0.17498;0.04096;0.00;0.000;1.374;0.947;0.000;0.557;91.621;42.36;42.11;22324.7;835.60;28.97;3.25;0.92;314255.84;416795.04;0.00;25231.7;12.45;16.52;0.00;06/12/2024 16:07:29;
07/12/2024;11;2.0TD;3;0.000147971231000000;0.189;1.047275750;76.612246;0.557;2.195;73.860246;25.92;14.48912;0.89980;0.75;0.25;36.66833;94.62480;101.96000;84.74000;90.60000;2347.2;275.0;200.0;53.0;20.51;0.000;0.17498;0.04096;0.00;0.000;0.932;0.947;0.000;0.557;62.119;26.00;24.00;25941.9;1094.20;16.34;3.25;0.92;304228.68;125678.00;0.00;26318.0;11.56;4.78;0.00;06/12/2024 16:07:29;
07/12/2024;12;2.0TD;3;0.000148818740000000;0.183;1.018865601;47.150741;0.557;2.195;44.398741;4.81;14.48912;0.89980;0.75;0.25;36.66833;94.62480;101.96000;84.74000;90.60000;2347.2;275.0;200.0;53.0;17.40;0.000;0.17498;0.04096;0.00;0.000;0.563;0.947;0.000;0.557;37.530;5.00;0.00;28165.3;1090.60;13.23;3.25;0.92;338399.88;15066.80;0.00;26715.2;12.67;0.56;0.00;06/12/2024 16:07:29;
07/12/2024;13;2.0TD;3;0.000145368751000000;0.183;1.017618702;48.399989;0.557;2.195;45.647989;3.20;14.48912;0.89980;0.75;0.25;36.66833;94.62480;101.96000;84.74000;90.60000;2347.2;275.0;200.0;53.0;20.05;0.000;0.17498;0.04096;0.00;0.000;0.579;0.947;0.000;0.557;38.586;3.32;0.00;28064.9;1041.50;15.88;3.25;0.92;405095.12;14400.00;0.00;26414.0;15.34;0.55;0.00;06/12/2024 16:07:29;
07/12/2024;14;2.0TD;3;0.000152253874000000;0.182;1.011035733;48.864935;0.557;2.195;46.112935;3.32;14.48912;0.89980;0.75;0.25;36.66833;94.62480;101.96000;84.74000;90.60000;2347.2;275.0;200.0;53.0;20.35;0.000;0.17498;0.04096;0.00;0.000;0.585;0.947;0.000;0.557;39.012;3.32;3.32;28320.2;958.40;16.18;3.25;0.92;417653.76;14400.00;0.00;26707.4;15.64;0.54;0.00;06/12/2024 16:07:29;
07/12/2024;15;2.0TD;3;0.000154790806000000;0.187;1.039171906;47.204717;0.557;2.195;44.452717;2.31;14.48912;0.89980;0.75;0.25;36.66833;94.62480;101.96000;84.74000;90.60000;2347.2;275.0;200.0;53.0;19.82;0.000;0.17498;0.04096;0.00;0.000;0.562;0.947;0.000;0.557;37.449;2.28;3.32;28209.4;935.40;15.65;3.25;0.92;402960.28;15024.00;0.00;26716.4;15.08;0.56;0.00;06/12/2024 16:07:29;
07/12/2024;16;2.0TD;3;0.000144789742000000;0.198;1.100946838;49.210003;0.557;2.195;46.458003;2.04;14.48912;0.89980;0.75;0.25;36.66833;94.62480;101.96000;84.74000;90.60000;2347.2;275.0;200.0;53.0;21.40;0.000;0.17498;0.04096;0.00;0.000;0.582;0.947;0.000;0.557;38.779;2.00;3.32;27576.1;923.10;17.23;3.25;0.92;403321.84;41472.00;0.00;25818.4;15.62;1.61;0.00;06/12/2024 16:07:29;
07/12/2024;17;2.0TD;3;0.000139585860000000;0.204;1.133361529;62.350765;0.557;2.195;59.598765;3.60;14.48912;0.89980;0.75;0.25;36.66833;94.62480;101.96000;84.74000;90.60000;2347.2;275.0;200.0;53.0;30.40;0.000;0.17498;0.04096;0.00;0.000;0.743;0.947;0.000;0.557;49.500;3.60;3.60;27991.2;987.00;26.23;3.25;0.92;355522.12;317632.00;0.00;25666.3;13.85;12.38;0.00;06/12/2024 16:07:29;
07/12/2024;18;2.0TD;3;0.000145020127000000;0.213;1.182015588;103.348073;0.557;2.195;100.596073;41.90;14.48912;0.89980;0.75;0.25;36.66833;94.62480;101.96000;84.74000;90.60000;2347.2;275.0;200.0;53.0;25.03;0.000;0.17498;0.04096;0.00;0.000;1.244;0.947;0.000;0.557;82.931;41.90;41.91;25280.8;758.50;20.86;3.25;0.92;275547.20;257670.00;0.00;25560.5;10.78;10.08;0.00;06/12/2024 16:07:29;
07/12/2024;19;2.0TD;3;0.000165374345000000;0.217;1.204490402;114.849426;0.557;2.195;112.097426;56.44;14.48912;0.89980;0.75;0.25;36.66833;94.62480;101.96000;84.74000;90.60000;2347.2;275.0;200.0;53.0;19.53;0.000;0.17498;0.04096;0.00;0.000;1.382;0.947;0.000;0.557;92.109;56.34;58.45;21536.0;1097.80;15.36;3.25;0.92;326978.64;92960.00;0.00;27340.7;11.96;3.40;0.00;06/12/2024 16:07:29;
07/12/2024;20;2.0TD;3;0.000172599621000000;0.223;1.238041948;119.051516;0.557;2.195;116.299516;62.97;14.48912;0.89980;0.75;0.25;36.66833;94.62480;101.96000;84.74000;90.60000;2347.2;275.0;200.0;53.0;15.94;0.000;0.17498;0.04096;0.00;0.000;1.426;0.947;0.000;0.557;95.093;62.97;62.97;21182.9;1123.90;11.77;3.25;0.92;288864.60;40480.00;0.00;27970.0;10.33;1.45;0.00;06/12/2024 16:07:29;
07/12/2024;21;2.0TD;3;0.000179526724000000;0.223;1.239782201;128.575017;0.557;2.195;125.823017;72.12;14.48912;0.89980;0.75;0.25;36.66833;94.62480;101.96000;84.74000;90.60000;2347.2;275.0;200.0;53.0;14.46;0.000;0.17498;0.04096;0.00;0.000;1.543;0.947;0.000;0.557;102.880;71.85;76.85;21186.0;1187.20;10.29;3.25;0.92;251638.16;40880.00;0.00;28422.5;8.85;1.44;0.00;06/12/2024 16:07:29;
07/12/2024;22;2.0TD;3;0.000182943980000000;0.225;1.248028120;99.107603;0.557;2.195;96.355603;46.20;14.48912;0.89980;0.75;0.25;36.66833;94.62480;101.96000;84.74000;90.60000;2347.2;275.0;200.0;53.0;16.52;0.000;0.17498;0.04096;0.00;0.000;1.180;0.947;0.000;0.557;78.657;45.51;57.97;20838.6;1216.50;12.35;3.25;0.92;271240.32;50168.12;24859.38;28052.1;9.67;1.79;0.89;06/12/2024 16:07:29;
07/12/2024;23;2.0TD;3;0.000171868191000000;0.230;1.276736174;92.794931;0.557;2.195;90.042931;42.24;14.48912;0.89980;0.75;0.25;36.66833;94.62480;101.96000;84.74000;90.60000;2347.2;275.0;200.0;53.0;15.11;0.000;0.17498;0.04096;0.00;0.000;1.098;0.947;0.000;0.557;73.205;41.90;49.90;20440.5;894.00;10.94;3.25;0.92;205184.44;58392.00;24859.38;26361.1;7.78;2.22;0.94;06/12/2024 16:07:29;
07/12/2024;24;2.0TD;3;0.000153225912000000;0.239;1.325312694;83.881268;0.557;2.195;81.129268;35.30;14.48912;0.89980;0.75;0.25;36.66833;94.62480;101.96000;84.74000;90.60000;2347.2;275.0;200.0;53.0;14.44;0.000;0.17498;0.04096;0.00;0.000;0.982;0.947;0.000;0.557;65.479;35.00;43.00;22608.6;887.50;10.27;3.25;0.92;162058.84;60472.04;24859.38;24092.0;6.73;2.51;1.03;06/12/2024 16:07:29;
*
