pvpcdata;
2025;01;13;09;30;34;
19/12/2024;1;2.0TD;3;0.000128637553000000;0.243;1.347895368;124.825010;0.557;2.195;122.073010;75.42;4.67630;0.80298;0.75;0.25;75.91958;94.62480;101.96000;84.74000;90.60000;2630.2;275.0;200.0;53.0;15.84;0.000;0.17498;0.04096;0.00;0.000;1.473;0.947;0.000;0.557;98.208;75.00;85.01;19972.7;866.00;11.67;3.25;0.92;94789.08;180884.00;24859.38;25755.0;3.68;7.02;0.97;18/12/2024 16:11:35;
19/12/2024;2;2.0TD;3;0.000105465384000000;0.255;1.417302091;73.548276;0.557;2.195;70.796276;30.92;4.67630;0.80298;0.75;0.25;75.91958;94.62480;101.96000;84.74000;90.60000;2630.2;275.0;200.0;53.0;19.17;0.000;0.17498;0.04096;0.00;0.000;0.846;0.947;0.000;0.557;56.411;30.10;50.00;20714.3;889.20;15.00;3.25;0.92;149320.68;190080.00;24859.38;24276.6;6.15;7.83;1.02;18/12/2024 16:11:35;
19/12/2024;3;2.0TD;3;0.000092460920000000;0.264;1.467679374;54.795146;0.557;2.195;52.043146;10.36;4.67630;0.80298;0.75;0.25;75.91958;94.62480;101.96000;84.74000;90.60000;2630.2;275.0;200.0;53.0;24.72;0.000;0.17498;0.04096;0.00;0.000;0.618;0.947;0.000;0.557;41.173;10.00;18.00;22160.3;1038.60;20.55;3.25;0.92;262348.32;197960.00;24859.38;23601.7;11.12;8.39;1.05;18/12/2024 16:11:35;
19/12/2024;4;2.0TD;3;0.000085966232000000;0.268;1.490221164;51.212900;0.557;2.195;48.460900;6.29;4.67630;0.80298;0.75;0.25;75.91958;94.62480;101.96000;84.74000;90.60000;2630.2;275.0;200.0;53.0;25.88;0.000;0.17498;0.04096;0.00;0.000;0.573;0.947;0.000;0.557;38.218;6.00;13.28;21760.8;909.30;21.71;3.25;0.92;299954.44;202040.00;0.00;23117.7;12.98;8.74;0.00;18/12/2024 16:11:35;
19/12/2024;5;2.0TD;3;0.000083571399000000;0.267;1.483410598;50.171217;0.557;2.195;47.419217;5.31;4.67630;0.80298;0.75;0.25;75.91958;94.62480;101.96000;84.74000;90.60000;2630.2;275.0;200.0;53.0;26.08;0.000;0.17498;0.04096;0.00;0.000;0.561;0.947;0.000;0.557;37.426;5.00;13.00;21689.9;875.80;21.91;3.25;0.92;301160.36;203120.00;0.00;23015.7;13.08;8.83;0.00;18/12/2024 16:11:35;
19/12/2024;6;2.0TD;3;0.000085780765000000;0.259;1.437727757;59.151895;0.557;2.195;56.399895;14.28;4.67630;0.80298;0.75;0.25;75.91958;94.62480;101.96000;84.74000;90.60000;2630.2;275.0;200.0;53.0;24.37;0.000;0.17498;0.04096;0.00;0.000;0.672;0.947;0.000;0.557;44.797;14.00;20.55;22141.1;977.30;20.20;3.25;0.92;287286.16;193680.00;0.00;23809.7;12.07;8.13;0.00;18/12/2024 16:11:35;
19/12/2024;7;2.0TD;3;0.000097221225000000;0.235;1.303079386;107.552093;0.557;2.195;104.800093;58.41;4.67630;0.80298;0.75;0.25;75.91958;94.62480;101.96000;84.74000;90.60000;2630.2;275.0;200.0;53.0;19.70;0.000;0.17498;0.04096;0.00;0.000;1.273;0.947;0.000;0.557;84.858;58.12;64.34;20053.9;980.90;15.53;3.25;0.92;147147.76;239708.00;24859.38;26522.7;5.55;9.04;0.94;18/12/2024 16:11:35;
19/12/2024;8;2.0TD;3;0.000123027219000000;0.210;1.168656911;135.231724;0.557;2.195;132.479724;86.22;4.67630;0.80298;0.75;0.25;75.91958;94.62480;101.96000;84.74000;90.60000;2630.2;275.0;200.0;53.0;16.15;0.000;0.17498;0.04096;0.00;0.000;1.642;0.947;0.000;0.557;109.487;86.09;88.72;19959.7;1074.40;11.98;3.25;0.92;115829.40;220960.00;24859.38;30175.1;3.84;7.32;0.82;18/12/2024 16:11:35;
19/12/2024;9;2.0TD;2;0.000138492753000000;0.198;1.214569374;187.472358;19.184;8.779;159.509358;111.10;4.67630;0.80298;0.75;0.25;75.91958;94.62480;101.96000;84.74000;90.60000;2630.2;275.0;200.0;53.0;14.42;0.154;0.17498;0.04096;0.00;0.000;1.997;0.947;0.000;0.557;133.146;111.00;112.42;20838.0;1600.90;10.25;3.25;0.92;84447.64;222000.00;24859.38;32316.3;2.61;6.87;0.77;18/12/2024 16:11:35;
19/12/2024;10;2.0TD;2;0.000143751119000000;0.191;1.170591167;189.829875;19.184;8.779;161.866875;109.98;4.67630;0.80298;0.75;0.25;75.91958;94.62480;101.96000;84.74000;90.60000;2630.2;275.0;200.0;53.0;18.26;0.154;0.17498;0.04096;0.00;0.000;2.039;0.947;0.000;0.557;135.908;109.79;112.42;22143.4;1748.20;14.09;3.25;0.92;88968.56;352906.40;24859.38;33115.6;2.69;10.66;0.75;18/12/2024 16:11:35;
19/12/2024;11;2.0TD;1;0.000147803300000000;0.182;1.088607535;209.707134;33.081;43.893;132.733134;86.45;4.67630;0.80298;0.75;0.25;75.91958;94.62480;101.96000;84.74000;90.60000;2630.2;275.0;200.0;53.0;17.76;0.926;0.17498;0.04096;0.00;0.000;1.684;0.947;0.000;0.557;112.295;86.30;89.30;23818.8;1250.20;13.59;3.25;0.92;88985.04;341890.76;24859.38;33535.6;2.65;10.19;0.74;18/12/2024 16:11:35;
19/12/2024;12;2.0TD;1;0.000144935351000000;0.179;1.069094583;194.540785;33.081;43.893;117.566785;77.17;4.67630;0.80298;0.75;0.25;75.91958;94.62480;101.96000;84.74000;90.60000;2630.2;275.0;200.0;53.0;14.65;0.926;0.17498;0.04096;0.00;0.000;1.496;0.947;0.000;0.557;99.717;76.96;80.98;24727.1;1342.40;10.48;3.25;0.92;98513.60;218699.76;24859.38;32626.7;3.02;6.70;0.76;18/12/2024 16:11:35;
19/12/2024;13;2.0TD;1;0.000143790068000000;0.178;1.063111785;190.207336;33.081;43.893;113.233336;74.38;4.67630;0.80298;0.75;0.25;75.91958;94.62480;101.96000;84.74000;90.60000;2630.2;275.0;200.0;53.0;13.90;0.926;0.17498;0.04096;0.00;0.000;1.442;0.947;0.000;0.557;96.123;74.16;78.16;25319.4;1444.20;9.73;3.25;0.92;101571.68;186825.12;24859.38;32190.5;3.16;5.80;0.77;18/12/2024 16:11:35;
19/12/2024;14;2.0TD;1;0.000150796317000000;0.178;1.063591232;186.129100;33.081;43.893;109.155100;70.58;4.67630;0.80298;0.75;0.25;75.91958;94.62480;101.96000;84.74000;90.60000;2630.2;275.0;200.0;53.0;14.29;0.926;0.17498;0.04096;0.00;0.000;1.390;0.947;0.000;0.557;92.661;70.40;74.00;26981.2;1460.90;10.12;3.25;0.92;131001.52;171369.44;24859.38;32324.6;4.05;5.30;0.77;18/12/2024 16:11:35;
19/12/2024;15;2.0TD;2;0.000152630256000000;0.176;1.082731714;125.133969;19.184;8.779;97.170969;60.55;4.67630;0.80298;0.75;0.25;75.91958;94.62480;101.96000;84.74000;90.60000;2630.2;275.0;200.0;53.0;15.21;0.154;0.17498;0.04096;0.00;0.000;1.239;0.947;0.000;0.557;82.628;60.38;64.35;27568.1;1233.90;11.04;3.25;0.92;149598.92;182804.00;24859.38;32363.6;4.62;5.65;0.77;18/12/2024 16:11:35;
19/12/2024;16;2.0TD;2;0.000146897116000000;0.184;1.131745444;127.922644;19.184;8.779;99.959644;61.63;4.67630;0.80298;0.75;0.25;75.91958;94.62480;101.96000;84.74000;90.60000;2630.2;275.0;200.0;53.0;15.90;0.154;0.17498;0.04096;0.00;0.000;1.266;0.947;0.000;0.557;84.425;61.20;70.00;27552.8;1405.50;11.73;3.25;0.92;148463.24;200148.00;24859.38;31832.8;4.66;6.29;0.78;18/12/2024 16:11:35;
19/12/2024;17;2.0TD;2;0.000144520319000000;0.191;1.170793719;160.605117;19.184;8.779;132.642117;83.33;4.67630;0.80298;0.75;0.25;75.91958;94.62480;101.96000;84.74000;90.60000;2630.2;275.0;200.0;53.0;20.74;0.154;0.17498;0.04096;0.00;0.000;1.671;0.947;0.000;0.557;111.370;83.17;86.67;23646.8;1109.80;16.57;3.25;0.92;119587.84;377760.00;24859.38;31521.5;3.79;11.98;0.79;18/12/2024 16:11:35;
19/12/2024;18;2.0TD;2;0.000153423588000000;0.198;1.215866872;185.879018;19.184;8.779;157.916018;101.06;4.67630;0.80298;0.75;0.25;75.91958;94.62480;101.96000;84.74000;90.60000;2630.2;275.0;200.0;53.0;23.15;0.154;0.17498;0.04096;0.00;0.000;1.977;0.947;0.000;0.557;131.816;100.79;105.79;22201.7;1266.80;18.98;3.25;0.92;115163.56;466400.80;24859.38;31954.2;3.60;14.60;0.78;18/12/2024 16:11:35;
19/12/2024;19;2.0TD;1;0.000176514654000000;0.207;1.240424820;240.600201;33.081;43.893;163.626201;112.95;4.67630;0.80298;0.75;0.25;75.91958;94.62480;101.96000;84.74000;90.60000;2630.2;275.0;200.0;53.0;14.18;0.926;0.17498;0.04096;0.00;0.000;2.033;0.947;0.000;0.557;135.564;112.79;115.83;22916.1;1260.00;10.01;3.25;0.92;149740.96;154264.00;24859.38;32879.2;4.55;4.69;0.76;18/12/2024 16:11:35;
19/12/2024;20;2.0TD;1;0.000189432438000000;0.212;1.266847021;246.581735;33.081;43.893;169.607735;120.68;4.67630;0.80298;0.75;0.25;75.91958;94.62480;101.96000;84.74000;90.60000;2630.2;275.0;200.0;53.0;10.76;0.926;0.17498;0.04096;0.00;0.000;2.099;0.947;0.000;0.557;139.940;120.68;120.68;23615.2;1665.00;6.59;3.25;0.92;134729.32;62120.00;24859.38;33676.3;4.00;1.84;0.74;18/12/2024 16:11:35;
19/12/2024;21;2.0TD;1;0.000200992786000000;0.214;1.284326485;249.067454;33.081;43.893;172.093454;122.78;4.67630;0.80298;0.75;0.25;75.91958;94.62480;101.96000;84.74000;90.60000;2630.2;275.0;200.0;53.0;10.45;0.926;0.17498;0.04096;0.00;0.000;2.126;0.947;0.000;0.557;141.757;122.78;122.78;23950.9;1741.40;6.28;3.25;0.92;125838.36;63040.00;24859.38;34049.1;3.70;1.85;0.73;18/12/2024 16:11:35;
19/12/2024;22;2.0TD;1;0.000203857495000000;0.220;1.314547627;250.785418;33.081;43.893;173.811418;122.78;4.67630;0.80298;0.75;0.25;75.91958;94.62480;101.96000;84.74000;90.60000;2630.2;275.0;200.0;53.0;11.15;0.926;0.17498;0.04096;0.00;0.000;2.137;0.947;0.000;0.557;142.468;122.78;122.78;23500.2;1780.40;6.98;3.25;0.92;126215.24;82176.00;24859.38;33408.1;3.78;2.46;0.74;18/12/2024 16:11:35;
19/12/2024;23;2.0TD;2;0.000187371569000000;0.222;1.363700066;198.173395;19.184;8.779;170.210395;120.68;4.67630;0.80298;0.75;0.25;75.91958;94.62480;101.96000;84.74000;90.60000;2630.2;275.0;200.0;53.0;10.89;0.154;0.17498;0.04096;0.00;0.000;2.089;0.947;0.000;0.557;139.288;120.68;120.68;22219.8;2054.50;6.72;3.25;0.92;95667.16;86202.40;24859.38;30783.7;3.11;2.80;0.81;18/12/2024 16:11:35;
19/12/2024;24;2.0TD;2;0.000158675785000000;0.229;1.404830480;184.887097;19.184;8.779;156.924097;103.97;4.67630;0.80298;0.75;0.25;75.91958;94.62480;101.96000;84.74000;90.60000;2630.2;275.0;200.0;53.0;16.17;0.154;0.17498;0.04096;0.00;0.000;1.915;0.947;0.000;0.557;127.684;103.90;105.54;20127.7;920.40;12.00;3.25;0.92;80716.36;223386.24;24859.38;27417.6;2.94;8.15;0.91;18/12/2024 16:11:35;
*
