pvpcdata;
2024;09;10;12;19;05;
18/08/2024;1;2.0TD;3;0.000113987295000000;0.188;1.044730375;171.223329;0.557;2.195;168.471329;119.19;8.36454;0.93771;0.75;0.25;55.59583;89.05400;101.96000;73.51000;75.32000;2414.4;275.0;234.0;57.0;10.93;0.000;0.17498;0.04096;0.00;0.000;2.127;0.947;0.000;0.557;141.810;119.50;115.50;16838.7;1431.20;6.80;3.08;1.05;114810.36;24832.00;24859.38;24218.6;4.74;1.03;1.03;17/08/2024 16:10:46;
18/08/2024;2;2.0TD;3;0.000101758621000000;0.187;1.037478734;162.163587;0.557;2.195;159.411587;111.06;8.36454;0.93771;0.75;0.25;55.59583;89.05400;101.96000;73.51000;75.32000;2414.4;275.0;234.0;57.0;11.66;0.000;0.17498;0.04096;0.00;0.000;2.014;0.947;0.000;0.557;134.297;111.62;103.81;15854.7;1227.60;7.53;3.08;1.05;139071.28;32881.20;0.00;22850.2;6.09;1.44;0.00;17/08/2024 16:10:46;
18/08/2024;3;2.0TD;3;0.000091422410000000;0.185;1.030043085;155.097831;0.557;2.195;152.345831;103.26;8.36454;0.93771;0.75;0.25;55.59583;89.05400;101.96000;73.51000;75.32000;2414.4;275.0;234.0;57.0;13.81;0.000;0.17498;0.04096;0.00;0.000;1.928;0.947;0.000;0.557;128.561;103.90;95.90;15321.1;1325.60;9.68;3.08;1.05;162752.12;47232.64;0.00;21687.8;7.50;2.18;0.00;17/08/2024 16:10:46;
18/08/2024;4;2.0TD;3;0.000084549265000000;0.184;1.023623871;143.574454;0.557;2.195;140.822454;92.75;8.36454;0.93771;0.75;0.25;55.59583;89.05400;101.96000;73.51000;75.32000;2414.4;275.0;234.0;57.0;14.84;0.000;0.17498;0.04096;0.00;0.000;1.784;0.947;0.000;0.557;118.937;93.38;85.38;14808.7;1267.40;10.71;3.08;1.05;186581.56;36992.00;0.00;20881.5;8.94;1.77;0.00;17/08/2024 16:10:46;
18/08/2024;5;2.0TD;3;0.000080542129000000;0.182;1.010745196;136.220938;0.557;2.195;133.468938;84.99;8.36454;0.93771;0.75;0.25;55.59583;89.05400;101.96000;73.51000;75.32000;2414.4;275.0;234.0;57.0;16.67;0.000;0.17498;0.04096;0.00;0.000;1.694;0.947;0.000;0.557;112.917;85.00;84.85;14240.5;905.10;12.54;3.08;1.05;204352.24;47936.00;0.00;20122.4;10.16;2.38;0.00;17/08/2024 16:10:46;
18/08/2024;6;2.0TD;3;0.000078122360000000;0.180;1.002486614;132.916482;0.557;2.195;130.164482;84.67;8.36454;0.93771;0.75;0.25;55.59583;89.05400;101.96000;73.51000;75.32000;2414.4;275.0;234.0;57.0;14.42;0.000;0.17498;0.04096;0.00;0.000;1.655;0.947;0.000;0.557;110.308;84.50;87.50;13969.4;814.40;10.29;3.08;1.05;157955.24;44864.00;0.00;19712.7;8.01;2.28;0.00;17/08/2024 16:10:46;
18/08/2024;7;2.0TD;3;0.000077191924000000;0.179;0.996801952;128.006464;0.557;2.195;125.254464;80.07;8.36454;0.93771;0.75;0.25;55.59583;89.05400;101.96000;73.51000;75.32000;2414.4;275.0;234.0;57.0;15.01;0.000;0.17498;0.04096;0.00;0.000;1.594;0.947;0.000;0.557;106.237;79.44;90.44;13643.7;829.70;10.88;3.08;1.05;164152.24;50496.80;0.00;19722.4;8.32;2.56;0.00;17/08/2024 16:10:46;
18/08/2024;8;2.0TD;3;0.000073105633000000;0.177;0.981088242;124.698478;0.557;2.195;121.946478;76.94;8.36454;0.93771;0.75;0.25;55.59583;89.05400;101.96000;73.51000;75.32000;2414.4;275.0;234.0;57.0;15.55;0.000;0.17498;0.04096;0.00;0.000;1.554;0.947;0.000;0.557;103.607;76.23;89.08;13689.8;801.30;11.42;3.08;1.05;169795.00;53564.96;0.00;19564.6;8.68;2.74;0.00;17/08/2024 16:10:46;
18/08/2024;9;2.0TD;3;0.000076212834000000;0.169;0.938193090;115.348774;0.557;2.195;112.596774;63.53;8.36454;0.93771;0.75;0.25;55.59583;89.05400;101.96000;73.51000;75.32000;2414.4;275.0;234.0;57.0;21.78;0.000;0.17498;0.04096;0.00;0.000;1.445;0.947;0.000;0.557;96.318;63.10;73.09;17405.4;776.70;17.65;3.08;1.05;167136.36;183494.96;0.00;19866.5;8.41;9.24;0.00;17/08/2024 16:10:46;
18/08/2024;10;2.0TD;3;0.000086742182000000;0.159;0.882008214;87.922138;0.557;2.195;85.170138;40.60;8.36454;0.93771;0.75;0.25;55.59583;89.05400;101.96000;73.51000;75.32000;2414.4;275.0;234.0;57.0;22.22;0.000;0.17498;0.04096;0.00;0.000;1.102;0.947;0.000;0.557;73.485;40.71;38.71;21170.0;1237.70;18.09;3.08;1.05;256018.84;135181.80;0.00;21629.7;11.84;6.25;0.00;17/08/2024 16:10:46;
18/08/2024;11;2.0TD;3;0.000096506608000000;0.154;0.857305611;36.064383;0.557;2.195;33.312383;0.44;8.36454;0.93771;0.75;0.25;55.59583;89.05400;101.96000;73.51000;75.32000;2414.4;275.0;234.0;57.0;18.43;0.000;0.17498;0.04096;0.00;0.000;0.433;0.947;0.000;0.557;28.866;0.44;0.44;24836.0;1437.00;14.30;3.08;1.05;315614.08;10975.92;0.00;22841.3;13.82;0.48;0.00;17/08/2024 16:10:46;
18/08/2024;12;2.0TD;3;0.000102860274000000;0.152;0.842208943;34.474489;0.557;2.195;31.722489;-0.03;8.36454;0.93771;0.75;0.25;55.59583;89.05400;101.96000;73.51000;75.32000;2414.4;275.0;234.0;57.0;17.59;0.000;0.17498;0.04096;0.00;0.000;0.413;0.947;0.000;0.557;27.536;0.00;-0.61;25413.7;1548.10;13.46;3.08;1.05;316046.28;1597.00;0.00;23594.3;13.40;0.07;0.00;17/08/2024 16:10:46;
18/08/2024;13;2.0TD;3;0.000107841433000000;0.152;0.846335034;34.018297;0.557;2.195;31.266297;0.00;8.36454;0.93771;0.75;0.25;55.59583;89.05400;101.96000;73.51000;75.32000;2414.4;275.0;234.0;57.0;17.17;0.000;0.17498;0.04096;0.00;0.000;0.407;0.947;0.000;0.557;27.140;0.00;0.00;26177.7;1499.50;13.04;3.08;1.05;315900.48;1533.12;0.00;24347.4;12.97;0.06;0.00;17/08/2024 16:10:46;
18/08/2024;14;2.0TD;3;0.000116482628000000;0.150;0.834906421;33.380965;0.557;2.195;30.628965;-0.03;8.36454;0.93771;0.75;0.25;55.59583;89.05400;101.96000;73.51000;75.32000;2414.4;275.0;234.0;57.0;16.70;0.000;0.17498;0.04096;0.00;0.000;0.400;0.947;0.000;0.557;26.633;0.00;-0.61;26998.9;1472.90;12.57;3.08;1.05;315715.48;530.24;0.00;25165.9;12.55;0.02;0.00;17/08/2024 16:10:46;
18/08/2024;15;2.0TD;3;0.000121853880000000;0.148;0.823597259;32.941970;0.557;2.195;30.189970;-0.05;8.36454;0.93771;0.75;0.25;55.59583;89.05400;101.96000;73.51000;75.32000;2414.4;275.0;234.0;57.0;16.39;0.000;0.17498;0.04096;0.00;0.000;0.394;0.947;0.000;0.557;26.297;0.00;-0.95;27187.2;1516.10;12.26;3.08;1.05;315477.12;528.64;0.00;25776.7;12.24;0.02;0.00;17/08/2024 16:10:46;
18/08/2024;16;2.0TD;3;0.000117786409000000;0.150;0.832881744;33.134865;0.557;2.195;30.382865;-0.05;8.36454;0.93771;0.75;0.25;55.59583;89.05400;101.96000;73.51000;75.32000;2414.4;275.0;234.0;57.0;16.51;0.000;0.17498;0.04096;0.00;0.000;0.396;0.947;0.000;0.557;26.419;0.00;-0.95;26423.3;1476.20;12.38;3.08;1.05;315400.92;635.60;0.00;25529.1;12.35;0.02;0.00;17/08/2024 16:10:46;
18/08/2024;17;2.0TD;3;0.000115575498000000;0.151;0.838152225;33.313217;0.557;2.195;30.561217;-0.05;8.36454;0.93771;0.75;0.25;55.59583;89.05400;101.96000;73.51000;75.32000;2414.4;275.0;234.0;57.0;16.64;0.000;0.17498;0.04096;0.00;0.000;0.398;0.947;0.000;0.557;26.551;0.00;-0.95;26289.6;1545.40;12.51;3.08;1.05;315310.24;766.08;0.00;25257.8;12.48;0.03;0.00;17/08/2024 16:10:46;
18/08/2024;18;2.0TD;3;0.000116073035000000;0.154;0.857415625;33.322479;0.557;2.195;30.570479;-0.05;8.36454;0.93771;0.75;0.25;55.59583;89.05400;101.96000;73.51000;75.32000;2414.4;275.0;234.0;57.0;16.58;0.000;0.17498;0.04096;0.00;0.000;0.397;0.947;0.000;0.557;26.490;0.00;-0.95;26300.4;1443.00;12.45;3.08;1.05;315298.20;1598.00;0.00;25454.7;12.39;0.06;0.00;17/08/2024 16:10:46;
18/08/2024;19;2.0TD;3;0.000117856462000000;0.164;0.910500573;36.648708;0.557;2.195;33.896708;3.32;8.36454;0.93771;0.75;0.25;55.59583;89.05400;101.96000;73.51000;75.32000;2414.4;275.0;234.0;57.0;15.80;0.000;0.17498;0.04096;0.00;0.000;0.437;0.947;0.000;0.557;29.120;3.32;3.32;27354.0;1070.50;11.67;3.08;1.05;290495.72;14430.00;0.00;26140.0;11.11;0.55;0.00;17/08/2024 16:10:46;
18/08/2024;20;2.0TD;3;0.000119614002000000;0.173;0.961605789;108.255002;0.557;2.195;105.503002;62.14;8.36454;0.93771;0.75;0.25;55.59583;89.05400;101.96000;73.51000;75.32000;2414.4;275.0;234.0;57.0;16.89;0.000;0.17498;0.04096;0.00;0.000;1.349;0.947;0.000;0.557;89.942;61.99;66.99;22284.3;683.30;12.76;3.08;1.05;178237.48;154353.60;0.00;26066.4;6.84;5.92;0.00;17/08/2024 16:10:46;
18/08/2024;21;2.0TD;3;0.000123667277000000;0.179;0.994951397;139.616077;0.557;2.195;136.864077;89.90;8.36454;0.93771;0.75;0.25;55.59583;89.05400;101.96000;73.51000;75.32000;2414.4;275.0;234.0;57.0;14.88;0.000;0.17498;0.04096;0.00;0.000;1.741;0.947;0.000;0.557;116.084;89.50;96.50;18347.0;1113.10;10.75;3.08;1.05;146288.60;137165.60;0.00;26360.0;5.55;5.20;0.00;17/08/2024 16:10:46;
18/08/2024;22;2.0TD;3;0.000140880888000000;0.182;1.012618554;162.788752;0.557;2.195;160.036752;109.90;8.36454;0.93771;0.75;0.25;55.59583;89.05400;101.96000;73.51000;75.32000;2414.4;275.0;234.0;57.0;13.90;0.000;0.17498;0.04096;0.00;0.000;2.031;0.947;0.000;0.557;135.394;110.34;103.34;18376.8;1237.70;9.77;3.08;1.05;227704.84;18048.00;24859.38;27711.8;8.22;0.65;0.90;17/08/2024 16:10:46;
18/08/2024;23;2.0TD;3;0.000141311720000000;0.182;1.013141811;164.372632;0.557;2.195;161.620632;111.22;8.36454;0.93771;0.75;0.25;55.59583;89.05400;101.96000;73.51000;75.32000;2414.4;275.0;234.0;57.0;13.90;0.000;0.17498;0.04096;0.00;0.000;2.051;0.947;0.000;0.557;136.734;111.64;104.94;18186.0;1212.70;9.77;3.08;1.05;225615.84;16896.00;24859.38;27365.0;8.24;0.62;0.91;17/08/2024 16:10:46;
18/08/2024;24;2.0TD;3;0.000127275301000000;0.183;1.016321865;152.968019;0.557;2.195;150.216019;99.39;8.36454;0.93771;0.75;0.25;55.59583;89.05400;101.96000;73.51000;75.32000;2414.4;275.0;234.0;57.0;16.12;0.000;0.17498;0.04096;0.00;0.000;1.905;0.947;0.000;0.557;126.978;99.69;94.69;17396.1;1104.10;11.99;3.08;1.05;248321.96;34836.40;24859.38;25698.2;9.66;1.36;0.97;17/08/2024 16:10:46;
*
