pvpcdata;
2024;10;09;11;29;39;
17/09/2024;1;2.0TD;3;0.000090468657000000;0.164;0.911438526;73.735318;0.557;2.195;70.983318;26.30;16.24698;1.25542;0.75;0.25;25.69708;90.68500;101.96000;73.51000;91.63000;1774.7;275.0;234.0;48.0;11.65;0.000;0.17498;0.04096;0.00;0.000;0.915;0.947;0.000;0.557;60.982;26.30;26.30;20951.1;1496.60;7.52;3.08;1.05;100309.76;61719.68;24859.38;24868.5;4.03;2.48;1.00;16/09/2024 16:11:01;
17/09/2024;2;2.0TD;3;0.000077776658000000;0.172;0.955328444;61.848028;0.557;2.195;59.096028;12.18;16.24698;1.25542;0.75;0.25;25.69708;90.68500;101.96000;73.51000;91.63000;1774.7;275.0;234.0;48.0;15.37;0.000;0.17498;0.04096;0.00;0.000;0.756;0.947;0.000;0.557;50.423;12.18;12.18;19902.9;1223.00;11.24;3.08;1.05;180192.80;63616.32;24859.38;23898.2;7.54;2.66;1.04;16/09/2024 16:11:01;
17/09/2024;3;2.0TD;3;0.000070471872000000;0.178;0.987650047;57.714219;0.557;2.195;54.962219;6.99;16.24698;1.25542;0.75;0.25;25.69708;90.68500;101.96000;73.51000;91.63000;1774.7;275.0;234.0;48.0;16.85;0.000;0.17498;0.04096;0.00;0.000;0.700;0.947;0.000;0.557;46.657;6.99;7.00;19038.8;1159.20;12.72;3.08;1.05;198119.52;70812.16;24859.38;23107.8;8.57;3.06;1.08;16/09/2024 16:11:01;
17/09/2024;4;2.0TD;3;0.000066598358000000;0.180;0.998011221;59.496113;0.557;2.195;56.744113;9.24;16.24698;1.25542;0.75;0.25;25.69708;90.68500;101.96000;73.51000;91.63000;1774.7;275.0;234.0;48.0;16.01;0.000;0.17498;0.04096;0.00;0.000;0.721;0.947;0.000;0.557;48.088;9.24;9.24;18616.3;1172.30;11.88;3.08;1.05;201003.56;67648.80;0.00;22617.8;8.89;2.99;0.00;16/09/2024 16:11:01;
17/09/2024;5;2.0TD;3;0.000064722973000000;0.180;1.000048694;54.105873;0.557;2.195;51.353873;5.15;16.24698;1.25542;0.75;0.25;25.69708;90.68500;101.96000;73.51000;91.63000;1774.7;275.0;234.0;48.0;15.60;0.000;0.17498;0.04096;0.00;0.000;0.653;0.947;0.000;0.557;43.520;5.15;5.15;18526.2;1168.00;11.47;3.08;1.05;185277.00;73267.20;0.00;22533.6;8.22;3.25;0.00;16/09/2024 16:11:01;
17/09/2024;6;2.0TD;3;0.000065160842000000;0.175;0.969570198;53.411222;0.557;2.195;50.659222;5.03;16.24698;1.25542;0.75;0.25;25.69708;90.68500;101.96000;73.51000;91.63000;1774.7;275.0;234.0;48.0;15.32;0.000;0.17498;0.04096;0.00;0.000;0.647;0.947;0.000;0.557;43.114;5.00;5.50;18731.2;1293.10;11.19;3.08;1.05;185508.20;72676.88;0.00;23078.3;8.04;3.15;0.00;16/09/2024 16:11:01;
17/09/2024;7;2.0TD;3;0.000071164796000000;0.160;0.891392906;84.231829;0.557;2.195;81.479829;33.88;16.24698;1.25542;0.75;0.25;25.69708;90.68500;101.96000;73.51000;91.63000;1774.7;275.0;234.0;48.0;13.19;0.000;0.17498;0.04096;0.00;0.000;1.054;0.947;0.000;0.557;70.241;33.88;33.88;19556.4;1448.00;9.06;3.08;1.05;146642.44;55656.32;24859.38;25066.9;5.85;2.22;0.99;16/09/2024 16:11:01;
17/09/2024;8;2.0TD;3;0.000084674977000000;0.147;0.819159066;98.852514;0.557;2.195;96.100514;50.10;16.24698;1.25542;0.75;0.25;25.69708;90.68500;101.96000;73.51000;91.63000;1774.7;275.0;234.0;48.0;10.31;0.000;0.17498;0.04096;0.00;0.000;1.257;0.947;0.000;0.557;83.784;49.71;57.22;19839.8;1077.80;6.18;3.08;1.05;88662.40;55401.60;24859.38;27330.3;3.24;2.03;0.91;16/09/2024 16:11:01;
17/09/2024;9;2.0TD;2;0.000088738027000000;0.147;0.904435330;132.324208;19.184;8.779;104.361208;53.54;16.24698;1.25542;0.75;0.25;25.69708;90.68500;101.96000;73.51000;91.63000;1774.7;275.0;234.0;48.0;13.81;0.154;0.17498;0.04096;0.00;0.000;1.365;0.947;0.000;0.557;90.986;53.34;57.33;20625.2;1089.30;9.68;3.08;1.05;131709.72;120627.20;24859.38;28643.4;4.60;4.21;0.87;16/09/2024 16:11:01;
17/09/2024;10;2.0TD;2;0.000091871253000000;0.138;0.844420799;107.971492;19.184;8.779;80.008492;33.99;16.24698;1.25542;0.75;0.25;25.69708;90.68500;101.96000;73.51000;91.63000;1774.7;275.0;234.0;48.0;12.99;0.154;0.17498;0.04096;0.00;0.000;1.055;0.947;0.000;0.557;70.306;33.99;33.99;24020.5;1540.00;8.86;3.08;1.05;157208.76;79511.76;24859.38;29525.7;5.32;2.69;0.84;16/09/2024 16:11:01;
17/09/2024;11;2.0TD;1;0.000095229302000000;0.141;0.846374296;118.575124;33.081;43.893;41.601124;0.44;16.24698;1.25542;0.75;0.25;25.69708;90.68500;101.96000;73.51000;91.63000;1774.7;275.0;234.0;48.0;12.43;0.926;0.17498;0.04096;0.00;0.000;0.547;0.947;0.000;0.557;36.460;0.44;0.44;27699.8;1080.20;8.30;3.08;1.05;209500.76;10401.60;24859.38;29473.7;7.11;0.35;0.84;16/09/2024 16:11:01;
17/09/2024;12;2.0TD;1;0.000096653829000000;0.143;0.854360295;116.791813;33.081;43.893;39.817813;0.00;16.24698;1.25542;0.75;0.25;25.69708;90.68500;101.96000;73.51000;91.63000;1774.7;275.0;234.0;48.0;11.27;0.926;0.17498;0.04096;0.00;0.000;0.523;0.947;0.000;0.557;34.836;0.00;0.00;27678.9;973.20;7.14;3.08;1.05;176817.96;7612.80;24859.38;29343.0;6.03;0.26;0.85;16/09/2024 16:11:01;
17/09/2024;13;2.0TD;1;0.000100496676000000;0.140;0.841084765;116.593824;33.081;43.893;39.619824;0.00;16.24698;1.25542;0.75;0.25;25.69708;90.68500;101.96000;73.51000;91.63000;1774.7;275.0;234.0;48.0;11.19;0.926;0.17498;0.04096;0.00;0.000;0.521;0.947;0.000;0.557;34.754;0.00;0.00;27681.9;866.50;7.06;3.08;1.05;176863.36;6403.20;24859.38;29447.8;6.01;0.22;0.84;16/09/2024 16:11:01;
17/09/2024;14;2.0TD;1;0.000107938128000000;0.135;0.809957939;116.247533;33.081;43.893;39.273533;-0.08;16.24698;1.25542;0.75;0.25;25.69708;90.68500;101.96000;73.51000;91.63000;1774.7;275.0;234.0;48.0;11.12;0.926;0.17498;0.04096;0.00;0.000;0.519;0.947;0.000;0.557;34.602;0.00;-3.00;28170.1;955.50;6.99;3.08;1.05;177116.80;6406.40;24859.38;29799.8;5.94;0.21;0.83;16/09/2024 16:11:01;
17/09/2024;15;2.0TD;2;0.000108644456000000;0.134;0.823884698;66.531737;19.184;8.779;38.568737;-0.02;16.24698;1.25542;0.75;0.25;25.69708;90.68500;101.96000;73.51000;91.63000;1774.7;275.0;234.0;48.0;11.25;0.154;0.17498;0.04096;0.00;0.000;0.510;0.947;0.000;0.557;34.011;0.00;-0.71;27830.5;936.90;7.12;3.08;1.05;177129.72;6403.20;24859.38;29291.7;6.05;0.22;0.85;16/09/2024 16:11:01;
17/09/2024;16;2.0TD;2;0.000102872662000000;0.141;0.862982472;66.886197;19.184;8.779;38.923197;-0.07;16.24698;1.25542;0.75;0.25;25.69708;90.68500;101.96000;73.51000;91.63000;1774.7;275.0;234.0;48.0;11.40;0.154;0.17498;0.04096;0.00;0.000;0.512;0.947;0.000;0.557;34.113;0.00;-2.75;27143.7;1077.30;7.27;3.08;1.05;177147.68;6403.20;24859.38;28668.7;6.18;0.22;0.87;16/09/2024 16:11:01;
17/09/2024;17;2.0TD;2;0.000100870820000000;0.146;0.893312994;68.545417;19.184;8.779;40.582417;0.00;16.24698;1.25542;0.75;0.25;25.69708;90.68500;101.96000;73.51000;91.63000;1774.7;275.0;234.0;48.0;12.61;0.154;0.17498;0.04096;0.00;0.000;0.531;0.947;0.000;0.557;35.412;0.00;0.00;27213.7;907.90;8.48;3.08;1.05;210547.36;6352.00;24859.38;28518.0;7.38;0.22;0.87;16/09/2024 16:11:01;
17/09/2024;18;2.0TD;2;0.000104165432000000;0.149;0.913922673;77.960852;19.184;8.779;49.997852;3.00;16.24698;1.25542;0.75;0.25;25.69708;90.68500;101.96000;73.51000;91.63000;1774.7;275.0;234.0;48.0;17.59;0.154;0.17498;0.04096;0.00;0.000;0.653;0.947;0.000;0.557;43.514;3.00;3.00;27913.0;1125.70;13.46;3.08;1.05;206328.12;162052.80;24859.38;29211.9;7.06;5.55;0.85;16/09/2024 16:11:01;
17/09/2024;19;2.0TD;1;0.000107153498000000;0.149;0.894512862;159.122021;33.081;43.893;82.148021;32.36;16.24698;1.25542;0.75;0.25;25.69708;90.68500;101.96000;73.51000;91.63000;1774.7;275.0;234.0;48.0;15.02;0.926;0.17498;0.04096;0.00;0.000;1.072;0.947;0.000;0.557;71.495;32.26;35.21;28023.9;998.50;10.89;3.08;1.05;160034.80;133688.16;24859.38;29256.1;5.47;4.57;0.85;16/09/2024 16:11:01;
17/09/2024;20;2.0TD;1;0.000111350717000000;0.150;0.896221589;185.626266;33.081;43.893;108.652266;50.95;16.24698;1.25542;0.75;0.25;25.69708;90.68500;101.96000;73.51000;91.63000;1774.7;275.0;234.0;48.0;19.07;0.926;0.17498;0.04096;0.00;0.000;1.417;0.947;0.000;0.557;94.480;50.76;55.76;24339.7;969.00;14.94;3.08;1.05;98046.04;317000.00;24859.38;29439.1;3.33;10.77;0.84;16/09/2024 16:11:01;
17/09/2024;21;2.0TD;1;0.000131195431000000;0.144;0.862295961;225.303017;33.081;43.893;148.329017;93.25;16.24698;1.25542;0.75;0.25;25.69708;90.68500;101.96000;73.51000;91.63000;1774.7;275.0;234.0;48.0;11.42;0.926;0.17498;0.04096;0.00;0.000;1.945;0.947;0.000;0.557;129.658;93.52;89.34;21269.7;1439.90;7.29;3.08;1.05;157451.28;37806.24;24859.38;30165.0;5.22;1.25;0.82;16/09/2024 16:11:01;
17/09/2024;22;2.0TD;1;0.000143383725000000;0.142;0.852406109;217.541903;33.081;43.893;140.567903;85.17;16.24698;1.25542;0.75;0.25;25.69708;90.68500;101.96000;73.51000;91.63000;1774.7;275.0;234.0;48.0;13.03;0.926;0.17498;0.04096;0.00;0.000;1.846;0.947;0.000;0.557;123.089;85.23;84.23;21344.5;1382.10;8.90;3.08;1.05;180242.68;62531.84;24859.38;30077.4;5.99;2.08;0.83;16/09/2024 16:11:01;
17/09/2024;23;2.0TD;2;0.000126970914000000;0.151;0.925854975;143.801058;19.184;8.779;115.838058;60.74;16.24698;1.25542;0.75;0.25;25.69708;90.68500;101.96000;73.51000;91.63000;1774.7;275.0;234.0;48.0;16.12;0.154;0.17498;0.04096;0.00;0.000;1.510;0.947;0.000;0.557;100.641;60.74;60.74;19948.3;1325.20;11.99;3.08;1.05;218955.00;88924.44;24859.38;27756.1;7.89;3.20;0.90;16/09/2024 16:11:01;
17/09/2024;24;2.0TD;2;0.000106984224000000;0.154;0.944057708;133.359241;19.184;8.779;105.396241;55.37;16.24698;1.25542;0.75;0.25;25.69708;90.68500;101.96000;73.51000;91.63000;1774.7;275.0;234.0;48.0;12.32;0.154;0.17498;0.04096;0.00;0.000;1.370;0.947;0.000;0.557;91.331;55.00;61.69;20578.7;1210.60;8.19;3.08;1.05;118698.36;62406.40;24859.38;25160.8;4.72;2.48;0.99;16/09/2024 16:11:01;
*
