pvpcdata;
2024;08;09;11;56;39;
12/07/2024;1;2.0TD;3;0.000115713609000000;0.166;0.921657182;123.769250;0.557;2.195;121.017250;84.85;7.53663;1.09080;0.75;0.25;58.78250;88.92900;101.96000;73.51000;74.07000;2090.2;275.0;234.0;61.0;7.44;0.000;0.17498;0.04096;0.00;0.000;1.557;0.947;0.000;0.557;103.788;85.00;83.00;18200.7;1435.50;3.22;3.13;1.09;56426.88;6656.00;24859.38;27258.7;2.07;0.24;0.91;11/07/2024 16:18:17;
12/07/2024;2;2.0TD;3;0.000098915060000000;0.166;0.921865606;109.540552;0.557;2.195;106.788552;71.32;7.53663;1.09080;0.75;0.25;58.78250;88.92900;101.96000;73.51000;74.07000;2090.2;275.0;234.0;61.0;8.95;0.000;0.17498;0.04096;0.00;0.000;1.374;0.947;0.000;0.557;91.585;71.32;71.32;19259.7;1163.60;4.73;3.13;1.09;75863.40;21645.52;24859.38;25835.6;2.94;0.84;0.96;11/07/2024 16:18:17;
12/07/2024;3;2.0TD;3;0.000087405919000000;0.167;0.927535904;113.245169;0.557;2.195;110.493169;74.43;7.53663;1.09080;0.75;0.25;58.78250;88.92900;101.96000;73.51000;74.07000;2090.2;275.0;234.0;61.0;8.89;0.000;0.17498;0.04096;0.00;0.000;1.420;0.947;0.000;0.557;94.681;74.44;74.29;18375.6;1190.30;4.67;3.13;1.09;71254.16;18635.64;24859.38;24581.5;2.90;0.76;1.01;11/07/2024 16:18:17;
12/07/2024;4;2.0TD;3;0.000081148082000000;0.167;0.928057262;100.059236;0.557;2.195;97.307236;62.98;7.53663;1.09080;0.75;0.25;58.78250;88.92900;101.96000;73.51000;74.07000;2090.2;275.0;234.0;61.0;9.21;0.000;0.17498;0.04096;0.00;0.000;1.251;0.947;0.000;0.557;83.382;62.70;67.70;18294.7;1095.90;4.99;3.13;1.09;88217.28;31315.56;0.00;23966.0;3.68;1.31;0.00;11/07/2024 16:18:17;
12/07/2024;5;2.0TD;3;0.000077580956000000;0.168;0.932706609;93.869291;0.557;2.195;91.117291;56.63;7.53663;1.09080;0.75;0.25;58.78250;88.92900;101.96000;73.51000;74.07000;2090.2;275.0;234.0;61.0;10.27;0.000;0.17498;0.04096;0.00;0.000;1.170;0.947;0.000;0.557;78.011;56.50;58.73;18477.3;1126.90;6.05;3.13;1.09;97309.96;46051.20;0.00;23701.2;4.11;1.94;0.00;11/07/2024 16:18:17;
12/07/2024;6;2.0TD;3;0.000076509766000000;0.167;0.928937049;97.879280;0.557;2.195;95.127280;60.42;7.53663;1.09080;0.75;0.25;58.78250;88.92900;101.96000;73.51000;74.07000;2090.2;275.0;234.0;61.0;9.93;0.000;0.17498;0.04096;0.00;0.000;1.223;0.947;0.000;0.557;81.514;60.30;62.30;18536.0;1131.20;5.71;3.13;1.09;91644.28;44452.20;0.00;23855.0;3.84;1.86;0.00;11/07/2024 16:18:17;
12/07/2024;7;2.0TD;3;0.000077685680000000;0.163;0.904472279;108.014408;0.557;2.195;105.262408;70.06;7.53663;1.09080;0.75;0.25;58.78250;88.92900;101.96000;73.51000;74.07000;2090.2;275.0;234.0;61.0;9.15;0.000;0.17498;0.04096;0.00;0.000;1.358;0.947;0.000;0.557;90.509;70.00;71.00;19006.3;1243.10;4.93;3.13;1.09;78147.28;23054.40;24859.38;25574.1;3.06;0.90;0.97;11/07/2024 16:18:17;
12/07/2024;8;2.0TD;3;0.000082035176000000;0.160;0.890026090;114.902400;0.557;2.195;112.150400;75.70;7.53663;1.09080;0.75;0.25;58.78250;88.92900;101.96000;73.51000;74.07000;2090.2;275.0;234.0;61.0;9.59;0.000;0.17498;0.04096;0.00;0.000;1.450;0.947;0.000;0.557;96.681;75.60;77.33;18854.1;1159.60;5.37;3.13;1.09;47956.20;75176.64;24859.38;27531.8;1.74;2.73;0.90;11/07/2024 16:18:17;
12/07/2024;9;2.0TD;2;0.000093960252000000;0.141;0.864088656;135.848405;19.184;8.779;107.885405;73.72;7.53663;1.09080;0.75;0.25;58.78250;88.92900;101.96000;73.51000;74.07000;2090.2;275.0;234.0;61.0;9.32;0.154;0.17498;0.04096;0.00;0.000;1.418;0.947;0.000;0.557;94.553;73.72;73.72;20991.1;1452.30;5.10;3.13;1.09;41323.68;82648.56;24859.38;29145.9;1.42;2.84;0.85;11/07/2024 16:18:17;
12/07/2024;10;2.0TD;2;0.000106689111000000;0.139;0.850054754;109.849559;19.184;8.779;81.886559;49.52;7.53663;1.09080;0.75;0.25;58.78250;88.92900;101.96000;73.51000;74.07000;2090.2;275.0;234.0;61.0;11.20;0.154;0.17498;0.04096;0.00;0.000;1.078;0.947;0.000;0.557;71.893;49.00;59.01;24731.3;1341.50;6.98;3.13;1.09;102144.08;84233.60;24859.38;30239.8;3.38;2.79;0.82;11/07/2024 16:18:17;
12/07/2024;11;2.0TD;1;0.000116274424000000;0.144;0.863995907;150.535922;33.081;43.893;73.561922;42.33;7.53663;1.09080;0.75;0.25;58.78250;88.92900;101.96000;73.51000;74.07000;2090.2;275.0;234.0;61.0;10.14;0.926;0.17498;0.04096;0.00;0.000;0.965;0.947;0.000;0.557;64.302;41.75;54.35;28325.6;1357.00;5.92;3.13;1.09;118974.28;38668.80;24859.38;30837.5;3.86;1.25;0.81;11/07/2024 16:18:17;
12/07/2024;12;2.0TD;1;0.000121920369000000;0.144;0.863063539;150.245346;33.081;43.893;73.271346;41.97;7.53663;1.09080;0.75;0.25;58.78250;88.92900;101.96000;73.51000;74.07000;2090.2;275.0;234.0;61.0;10.25;0.926;0.17498;0.04096;0.00;0.000;0.961;0.947;0.000;0.557;64.048;41.36;54.41;29293.9;1440.00;6.03;3.13;1.09;121206.48;42783.84;24859.38;31287.9;3.87;1.37;0.79;11/07/2024 16:18:17;
12/07/2024;13;2.0TD;1;0.000129315710000000;0.145;0.865692810;150.402139;33.081;43.893;73.428139;41.97;7.53663;1.09080;0.75;0.25;58.78250;88.92900;101.96000;73.51000;74.07000;2090.2;275.0;234.0;61.0;10.33;0.926;0.17498;0.04096;0.00;0.000;0.962;0.947;0.000;0.557;64.129;41.49;51.48;29664.1;1484.60;6.11;3.13;1.09;119915.28;49165.60;24859.38;31715.1;3.78;1.55;0.78;11/07/2024 16:18:17;
12/07/2024;14;2.0TD;1;0.000140351806000000;0.143;0.854743086;149.658946;33.081;43.893;72.684946;41.93;7.53663;1.09080;0.75;0.25;58.78250;88.92900;101.96000;73.51000;74.07000;2090.2;275.0;234.0;61.0;9.84;0.926;0.17498;0.04096;0.00;0.000;0.954;0.947;0.000;0.557;63.591;41.49;50.56;29970.9;1538.40;5.62;3.13;1.09;119844.60;36292.32;24859.38;32186.6;3.72;1.13;0.77;11/07/2024 16:18:17;
12/07/2024;15;2.0TD;2;0.000145866193000000;0.144;0.881741450;99.570970;19.184;8.779;71.607970;41.54;7.53663;1.09080;0.75;0.25;58.78250;88.92900;101.96000;73.51000;74.07000;2090.2;275.0;234.0;61.0;10.02;0.154;0.17498;0.04096;0.00;0.000;0.939;0.947;0.000;0.557;62.594;41.10;50.40;30159.7;1485.40;5.80;3.13;1.09;119737.16;40487.72;24859.38;31907.5;3.75;1.27;0.78;11/07/2024 16:18:17;
12/07/2024;16;2.0TD;2;0.000142316192000000;0.143;0.878601713;93.972826;19.184;8.779;66.009826;36.50;7.53663;1.09080;0.75;0.25;58.78250;88.92900;101.96000;73.51000;74.07000;2090.2;275.0;234.0;61.0;10.29;0.154;0.17498;0.04096;0.00;0.000;0.866;0.947;0.000;0.557;57.751;36.03;45.83;30227.5;1511.10;6.07;3.13;1.09;126215.64;38200.24;24859.38;31220.2;4.04;1.22;0.80;11/07/2024 16:18:17;
12/07/2024;17;2.0TD;2;0.000139373406000000;0.144;0.886273717;80.616034;19.184;8.779;52.653034;24.91;7.53663;1.09080;0.75;0.25;58.78250;88.92900;101.96000;73.51000;74.07000;2090.2;275.0;234.0;61.0;10.33;0.154;0.17498;0.04096;0.00;0.000;0.690;0.947;0.000;0.557;46.025;24.45;33.75;30000.8;1566.80;6.11;3.13;1.09;138842.72;24695.84;24859.38;30879.0;4.50;0.80;0.81;11/07/2024 16:18:17;
12/07/2024;18;2.0TD;2;0.000138805187000000;0.146;0.897352695;98.590268;19.184;8.779;70.627268;38.57;7.53663;1.09080;0.75;0.25;58.78250;88.92900;101.96000;73.51000;74.07000;2090.2;275.0;234.0;61.0;12.04;0.154;0.17498;0.04096;0.00;0.000;0.924;0.947;0.000;0.557;61.629;38.36;43.36;29635.8;1283.60;7.82;3.13;1.09;180764.08;37376.00;24859.38;31092.4;5.81;1.20;0.80;11/07/2024 16:18:17;
12/07/2024;19;2.0TD;1;0.000136970963000000;0.146;0.873679692;153.491708;33.081;43.893;76.517708;41.97;7.53663;1.09080;0.75;0.25;58.78250;88.92900;101.96000;73.51000;74.07000;2090.2;275.0;234.0;61.0;12.93;0.926;0.17498;0.04096;0.00;0.000;1.002;0.947;0.000;0.557;66.769;41.49;53.38;28811.3;1202.80;8.71;3.13;1.09;171020.40;74135.60;24859.38;31004.8;5.52;2.39;0.80;11/07/2024 16:18:17;
12/07/2024;20;2.0TD;1;0.000133569213000000;0.148;0.889143622;166.094823;33.081;43.893;89.120823;52.41;7.53663;1.09080;0.75;0.25;58.78250;88.92900;101.96000;73.51000;74.07000;2090.2;275.0;234.0;61.0;13.19;0.926;0.17498;0.04096;0.00;0.000;1.164;0.947;0.000;0.557;77.631;52.20;57.20;26440.1;1154.60;8.97;3.13;1.09;151523.44;101307.60;24859.38;30945.6;4.90;3.27;0.80;11/07/2024 16:18:17;
12/07/2024;21;2.0TD;1;0.000131418047000000;0.153;0.913210336;189.099075;33.081;43.893;112.125075;75.74;7.53663;1.09080;0.75;0.25;58.78250;88.92900;101.96000;73.51000;74.07000;2090.2;275.0;234.0;61.0;9.18;0.926;0.17498;0.04096;0.00;0.000;1.459;0.947;0.000;0.557;97.246;75.58;78.70;22498.8;1202.70;4.96;3.13;1.09;38980.44;86831.04;24859.38;30405.4;1.28;2.86;0.82;11/07/2024 16:18:17;
12/07/2024;22;2.0TD;1;0.000137184415000000;0.155;0.931073107;204.407898;33.081;43.893;127.433898;89.51;7.53663;1.09080;0.75;0.25;58.78250;88.92900;101.96000;73.51000;74.07000;2090.2;275.0;234.0;61.0;8.30;0.926;0.17498;0.04096;0.00;0.000;1.655;0.947;0.000;0.557;110.332;89.93;84.80;20719.9;1829.10;4.08;3.13;1.09;90803.00;8373.52;24859.38;30398.6;2.99;0.28;0.82;11/07/2024 16:18:17;
12/07/2024;23;2.0TD;2;0.000143695249000000;0.164;1.006415795;152.617365;19.184;8.779;124.654365;86.89;7.53663;1.09080;0.75;0.25;58.78250;88.92900;101.96000;73.51000;74.07000;2090.2;275.0;234.0;61.0;8.50;0.154;0.17498;0.04096;0.00;0.000;1.606;0.947;0.000;0.557;107.091;87.00;85.70;20838.9;1933.80;4.28;3.13;1.09;94290.24;6448.00;24859.38;29328.7;3.21;0.22;0.85;11/07/2024 16:18:17;
12/07/2024;24;2.0TD;2;0.000131748266000000;0.161;0.988835663;145.130399;19.184;8.779;117.167399;79.87;7.53663;1.09080;0.75;0.25;58.78250;88.92900;101.96000;73.51000;74.07000;2090.2;275.0;234.0;61.0;9.44;0.154;0.17498;0.04096;0.00;0.000;1.514;0.947;0.000;0.557;100.919;79.97;78.70;19841.8;1749.00;5.22;3.13;1.09;104039.32;13568.00;24859.38;27308.2;3.81;0.50;0.91;11/07/2024 16:18:17;
*
