pvpcdata;
2024;04;10;12;05;44;
16/03/2024;1;2.0TD;3;0.000115025245000000;0.225;1.247728292;95.414280;0.557;2.195;92.662280;45.18;15.55621;0.90570;0.75;0.25;31.61375;93.83860;101.96000;97.42000;37.09000;2199.4;275.0;177.0;46.0;13.90;0.000;0.17498;0.04096;0.00;0.000;0.000;1.135;0.565;0.000;0.557;75.642;45.18;45.18;16939.3;920.40;9.09;3.40;1.41;154150.40;36621.20;24859.38;23716.8;6.50;1.54;1.05;15/03/2024 16:12:25;
16/03/2024;2;2.0TD;3;0.000095564258000000;0.232;1.286674561;93.691683;0.557;2.195;90.939683;42.57;15.55621;0.90570;0.75;0.25;31.61375;93.83860;101.96000;97.42000;37.09000;2199.4;275.0;177.0;46.0;14.71;0.000;0.17498;0.04096;0.00;0.000;0.000;1.107;0.565;0.000;0.557;73.814;42.31;48.06;17273.7;819.30;9.90;3.40;1.41;158171.24;36644.16;24859.38;22193.1;7.13;1.65;1.12;15/03/2024 16:12:25;
16/03/2024;3;2.0TD;3;0.000083309360000000;0.238;1.322405881;90.665695;0.557;2.195;87.913695;38.24;15.55621;0.90570;0.75;0.25;31.61375;93.83860;101.96000;97.42000;37.09000;2199.4;275.0;177.0;46.0;16.28;0.000;0.17498;0.04096;0.00;0.000;0.000;1.065;0.565;0.000;0.557;71.012;37.99;43.74;17604.2;812.80;11.47;3.40;1.41;180920.80;36690.08;24859.38;21144.6;8.56;1.74;1.18;15/03/2024 16:12:25;
16/03/2024;4;2.0TD;3;0.000076815552000000;0.240;1.334330716;87.836681;0.557;2.195;85.084681;35.58;15.55621;0.90570;0.75;0.25;31.61375;93.83860;101.96000;97.42000;37.09000;2199.4;275.0;177.0;46.0;16.58;0.000;0.17498;0.04096;0.00;0.000;0.000;1.029;0.565;0.000;0.557;68.616;35.58;35.58;17068.1;981.30;11.77;3.40;1.41;187793.96;54012.40;0.00;20541.4;9.14;2.63;0.00;15/03/2024 16:12:25;
16/03/2024;5;2.0TD;3;0.000074027115000000;0.242;1.341926343;87.444822;0.557;2.195;84.692822;34.94;15.55621;0.90570;0.75;0.25;31.61375;93.83860;101.96000;97.42000;37.09000;2199.4;275.0;177.0;46.0;16.80;0.000;0.17498;0.04096;0.00;0.000;0.000;1.023;0.565;0.000;0.557;68.190;35.00;34.00;16990.2;989.30;11.99;3.40;1.41;190572.80;52542.24;0.00;20279.2;9.40;2.59;0.00;15/03/2024 16:12:25;
16/03/2024;6;2.0TD;3;0.000074696507000000;0.240;1.334185820;93.803561;0.557;2.195;91.051561;41.40;15.55621;0.90570;0.75;0.25;31.61375;93.83860;101.96000;97.42000;37.09000;2199.4;275.0;177.0;46.0;15.50;0.000;0.17498;0.04096;0.00;0.000;0.000;1.101;0.565;0.000;0.557;73.428;41.17;46.17;17058.0;818.30;10.69;3.40;1.41;177382.40;36690.08;0.00;20027.0;8.86;1.83;0.00;15/03/2024 16:12:25;
16/03/2024;7;2.0TD;3;0.000077811915000000;0.236;1.311681487;100.964162;0.557;2.195;98.212162;48.38;15.55621;0.90570;0.75;0.25;31.61375;93.83860;101.96000;97.42000;37.09000;2199.4;275.0;177.0;46.0;14.46;0.000;0.17498;0.04096;0.00;0.000;0.000;1.192;0.565;0.000;0.557;79.459;48.28;50.24;17676.8;963.90;9.65;3.40;1.41;166285.80;32517.60;0.00;20595.6;8.07;1.58;0.00;15/03/2024 16:12:25;
16/03/2024;8;2.0TD;3;0.000082436585000000;0.225;1.252748239;86.969130;0.557;2.195;84.217130;37.45;15.55621;0.90570;0.75;0.25;31.61375;93.83860;101.96000;97.42000;37.09000;2199.4;275.0;177.0;46.0;14.84;0.000;0.17498;0.04096;0.00;0.000;0.000;1.031;0.565;0.000;0.557;68.748;37.45;37.45;17428.2;1387.80;10.03;3.40;1.41;180840.80;36598.24;0.00;21668.3;8.35;1.69;0.00;15/03/2024 16:12:25;
16/03/2024;9;2.0TD;3;0.000099165549000000;0.199;1.107303307;71.207320;0.557;2.195;68.455320;26.45;15.55621;0.90570;0.75;0.25;31.61375;93.83860;101.96000;97.42000;37.09000;2199.4;275.0;177.0;46.0;14.36;0.000;0.17498;0.04096;0.00;0.000;0.000;0.856;0.565;0.000;0.557;57.093;26.45;26.43;18354.7;1681.90;9.55;3.40;1.41;164204.60;54311.04;0.00;22880.4;7.18;2.37;0.00;15/03/2024 16:12:25;
16/03/2024;10;2.0TD;3;0.000121506997000000;0.176;0.979989639;59.364261;0.557;2.195;56.612261;14.90;15.55621;0.90570;0.75;0.25;31.61375;93.83860;101.96000;97.42000;37.09000;2199.4;275.0;177.0;46.0;17.09;0.000;0.17498;0.04096;0.00;0.000;0.000;0.722;0.565;0.000;0.557;48.139;14.77;17.24;22213.0;1202.60;12.28;3.40;1.41;241561.84;62293.92;0.00;24742.9;9.76;2.52;0.00;15/03/2024 16:12:25;
16/03/2024;11;2.0TD;3;0.000133226315000000;0.169;0.939116470;54.137356;0.557;2.195;51.385356;10.50;15.55621;0.90570;0.75;0.25;31.61375;93.83860;101.96000;97.42000;37.09000;2199.4;275.0;177.0;46.0;17.37;0.000;0.17498;0.04096;0.00;0.000;0.000;0.659;0.565;0.000;0.557;43.956;10.50;10.50;25517.1;1365.80;12.56;3.40;1.41;259372.48;63029.76;0.00;25664.8;10.11;2.46;0.00;15/03/2024 16:12:25;
16/03/2024;12;2.0TD;3;0.000134207534000000;0.166;0.924869878;47.790706;0.557;2.195;45.038706;5.42;15.55621;0.90570;0.75;0.25;31.61375;93.83860;101.96000;97.42000;37.09000;2199.4;275.0;177.0;46.0;17.20;0.000;0.17498;0.04096;0.00;0.000;0.000;0.579;0.565;0.000;0.557;38.626;5.42;5.42;27335.6;1343.40;12.39;3.40;1.41;268872.00;52271.36;0.00;25919.5;10.37;2.02;0.00;15/03/2024 16:12:25;
16/03/2024;13;2.0TD;3;0.000132668087000000;0.166;0.919554015;46.027714;0.557;2.195;43.275714;3.15;15.55621;0.90570;0.75;0.25;31.61375;93.83860;101.96000;97.42000;37.09000;2199.4;275.0;177.0;46.0;17.98;0.000;0.17498;0.04096;0.00;0.000;0.000;0.557;0.565;0.000;0.557;37.114;3.20;2.20;27710.8;1472.60;13.17;3.40;1.41;286864.20;55250.88;0.00;25970.5;11.05;2.13;0.00;15/03/2024 16:12:25;
16/03/2024;14;2.0TD;3;0.000139395895000000;0.160;0.891391632;44.909506;0.557;2.195;42.157506;3.15;15.55621;0.90570;0.75;0.25;31.61375;93.83860;101.96000;97.42000;37.09000;2199.4;275.0;177.0;46.0;17.22;0.000;0.17498;0.04096;0.00;0.000;0.000;0.545;0.565;0.000;0.557;36.342;3.20;2.20;27959.0;1474.40;12.41;3.40;1.41;270838.12;53237.12;0.00;26124.2;10.37;2.04;0.00;15/03/2024 16:12:25;
16/03/2024;15;2.0TD;3;0.000137949756000000;0.163;0.906966781;42.775107;0.557;2.195;40.023107;1.00;15.55621;0.90570;0.75;0.25;31.61375;93.83860;101.96000;97.42000;37.09000;2199.4;275.0;177.0;46.0;17.47;0.000;0.17498;0.04096;0.00;0.000;0.000;0.516;0.565;0.000;0.557;34.413;1.00;0.99;27753.2;1615.50;12.66;3.40;1.41;271592.40;53620.44;0.00;25697.4;10.57;2.09;0.00;15/03/2024 16:12:25;
16/03/2024;16;2.0TD;3;0.000123484831000000;0.178;0.990120222;43.005059;0.557;2.195;40.253059;0.41;15.55621;0.90570;0.75;0.25;31.61375;93.83860;101.96000;97.42000;37.09000;2199.4;275.0;177.0;46.0;17.82;0.000;0.17498;0.04096;0.00;0.000;0.000;0.513;0.565;0.000;0.557;34.170;0.43;0.00;26875.2;1558.00;13.01;3.40;1.41;271702.84;51390.56;0.00;24828.6;10.94;2.07;0.00;15/03/2024 16:12:25;
16/03/2024;17;2.0TD;3;0.000114455075000000;0.189;1.048180526;49.247462;0.557;2.195;46.495462;4.25;15.55621;0.90570;0.75;0.25;31.61375;93.83860;101.96000;97.42000;37.09000;2199.4;275.0;177.0;46.0;18.84;0.000;0.17498;0.04096;0.00;0.000;0.000;0.587;0.565;0.000;0.557;39.104;4.25;4.25;26019.7;1479.80;14.03;3.40;1.41;269950.92;67066.72;0.00;24027.8;11.23;2.79;0.00;15/03/2024 16:12:25;
16/03/2024;18;2.0TD;3;0.000112686826000000;0.193;1.074803669;59.855754;0.557;2.195;57.103754;13.45;15.55621;0.90570;0.75;0.25;31.61375;93.83860;101.96000;97.42000;37.09000;2199.4;275.0;177.0;46.0;18.27;0.000;0.17498;0.04096;0.00;0.000;0.000;0.718;0.565;0.000;0.557;47.865;13.45;13.45;22636.4;1331.30;13.46;3.40;1.41;247633.88;70898.88;0.00;23670.7;10.46;3.00;0.00;15/03/2024 16:12:25;
16/03/2024;19;2.0TD;3;0.000117537039000000;0.205;1.141127319;94.597917;0.557;2.195;91.845917;30.00;15.55621;0.90570;0.75;0.25;31.61375;93.83860;101.96000;97.42000;37.09000;2199.4;275.0;177.0;46.0;29.65;0.000;0.17498;0.04096;0.00;0.000;0.000;1.143;0.565;0.000;0.557;76.220;30.00;30.00;19348.0;873.00;24.84;3.40;1.41;158870.00;443908.80;0.00;24271.1;6.55;18.29;0.00;15/03/2024 16:12:25;
16/03/2024;20;2.0TD;3;0.000136892059000000;0.216;1.197755449;136.756024;0.557;2.195;134.004024;80.37;15.55621;0.90570;0.75;0.25;31.61375;93.83860;101.96000;97.42000;37.09000;2199.4;275.0;177.0;46.0;12.75;0.000;0.17498;0.04096;0.00;0.000;0.000;1.653;0.565;0.000;0.557;110.200;80.50;77.82;20280.3;1041.80;7.94;3.40;1.41;107473.92;98824.32;0.00;25973.0;4.14;3.80;0.00;15/03/2024 16:12:25;
16/03/2024;21;2.0TD;3;0.000158223060000000;0.217;1.204506567;138.781783;0.557;2.195;136.029783;82.48;15.55621;0.90570;0.75;0.25;31.61375;93.83860;101.96000;97.42000;37.09000;2199.4;275.0;177.0;46.0;12.19;0.000;0.17498;0.04096;0.00;0.000;0.000;1.677;0.565;0.000;0.557;111.774;82.61;80.40;19224.6;1228.90;7.38;3.40;1.41;106042.76;94610.88;0.00;27184.0;3.90;3.48;0.00;15/03/2024 16:12:25;
16/03/2024;22;2.0TD;3;0.000165045784000000;0.215;1.192717850;129.022914;0.557;2.195;126.270914;73.30;15.55621;0.90570;0.75;0.25;31.61375;93.83860;101.96000;97.42000;37.09000;2199.4;275.0;177.0;46.0;13.64;0.000;0.17498;0.04096;0.00;0.000;0.000;1.559;0.565;0.000;0.557;103.926;73.35;72.40;19379.2;1060.50;8.83;3.40;1.41;116826.24;94702.40;24859.38;26770.4;4.36;3.54;0.93;15/03/2024 16:12:25;
16/03/2024;23;2.0TD;3;0.000154717504000000;0.217;1.206143949;101.567140;0.557;2.195;98.815140;51.06;15.55621;0.90570;0.75;0.25;31.61375;93.83860;101.96000;97.42000;37.09000;2199.4;275.0;177.0;46.0;13.49;0.000;0.17498;0.04096;0.00;0.000;0.000;1.218;0.565;0.000;0.557;81.195;51.06;51.05;19478.7;843.80;8.68;3.40;1.41;142345.36;49156.80;24859.38;24927.5;5.71;1.97;1.00;15/03/2024 16:12:25;
16/03/2024;24;2.0TD;3;0.000135629091000000;0.223;1.240715731;82.324878;0.557;2.195;79.572878;35.79;15.55621;0.90570;0.75;0.25;31.61375;93.83860;101.96000;97.42000;37.09000;2199.4;275.0;177.0;46.0;12.87;0.000;0.17498;0.04096;0.00;0.000;0.000;0.976;0.565;0.000;0.557;65.063;35.58;41.33;18407.9;710.50;8.06;3.40;1.41;110822.08;52602.00;24859.38;23356.1;4.74;2.25;1.06;15/03/2024 16:12:25;
*
