pvpcdata;
2024;11;12;10;29;10;
11/10/2024;1;2.0TD;3;0.000083656181000000;0.184;1.022597714;146.910901;0.557;2.195;144.158901;109.99;0.61076;1.16156;0.75;0.25;90.66375;93.10680;101.96000;84.74000;75.42000;1790.7;275.0;200.0;45.0;7.51;0.000;0.17498;0.04096;0.00;0.000;1.826;0.947;0.000;0.557;121.755;111.03;99.19;16002.5;1537.80;3.27;3.19;1.05;26720.96;24483.84;24859.38;23310.6;1.15;1.05;1.07;10/10/2024 16:08:39;
11/10/2024;2;2.0TD;3;0.000071372958000000;0.192;1.064924604;135.795683;0.557;2.195;133.043683;98.30;0.61076;1.16156;0.75;0.25;90.66375;93.10680;101.96000;84.74000;75.42000;1790.7;275.0;200.0;45.0;9.21;0.000;0.17498;0.04096;0.00;0.000;1.674;0.947;0.000;0.557;111.613;99.00;90.00;14704.1;1238.00;4.97;3.19;1.05;55466.60;30068.64;24859.38;22208.6;2.50;1.35;1.12;10/10/2024 16:08:39;
11/10/2024;3;2.0TD;3;0.000064197606000000;0.196;1.090117841;129.624671;0.557;2.195;126.872671;91.88;0.61076;1.16156;0.75;0.25;90.66375;93.10680;101.96000;84.74000;75.42000;1790.7;275.0;200.0;45.0;10.18;0.000;0.17498;0.04096;0.00;0.000;1.591;0.947;0.000;0.557;106.080;92.00;89.68;14000.2;758.10;5.94;3.19;1.05;71315.20;30068.64;24859.38;21254.8;3.36;1.41;1.17;10/10/2024 16:08:39;
11/10/2024;4;2.0TD;3;0.000060733425000000;0.199;1.107026054;125.390310;0.557;2.195;122.638310;88.62;0.61076;1.16156;0.75;0.25;90.66375;93.10680;101.96000;84.74000;75.42000;1790.7;275.0;200.0;45.0;9.70;0.000;0.17498;0.04096;0.00;0.000;1.534;0.947;0.000;0.557;102.283;88.71;87.00;13770.3;741.40;5.46;3.19;1.05;86077.80;27939.84;0.00;20871.1;4.12;1.34;0.00;10/10/2024 16:08:39;
11/10/2024;5;2.0TD;3;0.000059488236000000;0.200;1.111968943;121.009394;0.557;2.195;118.257394;84.43;0.61076;1.16156;0.75;0.25;90.66375;93.10680;101.96000;84.74000;75.42000;1790.7;275.0;200.0;45.0;10.21;0.000;0.17498;0.04096;0.00;0.000;1.478;0.947;0.000;0.557;98.547;84.72;79.72;13827.9;840.20;5.97;3.19;1.05;91864.48;33132.96;0.00;20933.0;4.39;1.58;0.00;10/10/2024 16:08:39;
11/10/2024;6;2.0TD;3;0.000060927331000000;0.196;1.090527822;116.608603;0.557;2.195;113.856603;81.18;0.61076;1.16156;0.75;0.25;90.66375;93.10680;101.96000;84.74000;75.42000;1790.7;275.0;200.0;45.0;10.16;0.000;0.17498;0.04096;0.00;0.000;1.428;0.947;0.000;0.557;95.197;81.37;77.98;14210.4;851.70;5.92;3.19;1.05;96632.12;30068.64;0.00;21413.6;4.51;1.40;0.00;10/10/2024 16:08:39;
11/10/2024;7;2.0TD;3;0.000068723979000000;0.180;0.998636864;135.858158;0.557;2.195;133.106158;99.59;0.61076;1.16156;0.75;0.25;90.66375;93.10680;101.96000;84.74000;75.42000;1790.7;275.0;200.0;45.0;9.09;0.000;0.17498;0.04096;0.00;0.000;1.692;0.947;0.000;0.557;112.801;99.95;94.95;15014.2;1182.00;4.85;3.19;1.05;73373.12;15498.88;24859.38;23449.8;3.13;0.66;1.06;10/10/2024 16:08:39;
11/10/2024;8;2.0TD;3;0.000087807703000000;0.161;0.895606282;179.200581;0.557;2.195;176.448581;140.13;0.61076;1.16156;0.75;0.25;90.66375;93.10680;101.96000;84.74000;75.42000;1790.7;275.0;200.0;45.0;7.14;0.000;0.17498;0.04096;0.00;0.000;2.280;0.947;0.000;0.557;151.979;140.41;137.41;18434.5;1862.40;2.90;3.19;1.05;998.56;49840.56;24859.38;26102.2;0.04;1.91;0.95;10/10/2024 16:08:39;
11/10/2024;9;2.0TD;2;0.000093524946000000;0.187;1.145917260;226.214349;19.184;8.779;198.251349;155.55;0.61076;1.16156;0.75;0.25;90.66375;93.10680;101.96000;84.74000;75.42000;1790.7;275.0;200.0;45.0;6.38;0.154;0.17498;0.04096;0.00;0.000;2.505;0.947;0.000;0.557;167.018;155.49;156.22;19206.5;1600.70;2.14;3.19;1.05;-10925.32;43917.12;24859.38;27115.7;-0.40;1.62;0.92;10/10/2024 16:08:39;
11/10/2024;10;2.0TD;2;0.000092583895000000;0.152;0.935536489;168.885810;19.184;8.779;140.922810;109.58;0.61076;1.16156;0.75;0.25;90.66375;93.10680;101.96000;84.74000;75.42000;1790.7;275.0;200.0;45.0;8.33;0.154;0.17498;0.04096;0.00;0.000;1.835;0.947;0.000;0.557;122.328;110.01;105.02;18593.9;1738.10;4.09;3.19;1.05;35217.96;54583.20;24859.38;28024.1;1.26;1.95;0.89;10/10/2024 16:08:39;
11/10/2024;11;2.0TD;1;0.000093881887000000;0.150;0.895367184;199.195803;33.081;43.893;122.221803;89.67;0.61076;1.16156;0.75;0.25;90.66375;93.10680;101.96000;84.74000;75.42000;1790.7;275.0;200.0;45.0;11.66;0.926;0.17498;0.04096;0.00;0.000;1.594;0.947;0.000;0.557;106.279;90.00;85.00;18953.7;1354.40;7.42;3.19;1.05;67020.60;119450.00;24859.38;28484.4;2.35;4.19;0.87;10/10/2024 16:08:39;
11/10/2024;12;2.0TD;1;0.000093688711000000;0.149;0.894232622;188.369353;33.081;43.893;111.395353;79.83;0.61076;1.16156;0.75;0.25;90.66375;93.10680;101.96000;84.74000;75.42000;1790.7;275.0;200.0;45.0;12.31;0.926;0.17498;0.04096;0.00;0.000;1.454;0.947;0.000;0.557;96.949;79.90;78.61;19754.0;1077.50;8.07;3.19;1.05;79969.92;125885.36;24859.38;28598.0;2.80;4.40;0.87;10/10/2024 16:08:39;
11/10/2024;13;2.0TD;1;0.000096364987000000;0.147;0.882711404;176.379705;33.081;43.893;99.405705;70.39;0.61076;1.16156;0.75;0.25;90.66375;93.10680;101.96000;84.74000;75.42000;1790.7;275.0;200.0;45.0;11.62;0.926;0.17498;0.04096;0.00;0.000;1.300;0.947;0.000;0.557;86.665;70.10;75.09;20114.7;1252.40;7.38;3.19;1.05;92200.28;91632.00;24859.38;28298.0;3.26;3.24;0.88;10/10/2024 16:08:39;
11/10/2024;14;2.0TD;1;0.000102181067000000;0.145;0.866247963;163.129329;33.081;43.893;86.155329;58.41;0.61076;1.16156;0.75;0.25;90.66375;93.10680;101.96000;84.74000;75.42000;1790.7;275.0;200.0;45.0;12.35;0.926;0.17498;0.04096;0.00;0.000;1.129;0.947;0.000;0.557;75.244;58.11;63.29;20663.5;1272.80;8.11;3.19;1.05;106282.08;99842.40;24859.38;28475.0;3.73;3.51;0.87;10/10/2024 16:08:39;
11/10/2024;15;2.0TD;2;0.000103273327000000;0.163;1.002760363;119.082687;19.184;8.779;91.119687;62.03;0.61076;1.16156;0.75;0.25;90.66375;93.10680;101.96000;84.74000;75.42000;1790.7;275.0;200.0;45.0;12.56;0.154;0.17498;0.04096;0.00;0.000;1.175;0.947;0.000;0.557;78.348;61.95;63.50;21079.8;1209.10;8.32;3.19;1.05;102427.84;106235.20;24859.38;28069.6;3.65;3.78;0.89;10/10/2024 16:08:39;
11/10/2024;16;2.0TD;2;0.000097461825000000;0.170;1.041115534;125.737359;19.184;8.779;97.774359;66.95;0.61076;1.16156;0.75;0.25;90.66375;93.10680;101.96000;84.74000;75.42000;1790.7;275.0;200.0;45.0;12.78;0.154;0.17498;0.04096;0.00;0.000;1.254;0.947;0.000;0.557;83.567;66.95;66.95;21056.9;1273.90;8.54;3.19;1.05;96179.92;109606.48;24859.38;26995.0;3.56;4.06;0.92;10/10/2024 16:08:39;
11/10/2024;17;2.0TD;2;0.000094823243000000;0.177;1.088072988;130.288824;19.184;8.779;102.325824;70.06;0.61076;1.16156;0.75;0.25;90.66375;93.10680;101.96000;84.74000;75.42000;1790.7;275.0;200.0;45.0;12.99;0.154;0.17498;0.04096;0.00;0.000;1.304;0.947;0.000;0.557;86.937;70.00;71.00;20475.0;1250.30;8.75;3.19;1.05;92197.52;115924.00;24859.38;26608.8;3.46;4.36;0.93;10/10/2024 16:08:39;
11/10/2024;18;2.0TD;2;0.000097340867000000;0.182;1.119016091;132.127729;19.184;8.779;104.164729;71.51;0.61076;1.16156;0.75;0.25;90.66375;93.10680;101.96000;84.74000;75.42000;1790.7;275.0;200.0;45.0;12.71;0.154;0.17498;0.04096;0.00;0.000;1.322;0.947;0.000;0.557;88.125;71.35;74.34;18971.6;1085.70;8.47;3.19;1.05;90763.28;111660.80;24859.38;26832.2;3.38;4.16;0.93;10/10/2024 16:08:39;
11/10/2024;19;2.0TD;1;0.000100356952000000;0.164;0.983305641;191.254156;33.081;43.893;114.280156;82.60;0.61076;1.16156;0.75;0.25;90.66375;93.10680;101.96000;84.74000;75.42000;1790.7;275.0;200.0;45.0;10.75;0.926;0.17498;0.04096;0.00;0.000;1.473;0.947;0.000;0.557;98.178;82.44;85.86;20212.5;985.40;6.51;3.19;1.05;76464.52;74022.48;24859.38;26939.7;2.84;2.75;0.92;10/10/2024 16:08:39;
11/10/2024;20;2.0TD;1;0.000109988166000000;0.170;1.016965221;211.750779;33.081;43.893;134.776779;100.65;0.61076;1.16156;0.75;0.25;90.66375;93.10680;101.96000;84.74000;75.42000;1790.7;275.0;200.0;45.0;9.46;0.926;0.17498;0.04096;0.00;0.000;1.728;0.947;0.000;0.557;115.193;100.80;98.00;20432.9;1191.40;5.22;3.19;1.05;52940.24;66840.48;24859.38;27706.7;1.91;2.41;0.90;10/10/2024 16:08:39;
11/10/2024;21;2.0TD;1;0.000129026155000000;0.172;1.027725807;219.131539;33.081;43.893;142.157539;108.66;0.61076;1.16156;0.75;0.25;90.66375;93.10680;101.96000;84.74000;75.42000;1790.7;275.0;200.0;45.0;7.46;0.926;0.17498;0.04096;0.00;0.000;1.819;0.947;0.000;0.557;121.294;109.01;104.01;20283.2;1528.90;3.22;3.19;1.05;44498.40;24590.72;24859.38;29174.1;1.53;0.84;0.85;10/10/2024 16:08:39;
11/10/2024;22;2.0TD;1;0.000131945798000000;0.173;1.035241956;199.782207;33.081;43.893;122.808207;90.63;0.61076;1.16156;0.75;0.25;90.66375;93.10680;101.96000;84.74000;75.42000;1790.7;275.0;200.0;45.0;9.14;0.926;0.17498;0.04096;0.00;0.000;1.570;0.947;0.000;0.557;104.695;90.69;89.43;18612.1;955.70;4.90;3.19;1.05;64491.32;49341.12;24859.38;28324.1;2.28;1.74;0.88;10/10/2024 16:08:39;
11/10/2024;23;2.0TD;2;0.000117815518000000;0.199;1.223514116;142.877352;19.184;8.779;114.914352;81.40;0.61076;1.16156;0.75;0.25;90.66375;93.10680;101.96000;84.74000;75.42000;1790.7;275.0;200.0;45.0;10.42;0.154;0.17498;0.04096;0.00;0.000;1.438;0.947;0.000;0.557;95.841;81.37;82.11;18156.6;882.90;6.18;3.19;1.05;74537.68;61636.48;24859.38;26057.4;2.86;2.37;0.95;10/10/2024 16:08:39;
11/10/2024;24;2.0TD;2;0.000101652648000000;0.206;1.262686970;145.629801;19.184;8.779;117.666801;80.57;0.61076;1.16156;0.75;0.25;90.66375;93.10680;101.96000;84.74000;75.42000;1790.7;275.0;200.0;45.0;12.95;0.154;0.17498;0.04096;0.00;0.000;1.464;0.947;0.000;0.557;97.567;80.57;80.52;16445.9;943.30;8.71;3.19;1.05;75187.32;108415.20;24859.38;23943.8;3.14;4.53;1.04;10/10/2024 16:08:39;
*
