pvpcdata;
2024;03;11;12;38;32;
15/02/2024;1;2.0TD;3;0.000110876335000000;0.235;1.304528988;94.388907;0.557;2.195;91.636907;50.42;11.43425;0.84470;0.75;0.25;51.21958;96.95660;101.96000;97.42000;68.27000;2367.7;275.0;177.0;48.0;11.67;0.000;0.17498;0.04096;0.00;0.000;0.000;1.113;0.565;0.000;0.557;74.199;50.50;48.32;19401.6;708.70;6.64;3.48;1.55;87688.44;50305.92;24859.38;24496.7;3.58;2.05;1.01;14/02/2024 16:10:18;
15/02/2024;2;2.0TD;3;0.000090819218000000;0.244;1.356318845;83.210095;0.557;2.195;80.458095;39.97;11.43425;0.84470;0.75;0.25;51.21958;96.95660;101.96000;97.42000;68.27000;2367.7;275.0;177.0;48.0;12.74;0.000;0.17498;0.04096;0.00;0.000;0.000;0.970;0.565;0.000;0.557;64.676;39.88;42.88;19005.4;597.80;7.71;3.48;1.55;102069.40;52542.24;24859.38;23285.7;4.38;2.26;1.07;14/02/2024 16:10:18;
15/02/2024;3;2.0TD;3;0.000080130277000000;0.251;1.392710523;80.754258;0.557;2.195;78.002258;36.55;11.43425;0.84470;0.75;0.25;51.21958;96.95660;101.96000;97.42000;68.27000;2367.7;275.0;177.0;48.0;13.87;0.000;0.17498;0.04096;0.00;0.000;0.000;0.935;0.565;0.000;0.557;62.351;36.37;41.37;18707.0;683.80;8.84;3.48;1.55;113924.76;58614.64;24859.38;22321.2;5.10;2.63;1.11;14/02/2024 16:10:18;
15/02/2024;4;2.0TD;3;0.000074960737000000;0.252;1.402464529;80.892982;0.557;2.195;78.140982;36.62;11.43425;0.84470;0.75;0.25;51.21958;96.95660;101.96000;97.42000;68.27000;2367.7;275.0;177.0;48.0;13.86;0.000;0.17498;0.04096;0.00;0.000;0.000;0.936;0.565;0.000;0.557;62.412;36.37;43.32;18787.6;707.70;8.83;3.48;1.55;135923.20;57144.48;0.00;21854.8;6.22;2.61;0.00;14/02/2024 16:10:18;
15/02/2024;5;2.0TD;3;0.000073198803000000;0.251;1.392523777;80.970681;0.557;2.195;78.218681;36.83;11.43425;0.84470;0.75;0.25;51.21958;96.95660;101.96000;97.42000;68.27000;2367.7;275.0;177.0;48.0;13.76;0.000;0.17498;0.04096;0.00;0.000;0.000;0.938;0.565;0.000;0.557;62.524;36.60;43.56;18862.5;658.60;8.73;3.48;1.55;135427.40;54843.36;0.00;21793.8;6.21;2.52;0.00;14/02/2024 16:10:18;
15/02/2024;6;2.0TD;3;0.000075832196000000;0.247;1.372198659;80.733051;0.557;2.195;77.981051;37.11;11.43425;0.84470;0.75;0.25;51.21958;96.95660;101.96000;97.42000;68.27000;2367.7;275.0;177.0;48.0;13.49;0.000;0.17498;0.04096;0.00;0.000;0.000;0.938;0.565;0.000;0.557;62.534;36.87;43.82;18764.4;672.10;8.46;3.48;1.55;135131.20;54877.68;0.00;22463.8;6.02;2.44;0.00;14/02/2024 16:10:18;
15/02/2024;7;2.0TD;3;0.000087525625000000;0.232;1.290256354;91.814419;0.557;2.195;89.062419;47.00;11.43425;0.84470;0.75;0.25;51.21958;96.95660;101.96000;97.42000;68.27000;2367.7;275.0;177.0;48.0;13.21;0.000;0.17498;0.04096;0.00;0.000;0.000;1.084;0.565;0.000;0.557;72.290;47.00;47.00;19547.8;669.70;8.18;3.48;1.55;120504.88;59723.52;24859.38;25081.8;4.80;2.38;0.99;14/02/2024 16:10:18;
15/02/2024;8;2.0TD;3;0.000113062637000000;0.217;1.207546379;104.889851;0.557;2.195;102.137851;62.36;11.43425;0.84470;0.75;0.25;51.21958;96.95660;101.96000;97.42000;68.27000;2367.7;275.0;177.0;48.0;9.31;0.000;0.17498;0.04096;0.00;0.000;0.000;1.259;0.565;0.000;0.557;83.925;62.53;59.00;22487.3;1159.40;4.28;3.48;1.55;64102.16;35622.72;24859.38;29083.3;2.20;1.22;0.85;14/02/2024 16:10:18;
15/02/2024;9;2.0TD;2;0.000122719942000000;0.205;1.257651226;129.134709;19.184;8.779;101.171709;62.32;11.43425;0.84470;0.75;0.25;51.21958;96.95660;101.96000;97.42000;68.27000;2367.7;275.0;177.0;48.0;9.23;0.154;0.17498;0.04096;0.00;0.000;0.000;1.259;0.565;0.000;0.557;83.959;62.53;58.52;24135.1;1358.40;4.20;3.48;1.55;64688.20;40782.40;24859.38;31027.2;2.08;1.31;0.80;14/02/2024 16:10:18;
15/02/2024;10;2.0TD;2;0.000124651869000000;0.194;1.192613771;125.460174;19.184;8.779;97.497174;59.54;11.43425;0.84470;0.75;0.25;51.21958;96.95660;101.96000;97.42000;68.27000;2367.7;275.0;177.0;48.0;9.74;0.154;0.17498;0.04096;0.00;0.000;0.000;1.225;0.565;0.000;0.557;81.655;59.93;52.93;24320.0;1442.50;4.71;3.48;1.55;72084.88;50547.20;24859.38;31304.2;2.30;1.61;0.79;14/02/2024 16:10:18;
15/02/2024;11;2.0TD;1;0.000127260894000000;0.190;1.139835593;169.567811;33.081;43.893;92.593811;54.46;11.43425;0.84470;0.75;0.25;51.21958;96.95660;101.96000;97.42000;68.27000;2367.7;275.0;177.0;48.0;10.26;0.926;0.17498;0.04096;0.00;0.000;0.000;1.167;0.565;0.000;0.557;77.809;54.79;48.57;24156.3;1335.30;5.23;3.48;1.55;82370.08;56066.40;24859.38;31228.8;2.64;1.80;0.80;14/02/2024 16:10:18;
15/02/2024;12;2.0TD;1;0.000124923386000000;0.192;1.150393875;171.478054;33.081;43.893;94.504054;55.62;11.43425;0.84470;0.75;0.25;51.21958;96.95660;101.96000;97.42000;68.27000;2367.7;275.0;177.0;48.0;10.55;0.926;0.17498;0.04096;0.00;0.000;0.000;1.189;0.565;0.000;0.557;79.281;55.99;50.06;23974.5;1595.10;5.52;3.48;1.55;86022.28;59827.20;24859.38;30905.8;2.78;1.94;0.80;14/02/2024 16:10:18;
15/02/2024;13;2.0TD;1;0.000124081323000000;0.191;1.141187777;167.578045;33.081;43.893;90.604045;52.42;11.43425;0.84470;0.75;0.25;51.21958;96.95660;101.96000;97.42000;68.27000;2367.7;275.0;177.0;48.0;10.59;0.926;0.17498;0.04096;0.00;0.000;0.000;1.141;0.565;0.000;0.557;76.073;52.65;48.32;23882.7;1365.00;5.56;3.48;1.55;95103.28;50496.80;24859.38;30647.4;3.10;1.65;0.81;14/02/2024 16:10:18;
15/02/2024;14;2.0TD;1;0.000130010205000000;0.187;1.120415433;161.779126;33.081;43.893;84.805126;47.77;11.43425;0.84470;0.75;0.25;51.21958;96.95660;101.96000;97.42000;68.27000;2367.7;275.0;177.0;48.0;10.68;0.926;0.17498;0.04096;0.00;0.000;0.000;1.072;0.565;0.000;0.557;71.444;48.01;43.00;23903.2;1186.60;5.65;3.48;1.55;95014.96;53827.20;24859.38;30764.9;3.09;1.75;0.81;14/02/2024 16:10:18;
15/02/2024;15;2.0TD;2;0.000130384980000000;0.185;1.136934610;109.181626;19.184;8.779;81.218626;45.33;11.43425;0.84470;0.75;0.25;51.21958;96.95660;101.96000;97.42000;68.27000;2367.7;275.0;177.0;48.0;11.03;0.154;0.17498;0.04096;0.00;0.000;0.000;1.028;0.565;0.000;0.557;68.538;45.56;40.60;23930.1;1150.70;6.00;3.48;1.55;98097.84;59701.28;24859.38;30471.3;3.22;1.96;0.82;14/02/2024 16:10:18;
15/02/2024;16;2.0TD;2;0.000124475589000000;0.191;1.171852068;111.684256;19.184;8.779;83.721256;46.76;11.43425;0.84470;0.75;0.25;51.21958;96.95660;101.96000;97.42000;68.27000;2367.7;275.0;177.0;48.0;11.33;0.154;0.17498;0.04096;0.00;0.000;0.000;1.054;0.565;0.000;0.557;70.294;46.89;44.00;23453.3;1063.30;6.30;3.48;1.55;91020.48;71096.48;24859.38;29686.1;3.07;2.39;0.84;14/02/2024 16:10:18;
15/02/2024;17;2.0TD;2;0.000120412583000000;0.195;1.194203108;109.758270;19.184;8.779;81.795270;45.39;11.43425;0.84470;0.75;0.25;51.21958;96.95660;101.96000;97.42000;68.27000;2367.7;275.0;177.0;48.0;10.88;0.154;0.17498;0.04096;0.00;0.000;0.000;1.027;0.565;0.000;0.557;68.447;45.39;45.39;22111.5;979.30;5.85;3.48;1.55;86805.40;60681.60;24859.38;29423.4;2.95;2.06;0.84;14/02/2024 16:10:18;
15/02/2024;18;2.0TD;2;0.000122844367000000;0.196;1.200464944;114.184942;19.184;8.779;86.221942;49.00;11.43425;0.84470;0.75;0.25;51.21958;96.95660;101.96000;97.42000;68.27000;2367.7;275.0;177.0;48.0;10.86;0.154;0.17498;0.04096;0.00;0.000;0.000;1.081;0.565;0.000;0.557;72.091;49.00;49.00;23205.9;1597.70;5.83;3.48;1.55;65506.64;80963.68;24859.38;29383.1;2.23;2.76;0.85;14/02/2024 16:10:18;
15/02/2024;19;2.0TD;1;0.000135959610000000;0.195;1.168644808;174.579120;33.081;43.893;97.605120;59.32;11.43425;0.84470;0.75;0.25;51.21958;96.95660;101.96000;97.42000;68.27000;2367.7;275.0;177.0;48.0;9.21;0.926;0.17498;0.04096;0.00;0.000;0.000;1.225;0.565;0.000;0.557;81.677;59.50;56.55;22574.1;1429.90;4.18;3.48;1.55;52147.80;45454.08;24859.38;29298.9;1.78;1.55;0.85;14/02/2024 16:10:18;
15/02/2024;20;2.0TD;1;0.000165081816000000;0.195;1.168578660;179.844290;33.081;43.893;102.870290;64.40;11.43425;0.84470;0.75;0.25;51.21958;96.95660;101.96000;97.42000;68.27000;2367.7;275.0;177.0;48.0;8.47;0.926;0.17498;0.04096;0.00;0.000;0.000;1.291;0.565;0.000;0.557;86.083;64.44;63.90;20322.1;1526.80;3.44;3.48;1.55;48650.64;33324.48;24859.38;31040.2;1.57;1.07;0.80;14/02/2024 16:10:18;
15/02/2024;21;2.0TD;1;0.000182510886000000;0.194;1.163467798;177.952878;33.081;43.893;100.978878;63.29;11.43425;0.84470;0.75;0.25;51.21958;96.95660;101.96000;97.42000;68.27000;2367.7;275.0;177.0;48.0;8.09;0.926;0.17498;0.04096;0.00;0.000;0.000;1.269;0.565;0.000;0.557;84.571;63.29;63.29;18973.3;1555.80;3.06;3.48;1.55;38494.24;33835.20;24859.38;31704.9;1.21;1.07;0.78;14/02/2024 16:10:18;
15/02/2024;22;2.0TD;1;0.000184838341000000;0.196;1.173838063;174.540002;33.081;43.893;97.566002;60.00;11.43425;0.84470;0.75;0.25;51.21958;96.95660;101.96000;97.42000;68.27000;2367.7;275.0;177.0;48.0;8.43;0.926;0.17498;0.04096;0.00;0.000;0.000;1.224;0.565;0.000;0.557;81.576;60.00;59.99;21734.0;1302.00;3.40;3.48;1.55;40478.40;40257.80;24859.38;31004.2;1.31;1.30;0.80;14/02/2024 16:10:18;
15/02/2024;23;2.0TD;2;0.000167132778000000;0.201;1.235789041;125.275136;19.184;8.779;97.312136;59.39;11.43425;0.84470;0.75;0.25;51.21958;96.95660;101.96000;97.42000;68.27000;2367.7;275.0;177.0;48.0;9.27;0.154;0.17498;0.04096;0.00;0.000;0.000;1.215;0.565;0.000;0.557;81.025;59.50;57.49;19413.0;1168.20;4.24;3.48;1.55;40906.16;53817.12;24859.38;28179.4;1.45;1.91;0.88;14/02/2024 16:10:18;
15/02/2024;24;2.0TD;2;0.000138380041000000;0.206;1.264722943;121.982669;19.184;8.779;94.019669;55.51;11.43425;0.84470;0.75;0.25;51.21958;96.95660;101.96000;97.42000;68.27000;2367.7;275.0;177.0;48.0;10.13;0.154;0.17498;0.04096;0.00;0.000;0.000;1.169;0.565;0.000;0.557;77.959;55.68;52.69;19263.2;1174.00;5.10;3.48;1.55;43304.88;62631.20;24859.38;25670.5;1.69;2.44;0.97;14/02/2024 16:10:18;
*
