pvpcdata;
2024;02;09;12;01;27;
01/01/2024;1;2.0TD;3;0.000119608029000000;0.238;1.319690883;123.832594;0.557;2.195;121.080594;62.66;15.51253;0.71503;0.75;0.25;36.24250;98.29260;101.96000;97.42000;81.63000;2875.4;275.0;177.0;62.0;21.25;0.000;0.17498;0.03702;0.00;0.000;0.000;1.467;0.565;0.000;0.557;97.803;63.33;54.33;11796.9;949.60;16.11;3.56;1.58;308092.60;30451.68;0.00;21015.4;14.66;1.45;0.00;31/12/2023 17:08:20;
01/01/2024;2;2.0TD;3;0.000104891747000000;0.243;1.351517194;111.109764;0.557;2.195;108.357764;49.75;15.51253;0.71503;0.75;0.25;36.24250;98.29260;101.96000;97.42000;81.63000;2875.4;275.0;177.0;62.0;23.69;0.000;0.17498;0.03702;0.00;0.000;0.000;1.308;0.565;0.000;0.557;87.174;50.09;45.54;11723.4;954.10;18.55;3.56;1.58;325650.80;44368.80;0.00;19946.6;16.33;2.22;0.00;31/12/2023 17:08:20;
01/01/2024;3;2.0TD;3;0.000090232051000000;0.257;1.428755961;110.772782;0.557;2.195;108.020782;46.92;15.51253;0.71503;0.75;0.25;36.24250;98.29260;101.96000;97.42000;81.63000;2875.4;275.0;177.0;62.0;25.30;0.000;0.17498;0.03702;0.00;0.000;0.000;1.289;0.565;0.000;0.557;85.935;47.50;40.50;11332.1;1020.10;20.16;3.56;1.58;329151.56;47177.76;0.00;18669.0;17.63;2.53;0.00;31/12/2023 17:08:20;
01/01/2024;4;2.0TD;3;0.000079689138000000;0.268;1.491123870;109.284779;0.557;2.195;106.532779;43.10;15.51253;0.71503;0.75;0.25;36.24250;98.29260;101.96000;97.42000;81.63000;2875.4;275.0;177.0;62.0;27.23;0.000;0.17498;0.03702;0.00;0.000;0.000;1.260;0.565;0.000;0.557;84.016;43.50;38.95;11261.7;1086.00;22.09;3.56;1.58;338644.20;51327.76;0.00;17653.0;19.18;2.91;0.00;31/12/2023 17:08:20;
01/01/2024;5;2.0TD;3;0.000073707153000000;0.276;1.533467637;110.164898;0.557;2.195;107.412898;41.69;15.51253;0.71503;0.75;0.25;36.24250;98.29260;101.96000;97.42000;81.63000;2875.4;275.0;177.0;62.0;28.80;0.000;0.17498;0.03702;0.00;0.000;0.000;1.263;0.565;0.000;0.557;84.179;42.50;33.50;11384.9;1118.90;23.66;3.56;1.58;353348.48;52734.00;0.00;17164.4;20.59;3.07;0.00;31/12/2023 17:08:20;
01/01/2024;6;2.0TD;3;0.000071624608000000;0.278;1.543677063;111.474511;0.557;2.195;108.722511;41.54;15.51253;0.71503;0.75;0.25;36.24250;98.29260;101.96000;97.42000;81.63000;2875.4;275.0;177.0;62.0;29.83;0.000;0.17498;0.03702;0.00;0.000;0.000;1.276;0.565;0.000;0.557;85.072;42.09;35.99;11448.9;1145.40;24.69;3.56;1.58;366390.20;53564.96;0.00;17009.8;21.54;3.15;0.00;31/12/2023 17:08:20;
01/01/2024;7;2.0TD;3;0.000071973207000000;0.273;1.518915939;109.950550;0.557;2.195;107.198550;41.89;15.51253;0.71503;0.75;0.25;36.24250;98.29260;101.96000;97.42000;81.63000;2875.4;275.0;177.0;62.0;28.63;0.000;0.17498;0.03702;0.00;0.000;0.000;1.263;0.565;0.000;0.557;84.209;42.50;35.99;11261.1;1166.30;23.49;3.56;1.58;355091.48;54395.92;0.00;17432.5;20.37;3.12;0.00;31/12/2023 17:08:20;
01/01/2024;8;2.0TD;3;0.000074407932000000;0.262;1.456328118;106.885157;0.557;2.195;104.133157;42.00;15.51253;0.71503;0.75;0.25;36.24250;98.29260;101.96000;97.42000;81.63000;2875.4;275.0;177.0;62.0;26.85;0.000;0.17498;0.03702;0.00;0.000;0.000;1.238;0.565;0.000;0.557;82.514;42.59;36.04;11439.9;1122.70;21.71;3.56;1.58;338305.44;52606.16;0.00;18005.5;18.79;2.92;0.00;31/12/2023 17:08:20;
01/01/2024;9;2.0TD;3;0.000078984422000000;0.254;1.411045020;107.307244;0.557;2.195;104.555244;42.98;15.51253;0.71503;0.75;0.25;36.24250;98.29260;101.96000;97.42000;81.63000;2875.4;275.0;177.0;62.0;26.72;0.000;0.17498;0.03702;0.00;0.000;0.000;1.251;0.565;0.000;0.557;83.377;43.37;38.91;11844.6;1145.10;21.58;3.56;1.58;328909.52;66885.60;0.00;18340.1;17.93;3.65;0.00;31/12/2023 17:08:20;
01/01/2024;10;2.0TD;3;0.000092616990000000;0.232;1.286372091;103.246717;0.557;2.195;100.494717;41.94;15.51253;0.71503;0.75;0.25;36.24250;98.29260;101.96000;97.42000;81.63000;2875.4;275.0;177.0;62.0;25.98;0.000;0.17498;0.03702;0.00;0.000;0.000;1.224;0.565;0.000;0.557;81.570;42.29;37.94;14502.9;1268.60;20.84;3.56;1.58;335452.44;67964.40;0.00;19360.0;17.33;3.51;0.00;31/12/2023 17:08:20;
01/01/2024;11;2.0TD;3;0.000109076580000000;0.208;1.153026450;76.417516;0.557;2.195;73.665516;25.00;15.51253;0.71503;0.75;0.25;36.24250;98.29260;101.96000;97.42000;81.63000;2875.4;275.0;177.0;62.0;22.64;0.000;0.17498;0.03702;0.00;0.000;0.000;0.915;0.565;0.000;0.557;60.981;25.00;25.00;17320.8;994.60;17.50;3.56;1.58;272365.72;88681.24;0.00;20635.6;13.20;4.30;0.00;31/12/2023 17:08:20;
01/01/2024;12;2.0TD;3;0.000118222452000000;0.199;1.104960286;47.603458;0.557;2.195;44.851458;3.60;15.51253;0.71503;0.75;0.25;36.24250;98.29260;101.96000;97.42000;81.63000;2875.4;275.0;177.0;62.0;20.82;0.000;0.17498;0.03702;0.00;0.000;0.000;0.561;0.565;0.000;0.557;37.407;3.90;0.00;19312.1;1596.80;15.68;3.56;1.58;275474.64;67245.12;0.00;21856.3;12.60;3.08;0.00;31/12/2023 17:08:20;
01/01/2024;13;2.0TD;3;0.000121297807000000;0.196;1.090094204;46.398091;0.557;2.195;43.646091;3.20;15.51253;0.71503;0.75;0.25;36.24250;98.29260;101.96000;97.42000;81.63000;2875.4;275.0;177.0;62.0;20.32;0.000;0.17498;0.03702;0.00;0.000;0.000;0.547;0.565;0.000;0.557;36.493;3.20;3.20;20471.7;2111.20;15.18;3.56;1.58;275717.36;60432.96;0.00;22142.5;12.45;2.73;0.00;31/12/2023 17:08:20;
01/01/2024;14;2.0TD;3;0.000127986270000000;0.194;1.080299894;44.725145;0.557;2.195;41.973145;2.06;15.51253;0.71503;0.75;0.25;36.24250;98.29260;101.96000;97.42000;81.63000;2875.4;275.0;177.0;62.0;20.14;0.000;0.17498;0.03702;0.00;0.000;0.000;0.527;0.565;0.000;0.557;35.153;2.06;2.06;20783.6;1968.70;15.00;3.56;1.58;275953.40;61669.44;0.00;22512.1;12.26;2.74;0.00;31/12/2023 17:08:20;
01/01/2024;15;2.0TD;3;0.000129825960000000;0.197;1.095041952;44.174649;0.557;2.195;41.422649;1.73;15.51253;0.71503;0.75;0.25;36.24250;98.29260;101.96000;97.42000;81.63000;2875.4;275.0;177.0;62.0;19.93;0.000;0.17498;0.03702;0.00;0.000;0.000;0.519;0.565;0.000;0.557;34.605;1.73;1.73;20413.8;1987.00;14.79;3.56;1.58;276010.16;56929.92;0.00;22517.0;12.26;2.53;0.00;31/12/2023 17:08:20;
01/01/2024;16;2.0TD;3;0.000117143457000000;0.209;1.163392250;51.291401;0.557;2.195;48.539401;5.72;15.51253;0.71503;0.75;0.25;36.24250;98.29260;101.96000;97.42000;81.63000;2875.4;275.0;177.0;62.0;21.40;0.000;0.17498;0.03702;0.00;0.000;0.000;0.602;0.565;0.000;0.557;40.148;5.72;5.72;21278.7;1358.90;16.26;3.56;1.58;274274.40;71720.00;0.00;21280.7;12.89;3.37;0.00;31/12/2023 17:08:20;
01/01/2024;17;2.0TD;3;0.000112475574000000;0.222;1.231175220;68.263894;0.557;2.195;65.511894;18.49;15.51253;0.71503;0.75;0.25;36.24250;98.29260;101.96000;97.42000;81.63000;2875.4;275.0;177.0;62.0;21.89;0.000;0.17498;0.03702;0.00;0.000;0.000;0.804;0.565;0.000;0.557;53.610;18.49;18.49;18805.7;1030.00;16.75;3.56;1.58;253590.92;98615.00;0.00;21024.7;12.06;4.69;0.00;31/12/2023 17:08:20;
01/01/2024;18;2.0TD;3;0.000116314163000000;0.231;1.284880436;88.604879;0.557;2.195;85.852879;37.16;15.51253;0.71503;0.75;0.25;36.24250;98.29260;101.96000;97.42000;81.63000;2875.4;275.0;177.0;62.0;19.11;0.000;0.17498;0.03702;0.00;0.000;0.000;1.046;0.565;0.000;0.557;69.742;37.00;40.00;16959.7;982.70;13.97;3.56;1.58;214719.60;88121.28;0.00;21680.0;9.90;4.06;0.00;31/12/2023 17:08:20;
01/01/2024;19;2.0TD;3;0.000136879585000000;0.233;1.296538655;96.154694;0.557;2.195;93.402694;47.63;15.51253;0.71503;0.75;0.25;36.24250;98.29260;101.96000;97.42000;81.63000;2875.4;275.0;177.0;62.0;14.56;0.000;0.17498;0.03702;0.00;0.000;0.000;1.136;0.565;0.000;0.557;75.752;47.50;49.50;14073.5;1003.60;9.42;3.56;1.58;176670.28;47880.00;0.00;23846.0;7.41;2.01;0.00;31/12/2023 17:08:20;
01/01/2024;20;2.0TD;3;0.000150374388000000;0.235;1.304798216;103.340759;0.557;2.195;100.588759;54.90;15.51253;0.71503;0.75;0.25;36.24250;98.29260;101.96000;97.42000;81.63000;2875.4;275.0;177.0;62.0;12.90;0.000;0.17498;0.03702;0.00;0.000;0.000;1.222;0.565;0.000;0.557;81.448;54.97;53.98;14262.5;1009.70;7.76;3.56;1.58;146302.16;47880.00;0.00;25027.9;5.85;1.91;0.00;31/12/2023 17:08:20;
01/01/2024;21;2.0TD;3;0.000160895631000000;0.235;1.304324864;110.098679;0.557;2.195;107.346679;60.90;15.51253;0.71503;0.75;0.25;36.24250;98.29260;101.96000;97.42000;81.63000;2875.4;275.0;177.0;62.0;12.29;0.000;0.17498;0.03702;0.00;0.000;0.000;1.304;0.565;0.000;0.557;86.920;60.90;60.90;14369.9;992.50;7.15;3.56;1.58;138851.76;46858.56;0.00;25964.0;5.35;1.80;0.00;31/12/2023 17:08:20;
01/01/2024;22;2.0TD;3;0.000164949038000000;0.233;1.295830023;110.037041;0.557;2.195;107.285041;60.00;15.51253;0.71503;0.75;0.25;36.24250;98.29260;101.96000;97.42000;81.63000;2875.4;275.0;177.0;62.0;13.28;0.000;0.17498;0.03702;0.00;0.000;0.000;1.305;0.565;0.000;0.557;87.011;60.00;60.00;14488.8;1002.00;8.14;3.56;1.58;140083.52;47880.00;24859.38;26133.6;5.36;1.83;0.95;31/12/2023 17:08:20;
01/01/2024;23;2.0TD;3;0.000153209007000000;0.240;1.332523400;94.092121;0.557;2.195;91.340121;47.50;15.51253;0.71503;0.75;0.25;36.24250;98.29260;101.96000;97.42000;81.63000;2875.4;275.0;177.0;62.0;12.63;0.000;0.17498;0.03702;0.00;0.000;0.000;1.105;0.565;0.000;0.557;73.661;47.50;47.51;14391.9;905.30;7.49;3.56;1.58;113068.64;47880.00;24859.38;24817.6;4.56;1.93;1.00;31/12/2023 17:08:20;
01/01/2024;24;2.0TD;3;0.000131263319000000;0.250;1.388859150;88.483734;0.557;2.195;85.731734;42.09;15.51253;0.71503;0.75;0.25;36.24250;98.29260;101.96000;97.42000;81.63000;2875.4;275.0;177.0;62.0;13.04;0.000;0.17498;0.03702;0.00;0.000;0.000;1.029;0.565;0.000;0.557;68.585;42.09;42.09;14237.1;1094.00;7.90;3.56;1.58;105451.80;47880.00;24859.38;22560.0;4.67;2.12;1.10;31/12/2023 17:08:20;
*
