pvpcdata;
2025;01;13;09;30;20;
04/12/2024;1;2.0TD;3;0.000126866066000000;0.243;1.348737522;164.994839;0.557;2.195;162.242839;124.12;-9.68536;0.93679;0.75;0.25;133.36625;94.62480;101.96000;84.74000;90.60000;2254.5;275.0;200.0;53.0;11.80;0.000;0.17498;0.04096;0.00;0.000;1.958;0.947;0.000;0.557;130.525;124.12;124.10;17018.1;1480.90;7.63;3.25;0.92;58477.92;102742.40;24859.38;24372.1;2.40;4.22;1.02;03/12/2024 16:07:31;
04/12/2024;2;2.0TD;3;0.000104660573000000;0.252;1.400536512;156.661878;0.557;2.195;153.909878;116.66;-9.68536;0.93679;0.75;0.25;133.36625;94.62480;101.96000;84.74000;90.60000;2254.5;275.0;200.0;53.0;11.78;0.000;0.17498;0.04096;0.00;0.000;1.844;0.947;0.000;0.557;122.931;116.66;116.66;15807.4;1395.30;7.61;3.25;0.92;67625.76;81550.00;24859.38;22891.1;2.95;3.56;1.09;03/12/2024 16:07:31;
04/12/2024;3;2.0TD;3;0.000092095681000000;0.260;1.444592299;155.944328;0.557;2.195;153.192328;112.83;-9.68536;0.93679;0.75;0.25;133.36625;94.62480;101.96000;84.74000;90.60000;2254.5;275.0;200.0;53.0;14.28;0.000;0.17498;0.04096;0.00;0.000;1.824;0.947;0.000;0.557;121.581;112.79;113.50;15608.1;1050.30;10.11;3.25;0.92;148189.80;50862.32;24859.38;22130.9;6.70;2.30;1.12;03/12/2024 16:07:31;
04/12/2024;4;2.0TD;3;0.000085806369000000;0.263;1.460802795;151.013312;0.557;2.195;148.261312;108.90;-9.68536;0.93679;0.75;0.25;133.36625;94.62480;101.96000;84.74000;90.60000;2254.5;275.0;200.0;53.0;14.08;0.000;0.17498;0.04096;0.00;0.000;1.761;0.947;0.000;0.557;117.388;108.90;108.90;15218.3;1146.60;9.91;3.25;0.92;164277.72;50964.00;0.00;21713.7;7.57;2.35;0.00;03/12/2024 16:07:31;
04/12/2024;5;2.0TD;3;0.000083501902000000;0.265;1.472448074;149.179814;0.557;2.195;146.427814;106.97;-9.68536;0.93679;0.75;0.25;133.36625;94.62480;101.96000;84.74000;90.60000;2254.5;275.0;200.0;53.0;14.40;0.000;0.17498;0.04096;0.00;0.000;1.736;0.947;0.000;0.557;115.753;106.98;106.83;15715.0;1012.90;10.23;3.25;0.92;168647.80;53418.84;0.00;21712.0;7.77;2.46;0.00;03/12/2024 16:07:31;
04/12/2024;6;2.0TD;3;0.000085870959000000;0.256;1.421267780;151.733963;0.557;2.195;148.981963;110.65;-9.68536;0.93679;0.75;0.25;133.36625;94.62480;101.96000;84.74000;90.60000;2254.5;275.0;200.0;53.0;13.54;0.000;0.17498;0.04096;0.00;0.000;1.779;0.947;0.000;0.557;118.616;110.72;109.72;15250.3;1130.90;9.37;3.25;0.92;160605.60;47860.00;0.00;22242.6;7.22;2.15;0.00;03/12/2024 16:07:31;
04/12/2024;7;2.0TD;3;0.000097469009000000;0.231;1.283836550;176.413124;0.557;2.195;173.661124;132.11;-9.68536;0.93679;0.75;0.25;133.36625;94.62480;101.96000;84.74000;90.60000;2254.5;275.0;200.0;53.0;14.20;0.000;0.17498;0.04096;0.00;0.000;2.116;0.947;0.000;0.557;141.073;132.55;127.55;16623.9;1620.50;10.03;3.25;0.92;118563.28;105024.00;24859.38;24751.7;4.79;4.24;1.00;03/12/2024 16:07:31;
04/12/2024;8;2.0TD;3;0.000123710630000000;0.209;1.162627752;190.885956;0.557;2.195;188.133956;149.23;-9.68536;0.93679;0.75;0.25;133.36625;94.62480;101.96000;84.74000;90.60000;2254.5;275.0;200.0;53.0;11.40;0.000;0.17498;0.04096;0.00;0.000;2.334;0.947;0.000;0.557;155.611;149.23;149.23;20430.2;1631.60;7.23;3.25;0.92;67471.76;111808.00;24859.38;28254.3;2.39;3.96;0.88;03/12/2024 16:07:31;
04/12/2024;9;2.0TD;2;0.000137475194000000;0.195;1.196026682;222.367049;19.184;8.779;194.404049;155.52;-9.68536;0.93679;0.75;0.25;133.36625;94.62480;101.96000;84.74000;90.60000;2254.5;275.0;200.0;53.0;11.92;0.154;0.17498;0.04096;0.00;0.000;2.440;0.947;0.000;0.557;162.681;155.52;155.52;22332.7;2570.60;7.75;3.25;0.92;87490.20;120000.00;24859.38;29995.6;2.92;4.00;0.83;03/12/2024 16:07:31;
04/12/2024;10;2.0TD;2;0.000142804921000000;0.189;1.161211046;214.425800;19.184;8.779;186.462800;149.96;-9.68536;0.93679;0.75;0.25;133.36625;94.62480;101.96000;84.74000;90.60000;2254.5;275.0;200.0;53.0;11.71;0.154;0.17498;0.04096;0.00;0.000;2.352;0.947;0.000;0.557;156.823;150.16;147.66;23704.3;2115.50;7.54;3.25;0.92;91454.12;113280.00;24859.38;30455.3;3.00;3.72;0.82;03/12/2024 16:07:31;
04/12/2024;11;2.0TD;1;0.000147135383000000;0.181;1.082170652;247.269727;33.081;43.893;170.295727;137.94;-9.68536;0.93679;0.75;0.25;133.36625;94.62480;101.96000;84.74000;90.60000;2254.5;275.0;200.0;53.0;10.52;0.926;0.17498;0.04096;0.00;0.000;2.163;0.947;0.000;0.557;144.196;137.94;137.94;24282.4;2169.40;6.35;3.25;0.92;95435.76;72352.00;24859.38;30329.2;3.15;2.39;0.82;03/12/2024 16:07:31;
04/12/2024;12;2.0TD;1;0.000145212071000000;0.178;1.067781928;213.804840;33.081;43.893;136.830840;108.90;-9.68536;0.93679;0.75;0.25;133.36625;94.62480;101.96000;84.74000;90.60000;2254.5;275.0;200.0;53.0;11.94;0.926;0.17498;0.04096;0.00;0.000;1.742;0.947;0.000;0.557;116.155;108.90;108.90;23691.2;1629.90;7.77;3.25;0.92;93818.16;116280.16;24859.38;30209.4;3.11;3.85;0.82;03/12/2024 16:07:31;
04/12/2024;13;2.0TD;1;0.000144581551000000;0.177;1.058400518;213.020149;33.081;43.893;136.046149;108.25;-9.68536;0.93679;0.75;0.25;133.36625;94.62480;101.96000;84.74000;90.60000;2254.5;275.0;200.0;53.0;12.03;0.926;0.17498;0.04096;0.00;0.000;1.734;0.947;0.000;0.557;115.587;108.25;108.25;24266.4;1465.70;7.86;3.25;0.92;96619.56;114624.00;24859.38;30039.2;3.22;3.82;0.83;03/12/2024 16:07:31;
04/12/2024;14;2.0TD;1;0.000152706772000000;0.176;1.055466585;213.525490;33.081;43.893;136.551490;108.75;-9.68536;0.93679;0.75;0.25;133.36625;94.62480;101.96000;84.74000;90.60000;2254.5;275.0;200.0;53.0;12.05;0.926;0.17498;0.04096;0.00;0.000;1.742;0.947;0.000;0.557;116.115;108.51;112.72;24190.9;1459.60;7.88;3.25;0.92;94968.16;116976.00;24859.38;30081.6;3.16;3.89;0.83;03/12/2024 16:07:31;
04/12/2024;15;2.0TD;2;0.000155195192000000;0.176;1.078819132;164.201674;19.184;8.779;136.238674;109.34;-9.68536;0.93679;0.75;0.25;133.36625;94.62480;101.96000;84.74000;90.60000;2254.5;275.0;200.0;53.0;11.97;0.154;0.17498;0.04096;0.00;0.000;1.738;0.947;0.000;0.557;115.849;108.90;117.02;23808.6;1358.70;7.80;3.25;0.92;93774.84;114432.00;24859.38;29869.1;3.14;3.83;0.83;03/12/2024 16:07:31;
04/12/2024;16;2.0TD;2;0.000149833979000000;0.182;1.119511766;183.904511;19.184;8.779;155.941511;121.12;-9.68536;0.93679;0.75;0.25;133.36625;94.62480;101.96000;84.74000;90.60000;2254.5;275.0;200.0;53.0;16.03;0.154;0.17498;0.04096;0.00;0.000;1.979;0.947;0.000;0.557;131.930;121.12;121.12;23509.0;1741.00;11.86;3.25;0.92;72602.36;252480.00;24859.38;29489.8;2.46;8.56;0.84;03/12/2024 16:07:31;
04/12/2024;17;2.0TD;2;0.000147544362000000;0.186;1.142920730;212.426576;19.184;8.779;184.463576;147.79;-9.68536;0.93679;0.75;0.25;133.36625;94.62480;101.96000;84.74000;90.60000;2254.5;275.0;200.0;53.0;12.61;0.154;0.17498;0.04096;0.00;0.000;2.333;0.947;0.000;0.557;155.534;147.53;151.53;23794.9;1685.90;8.44;3.25;0.92;19621.12;199990.40;24859.38;28975.6;0.68;6.90;0.86;03/12/2024 16:07:31;
04/12/2024;18;2.0TD;2;0.000156827008000000;0.195;1.199212954;217.624094;19.184;8.779;189.661094;153.28;-9.68536;0.93679;0.75;0.25;133.36625;94.62480;101.96000;84.74000;90.60000;2254.5;275.0;200.0;53.0;10.25;0.154;0.17498;0.04096;0.00;0.000;2.381;0.947;0.000;0.557;158.712;152.94;157.16;24112.5;2085.70;6.08;3.25;0.92;64285.96;92800.00;24859.38;29941.6;2.15;3.10;0.83;03/12/2024 16:07:31;
04/12/2024;19;2.0TD;1;0.000179926446000000;0.205;1.227794844;294.024881;33.081;43.893;217.050881;175.31;-9.68536;0.93679;0.75;0.25;133.36625;94.62480;101.96000;84.74000;90.60000;2254.5;275.0;200.0;53.0;8.54;0.926;0.17498;0.04096;0.00;0.000;2.702;0.947;0.000;0.557;180.125;174.99;179.49;24530.9;1904.80;4.37;3.25;0.92;85889.08;25392.00;24859.38;31151.9;2.76;0.82;0.80;03/12/2024 16:07:31;
04/12/2024;20;2.0TD;1;0.000193258466000000;0.207;1.240148422;289.740595;33.081;43.893;212.766595;171.63;-9.68536;0.93679;0.75;0.25;133.36625;94.62480;101.96000;84.74000;90.60000;2254.5;275.0;200.0;53.0;8.43;0.926;0.17498;0.04096;0.00;0.000;2.644;0.947;0.000;0.557;176.277;171.45;174.01;24437.8;1890.00;4.26;3.25;0.92;88251.64;22680.00;24859.38;31861.7;2.77;0.71;0.78;03/12/2024 16:07:31;
04/12/2024;21;2.0TD;1;0.000205597671000000;0.211;1.263928399;267.959856;33.081;43.893;190.985856;153.02;-9.68536;0.93679;0.75;0.25;133.36625;94.62480;101.96000;84.74000;90.60000;2254.5;275.0;200.0;53.0;8.75;0.926;0.17498;0.04096;0.00;0.000;2.366;0.947;0.000;0.557;157.709;153.02;153.02;25551.5;1815.10;4.58;3.25;0.92;101721.00;22560.00;24859.38;32569.5;3.12;0.69;0.76;03/12/2024 16:07:31;
04/12/2024;22;2.0TD;1;0.000207813716000000;0.216;1.294154037;268.291186;33.081;43.893;191.317186;152.48;-9.68536;0.93679;0.75;0.25;133.36625;94.62480;101.96000;84.74000;90.60000;2254.5;275.0;200.0;53.0;8.92;0.926;0.17498;0.04096;0.00;0.000;2.360;0.947;0.000;0.557;157.333;152.48;152.48;24785.6;1893.90;4.75;3.25;0.92;102293.36;22480.00;24859.38;31504.3;3.25;0.71;0.79;03/12/2024 16:07:31;
04/12/2024;23;2.0TD;2;0.000189502886000000;0.221;1.356414658;212.713990;19.184;8.779;184.750990;148.16;-9.68536;0.93679;0.75;0.25;133.36625;94.62480;101.96000;84.74000;90.60000;2254.5;275.0;200.0;53.0;8.08;0.154;0.17498;0.04096;0.00;0.000;2.270;0.947;0.000;0.557;151.311;148.03;150.00;22915.6;1585.90;3.91;3.25;0.92;61009.72;24880.00;24859.38;28318.0;2.15;0.88;0.88;03/12/2024 16:07:31;
04/12/2024;24;2.0TD;2;0.000159102663000000;0.230;1.411207257;204.010701;19.184;8.779;176.047701;139.10;-9.68536;0.93679;0.75;0.25;133.36625;94.62480;101.96000;84.74000;90.60000;2254.5;275.0;200.0;53.0;9.08;0.154;0.17498;0.04096;0.00;0.000;2.147;0.947;0.000;0.557;143.128;139.10;139.10;20797.7;1620.50;4.91;3.25;0.92;50249.04;50720.00;24859.38;25602.0;1.96;1.98;0.97;03/12/2024 16:07:31;
*
