pvpcdata;
2024;06;11;12;31;19;
31/05/2024;1;2.0TD;3;0.000085504663000000;0.187;1.036536155;61.169618;0.557;2.195;58.417618;9.92;18.18241;1.11130;0.75;0.25;2.68917;75.41880;101.96000;48.69000;28.32000;1763.7;275.0;154.0;61.0;16.63;0.000;0.17498;0.04096;0.00;0.000;0.738;0.947;0.000;0.557;49.214;10.00;9.00;21186.3;1867.90;12.22;3.16;1.25;260009.96;12968.40;24859.38;24379.2;10.67;0.53;1.02;30/05/2024 16:42:37;
31/05/2024;2;2.0TD;3;0.000072067758000000;0.190;1.057929320;57.354561;0.557;2.195;54.602561;5.41;18.18241;1.11130;0.75;0.25;2.68917;75.41880;101.96000;48.69000;28.32000;1763.7;275.0;154.0;61.0;17.86;0.000;0.17498;0.04096;0.00;0.000;0.688;0.947;0.000;0.557;45.884;5.50;4.50;20459.4;2025.20;13.45;3.16;1.25;270977.52;15596.48;24859.38;23145.9;11.71;0.67;1.07;30/05/2024 16:42:37;
31/05/2024;3;2.0TD;3;0.000064063474000000;0.190;1.058185379;57.982881;0.557;2.195;55.230881;4.76;18.18241;1.11130;0.75;0.25;2.68917;75.41880;101.96000;48.69000;28.32000;1763.7;275.0;154.0;61.0;19.03;0.000;0.17498;0.04096;0.00;0.000;0.696;0.947;0.000;0.557;46.412;4.77;4.62;19985.0;2125.80;14.62;3.16;1.25;283551.56;16151.52;24859.38;22194.7;12.78;0.73;1.12;30/05/2024 16:42:37;
31/05/2024;4;2.0TD;3;0.000060529441000000;0.189;1.051883117;56.633325;0.557;2.195;53.881325;2.96;18.18241;1.11130;0.75;0.25;2.68917;75.41880;101.96000;48.69000;28.32000;1763.7;275.0;154.0;61.0;19.75;0.000;0.17498;0.04096;0.00;0.000;0.680;0.947;0.000;0.557;45.316;3.25;0.67;19041.6;2401.70;15.34;3.16;1.25;318572.48;17386.24;0.00;21903.0;14.54;0.79;0.00;30/05/2024 16:42:37;
31/05/2024;5;2.0TD;3;0.000059207431000000;0.188;1.046132265;56.563060;0.557;2.195;53.811060;2.86;18.18241;1.11130;0.75;0.25;2.68917;75.41880;101.96000;48.69000;28.32000;1763.7;275.0;154.0;61.0;19.83;0.000;0.17498;0.04096;0.00;0.000;0.679;0.947;0.000;0.557;45.295;3.25;0.02;17633.7;2401.80;15.42;3.16;1.25;319177.20;17386.24;0.00;21824.5;14.62;0.80;0.00;30/05/2024 16:42:37;
31/05/2024;6;2.0TD;3;0.000060472754000000;0.185;1.028307749;57.703419;0.557;2.195;54.951419;4.26;18.18241;1.11130;0.75;0.25;2.68917;75.41880;101.96000;48.69000;28.32000;1763.7;275.0;154.0;61.0;19.49;0.000;0.17498;0.04096;0.00;0.000;0.696;0.947;0.000;0.557;46.372;4.37;3.37;19614.0;2344.30;15.08;3.16;1.25;317011.80;16501.68;0.00;22111.7;14.34;0.75;0.00;30/05/2024 16:42:37;
31/05/2024;7;2.0TD;3;0.000065908581000000;0.176;0.977999296;59.721562;0.557;2.195;56.969562;6.62;18.18241;1.11130;0.75;0.25;2.68917;75.41880;101.96000;48.69000;28.32000;1763.7;275.0;154.0;61.0;19.17;0.000;0.17498;0.04096;0.00;0.000;0.727;0.947;0.000;0.557;48.443;6.67;6.17;20073.5;2186.40;14.76;3.16;1.25;314233.08;14619.36;24859.38;23969.7;13.11;0.61;1.04;30/05/2024 16:42:37;
31/05/2024;8;2.0TD;3;0.000078395336000000;0.169;0.938874091;61.209605;0.557;2.195;58.457605;4.99;18.18241;1.11130;0.75;0.25;2.68917;75.41880;101.96000;48.69000;28.32000;1763.7;275.0;154.0;61.0;22.34;0.000;0.17498;0.04096;0.00;0.000;0.750;0.947;0.000;0.557;50.006;5.00;4.90;20914.2;2015.80;17.93;3.16;1.25;332943.20;109175.20;24859.38;26040.4;12.79;4.19;0.95;30/05/2024 16:42:37;
31/05/2024;9;2.0TD;2;0.000091360260000000;0.181;1.110017999;84.135500;19.184;8.779;56.172500;2.47;18.18241;1.11130;0.75;0.25;2.68917;75.41880;101.96000;48.69000;28.32000;1763.7;275.0;154.0;61.0;22.30;0.154;0.17498;0.04096;0.00;0.000;0.713;0.947;0.000;0.557;47.563;2.47;2.48;24005.0;2083.20;17.89;3.16;1.25;400916.60;63730.40;24859.38;27358.9;14.65;2.33;0.91;30/05/2024 16:42:37;
31/05/2024;10;2.0TD;2;0.000097403417000000;0.148;0.910487295;80.130996;19.184;8.779;52.167996;0.00;18.18241;1.11130;0.75;0.25;2.68917;75.41880;101.96000;48.69000;28.32000;1763.7;275.0;154.0;61.0;22.68;0.154;0.17498;0.04096;0.00;0.000;0.682;0.947;0.000;0.557;45.442;0.00;0.00;27471.3;2115.50;18.27;3.16;1.25;407817.44;71040.00;24859.38;27575.7;14.79;2.58;0.90;30/05/2024 16:42:37;
31/05/2024;11;2.0TD;1;0.000102214380000000;0.150;0.896776570;128.510681;33.081;43.893;51.536681;-0.06;18.18241;1.11130;0.75;0.25;2.68917;75.41880;101.96000;48.69000;28.32000;1763.7;275.0;154.0;61.0;21.35;0.926;0.17498;0.04096;0.00;0.000;0.672;0.947;0.000;0.557;44.814;0.00;-1.00;29296.3;2083.20;16.94;3.16;1.25;434611.08;4873.12;24859.38;27411.4;15.86;0.18;0.91;30/05/2024 16:42:37;
31/05/2024;12;2.0TD;1;0.000104004209000000;0.153;0.915283145;128.692398;33.081;43.893;51.718398;-0.32;18.18241;1.11130;0.75;0.25;2.68917;75.41880;101.96000;48.69000;28.32000;1763.7;275.0;154.0;61.0;21.65;0.926;0.17498;0.04096;0.00;0.000;0.673;0.947;0.000;0.557;44.855;0.00;-4.40;28929.2;2275.60;17.24;3.16;1.25;446978.16;5287.00;24859.38;27680.7;16.15;0.19;0.90;30/05/2024 16:42:37;
31/05/2024;13;2.0TD;1;0.000107972441000000;0.154;0.921116239;128.748793;33.081;43.893;51.774793;-0.34;18.18241;1.11130;0.75;0.25;2.68917;75.41880;101.96000;48.69000;28.32000;1763.7;275.0;154.0;61.0;21.68;0.926;0.17498;0.04096;0.00;0.000;0.673;0.947;0.000;0.557;44.865;0.00;-4.60;29348.3;2316.80;17.27;3.16;1.25;446672.88;9546.00;24859.38;27844.5;16.04;0.34;0.89;30/05/2024 16:42:37;
31/05/2024;14;2.0TD;1;0.000114863702000000;0.148;0.888057958;128.829740;33.081;43.893;51.855740;-0.32;18.18241;1.11130;0.75;0.25;2.68917;75.41880;101.96000;48.69000;28.32000;1763.7;275.0;154.0;61.0;21.96;0.926;0.17498;0.04096;0.00;0.000;0.678;0.947;0.000;0.557;45.170;0.00;-4.60;29592.2;2246.50;17.55;3.16;1.25;455180.96;8948.80;24859.38;27856.7;16.34;0.32;0.89;30/05/2024 16:42:37;
31/05/2024;15;2.0TD;2;0.000115063930000000;0.168;1.031831309;80.020182;19.184;8.779;52.057182;-0.27;18.18241;1.11130;0.75;0.25;2.68917;75.41880;101.96000;48.69000;28.32000;1763.7;275.0;154.0;61.0;22.09;0.154;0.17498;0.04096;0.00;0.000;0.669;0.947;0.000;0.557;44.569;-0.01;-4.01;28885.2;2018.80;17.68;3.16;1.25;448139.68;9971.52;24859.38;27316.8;16.41;0.37;0.91;30/05/2024 16:42:37;
31/05/2024;16;2.0TD;2;0.000106176633000000;0.176;1.080719340;80.757762;19.184;8.779;52.794762;-0.28;18.18241;1.11130;0.75;0.25;2.68917;75.41880;101.96000;48.69000;28.32000;1763.7;275.0;154.0;61.0;22.42;0.154;0.17498;0.04096;0.00;0.000;0.673;0.947;0.000;0.557;44.893;-0.01;-3.89;28294.2;2125.80;18.01;3.16;1.25;439704.52;10540.20;24859.38;26373.0;16.67;0.40;0.94;30/05/2024 16:42:37;
31/05/2024;17;2.0TD;2;0.000099927676000000;0.180;1.101996053;81.141476;19.184;8.779;53.178476;-0.28;18.18241;1.11130;0.75;0.25;2.68917;75.41880;101.96000;48.69000;28.32000;1763.7;275.0;154.0;61.0;22.59;0.154;0.17498;0.04096;0.00;0.000;0.676;0.947;0.000;0.557;45.066;-0.01;-3.89;27757.2;2081.50;18.18;3.16;1.25;440391.16;8262.80;24859.38;26044.5;16.91;0.32;0.95;30/05/2024 16:42:37;
31/05/2024;18;2.0TD;2;0.000099323263000000;0.185;1.133876759;81.294524;19.184;8.779;53.331524;-0.24;18.18241;1.11130;0.75;0.25;2.68917;75.41880;101.96000;48.69000;28.32000;1763.7;275.0;154.0;61.0;22.49;0.154;0.17498;0.04096;0.00;0.000;0.675;0.947;0.000;0.557;45.005;-0.01;-3.51;27642.7;1955.10;18.08;3.16;1.25;442436.32;8909.60;24859.38;26337.4;16.80;0.34;0.94;30/05/2024 16:42:37;
31/05/2024;19;2.0TD;1;0.000099602437000000;0.160;0.959955599;125.991546;33.081;43.893;49.017546;-0.32;18.18241;1.11130;0.75;0.25;2.68917;75.41880;101.96000;48.69000;28.32000;1763.7;275.0;154.0;61.0;19.09;0.926;0.17498;0.04096;0.00;0.000;0.634;0.947;0.000;0.557;42.256;0.00;-4.60;28030.1;2076.80;14.68;3.16;1.25;334135.24;33411.84;24859.38;26734.9;12.50;1.25;0.93;30/05/2024 16:42:37;
31/05/2024;20;2.0TD;1;0.000100620935000000;0.163;0.975425116;128.786238;33.081;43.893;51.812238;-0.14;18.18241;1.11130;0.75;0.25;2.68917;75.41880;101.96000;48.69000;28.32000;1763.7;275.0;154.0;61.0;21.17;0.926;0.17498;0.04096;0.00;0.000;0.668;0.947;0.000;0.557;44.550;0.00;-2.49;27242.3;1593.70;16.76;3.16;1.25;329670.56;103083.12;24859.38;27298.1;12.08;3.78;0.91;30/05/2024 16:42:37;
31/05/2024;21;2.0TD;1;0.000106104580000000;0.165;0.989199529;128.271869;33.081;43.893;51.297869;3.25;18.18241;1.11130;0.75;0.25;2.68917;75.41880;101.96000;48.69000;28.32000;1763.7;275.0;154.0;61.0;17.27;0.926;0.17498;0.04096;0.00;0.000;0.660;0.947;0.000;0.557;44.032;3.25;3.25;25961.5;2339.10;12.86;3.16;1.25;269572.00;64952.64;24859.38;27945.1;9.65;2.32;0.89;30/05/2024 16:42:37;
31/05/2024;22;2.0TD;1;0.000120692322000000;0.169;1.013697407;131.759776;33.081;43.893;54.785776;7.11;18.18241;1.11130;0.75;0.25;2.68917;75.41880;101.96000;48.69000;28.32000;1763.7;275.0;154.0;61.0;16.20;0.926;0.17498;0.04096;0.00;0.000;0.703;0.947;0.000;0.557;46.865;7.30;4.80;23923.9;2004.90;11.79;3.16;1.25;301641.16;10621.20;24859.38;28584.1;10.55;0.37;0.87;30/05/2024 16:42:37;
31/05/2024;23;2.0TD;2;0.000121761004000000;0.199;1.222002198;81.510946;19.184;8.779;53.547946;5.24;18.18241;1.11130;0.75;0.25;2.68917;75.41880;101.96000;48.69000;28.32000;1763.7;275.0;154.0;61.0;16.67;0.154;0.17498;0.04096;0.00;0.000;0.670;0.947;0.000;0.557;44.660;5.50;2.24;23155.9;1994.40;12.26;3.16;1.25;304387.36;8881.92;24859.38;27586.0;11.03;0.32;0.90;30/05/2024 16:42:37;
31/05/2024;24;2.0TD;2;0.000106082767000000;0.205;1.256049157;80.212409;19.184;8.779;52.249409;2.86;18.18241;1.11130;0.75;0.25;2.68917;75.41880;101.96000;48.69000;28.32000;1763.7;275.0;154.0;61.0;17.77;0.154;0.17498;0.04096;0.00;0.000;0.650;0.947;0.000;0.557;43.360;3.25;-0.75;20701.7;2245.30;13.36;3.16;1.25;308736.08;6983.28;24859.38;25493.9;12.11;0.27;0.98;30/05/2024 16:42:37;
*
