pvpcdata;
2024;04;10;12;05;30;
01/03/2024;1;2.0TD;3;0.000112741063000000;0.215;1.193007206;51.079999;0.557;2.195;48.327999;2.08;22.92496;0.83100;0.75;0.25;2.13875;93.83860;101.96000;97.42000;37.09000;2397.1;275.0;177.0;46.0;16.71;0.000;0.17498;0.04096;0.00;0.000;0.000;0.597;0.565;0.000;0.557;39.776;2.17;-0.10;23277.0;950.90;11.90;3.40;1.41;215424.12;61310.40;24859.38;25341.5;8.50;2.42;0.98;29/02/2024 18:59:07;
01/03/2024;2;2.0TD;3;0.000093006084000000;0.225;1.248549942;50.481835;0.557;2.195;47.729835;0.47;22.92496;0.83100;0.75;0.25;2.13875;93.83860;101.96000;97.42000;37.09000;2397.1;275.0;177.0;46.0;17.52;0.000;0.17498;0.04096;0.00;0.000;0.000;0.584;0.565;0.000;0.557;38.963;0.50;-0.10;22330.9;1229.00;12.71;3.40;1.41;216062.88;61858.08;24859.38;23815.9;9.07;2.60;1.04;29/02/2024 18:59:07;
01/03/2024;3;2.0TD;3;0.000082035534000000;0.226;1.257494303;51.006294;0.557;2.195;48.254294;0.14;22.92496;0.83100;0.75;0.25;2.13875;93.83860;101.96000;97.42000;37.09000;2397.1;275.0;177.0;46.0;18.24;0.000;0.17498;0.04096;0.00;0.000;0.000;0.590;0.565;0.000;0.557;39.359;0.20;-1.00;21791.1;1559.50;13.43;3.40;1.41;216174.80;65021.88;24859.38;22785.9;9.49;2.85;1.09;29/02/2024 18:59:07;
01/03/2024;4;2.0TD;3;0.000076802573000000;0.228;1.266291748;49.726844;0.557;2.195;46.974844;0.04;22.92496;0.83100;0.75;0.25;2.13875;93.83860;101.96000;97.42000;37.09000;2397.1;275.0;177.0;46.0;17.25;0.000;0.17498;0.04096;0.00;0.000;0.000;0.574;0.565;0.000;0.557;38.253;0.10;-1.00;21541.1;1522.70;12.44;3.40;1.41;216218.68;62059.04;0.00;22372.4;9.66;2.77;0.00;29/02/2024 18:59:07;
01/03/2024;5;2.0TD;3;0.000075094396000000;0.228;1.268888144;49.814032;0.557;2.195;47.062032;-0.04;22.92496;0.83100;0.75;0.25;2.13875;93.83860;101.96000;97.42000;37.09000;2397.1;275.0;177.0;46.0;17.40;0.000;0.17498;0.04096;0.00;0.000;0.000;0.575;0.565;0.000;0.557;38.324;0.01;-1.00;21272.3;1594.00;12.59;3.40;1.41;216266.08;64576.96;0.00;22299.9;9.70;2.90;0.00;29/02/2024 18:59:07;
01/03/2024;6;2.0TD;3;0.000077756583000000;0.224;1.246116937;49.660736;0.557;2.195;46.908736;0.47;22.92496;0.83100;0.75;0.25;2.13875;93.83860;101.96000;97.42000;37.09000;2397.1;275.0;177.0;46.0;16.89;0.000;0.17498;0.04096;0.00;0.000;0.000;0.575;0.565;0.000;0.557;38.324;0.50;0.00;21729.4;1181.60;12.08;3.40;1.41;215961.64;62424.96;0.00;23054.2;9.37;2.71;0.00;29/02/2024 18:59:07;
01/03/2024;7;2.0TD;3;0.000088908207000000;0.207;1.151888894;48.886112;0.557;2.195;46.134112;2.88;22.92496;0.83100;0.75;0.25;2.13875;93.83860;101.96000;97.42000;37.09000;2397.1;275.0;177.0;46.0;14.38;0.000;0.17498;0.04096;0.00;0.000;0.000;0.573;0.565;0.000;0.557;38.222;3.00;0.10;23190.6;989.90;9.57;3.40;1.41;206013.64;16181.88;24859.38;25808.9;7.98;0.63;0.96;29/02/2024 18:59:07;
01/03/2024;8;2.0TD;3;0.000110629523000000;0.192;1.066893399;47.647644;0.557;2.195;44.895644;3.25;22.92496;0.83100;0.75;0.25;2.13875;93.83860;101.96000;97.42000;37.09000;2397.1;275.0;177.0;46.0;13.46;0.000;0.17498;0.04096;0.00;0.000;0.000;0.565;0.565;0.000;0.557;37.664;3.25;3.25;25080.1;1167.70;8.65;3.40;1.41;184050.56;47580.00;24859.38;29667.1;6.20;1.60;0.84;29/02/2024 18:59:07;
01/03/2024;9;2.0TD;2;0.000123322697000000;0.183;1.124422558;72.403732;19.184;8.779;44.440732;3.25;22.92496;0.83100;0.75;0.25;2.13875;93.83860;101.96000;97.42000;37.09000;2397.1;275.0;177.0;46.0;13.21;0.154;0.17498;0.04096;0.00;0.000;0.000;0.563;0.565;0.000;0.557;37.566;3.25;3.25;27505.2;1290.90;8.40;3.40;1.41;178654.68;61361.20;24859.38;31536.8;5.66;1.95;0.79;29/02/2024 18:59:07;
01/03/2024;10;2.0TD;2;0.000129682810000000;0.163;1.000090545;70.035840;19.184;8.779;42.072840;3.06;22.92496;0.83100;0.75;0.25;2.13875;93.83860;101.96000;97.42000;37.09000;2397.1;275.0;177.0;46.0;12.03;0.154;0.17498;0.04096;0.00;0.000;0.000;0.543;0.565;0.000;0.557;36.176;3.20;0.10;31442.1;1440.70;7.22;3.40;1.41;186508.88;17402.08;24859.38;31671.6;5.89;0.55;0.78;29/02/2024 18:59:07;
01/03/2024;11;2.0TD;1;0.000133484219000000;0.160;0.955443205;117.962751;33.081;43.893;40.988751;-0.06;22.92496;0.83100;0.75;0.25;2.13875;93.83860;101.96000;97.42000;37.09000;2397.1;275.0;177.0;46.0;13.55;0.926;0.17498;0.04096;0.00;0.000;0.000;0.530;0.565;0.000;0.557;35.335;0.00;-1.00;33268.4;2034.00;8.74;3.40;1.41;195925.00;51600.00;24859.38;31171.7;6.29;1.66;0.80;29/02/2024 18:59:07;
01/03/2024;12;2.0TD;1;0.000131924519000000;0.158;0.947731211;116.281303;33.081;43.893;39.307303;-0.37;22.92496;0.83100;0.75;0.25;2.13875;93.83860;101.96000;97.42000;37.09000;2397.1;275.0;177.0;46.0;12.49;0.926;0.17498;0.04096;0.00;0.000;0.000;0.509;0.565;0.000;0.557;33.944;0.00;-5.00;33014.1;2616.90;7.68;3.40;1.41;195928.52;15930.00;24859.38;30833.4;6.35;0.52;0.81;29/02/2024 18:59:07;
01/03/2024;13;2.0TD;1;0.000131613381000000;0.157;0.942066798;115.989348;33.081;43.893;39.015348;-0.45;22.92496;0.83100;0.75;0.25;2.13875;93.83860;101.96000;97.42000;37.09000;2397.1;275.0;177.0;46.0;12.35;0.926;0.17498;0.04096;0.00;0.000;0.000;0.506;0.565;0.000;0.557;33.721;0.00;-5.85;32669.9;2705.90;7.54;3.40;1.41;188903.64;15860.00;24859.38;30488.2;6.20;0.52;0.82;29/02/2024 18:59:07;
01/03/2024;14;2.0TD;1;0.000138107360000000;0.154;0.921910568;115.922805;33.081;43.893;38.948805;-0.48;22.92496;0.83100;0.75;0.25;2.13875;93.83860;101.96000;97.42000;37.09000;2397.1;275.0;177.0;46.0;12.41;0.926;0.17498;0.04096;0.00;0.000;0.000;0.506;0.565;0.000;0.557;33.751;0.00;-6.00;32120.5;2766.90;7.60;3.40;1.41;188903.68;15910.00;24859.38;30228.2;6.25;0.53;0.82;29/02/2024 18:59:07;
01/03/2024;15;2.0TD;2;0.000139411605000000;0.161;0.984882209;66.344651;19.184;8.779;38.381651;-0.48;22.92496;0.83100;0.75;0.25;2.13875;93.83860;101.96000;97.42000;37.09000;2397.1;275.0;177.0;46.0;12.50;0.154;0.17498;0.04096;0.00;0.000;0.000;0.496;0.565;0.000;0.557;33.059;0.00;-6.00;31499.8;2859.80;7.69;3.40;1.41;188903.68;15910.00;24859.38;29869.0;6.32;0.53;0.83;29/02/2024 18:59:07;
01/03/2024;16;2.0TD;2;0.000133073184000000;0.164;1.007369417;66.432188;19.184;8.779;38.469188;-0.47;22.92496;0.83100;0.75;0.25;2.13875;93.83860;101.96000;97.42000;37.09000;2397.1;275.0;177.0;46.0;12.48;0.154;0.17498;0.04096;0.00;0.000;0.000;0.496;0.565;0.000;0.557;33.049;0.00;-6.00;31092.8;2677.60;7.67;3.40;1.41;181878.56;17435.00;24859.38;29236.7;6.22;0.60;0.85;29/02/2024 18:59:07;
01/03/2024;17;2.0TD;2;0.000127721043000000;0.170;1.043052427;68.032143;19.184;8.779;40.069143;-0.38;22.92496;0.83100;0.75;0.25;2.13875;93.83860;101.96000;97.42000;37.09000;2397.1;275.0;177.0;46.0;13.57;0.154;0.17498;0.04096;0.00;0.000;0.000;0.514;0.565;0.000;0.557;34.247;0.00;-5.00;30454.9;2506.40;8.76;3.40;1.41;174852.88;53610.00;24859.38;28928.6;6.04;1.85;0.86;29/02/2024 18:59:07;
01/03/2024;18;2.0TD;2;0.000128270359000000;0.174;1.069521061;69.086025;19.184;8.779;41.123025;0.84;22.92496;0.83100;0.75;0.25;2.13875;93.83860;101.96000;97.42000;37.09000;2397.1;275.0;177.0;46.0;13.12;0.154;0.17498;0.04096;0.00;0.000;0.000;0.525;0.565;0.000;0.557;35.028;0.84;0.84;29980.7;1629.80;8.31;3.40;1.41;148264.40;68999.04;24859.38;29137.1;5.09;2.37;0.85;29/02/2024 18:59:07;
01/03/2024;19;2.0TD;1;0.000134015472000000;0.172;1.027966235;121.801981;33.081;43.893;44.827981;3.25;22.92496;0.83100;0.75;0.25;2.13875;93.83860;101.96000;97.42000;37.09000;2397.1;275.0;177.0;46.0;13.11;0.926;0.17498;0.04096;0.00;0.000;0.000;0.574;0.565;0.000;0.557;38.249;3.25;3.25;27047.2;1760.00;8.30;3.40;1.41;143661.08;76141.12;24859.38;29479.0;4.87;2.58;0.84;29/02/2024 18:59:07;
01/03/2024;20;2.0TD;1;0.000154764903000000;0.181;1.086492543;122.756800;33.081;43.893;45.782800;5.68;22.92496;0.83100;0.75;0.25;2.13875;93.83860;101.96000;97.42000;37.09000;2397.1;275.0;177.0;46.0;11.19;0.926;0.17498;0.04096;0.00;0.000;0.000;0.581;0.565;0.000;0.557;38.766;5.68;5.68;26328.6;1554.90;6.38;3.40;1.41;167521.36;11005.56;24859.38;31871.3;5.26;0.35;0.78;29/02/2024 18:59:07;
01/03/2024;21;2.0TD;1;0.000173599813000000;0.188;1.125196365;127.865699;33.081;43.893;50.891699;10.10;22.92496;0.83100;0.75;0.25;2.13875;93.83860;101.96000;97.42000;37.09000;2397.1;275.0;177.0;46.0;10.78;0.926;0.17498;0.04096;0.00;0.000;0.000;0.643;0.565;0.000;0.557;42.838;10.10;10.10;27190.5;1435.90;5.97;3.40;1.41;153754.28;17072.32;24859.38;32761.2;4.69;0.52;0.76;29/02/2024 18:59:07;
01/03/2024;22;2.0TD;1;0.000179738264000000;0.190;1.136264720;123.855395;33.081;43.893;46.881395;6.47;22.92496;0.83100;0.75;0.25;2.13875;93.83860;101.96000;97.42000;37.09000;2397.1;275.0;177.0;46.0;11.02;0.926;0.17498;0.04096;0.00;0.000;0.000;0.591;0.565;0.000;0.557;39.396;6.48;6.35;26234.4;1766.70;6.21;3.40;1.41;161836.68;11747.76;24859.38;31955.7;5.06;0.37;0.78;29/02/2024 18:59:07;
01/03/2024;23;2.0TD;2;0.000166503579000000;0.205;1.258078385;73.647117;19.184;8.779;45.684117;5.00;22.92496;0.83100;0.75;0.25;2.13875;93.83860;101.96000;97.42000;37.09000;2397.1;275.0;177.0;46.0;11.80;0.154;0.17498;0.04096;0.00;0.000;0.000;0.569;0.565;0.000;0.557;37.912;5.00;5.00;25203.3;1736.00;6.99;3.40;1.41;167894.68;11624.16;24859.38;29251.9;5.74;0.40;0.85;29/02/2024 18:59:07;
01/03/2024;24;2.0TD;2;0.000143856928000000;0.211;1.296905854;74.414696;19.184;8.779;46.451696;3.62;22.92496;0.83100;0.75;0.25;2.13875;93.83860;101.96000;97.42000;37.09000;2397.1;275.0;177.0;46.0;13.62;0.154;0.17498;0.04096;0.00;0.000;0.000;0.575;0.565;0.000;0.557;38.358;3.80;0.10;24107.6;1197.10;8.81;3.40;1.41;150295.60;61995.52;24859.38;26909.4;5.59;2.30;0.92;29/02/2024 18:59:07;
*
