pvpcdata;
2025;01;13;09;30;18;
02/12/2024;1;2.0TD;3;0.000122177911000000;0.237;1.319383559;178.451650;0.557;2.195;175.699650;137.04;-12.14661;0.96854;0.75;0.25;143.21125;94.62480;101.96000;84.74000;90.60000;2180.6;275.0;200.0;53.0;12.91;0.000;0.17498;0.04096;0.00;0.000;2.131;0.947;0.000;0.557;142.036;137.77;130.88;16772.4;1995.50;8.74;3.25;0.92;130197.28;33880.00;24859.38;21620.9;6.02;1.57;1.15;01/12/2024 16:10:32;
02/12/2024;2;2.0TD;3;0.000100664108000000;0.249;1.385187098;177.175979;0.557;2.195;174.423979;134.09;-12.14661;0.96854;0.75;0.25;143.21125;94.62480;101.96000;84.74000;90.60000;2180.6;275.0;200.0;53.0;13.51;0.000;0.17498;0.04096;0.00;0.000;2.095;0.947;0.000;0.557;139.650;134.93;128.27;15654.0;2249.70;9.34;3.25;0.92;146743.68;43600.00;0.00;20388.6;7.20;2.14;0.00;01/12/2024 16:10:32;
02/12/2024;3;2.0TD;3;0.000088679421000000;0.254;1.408920641;175.008843;0.557;2.195;172.256843;130.89;-12.14661;0.96854;0.75;0.25;143.21125;94.62480;101.96000;84.74000;90.60000;2180.6;275.0;200.0;53.0;14.46;0.000;0.17498;0.04096;0.00;0.000;2.060;0.947;0.000;0.557;137.365;131.93;123.46;15242.6;2122.90;10.29;3.25;0.92;154678.64;47800.00;0.00;19670.0;7.86;2.43;0.00;01/12/2024 16:10:32;
02/12/2024;4;2.0TD;3;0.000082291137000000;0.256;1.423391047;172.020487;0.557;2.195;169.268487;127.95;-12.14661;0.96854;0.75;0.25;143.21125;94.62480;101.96000;84.74000;90.60000;2180.6;275.0;200.0;53.0;14.84;0.000;0.17498;0.04096;0.00;0.000;2.022;0.947;0.000;0.557;134.767;128.93;120.17;14899.8;1879.30;10.67;3.25;0.92;161655.04;44800.00;0.00;19354.9;8.35;2.31;0.00;01/12/2024 16:10:32;
02/12/2024;5;2.0TD;3;0.000080099789000000;0.255;1.414215930;171.948469;0.557;2.195;169.196469;127.99;-12.14661;0.96854;0.75;0.25;143.21125;94.62480;101.96000;84.74000;90.60000;2180.6;275.0;200.0;53.0;14.85;0.000;0.17498;0.04096;0.00;0.000;2.022;0.947;0.000;0.557;134.817;129.00;120.00;14903.3;1891.30;10.68;3.25;0.92;161795.12;45880.00;0.00;19450.3;8.32;2.36;0.00;01/12/2024 16:10:32;
02/12/2024;6;2.0TD;3;0.000082277995000000;0.244;1.353100005;174.507228;0.557;2.195;171.755228;132.15;-12.14661;0.96854;0.75;0.25;143.21125;94.62480;101.96000;84.74000;90.60000;2180.6;275.0;200.0;53.0;13.89;0.000;0.17498;0.04096;0.00;0.000;2.071;0.947;0.000;0.557;138.066;133.00;126.00;15475.4;2152.20;9.72;3.25;0.92;149574.84;47323.20;0.00;20256.3;7.38;2.34;0.00;01/12/2024 16:10:32;
02/12/2024;7;2.0TD;3;0.000093258640000000;0.218;1.213803098;180.537253;0.557;2.195;177.785253;140.95;-12.14661;0.96854;0.75;0.25;143.21125;94.62480;101.96000;84.74000;90.60000;2180.6;275.0;200.0;53.0;12.87;0.000;0.17498;0.04096;0.00;0.000;2.189;0.947;0.000;0.557;145.964;141.50;136.50;17469.8;2179.00;8.70;3.25;0.92;118964.32;57648.00;24859.38;23143.0;5.14;2.49;1.07;01/12/2024 16:10:32;
02/12/2024;8;2.0TD;3;0.000116949260000000;0.201;1.114775960;187.725100;0.557;2.195;184.973100;150.79;-12.14661;0.96854;0.75;0.25;143.21125;94.62480;101.96000;84.74000;90.60000;2180.6;275.0;200.0;53.0;10.96;0.000;0.17498;0.04096;0.00;0.000;2.310;0.947;0.000;0.557;154.015;150.83;150.32;20843.6;1740.80;6.79;3.25;0.92;51822.00;108544.00;24859.38;27261.3;1.90;3.98;0.91;01/12/2024 16:10:32;
02/12/2024;9;2.0TD;2;0.000130777645000000;0.192;1.175384978;217.520685;19.184;8.779;189.557685;157.30;-12.14661;0.96854;0.75;0.25;143.21125;94.62480;101.96000;84.74000;90.60000;2180.6;275.0;200.0;53.0;9.23;0.154;0.17498;0.04096;0.00;0.000;2.385;0.947;0.000;0.557;159.024;157.20;158.71;22458.2;1635.40;5.06;3.25;0.92;11123.88;110720.00;24859.38;29010.2;0.38;3.82;0.86;01/12/2024 16:10:32;
02/12/2024;10;2.0TD;2;0.000138321443000000;0.185;1.135984591;213.147576;19.184;8.779;185.184576;154.73;-12.14661;0.96854;0.75;0.25;143.21125;94.62480;101.96000;84.74000;90.60000;2180.6;275.0;200.0;53.0;9.09;0.154;0.17498;0.04096;0.00;0.000;2.344;0.947;0.000;0.557;156.273;154.73;154.74;23675.6;1653.80;4.92;3.25;0.92;11855.24;108480.00;24859.38;29489.2;0.40;3.68;0.84;01/12/2024 16:10:32;
02/12/2024;11;2.0TD;1;0.000144762422000000;0.176;1.054290236;253.674943;33.081;43.893;176.700943;147.42;-12.14661;0.96854;0.75;0.25;143.21125;94.62480;101.96000;84.74000;90.60000;2180.6;275.0;200.0;53.0;9.70;0.926;0.17498;0.04096;0.00;0.000;2.254;0.947;0.000;0.557;150.255;147.30;149.30;25006.4;1641.80;5.53;3.25;0.92;12361.40;126560.00;24859.38;29602.6;0.42;4.28;0.84;01/12/2024 16:10:32;
02/12/2024;12;2.0TD;1;0.000142868656000000;0.173;1.035246348;240.934654;33.081;43.893;163.960654;139.18;-12.14661;0.96854;0.75;0.25;143.21125;94.62480;101.96000;84.74000;90.60000;2180.6;275.0;200.0;53.0;7.62;0.926;0.17498;0.04096;0.00;0.000;2.097;0.947;0.000;0.557;139.778;139.10;140.50;25336.4;1587.70;3.45;3.25;0.92;21712.60;55344.00;24859.38;29534.7;0.74;1.87;0.84;01/12/2024 16:10:32;
02/12/2024;13;2.0TD;1;0.000141312275000000;0.172;1.031961772;232.382259;33.081;43.893;155.408259;132.26;-12.14661;0.96854;0.75;0.25;143.21125;94.62480;101.96000;84.74000;90.60000;2180.6;275.0;200.0;53.0;7.47;0.926;0.17498;0.04096;0.00;0.000;1.989;0.947;0.000;0.557;132.600;132.26;132.27;25398.6;1689.50;3.30;3.25;0.92;24624.16;48144.00;24859.38;29524.7;0.83;1.63;0.84;01/12/2024 16:10:32;
02/12/2024;14;2.0TD;1;0.000149154931000000;0.173;1.035075669;229.930741;33.081;43.893;152.956741;130.00;-12.14661;0.96854;0.75;0.25;143.21125;94.62480;101.96000;84.74000;90.60000;2180.6;275.0;200.0;53.0;7.56;0.926;0.17498;0.04096;0.00;0.000;1.956;0.947;0.000;0.557;130.397;130.00;130.01;25450.0;1717.80;3.39;3.25;0.92;25546.40;50256.00;24859.38;29706.1;0.86;1.69;0.84;01/12/2024 16:10:32;
02/12/2024;15;2.0TD;2;0.000151594033000000;0.172;1.054929312;175.682939;19.184;8.779;147.719939;126.56;-12.14661;0.96854;0.75;0.25;143.21125;94.62480;101.96000;84.74000;90.60000;2180.6;275.0;200.0;53.0;7.48;0.154;0.17498;0.04096;0.00;0.000;1.891;0.947;0.000;0.557;126.040;126.56;126.56;25280.1;1687.20;3.31;3.25;0.92;27092.64;45888.00;24859.38;29512.9;0.92;1.55;0.84;01/12/2024 16:10:32;
02/12/2024;16;2.0TD;2;0.000145721065000000;0.182;1.114431643;188.810628;19.184;8.779;160.847628;135.00;-12.14661;0.96854;0.75;0.25;143.21125;94.62480;101.96000;84.74000;90.60000;2180.6;275.0;200.0;53.0;8.93;0.154;0.17498;0.04096;0.00;0.000;2.041;0.947;0.000;0.557;136.080;135.00;135.00;24927.4;1806.20;4.76;3.25;0.92;23449.76;89344.00;24859.38;28939.8;0.81;3.09;0.86;01/12/2024 16:10:32;
02/12/2024;17;2.0TD;2;0.000142859048000000;0.183;1.122235757;205.473219;19.184;8.779;177.510219;147.30;-12.14661;0.96854;0.75;0.25;143.21125;94.62480;101.96000;84.74000;90.60000;2180.6;275.0;200.0;53.0;10.39;0.154;0.17498;0.04096;0.00;0.000;2.251;0.947;0.000;0.557;150.050;147.30;147.30;23938.0;1863.30;6.22;3.25;0.92;9686.72;144640.00;24859.38;28794.3;0.34;5.02;0.86;01/12/2024 16:10:32;
02/12/2024;18;2.0TD;2;0.000151515316000000;0.193;1.184095670;215.693365;19.184;8.779;187.730365;154.54;-12.14661;0.96854;0.75;0.25;143.21125;94.62480;101.96000;84.74000;90.60000;2180.6;275.0;200.0;53.0;10.35;0.154;0.17498;0.04096;0.00;0.000;2.360;0.947;0.000;0.557;157.359;154.73;152.03;24295.3;1866.50;6.18;3.25;0.92;47457.44;109952.00;24859.38;29472.1;1.61;3.73;0.84;01/12/2024 16:10:32;
02/12/2024;19;2.0TD;1;0.000173562873000000;0.202;1.207185392;268.576290;33.081;43.893;191.602290;156.20;-12.14661;0.96854;0.75;0.25;143.21125;94.62480;101.96000;84.74000;90.60000;2180.6;275.0;200.0;53.0;9.93;0.926;0.17498;0.04096;0.00;0.000;2.391;0.947;0.000;0.557;159.402;156.48;152.48;25153.5;1911.10;5.76;3.25;0.92;94337.44;59712.00;24859.38;31041.3;3.04;1.92;0.80;01/12/2024 16:10:32;
02/12/2024;20;2.0TD;1;0.000186240345000000;0.204;1.218803153;268.368948;33.081;43.893;191.394948;156.66;-12.14661;0.96854;0.75;0.25;143.21125;94.62480;101.96000;84.74000;90.60000;2180.6;275.0;200.0;53.0;9.04;0.926;0.17498;0.04096;0.00;0.000;2.384;0.947;0.000;0.557;158.965;157.16;150.36;24810.6;1951.10;4.87;3.25;0.92;94053.52;34927.92;24859.38;31649.8;2.97;1.10;0.79;01/12/2024 16:10:32;
02/12/2024;21;2.0TD;1;0.000198753468000000;0.205;1.229843293;268.467664;33.081;43.893;191.493664;156.69;-12.14661;0.96854;0.75;0.25;143.21125;94.62480;101.96000;84.74000;90.60000;2180.6;275.0;200.0;53.0;8.96;0.926;0.17498;0.04096;0.00;0.000;2.384;0.947;0.000;0.557;158.915;157.20;150.00;25075.4;1925.10;4.79;3.25;0.92;94207.48;34997.60;24859.38;32129.0;2.93;1.09;0.77;01/12/2024 16:10:32;
02/12/2024;22;2.0TD;1;0.000202339827000000;0.210;1.254543882;266.632913;33.081;43.893;189.658913;154.40;-12.14661;0.96854;0.75;0.25;143.21125;94.62480;101.96000;84.74000;90.60000;2180.6;275.0;200.0;53.0;9.11;0.926;0.17498;0.04096;0.00;0.000;2.351;0.947;0.000;0.557;156.742;154.73;150.00;24750.7;1841.40;4.94;3.25;0.92;95628.52;32935.44;24859.38;31053.6;3.08;1.06;0.80;01/12/2024 16:10:32;
02/12/2024;23;2.0TD;2;0.000185122439000000;0.214;1.311579030;213.107595;19.184;8.779;185.144595;151.77;-12.14661;0.96854;0.75;0.25;143.21125;94.62480;101.96000;84.74000;90.60000;2180.6;275.0;200.0;53.0;8.34;0.154;0.17498;0.04096;0.00;0.000;2.288;0.947;0.000;0.557;152.507;152.13;147.13;22615.4;1776.50;4.17;3.25;0.92;49130.52;43360.00;24859.38;28104.2;1.75;1.54;0.88;01/12/2024 16:10:32;
02/12/2024;24;2.0TD;2;0.000155046147000000;0.219;1.342032008;207.855588;19.184;8.779;179.892588;146.98;-12.14661;0.96854;0.75;0.25;143.21125;94.62480;101.96000;84.74000;90.60000;2180.6;275.0;200.0;53.0;8.27;0.154;0.17498;0.04096;0.00;0.000;2.214;0.947;0.000;0.557;147.573;147.30;143.30;19937.5;1706.90;4.10;3.25;0.92;24946.92;54320.00;24859.38;25378.6;0.98;2.14;0.98;01/12/2024 16:10:32;
*
