pvpcdata;
2024;11;12;10;29;22;
23/10/2024;1;2.0TD;3;0.000084905563000000;0.182;1.012496953;110.673004;0.557;2.195;107.921004;76.04;1.46951;1.16592;0.75;0.25;87.22875;93.10680;101.96000;84.74000;75.42000;1784.0;275.0;200.0;45.0;10.46;0.000;0.17498;0.04096;0.00;0.000;1.370;0.947;0.000;0.557;91.303;75.56;84.10;16813.8;1010.40;6.22;3.19;1.05;83915.16;28845.96;24859.38;22131.7;3.79;1.30;1.12;22/10/2024 16:12:07;
23/10/2024;2;2.0TD;3;0.000071802858000000;0.191;1.060902326;116.585072;0.557;2.195;113.833072;79.26;1.46951;1.16592;0.75;0.25;87.22875;93.10680;101.96000;84.74000;75.42000;1784.0;275.0;200.0;45.0;11.45;0.000;0.17498;0.04096;0.00;0.000;1.434;0.947;0.000;0.557;95.577;79.25;79.45;14644.8;1168.20;7.21;3.19;1.05;83273.28;44992.00;24859.38;21250.1;3.92;2.12;1.17;22/10/2024 16:12:07;
23/10/2024;3;2.0TD;3;0.000064598610000000;0.194;1.075509151;109.258861;0.557;2.195;106.506861;71.02;1.46951;1.16592;0.75;0.25;87.22875;93.10680;101.96000;84.74000;75.42000;1784.0;275.0;200.0;45.0;13.41;0.000;0.17498;0.04096;0.00;0.000;1.338;0.947;0.000;0.557;89.201;71.00;71.20;14035.5;1219.80;9.17;3.19;1.05;98477.44;65408.00;24859.38;20581.5;4.78;3.18;1.21;22/10/2024 16:12:07;
23/10/2024;4;2.0TD;3;0.000061260118000000;0.194;1.078117150;100.615495;0.557;2.195;97.863495;64.33;1.46951;1.16592;0.75;0.25;87.22875;93.10680;101.96000;84.74000;75.42000;1784.0;275.0;200.0;45.0;12.97;0.000;0.17498;0.04096;0.00;0.000;1.229;0.947;0.000;0.557;81.962;64.32;64.42;13947.9;1067.50;8.73;3.19;1.05;124063.04;53376.00;0.00;20326.1;6.10;2.63;0.00;22/10/2024 16:12:07;
23/10/2024;5;2.0TD;3;0.000060027653000000;0.194;1.075237087;100.967725;0.557;2.195;98.215725;64.47;1.46951;1.16592;0.75;0.25;87.22875;93.10680;101.96000;84.74000;75.42000;1784.0;275.0;200.0;45.0;13.12;0.000;0.17498;0.04096;0.00;0.000;1.234;0.947;0.000;0.557;82.257;64.29;67.29;15327.2;996.30;8.88;3.19;1.05;124099.20;55394.60;0.00;20217.2;6.14;2.74;0.00;22/10/2024 16:12:07;
23/10/2024;6;2.0TD;3;0.000061446022000000;0.188;1.043510563;100.136786;0.557;2.195;97.384786;65.22;1.46951;1.16592;0.75;0.25;87.22875;93.10680;101.96000;84.74000;75.42000;1784.0;275.0;200.0;45.0;12.09;0.000;0.17498;0.04096;0.00;0.000;1.230;0.947;0.000;0.557;81.973;65.00;68.86;13876.5;845.00;7.85;3.19;1.05;123143.76;38567.88;0.00;20591.6;5.98;1.87;0.00;22/10/2024 16:12:07;
23/10/2024;7;2.0TD;3;0.000069847198000000;0.173;0.960973223;120.568972;0.557;2.195;117.816972;85.39;1.46951;1.16592;0.75;0.25;87.22875;93.10680;101.96000;84.74000;75.42000;1784.0;275.0;200.0;45.0;10.11;0.000;0.17498;0.04096;0.00;0.000;1.507;0.947;0.000;0.557;100.440;84.98;91.59;14597.7;977.40;5.87;3.19;1.05;85685.00;22358.00;24859.38;22673.2;3.78;0.99;1.10;22/10/2024 16:12:07;
23/10/2024;8;2.0TD;3;0.000090205243000000;0.157;0.870577269;135.828666;0.557;2.195;133.076666;102.06;1.46951;1.16592;0.75;0.25;87.22875;93.10680;101.96000;84.74000;75.42000;1784.0;275.0;200.0;45.0;7.80;0.000;0.17498;0.04096;0.00;0.000;1.725;0.947;0.000;0.557;115.018;102.10;101.60;16334.8;1284.60;3.56;3.19;1.05;44234.48;23374.00;24859.38;25967.1;1.70;0.90;0.96;22/10/2024 16:12:07;
23/10/2024;9;2.0TD;2;0.000097661716000000;0.185;1.132272423;201.992960;19.184;8.779;174.029960;134.83;1.46951;1.16592;0.75;0.25;87.22875;93.10680;101.96000;84.74000;75.42000;1784.0;275.0;200.0;45.0;6.24;0.154;0.17498;0.04096;0.00;0.000;2.203;0.947;0.000;0.557;146.860;134.71;136.55;18732.2;1327.80;2.00;3.19;1.05;8726.40;20689.92;24859.38;27158.3;0.32;0.76;0.92;22/10/2024 16:12:07;
23/10/2024;10;2.0TD;2;0.000095830762000000;0.149;0.916947274;169.992873;19.184;8.779;142.029873;110.06;1.46951;1.16592;0.75;0.25;87.22875;93.10680;101.96000;84.74000;75.42000;1784.0;275.0;200.0;45.0;8.11;0.154;0.17498;0.04096;0.00;0.000;1.854;0.947;0.000;0.557;123.611;110.06;110.06;17906.9;1356.80;3.87;3.19;1.05;40321.32;41907.84;24859.38;27672.8;1.46;1.51;0.90;22/10/2024 16:12:07;
23/10/2024;11;2.0TD;1;0.000097313953000000;0.148;0.889051454;195.094849;33.081;43.893;118.120849;85.11;1.46951;1.16592;0.75;0.25;87.22875;93.10680;101.96000;84.74000;75.42000;1784.0;275.0;200.0;45.0;11.88;0.926;0.17498;0.04096;0.00;0.000;1.543;0.947;0.000;0.557;102.892;85.00;87.00;20187.5;1185.80;7.64;3.19;1.05;99639.44;92408.40;24859.38;28405.4;3.51;3.25;0.88;22/10/2024 16:12:07;
23/10/2024;12;2.0TD;1;0.000096805416000000;0.149;0.892252582;172.428009;33.081;43.893;95.454009;64.92;1.46951;1.16592;0.75;0.25;87.22875;93.10680;101.96000;84.74000;75.42000;1784.0;275.0;200.0;45.0;12.55;0.926;0.17498;0.04096;0.00;0.000;1.246;0.947;0.000;0.557;83.075;65.00;63.00;21998.9;969.10;8.31;3.19;1.05;131856.60;80956.48;24859.38;28599.9;4.61;2.83;0.87;22/10/2024 16:12:07;
23/10/2024;13;2.0TD;1;0.000099243257000000;0.147;0.880533160;170.701938;33.081;43.893;93.727938;64.01;1.46951;1.16592;0.75;0.25;87.22875;93.10680;101.96000;84.74000;75.42000;1784.0;275.0;200.0;45.0;12.12;0.926;0.17498;0.04096;0.00;0.000;1.226;0.947;0.000;0.557;81.715;64.08;62.08;24875.5;964.60;7.88;3.19;1.05;133181.76;66493.44;24859.38;28482.5;4.68;2.33;0.87;22/10/2024 16:12:07;
23/10/2024;14;2.0TD;1;0.000105412319000000;0.145;0.866089457;160.668606;33.081;43.893;83.694606;56.50;1.46951;1.16592;0.75;0.25;87.22875;93.10680;101.96000;84.74000;75.42000;1784.0;275.0;200.0;45.0;11.14;0.926;0.17498;0.04096;0.00;0.000;1.096;0.947;0.000;0.557;73.095;56.58;54.58;25032.1;1071.00;6.90;3.19;1.05;112266.48;60348.04;24859.38;28634.7;3.92;2.11;0.87;22/10/2024 16:12:07;
23/10/2024;15;2.0TD;2;0.000105276593000000;0.166;1.017302056;111.900688;19.184;8.779;83.937688;55.95;1.46951;1.16592;0.75;0.25;87.22875;93.10680;101.96000;84.74000;75.42000;1784.0;275.0;200.0;45.0;11.37;0.154;0.17498;0.04096;0.00;0.000;1.080;0.947;0.000;0.557;71.987;56.08;53.08;25349.4;1113.30;7.13;3.19;1.05;117926.60;58530.72;24859.38;28222.5;4.18;2.07;0.88;22/10/2024 16:12:07;
23/10/2024;16;2.0TD;2;0.000098168508000000;0.173;1.062864121;117.096603;19.184;8.779;89.133603;59.88;1.46951;1.16592;0.75;0.25;87.22875;93.10680;101.96000;84.74000;75.42000;1784.0;275.0;200.0;45.0;11.38;0.154;0.17498;0.04096;0.00;0.000;1.140;0.947;0.000;0.557;75.987;59.99;56.99;24850.3;974.60;7.14;3.19;1.05;108091.80;62417.52;24859.38;27348.4;3.95;2.28;0.91;22/10/2024 16:12:07;
23/10/2024;17;2.0TD;2;0.000094483673000000;0.179;1.097434259;121.550518;19.184;8.779;93.587518;63.31;1.46951;1.16592;0.75;0.25;87.22875;93.10680;101.96000;84.74000;75.42000;1784.0;275.0;200.0;45.0;11.29;0.154;0.17498;0.04096;0.00;0.000;1.191;0.947;0.000;0.557;79.378;63.40;60.83;23045.2;880.40;7.05;3.19;1.05;99202.56;65854.08;24859.38;26914.3;3.69;2.45;0.92;22/10/2024 16:12:07;
23/10/2024;18;2.0TD;2;0.000097445111000000;0.181;1.111005648;132.044206;19.184;8.779;104.081206;71.99;1.46951;1.16592;0.75;0.25;87.22875;93.10680;101.96000;84.74000;75.42000;1784.0;275.0;200.0;45.0;11.23;0.154;0.17498;0.04096;0.00;0.000;1.322;0.947;0.000;0.557;88.129;71.99;71.99;20713.8;829.30;6.99;3.19;1.05;71424.48;93383.68;24859.38;27153.3;2.63;3.44;0.92;22/10/2024 16:12:07;
23/10/2024;19;2.0TD;1;0.000103390544000000;0.160;0.960619315;213.936042;33.081;43.893;136.962042;103.38;1.46951;1.16592;0.75;0.25;87.22875;93.10680;101.96000;84.74000;75.42000;1784.0;275.0;200.0;45.0;8.56;0.926;0.17498;0.04096;0.00;0.000;1.771;0.947;0.000;0.557;118.070;103.41;102.94;18388.6;1206.00;4.32;3.19;1.05;30677.72;60137.28;24859.38;26808.0;1.14;2.24;0.93;22/10/2024 16:12:07;
23/10/2024;20;2.0TD;1;0.000120190377000000;0.164;0.980175870;280.018349;33.081;43.893;203.044349;155.91;1.46951;1.16592;0.75;0.25;87.22875;93.10680;101.96000;84.74000;75.42000;1784.0;275.0;200.0;45.0;11.55;0.926;0.17498;0.04096;0.00;0.000;2.617;0.947;0.000;0.557;174.436;155.80;157.30;18666.9;1449.30;7.31;3.19;1.05;-3506.48;179550.00;24859.38;27472.2;-0.13;6.54;0.90;22/10/2024 16:12:07;
23/10/2024;21;2.0TD;1;0.000143440101000000;0.161;0.963259649;262.674471;33.081;43.893;185.700471;145.97;1.46951;1.16592;0.75;0.25;87.22875;93.10680;101.96000;84.74000;75.42000;1784.0;275.0;200.0;45.0;7.22;0.926;0.17498;0.04096;0.00;0.000;2.399;0.947;0.000;0.557;159.948;145.97;145.97;19552.2;1592.80;2.98;3.19;1.05;633.52;62737.20;24859.38;29548.6;0.02;2.12;0.84;22/10/2024 16:12:07;
23/10/2024;22;2.0TD;1;0.000144546381000000;0.161;0.963909114;233.055039;33.081;43.893;156.081039;121.60;1.46951;1.16592;0.75;0.25;87.22875;93.10680;101.96000;84.74000;75.42000;1784.0;275.0;200.0;45.0;6.46;0.926;0.17498;0.04096;0.00;0.000;2.017;0.947;0.000;0.557;134.436;121.89;117.90;19000.0;1481.00;2.22;3.19;1.05;10943.72;28023.84;24859.38;28755.3;0.38;0.97;0.86;22/10/2024 16:12:07;
23/10/2024;23;2.0TD;2;0.000125743522000000;0.187;1.147332022;161.735201;19.184;8.779;133.772201;99.76;1.46951;1.16592;0.75;0.25;87.22875;93.10680;101.96000;84.74000;75.42000;1784.0;275.0;200.0;45.0;7.66;0.154;0.17498;0.04096;0.00;0.000;1.690;0.947;0.000;0.557;112.697;99.87;97.90;17377.9;1033.60;3.42;3.19;1.05;28031.24;34969.92;24859.38;25706.2;1.09;1.36;0.97;22/10/2024 16:12:07;
23/10/2024;24;2.0TD;2;0.000104389224000000;0.198;1.216613019;156.237324;19.184;8.779;128.274324;93.14;1.46951;1.16592;0.75;0.25;87.22875;93.10680;101.96000;84.74000;75.42000;1784.0;275.0;200.0;45.0;8.74;0.154;0.17498;0.04096;0.00;0.000;1.606;0.947;0.000;0.557;107.073;93.16;92.91;16530.2;1072.90;4.50;3.19;1.05;36396.36;43273.28;24859.38;23236.1;1.57;1.86;1.07;22/10/2024 16:12:07;
*
