pvpcdata;
2024;07;09;11;17;55;
02/06/2024;1;2.0TD;3;0.000093508396000000;0.181;1.004890804;58.785942;0.557;2.195;56.033942;7.20;18.38614;1.08526;0.75;0.25;4.26125;77.80580;101.96000;48.69000;52.19000;1809.7;275.0;154.0;62.0;17.86;0.000;0.17498;0.04096;0.00;0.000;0.712;0.947;0.000;0.557;47.446;7.20;7.20;20945.3;1587.40;13.52;3.20;1.14;236496.52;39130.48;24859.38;22227.0;10.64;1.76;1.12;01/06/2024 16:07:02;
02/06/2024;2;2.0TD;3;0.000081022406000000;0.182;1.009467750;55.989496;0.557;2.195;53.237496;5.00;18.38614;1.08526;0.75;0.25;4.26125;77.80580;101.96000;48.69000;52.19000;1809.7;275.0;154.0;62.0;17.69;0.000;0.17498;0.04096;0.00;0.000;0.676;0.947;0.000;0.557;45.040;5.00;5.00;19975.3;1628.90;13.35;3.20;1.14;240708.24;38771.60;0.00;20932.2;11.50;1.85;0.00;01/06/2024 16:07:02;
02/06/2024;3;2.0TD;3;0.000071528718000000;0.184;1.020300011;56.956921;0.557;2.195;54.204921;4.35;18.38614;1.08526;0.75;0.25;4.26125;77.80580;101.96000;48.69000;52.19000;1809.7;275.0;154.0;62.0;19.07;0.000;0.17498;0.04096;0.00;0.000;0.687;0.947;0.000;0.557;45.781;4.35;4.35;18897.5;1572.20;14.73;3.20;1.14;242716.76;51293.84;0.00;19966.5;12.16;2.57;0.00;01/06/2024 16:07:02;
02/06/2024;4;2.0TD;3;0.000065898379000000;0.184;1.023692416;56.548441;0.557;2.195;53.796441;3.44;18.38614;1.08526;0.75;0.25;4.26125;77.80580;101.96000;48.69000;52.19000;1809.7;275.0;154.0;62.0;19.64;0.000;0.17498;0.04096;0.00;0.000;0.682;0.947;0.000;0.557;45.436;3.60;1.60;18195.0;1546.60;15.30;3.20;1.14;243983.44;51390.56;0.00;19304.0;12.64;2.66;0.00;01/06/2024 16:07:02;
02/06/2024;5;2.0TD;3;0.000063006177000000;0.184;1.020374591;57.244633;0.557;2.195;54.492633;3.47;18.38614;1.08526;0.75;0.25;4.26125;77.80580;101.96000;48.69000;52.19000;1809.7;275.0;154.0;62.0;20.19;0.000;0.17498;0.04096;0.00;0.000;0.690;0.947;0.000;0.557;46.024;3.60;1.94;17854.6;1555.10;15.85;3.20;1.14;244809.52;54926.64;0.00;18910.2;12.95;2.90;0.00;01/06/2024 16:07:02;
02/06/2024;6;2.0TD;3;0.000061646262000000;0.184;1.020722916;59.420825;0.557;2.195;56.668825;4.95;18.38614;1.08526;0.75;0.25;4.26125;77.80580;101.96000;48.69000;52.19000;1809.7;275.0;154.0;62.0;20.52;0.000;0.17498;0.04096;0.00;0.000;0.718;0.947;0.000;0.557;47.862;5.00;4.36;17900.7;1488.60;16.18;3.20;1.14;241751.68;63703.64;0.00;18875.2;12.81;3.37;0.00;01/06/2024 16:07:02;
02/06/2024;7;2.0TD;3;0.000059534948000000;0.183;1.014143264;57.354765;0.557;2.195;54.602765;4.35;18.38614;1.08526;0.75;0.25;4.26125;77.80580;101.96000;48.69000;52.19000;1809.7;275.0;154.0;62.0;19.44;0.000;0.17498;0.04096;0.00;0.000;0.692;0.947;0.000;0.557;46.156;4.43;3.40;17840.1;1465.00;15.10;3.20;1.14;242524.96;43153.12;0.00;18921.8;12.82;2.28;0.00;01/06/2024 16:07:02;
02/06/2024;8;2.0TD;3;0.000058048513000000;0.173;0.958713034;59.215743;0.557;2.195;56.463743;3.25;18.38614;1.08526;0.75;0.25;4.26125;77.80580;101.96000;48.69000;52.19000;1809.7;275.0;154.0;62.0;22.49;0.000;0.17498;0.04096;0.00;0.000;0.722;0.947;0.000;0.557;48.136;3.25;3.25;17713.4;1573.80;18.15;3.20;1.14;220728.04;118800.00;0.00;18711.7;11.80;6.35;0.00;01/06/2024 16:07:02;
02/06/2024;9;2.0TD;3;0.000067412119000000;0.158;0.875611845;53.062680;0.557;2.195;50.310680;0.00;18.38614;1.08526;0.75;0.25;4.26125;77.80580;101.96000;48.69000;52.19000;1809.7;275.0;154.0;62.0;21.12;0.000;0.17498;0.04096;0.00;0.000;0.652;0.947;0.000;0.557;43.446;0.00;0.00;19819.9;2181.20;16.78;3.20;1.14;204897.40;123154.24;0.00;19546.7;10.48;6.30;0.00;01/06/2024 16:07:02;
02/06/2024;10;2.0TD;3;0.000083056657000000;0.146;0.813825303;48.783592;0.557;2.195;46.031592;-0.21;18.38614;1.08526;0.75;0.25;4.26125;77.80580;101.96000;48.69000;52.19000;1809.7;275.0;154.0;62.0;18.10;0.000;0.17498;0.04096;0.00;0.000;0.603;0.947;0.000;0.557;40.167;-0.03;-2.00;21456.6;2184.70;13.76;3.20;1.14;179228.08;103213.44;0.00;20523.2;8.73;5.03;0.00;01/06/2024 16:07:02;
02/06/2024;11;2.0TD;3;0.000096940960000000;0.142;0.787753149;42.315657;0.557;2.195;39.563657;-1.15;18.38614;1.08526;0.75;0.25;4.26125;77.80580;101.96000;48.69000;52.19000;1809.7;275.0;154.0;62.0;13.60;0.000;0.17498;0.04096;0.00;0.000;0.520;0.947;0.000;0.557;34.644;-1.05;-2.04;21284.9;2273.70;9.26;3.20;1.14;179994.96;18443.52;0.00;21438.5;8.40;0.86;0.00;01/06/2024 16:07:02;
02/06/2024;12;2.0TD;3;0.000104559254000000;0.141;0.781092911;46.845013;0.557;2.195;44.093013;-2.11;18.38614;1.08526;0.75;0.25;4.26125;77.80580;101.96000;48.69000;52.19000;1809.7;275.0;154.0;62.0;18.50;0.000;0.17498;0.04096;0.00;0.000;0.580;0.947;0.000;0.557;38.644;-1.86;-4.60;21841.8;2235.70;14.16;3.20;1.14;291985.76;19176.00;0.00;21981.8;13.28;0.87;0.00;01/06/2024 16:07:02;
02/06/2024;13;2.0TD;3;0.000108792714000000;0.143;0.792760251;46.677699;0.557;2.195;43.925699;-2.11;18.38614;1.08526;0.75;0.25;4.26125;77.80580;101.96000;48.69000;52.19000;1809.7;275.0;154.0;62.0;18.29;0.000;0.17498;0.04096;0.00;0.000;0.576;0.947;0.000;0.557;38.430;-1.86;-4.60;22140.5;2222.50;13.95;3.20;1.14;291940.08;19152.00;0.00;22295.7;13.09;0.86;0.00;01/06/2024 16:07:02;
02/06/2024;14;2.0TD;3;0.000116062474000000;0.140;0.777492571;46.516809;0.557;2.195;43.764809;-1.92;18.38614;1.08526;0.75;0.25;4.26125;77.80580;101.96000;48.69000;52.19000;1809.7;275.0;154.0;62.0;18.06;0.000;0.17498;0.04096;0.00;0.000;0.576;0.947;0.000;0.557;38.390;-1.86;-2.50;22579.7;2198.40;13.72;3.20;1.14;291772.20;19116.00;0.00;22651.9;12.88;0.84;0.00;01/06/2024 16:07:02;
02/06/2024;15;2.0TD;3;0.000115926436000000;0.138;0.769252446;46.567484;0.557;2.195;43.815484;-1.92;18.38614;1.08526;0.75;0.25;4.26125;77.80580;101.96000;48.69000;52.19000;1809.7;275.0;154.0;62.0;18.17;0.000;0.17498;0.04096;0.00;0.000;0.578;0.947;0.000;0.557;38.502;-1.86;-2.50;22432.2;2198.70;13.83;3.20;1.14;291783.20;19008.00;0.00;22469.0;12.99;0.85;0.00;01/06/2024 16:07:02;
02/06/2024;16;2.0TD;3;0.000102450630000000;0.146;0.811382790;47.887420;0.557;2.195;45.135420;-1.87;18.38614;1.08526;0.75;0.25;4.26125;77.80580;101.96000;48.69000;52.19000;1809.7;275.0;154.0;62.0;18.99;0.000;0.17498;0.04096;0.00;0.000;0.591;0.947;0.000;0.557;39.385;-1.86;-2.00;20304.7;2109.30;14.65;3.20;1.14;292532.24;19092.00;0.00;21276.0;13.75;0.90;0.00;01/06/2024 16:07:02;
02/06/2024;17;2.0TD;3;0.000094328481000000;0.150;0.834718397;48.488861;0.557;2.195;45.736861;-1.92;18.38614;1.08526;0.75;0.25;4.26125;77.80580;101.96000;48.69000;52.19000;1809.7;275.0;154.0;62.0;19.42;0.000;0.17498;0.04096;0.00;0.000;0.597;0.947;0.000;0.557;39.771;-1.86;-2.50;19495.2;2132.00;15.08;3.20;1.14;292875.00;19092.00;0.00;20681.6;14.16;0.92;0.00;01/06/2024 16:07:02;
02/06/2024;18;2.0TD;3;0.000091123377000000;0.158;0.876870976;53.215536;0.557;2.195;50.463536;-1.00;18.38614;1.08526;0.75;0.25;4.26125;77.80580;101.96000;48.69000;52.19000;1809.7;275.0;154.0;62.0;22.25;0.000;0.17498;0.04096;0.00;0.000;0.654;0.947;0.000;0.557;43.578;-1.00;-1.00;20607.2;1964.40;17.91;3.20;1.14;355930.28;18420.80;0.00;20907.2;17.02;0.88;0.00;01/06/2024 16:07:02;
02/06/2024;19;2.0TD;3;0.000091736240000000;0.165;0.918486759;59.895463;0.557;2.195;57.143463;-0.01;18.38614;1.08526;0.75;0.25;4.26125;77.80580;101.96000;48.69000;52.19000;1809.7;275.0;154.0;62.0;26.65;0.000;0.17498;0.04096;0.00;0.000;0.736;0.947;0.000;0.557;49.050;-0.01;-0.01;23628.5;1996.10;22.31;3.20;1.14;390489.64;94010.40;0.00;21719.0;17.98;4.33;0.00;01/06/2024 16:07:02;
02/06/2024;20;2.0TD;3;0.000094261616000000;0.168;0.933773236;59.686374;0.557;2.195;56.934374;0.44;18.38614;1.08526;0.75;0.25;4.26125;77.80580;101.96000;48.69000;52.19000;1809.7;275.0;154.0;62.0;25.90;0.000;0.17498;0.04096;0.00;0.000;0.731;0.947;0.000;0.557;48.745;0.44;0.44;24587.1;1563.10;21.56;3.20;1.14;386384.76;107416.40;0.00;22901.1;16.87;4.69;0.00;01/06/2024 16:07:02;
02/06/2024;21;2.0TD;3;0.000101566729000000;0.170;0.945460087;69.417644;0.557;2.195;66.665644;11.46;18.38614;1.08526;0.75;0.25;4.26125;77.80580;101.96000;48.69000;52.19000;1809.7;275.0;154.0;62.0;22.99;0.000;0.17498;0.04096;0.00;0.000;0.855;0.947;0.000;0.557;56.979;11.35;14.71;24154.8;821.30;18.65;3.20;1.14;354254.00;92452.08;0.00;23949.2;14.79;3.86;0.00;01/06/2024 16:07:02;
02/06/2024;22;2.0TD;3;0.000114511536000000;0.170;0.942071747;78.551834;0.557;2.195;75.799834;25.01;18.38614;1.08526;0.75;0.25;4.26125;77.80580;101.96000;48.69000;52.19000;1809.7;275.0;154.0;62.0;17.13;0.000;0.17498;0.04096;0.00;0.000;0.972;0.947;0.000;0.557;64.786;25.01;25.01;21954.8;1139.70;12.79;3.20;1.14;283605.48;15468.64;24859.38;25329.4;11.20;0.61;0.98;01/06/2024 16:07:02;
02/06/2024;23;2.0TD;3;0.000119923018000000;0.171;0.947325392;76.238319;0.557;2.195;73.486319;28.76;18.38614;1.08526;0.75;0.25;4.26125;77.80580;101.96000;48.69000;52.19000;1809.7;275.0;154.0;62.0;11.38;0.000;0.17498;0.04096;0.00;0.000;0.941;0.947;0.000;0.557;62.755;28.87;26.87;21808.9;1264.60;7.04;3.20;1.14;140716.08;12280.32;24859.38;25259.1;5.57;0.49;0.98;01/06/2024 16:07:02;
02/06/2024;24;2.0TD;3;0.000104728515000000;0.175;0.974778357;61.340065;0.557;2.195;58.588065;13.31;18.38614;1.08526;0.75;0.25;4.26125;77.80580;101.96000;48.69000;52.19000;1809.7;275.0;154.0;62.0;14.13;0.000;0.17498;0.04096;0.00;0.000;0.748;0.947;0.000;0.557;49.862;13.42;11.42;21263.8;1278.40;9.79;3.20;1.14;183947.20;19152.00;24859.38;23301.5;7.89;0.82;1.07;01/06/2024 16:07:02;
*
