pvpcdata;
2024;03;11;12;38;37;
21/02/2024;1;2.0TD;3;0.000108483476000000;0.230;1.275811815;99.418071;0.557;2.195;96.666071;52.81;12.91425;0.86129;0.75;0.25;45.29958;96.95660;101.96000;97.42000;68.27000;2322.1;275.0;177.0;48.0;12.14;0.000;0.17498;0.04096;0.00;0.000;0.000;1.179;0.565;0.000;0.557;78.590;52.84;52.34;17428.5;1076.30;7.11;3.48;1.55;132052.08;12672.00;24859.38;23841.9;5.54;0.53;1.04;20/02/2024 16:08:15;
21/02/2024;2;2.0TD;3;0.000089102958000000;0.238;1.321397731;97.281101;0.557;2.195;94.529101;49.30;12.91425;0.86129;0.75;0.25;45.29958;96.95660;101.96000;97.42000;68.27000;2322.1;275.0;177.0;48.0;13.45;0.000;0.17498;0.04096;0.00;0.000;0.000;1.145;0.565;0.000;0.557;76.356;49.50;46.50;16394.0;1145.50;8.42;3.48;1.55;145467.04;19188.00;24859.38;22504.1;6.46;0.85;1.10;20/02/2024 16:08:15;
21/02/2024;3;2.0TD;3;0.000078667218000000;0.242;1.346291745;95.342233;0.557;2.195;92.590233;46.71;12.91425;0.86129;0.75;0.25;45.29958;96.95660;101.96000;97.42000;68.27000;2322.1;275.0;177.0;48.0;14.26;0.000;0.17498;0.04096;0.00;0.000;0.000;1.118;0.565;0.000;0.557;74.549;46.99;42.99;15432.7;1169.70;9.23;3.48;1.55;156171.96;19188.00;24859.38;21708.1;7.19;0.88;1.15;20/02/2024 16:08:15;
21/02/2024;4;2.0TD;3;0.000073652989000000;0.246;1.364809172;93.528460;0.557;2.195;90.776460;44.75;12.91425;0.86129;0.75;0.25;45.29958;96.95660;101.96000;97.42000;68.27000;2322.1;275.0;177.0;48.0;14.55;0.000;0.17498;0.04096;0.00;0.000;0.000;1.093;0.565;0.000;0.557;72.854;44.95;42.05;14939.5;1118.50;9.52;3.48;1.55;179592.12;22897.68;0.00;21259.3;8.45;1.08;0.00;20/02/2024 16:08:15;
21/02/2024;5;2.0TD;3;0.000071943375000000;0.246;1.367023660;94.223728;0.557;2.195;91.471728;45.42;12.91425;0.86129;0.75;0.25;45.29958;96.95660;101.96000;97.42000;68.27000;2322.1;275.0;177.0;48.0;14.43;0.000;0.17498;0.04096;0.00;0.000;0.000;1.101;0.565;0.000;0.557;73.412;45.68;42.00;15705.1;1205.60;9.40;3.48;1.55;178166.72;21170.76;0.00;21195.1;8.41;1.00;0.00;20/02/2024 16:08:15;
21/02/2024;6;2.0TD;3;0.000074533652000000;0.242;1.345470221;99.049603;0.557;2.195;96.297603;50.14;12.91425;0.86129;0.75;0.25;45.29958;96.95660;101.96000;97.42000;68.27000;2322.1;275.0;177.0;48.0;13.77;0.000;0.17498;0.04096;0.00;0.000;0.000;1.163;0.565;0.000;0.557;77.534;50.35;47.00;17291.7;1162.20;8.74;3.48;1.55;171002.40;19827.60;0.00;21831.6;7.83;0.91;0.00;20/02/2024 16:08:15;
21/02/2024;7;2.0TD;3;0.000086217528000000;0.225;1.251682992;97.557569;0.557;2.195;94.805569;50.80;12.91425;0.86129;0.75;0.25;45.29958;96.95660;101.96000;97.42000;68.27000;2322.1;275.0;177.0;48.0;12.97;0.000;0.17498;0.04096;0.00;0.000;0.000;1.161;0.565;0.000;0.557;77.392;50.98;47.98;19396.6;1205.80;7.94;3.48;1.55;158461.36;12679.92;24859.38;24706.7;6.41;0.51;1.01;20/02/2024 16:08:15;
21/02/2024;8;2.0TD;3;0.000110995524000000;0.212;1.179600371;112.941346;0.557;2.195;110.189346;69.32;12.91425;0.86129;0.75;0.25;45.29958;96.95660;101.96000;97.42000;68.27000;2322.1;275.0;177.0;48.0;7.77;0.000;0.17498;0.04096;0.00;0.000;0.000;1.364;0.565;0.000;0.557;90.915;69.60;66.09;16969.3;1481.60;2.74;3.48;1.55;45671.24;7931.04;24859.38;28661.4;1.59;0.28;0.87;20/02/2024 16:08:15;
21/02/2024;9;2.0TD;2;0.000120004909000000;0.202;1.240386780;146.009378;19.184;8.779;118.046378;76.53;12.91425;0.86129;0.75;0.25;45.29958;96.95660;101.96000;97.42000;68.27000;2322.1;275.0;177.0;48.0;7.59;0.154;0.17498;0.04096;0.00;0.000;0.000;1.473;0.565;0.000;0.557;98.208;76.70;74.70;17259.3;1619.40;2.56;3.48;1.55;38505.32;14112.00;24859.38;30192.3;1.28;0.47;0.82;20/02/2024 16:08:15;
21/02/2024;10;2.0TD;2;0.000122056916000000;0.192;1.180744221;112.389143;19.184;8.779;84.426143;48.61;12.91425;0.86129;0.75;0.25;45.29958;96.95660;101.96000;97.42000;68.27000;2322.1;275.0;177.0;48.0;8.54;0.154;0.17498;0.04096;0.00;0.000;0.000;1.062;0.565;0.000;0.557;70.827;48.77;45.84;23482.8;1326.90;3.51;3.48;1.55;66539.44;16209.00;24859.38;30612.0;2.17;0.53;0.81;20/02/2024 16:08:15;
21/02/2024;11;2.0TD;1;0.000124111042000000;0.186;1.112882995;147.721630;33.081;43.893;70.747630;35.00;12.91425;0.86129;0.75;0.25;45.29958;96.95660;101.96000;97.42000;68.27000;2322.1;275.0;177.0;48.0;10.37;0.926;0.17498;0.04096;0.00;0.000;0.000;0.895;0.565;0.000;0.557;59.652;35.00;35.00;25723.0;1435.90;5.34;3.48;1.55;98864.80;37398.40;24859.38;30148.0;3.28;1.24;0.82;20/02/2024 16:08:15;
21/02/2024;12;2.0TD;1;0.000121610790000000;0.185;1.107183576;145.857222;33.081;43.893;68.883222;32.72;12.91425;0.86129;0.75;0.25;45.29958;96.95660;101.96000;97.42000;68.27000;2322.1;275.0;177.0;48.0;11.15;0.926;0.17498;0.04096;0.00;0.000;0.000;0.872;0.565;0.000;0.557;58.129;32.72;32.72;25771.2;1327.30;6.12;3.48;1.55;106320.36;49795.20;24859.38;29588.9;3.59;1.68;0.84;20/02/2024 16:08:15;
21/02/2024;13;2.0TD;1;0.000121005498000000;0.182;1.088951882;146.246648;33.081;43.893;69.272648;33.27;12.91425;0.86129;0.75;0.25;45.29958;96.95660;101.96000;97.42000;68.27000;2322.1;275.0;177.0;48.0;11.07;0.926;0.17498;0.04096;0.00;0.000;0.000;0.879;0.565;0.000;0.557;58.606;33.20;34.50;25576.1;1506.70;6.04;3.48;1.55;99600.44;51710.40;24859.38;29173.8;3.41;1.77;0.85;20/02/2024 16:08:15;
21/02/2024;14;2.0TD;1;0.000126572037000000;0.177;1.062757933;142.010667;33.081;43.893;65.036667;29.81;12.91425;0.86129;0.75;0.25;45.29958;96.95660;101.96000;97.42000;68.27000;2322.1;275.0;177.0;48.0;11.23;0.926;0.17498;0.04096;0.00;0.000;0.000;0.829;0.565;0.000;0.557;55.256;30.00;26.00;26090.7;1313.90;6.20;3.48;1.55;104130.48;52608.00;24859.38;29285.8;3.56;1.80;0.85;20/02/2024 16:08:15;
21/02/2024;15;2.0TD;2;0.000126995579000000;0.179;1.098692314;90.557645;19.184;8.779;62.594645;28.41;12.91425;0.86129;0.75;0.25;45.29958;96.95660;101.96000;97.42000;68.27000;2322.1;275.0;177.0;48.0;11.27;0.154;0.17498;0.04096;0.00;0.000;0.000;0.796;0.565;0.000;0.557;53.091;28.60;24.60;26212.8;1323.20;6.24;3.48;1.55;105982.76;50272.56;24859.38;29023.5;3.65;1.73;0.86;20/02/2024 16:08:15;
21/02/2024;16;2.0TD;2;0.000121419477000000;0.185;1.135775554;91.501872;19.184;8.779;63.538872;28.41;12.91425;0.86129;0.75;0.25;45.29958;96.95660;101.96000;97.42000;68.27000;2322.1;275.0;177.0;48.0;11.79;0.154;0.17498;0.04096;0.00;0.000;0.000;0.804;0.565;0.000;0.557;53.619;28.60;24.60;26009.6;1327.80;6.76;3.48;1.55;99986.48;67642.40;24859.38;28451.3;3.51;2.38;0.87;20/02/2024 16:08:15;
21/02/2024;17;2.0TD;2;0.000117373938000000;0.192;1.177662144;95.822727;19.184;8.779;67.859727;32.00;12.91425;0.86129;0.75;0.25;45.29958;96.95660;101.96000;97.42000;68.27000;2322.1;275.0;177.0;48.0;11.46;0.154;0.17498;0.04096;0.00;0.000;0.000;0.854;0.565;0.000;0.557;56.929;32.00;32.00;24444.3;1232.60;6.43;3.48;1.55;90432.52;64835.76;24859.38;28048.5;3.22;2.31;0.89;20/02/2024 16:08:15;
21/02/2024;18;2.0TD;2;0.000119784331000000;0.195;1.197587531;99.633485;19.184;8.779;71.670485;36.00;12.91425;0.86129;0.75;0.25;45.29958;96.95660;101.96000;97.42000;68.27000;2322.1;275.0;177.0;48.0;10.46;0.154;0.17498;0.04096;0.00;0.000;0.000;0.900;0.565;0.000;0.557;59.975;36.00;36.00;23797.9;1177.00;5.43;3.48;1.55;90483.00;36515.04;24859.38;27948.1;3.24;1.31;0.89;20/02/2024 16:08:15;
21/02/2024;19;2.0TD;1;0.000131997016000000;0.198;1.184561466;161.730465;33.081;43.893;84.756465;47.51;12.91425;0.86129;0.75;0.25;45.29958;96.95660;101.96000;97.42000;68.27000;2322.1;275.0;177.0;48.0;8.79;0.926;0.17498;0.04096;0.00;0.000;0.000;1.061;0.565;0.000;0.557;70.748;47.67;44.67;22148.6;1285.70;3.76;3.48;1.55;71025.76;12679.92;24859.38;28869.8;2.46;0.44;0.86;20/02/2024 16:08:15;
21/02/2024;20;2.0TD;1;0.000161070897000000;0.199;1.190211034;179.719070;33.081;43.893;102.745070;63.38;12.91425;0.86129;0.75;0.25;45.29958;96.95660;101.96000;97.42000;68.27000;2322.1;275.0;177.0;48.0;7.64;0.926;0.17498;0.04096;0.00;0.000;0.000;1.285;0.565;0.000;0.557;85.692;63.47;61.97;19990.5;1270.60;2.61;3.48;1.55;42645.72;12679.92;24859.38;30743.9;1.39;0.41;0.81;20/02/2024 16:08:15;
21/02/2024;21;2.0TD;1;0.000178965705000000;0.198;1.185765125;169.721125;33.081;43.893;92.747125;54.49;12.91425;0.86129;0.75;0.25;45.29958;96.95660;101.96000;97.42000;68.27000;2322.1;275.0;177.0;48.0;8.38;0.926;0.17498;0.04096;0.00;0.000;0.000;1.161;0.565;0.000;0.557;77.418;54.76;50.00;22609.9;1363.00;3.35;3.48;1.55;70539.08;11649.60;24859.38;32039.3;2.20;0.36;0.78;20/02/2024 16:08:15;
21/02/2024;22;2.0TD;1;0.000180960270000000;0.197;1.180667605;161.453833;33.081;43.893;84.479833;47.80;12.91425;0.86129;0.75;0.25;45.29958;96.95660;101.96000;97.42000;68.27000;2322.1;275.0;177.0;48.0;8.33;0.926;0.17498;0.04096;0.00;0.000;0.000;1.059;0.565;0.000;0.557;70.576;47.91;45.91;22161.3;1326.20;3.30;3.48;1.55;64980.16;12679.92;24859.38;31064.4;2.09;0.41;0.80;20/02/2024 16:08:15;
21/02/2024;23;2.0TD;2;0.000163199081000000;0.203;1.247282274;107.061816;19.184;8.779;79.098816;43.76;12.91425;0.86129;0.75;0.25;45.29958;96.95660;101.96000;97.42000;68.27000;2322.1;275.0;177.0;48.0;8.39;0.154;0.17498;0.04096;0.00;0.000;0.000;0.986;0.565;0.000;0.557;65.751;43.76;43.76;20603.2;1145.60;3.36;3.48;1.55;46948.20;22386.00;24859.38;28085.0;1.67;0.80;0.89;20/02/2024 16:08:15;
21/02/2024;24;2.0TD;2;0.000134991261000000;0.209;1.279948292;99.723560;19.184;8.779;71.760560;37.14;12.91425;0.86129;0.75;0.25;45.29958;96.95660;101.96000;97.42000;68.27000;2322.1;275.0;177.0;48.0;8.71;0.154;0.17498;0.04096;0.00;0.000;0.000;0.890;0.565;0.000;0.557;59.355;37.14;37.14;19810.2;1125.50;3.68;3.48;1.55;45571.12;22204.00;24859.38;25180.8;1.81;0.88;0.99;20/02/2024 16:08:15;
*
