pvpcdata;
2024;02;09;12;01;56;
31/01/2024;1;2.0TD;3;0.000127351830000000;0.239;1.327200233;114.971950;0.557;2.195;112.219950;74.06;3.50753;0.82667;0.75;0.25;84.26250;98.29260;101.96000;97.42000;81.63000;2487.1;275.0;177.0;62.0;10.92;0.000;0.17498;0.03702;0.00;0.000;0.000;1.359;0.565;0.000;0.557;90.573;74.09;73.62;13563.7;864.00;5.78;3.56;1.58;99234.36;19790.40;24859.38;24914.1;3.98;0.79;1.00;30/01/2024 16:10:05;
31/01/2024;2;2.0TD;3;0.000104071043000000;0.247;1.370562399;114.100374;0.557;2.195;111.348374;71.39;3.50753;0.82667;0.75;0.25;84.26250;98.29260;101.96000;97.42000;81.63000;2487.1;275.0;177.0;62.0;12.33;0.000;0.17498;0.03702;0.00;0.000;0.000;1.339;0.565;0.000;0.557;89.293;71.48;70.23;12871.4;993.70;7.19;3.56;1.58;124286.56;19024.32;24859.38;23373.7;5.32;0.81;1.06;30/01/2024 16:10:05;
31/01/2024;3;2.0TD;3;0.000091568437000000;0.253;1.406571612;114.636132;0.557;2.195;111.884132;70.68;3.50753;0.82667;0.75;0.25;84.26250;98.29260;101.96000;97.42000;81.63000;2487.1;275.0;177.0;62.0;13.04;0.000;0.17498;0.03702;0.00;0.000;0.000;1.339;0.565;0.000;0.557;89.293;70.89;67.90;12492.8;943.90;7.90;3.56;1.58;133918.76;18641.28;24859.38;22467.7;5.96;0.83;1.11;30/01/2024 16:10:05;
31/01/2024;4;2.0TD;3;0.000085205118000000;0.256;1.422330616;113.680667;0.557;2.195;110.928667;69.50;3.50753;0.82667;0.75;0.25;84.26250;98.29260;101.96000;97.42000;81.63000;2487.1;275.0;177.0;62.0;13.26;0.000;0.17498;0.03702;0.00;0.000;0.000;1.325;0.565;0.000;0.557;88.319;69.82;65.82;12315.0;1079.70;8.12;3.56;1.58;160771.08;19152.00;0.00;22155.1;7.26;0.86;0.00;30/01/2024 16:10:05;
31/01/2024;5;2.0TD;3;0.000082994377000000;0.254;1.410588717;112.854457;0.557;2.195;110.102457;68.93;3.50753;0.82667;0.75;0.25;84.26250;98.29260;101.96000;97.42000;81.63000;2487.1;275.0;177.0;62.0;13.32;0.000;0.17498;0.03702;0.00;0.000;0.000;1.317;0.565;0.000;0.557;87.801;69.25;65.25;12221.8;1058.70;8.18;3.56;1.58;161290.00;19152.00;0.00;22062.8;7.31;0.87;0.00;30/01/2024 16:10:05;
31/01/2024;6;2.0TD;3;0.000085274973000000;0.247;1.374691521;117.404924;0.557;2.195;114.652924;73.57;3.50753;0.82667;0.75;0.25;84.26250;98.29260;101.96000;97.42000;81.63000;2487.1;275.0;177.0;62.0;12.76;0.000;0.17498;0.03702;0.00;0.000;0.000;1.379;0.565;0.000;0.557;91.943;74.01;69.01;12422.7;1199.30;7.62;3.56;1.58;154887.16;19152.00;0.00;22828.4;6.78;0.84;0.00;30/01/2024 16:10:05;
31/01/2024;7;2.0TD;3;0.000096840303000000;0.227;1.262124602;126.303541;0.557;2.195;123.551541;83.69;3.50753;0.82667;0.75;0.25;84.26250;98.29260;101.96000;97.42000;81.63000;2487.1;275.0;177.0;62.0;11.26;0.000;0.17498;0.03702;0.00;0.000;0.000;1.510;0.565;0.000;0.557;100.694;84.44;76.50;13759.0;1437.80;6.12;3.56;1.58;113326.88;19200.00;24859.38;25731.2;4.40;0.75;0.97;30/01/2024 16:10:05;
31/01/2024;8;2.0TD;3;0.000124056739000000;0.212;1.180338099;132.914743;0.557;2.195;130.162743;93.28;3.50753;0.82667;0.75;0.25;84.26250;98.29260;101.96000;97.42000;81.63000;2487.1;275.0;177.0;62.0;8.27;0.000;0.17498;0.03702;0.00;0.000;0.000;1.611;0.565;0.000;0.557;107.395;93.29;93.14;16509.8;764.60;3.13;3.56;1.58;47512.52;19840.00;24859.38;29466.7;1.61;0.67;0.84;30/01/2024 16:10:05;
31/01/2024;9;2.0TD;2;0.000137814565000000;0.198;1.216178714;188.376401;19.184;8.779;160.413401;120.23;3.50753;0.82667;0.75;0.25;84.26250;98.29260;101.96000;97.42000;81.63000;2487.1;275.0;177.0;62.0;7.25;0.178;0.17498;0.03702;0.00;0.000;0.000;2.009;0.565;0.000;0.557;133.901;120.23;120.23;17866.1;997.20;2.11;3.56;1.58;8750.24;32603.20;24859.38;31361.8;0.28;1.04;0.79;30/01/2024 16:10:05;
31/01/2024;10;2.0TD;2;0.000141961464000000;0.189;1.161228162;154.832870;19.184;8.779;126.869870;93.23;3.50753;0.82667;0.75;0.25;84.26250;98.29260;101.96000;97.42000;81.63000;2487.1;275.0;177.0;62.0;7.46;0.178;0.17498;0.03702;0.00;0.000;0.000;1.601;0.565;0.000;0.557;106.703;93.23;93.23;18489.2;1131.00;2.32;3.56;1.58;28739.08;20366.88;24859.38;31874.6;0.90;0.64;0.78;30/01/2024 16:10:05;
31/01/2024;11;2.0TD;1;0.000147013231000000;0.181;1.086183503;192.318730;33.081;43.893;115.344730;82.73;3.50753;0.82667;0.75;0.25;84.26250;98.29260;101.96000;97.42000;81.63000;2487.1;275.0;177.0;62.0;8.17;1.068;0.17498;0.03702;0.00;0.000;0.000;1.465;0.565;0.000;0.557;97.667;82.98;79.30;18527.8;1352.50;3.03;3.56;1.58;44719.64;26479.44;24859.38;31684.6;1.41;0.84;0.78;30/01/2024 16:10:05;
31/01/2024;12;2.0TD;1;0.000144919817000000;0.180;1.079600317;179.678843;33.081;43.893;102.704843;72.10;3.50753;0.82667;0.75;0.25;84.26250;98.29260;101.96000;97.42000;81.63000;2487.1;275.0;177.0;62.0;8.33;1.068;0.17498;0.03702;0.00;0.000;0.000;1.306;0.565;0.000;0.557;87.038;72.19;70.74;19245.2;1322.60;3.19;3.56;1.58;50897.00;23348.00;24859.38;31020.8;1.64;0.75;0.80;30/01/2024 16:10:05;
31/01/2024;13;2.0TD;1;0.000143630475000000;0.177;1.059231442;177.087269;33.081;43.893;100.113269;70.01;3.50753;0.82667;0.75;0.25;84.26250;98.29260;101.96000;97.42000;81.63000;2487.1;275.0;177.0;62.0;8.47;1.068;0.17498;0.03702;0.00;0.000;0.000;1.276;0.565;0.000;0.557;85.058;70.01;70.01;19964.5;1467.50;3.33;3.56;1.58;56475.40;20620.32;24859.38;30572.8;1.85;0.67;0.81;30/01/2024 16:10:05;
31/01/2024;14;2.0TD;1;0.000150018862000000;0.175;1.045822012;172.897478;33.081;43.893;95.923478;66.50;3.50753;0.82667;0.75;0.25;84.26250;98.29260;101.96000;97.42000;81.63000;2487.1;275.0;177.0;62.0;8.61;1.068;0.17498;0.03702;0.00;0.000;0.000;1.225;0.565;0.000;0.557;81.637;66.50;66.50;19655.1;1246.50;3.47;3.56;1.58;59467.60;20748.00;24859.38;30301.0;1.96;0.68;0.82;30/01/2024 16:10:05;
31/01/2024;15;2.0TD;2;0.000151495096000000;0.175;1.073955560;121.941853;19.184;8.779;93.978853;65.80;3.50753;0.82667;0.75;0.25;84.26250;98.29260;101.96000;97.42000;81.63000;2487.1;275.0;177.0;62.0;8.57;0.178;0.17498;0.03702;0.00;0.000;0.000;1.200;0.565;0.000;0.557;79.982;65.80;65.80;19673.4;1182.70;3.43;3.56;1.58;56154.48;21641.76;24859.38;29944.7;1.88;0.72;0.83;30/01/2024 16:10:05;
31/01/2024;16;2.0TD;2;0.000146167344000000;0.182;1.116728437;121.649505;19.184;8.779;93.686505;64.95;3.50753;0.82667;0.75;0.25;84.26250;98.29260;101.96000;97.42000;81.63000;2487.1;275.0;177.0;62.0;8.71;0.178;0.17498;0.03702;0.00;0.000;0.000;1.189;0.565;0.000;0.557;79.261;64.95;64.95;19851.6;1233.80;3.57;3.56;1.58;52938.84;27730.24;24859.38;29537.1;1.79;0.94;0.84;30/01/2024 16:10:05;
31/01/2024;17;2.0TD;2;0.000142234441000000;0.187;1.147928312;123.455966;19.184;8.779;95.492966;66.26;3.50753;0.82667;0.75;0.25;84.26250;98.29260;101.96000;97.42000;81.63000;2487.1;275.0;177.0;62.0;8.57;0.178;0.17498;0.03702;0.00;0.000;0.000;1.207;0.565;0.000;0.557;80.449;66.26;66.26;18628.6;1209.20;3.43;3.56;1.58;51547.80;24210.08;24859.38;29326.8;1.76;0.83;0.85;30/01/2024 16:10:05;
31/01/2024;18;2.0TD;2;0.000146845869000000;0.192;1.177159138;136.431427;19.184;8.779;108.468427;77.00;3.50753;0.82667;0.75;0.25;84.26250;98.29260;101.96000;97.42000;81.63000;2487.1;275.0;177.0;62.0;8.22;0.178;0.17498;0.03702;0.00;0.000;0.000;1.365;0.565;0.000;0.557;90.997;77.00;77.00;16327.4;1238.20;3.08;3.56;1.58;36707.08;29454.40;24859.38;29581.7;1.24;1.00;0.84;30/01/2024 16:10:05;
31/01/2024;19;2.0TD;1;0.000166508818000000;0.196;1.173202250;202.671211;33.081;43.893;125.697211;90.91;3.50753;0.82667;0.75;0.25;84.26250;98.29260;101.96000;97.42000;81.63000;2487.1;275.0;177.0;62.0;7.31;1.068;0.17498;0.03702;0.00;0.000;0.000;1.576;0.565;0.000;0.557;105.098;91.00;89.55;17630.7;1169.60;2.17;3.56;1.58;24883.56;17408.00;24859.38;30899.9;0.81;0.56;0.80;30/01/2024 16:10:05;
31/01/2024;20;2.0TD;1;0.000190719461000000;0.199;1.191020084;237.313875;33.081;43.893;160.339875;119.38;3.50753;0.82667;0.75;0.25;84.26250;98.29260;101.96000;97.42000;81.63000;2487.1;275.0;177.0;62.0;7.04;1.068;0.17498;0.03702;0.00;0.000;0.000;2.006;0.565;0.000;0.557;133.728;119.47;118.17;18817.9;1319.80;1.90;3.56;1.58;8973.40;27392.00;24859.38;32218.4;0.28;0.85;0.77;30/01/2024 16:10:05;
31/01/2024;21;2.0TD;1;0.000205533909000000;0.201;1.205947822;297.423558;33.081;43.893;220.449558;168.35;3.50753;0.82667;0.75;0.25;84.26250;98.29260;101.96000;97.42000;81.63000;2487.1;275.0;177.0;62.0;7.15;1.068;0.17498;0.03702;0.00;0.000;0.000;2.753;0.565;0.000;0.557;183.555;168.35;168.35;18945.4;1343.60;2.01;3.56;1.58;-21918.60;62592.00;24859.38;32608.5;-0.67;1.92;0.76;30/01/2024 16:10:05;
31/01/2024;22;2.0TD;1;0.000207917455000000;0.203;1.216533393;207.376797;33.081;43.893;130.402797;94.47;3.50753;0.82667;0.75;0.25;84.26250;98.29260;101.96000;97.42000;81.63000;2487.1;275.0;177.0;62.0;7.00;1.068;0.17498;0.03702;0.00;0.000;0.000;1.626;0.565;0.000;0.557;108.398;94.54;93.54;18553.8;1294.60;1.86;3.56;1.58;20216.16;14336.00;24859.38;31933.6;0.63;0.45;0.78;30/01/2024 16:10:05;
31/01/2024;23;2.0TD;2;0.000189717167000000;0.208;1.277838230;146.754099;19.184;8.779;118.791099;84.98;3.50753;0.82667;0.75;0.25;84.26250;98.29260;101.96000;97.42000;81.63000;2487.1;275.0;177.0;62.0;7.47;0.178;0.17498;0.03702;0.00;0.000;0.000;1.475;0.565;0.000;0.557;98.337;85.00;84.70;16183.8;1195.80;2.33;3.56;1.58;25562.52;16832.00;24859.38;28879.9;0.89;0.58;0.86;30/01/2024 16:10:05;
31/01/2024;24;2.0TD;2;0.000158322599000000;0.215;1.320302019;139.486638;19.184;8.779;111.523638;77.52;3.50753;0.82667;0.75;0.25;84.26250;98.29260;101.96000;97.42000;81.63000;2487.1;275.0;177.0;62.0;8.48;0.178;0.17498;0.03702;0.00;0.000;0.000;1.377;0.565;0.000;0.557;91.789;77.52;77.52;14082.1;1055.20;3.34;3.56;1.58;29970.16;31880.00;24859.38;25975.4;1.15;1.23;0.96;30/01/2024 16:10:05;
*
