pvpcdata;
2024;03;11;12;38;36;
19/02/2024;1;2.0TD;3;0.000105992990000000;0.236;1.309294083;93.147048;0.557;2.195;90.395048;43.70;12.85217;0.85353;0.75;0.25;45.54792;96.95660;101.96000;97.42000;68.27000;2343.2;275.0;177.0;48.0;16.03;0.000;0.17498;0.04096;0.00;0.000;0.000;1.097;0.565;0.000;0.557;73.135;44.00;38.70;17434.5;1029.00;11.00;3.48;1.55;187223.32;37864.32;24859.38;22711.3;8.24;1.67;1.09;18/02/2024 16:07:50;
19/02/2024;2;2.0TD;3;0.000087560509000000;0.250;1.388395503;94.513440;0.557;2.195;91.761440;44.04;12.85217;0.85353;0.75;0.25;45.54792;96.95660;101.96000;97.42000;68.27000;2343.2;275.0;177.0;48.0;15.96;0.000;0.17498;0.04096;0.00;0.000;0.000;1.101;0.565;0.000;0.557;73.409;44.33;39.33;16147.8;998.70;10.93;3.48;1.55;195526.24;37608.48;0.00;21322.0;9.17;1.76;0.00;18/02/2024 16:07:50;
19/02/2024;3;2.0TD;3;0.000077236332000000;0.251;1.397183232;95.730263;0.557;2.195;92.978263;44.26;12.85217;0.85353;0.75;0.25;45.54792;96.95660;101.96000;97.42000;68.27000;2343.2;275.0;177.0;48.0;16.64;0.000;0.17498;0.04096;0.00;0.000;0.000;1.115;0.565;0.000;0.557;74.323;44.63;38.21;16458.1;1002.80;11.61;3.48;1.55;200823.68;37457.12;0.00;20520.6;9.79;1.83;0.00;18/02/2024 16:07:50;
19/02/2024;4;2.0TD;3;0.000072449957000000;0.254;1.410922213;96.831033;0.557;2.195;94.079033;43.53;12.85217;0.85353;0.75;0.25;45.54792;96.95660;101.96000;97.42000;68.27000;2343.2;275.0;177.0;48.0;18.06;0.000;0.17498;0.04096;0.00;0.000;0.000;1.125;0.565;0.000;0.557;75.023;43.91;38.00;16560.0;1141.60;13.03;3.48;1.55;221825.40;39694.32;0.00;20072.8;11.05;1.98;0.00;18/02/2024 16:07:50;
19/02/2024;5;2.0TD;3;0.000070711194000000;0.252;1.399213093;96.529494;0.557;2.195;93.777494;43.35;12.85217;0.85353;0.75;0.25;45.54792;96.95660;101.96000;97.42000;68.27000;2343.2;275.0;177.0;48.0;18.12;0.000;0.17498;0.04096;0.00;0.000;0.000;1.124;0.565;0.000;0.557;74.902;43.67;38.67;16821.4;1151.50;13.09;3.48;1.55;222385.12;40141.76;0.00;20059.3;11.09;2.00;0.00;18/02/2024 16:07:50;
19/02/2024;6;2.0TD;3;0.000073121748000000;0.245;1.362122340;92.591389;0.557;2.195;89.839389;41.40;12.85217;0.85353;0.75;0.25;45.54792;96.95660;101.96000;97.42000;68.27000;2343.2;275.0;177.0;48.0;17.37;0.000;0.17498;0.04096;0.00;0.000;0.000;1.082;0.565;0.000;0.557;72.160;41.50;39.00;18591.9;752.10;12.34;3.48;1.55;221267.28;38352.00;0.00;21037.6;10.52;1.82;0.00;18/02/2024 16:07:50;
19/02/2024;7;2.0TD;3;0.000083919059000000;0.224;1.243135353;92.877754;0.557;2.195;90.125754;43.67;12.85217;0.85353;0.75;0.25;45.54792;96.95660;101.96000;97.42000;68.27000;2343.2;275.0;177.0;48.0;16.55;0.000;0.17498;0.04096;0.00;0.000;0.000;1.104;0.565;0.000;0.557;73.632;44.00;37.07;18905.9;934.80;11.52;3.48;1.55;221123.56;32727.04;24859.38;24194.5;9.14;1.35;1.03;18/02/2024 16:07:50;
19/02/2024;8;2.0TD;3;0.000107091616000000;0.213;1.182722969;98.336584;0.557;2.195;95.584584;54.74;12.85217;0.85353;0.75;0.25;45.54792;96.95660;101.96000;97.42000;68.27000;2343.2;275.0;177.0;48.0;10.57;0.000;0.17498;0.04096;0.00;0.000;0.000;1.182;0.565;0.000;0.557;78.800;55.00;50.00;17622.2;979.50;5.54;3.48;1.55;116522.04;15369.60;24859.38;28312.8;4.12;0.54;0.88;18/02/2024 16:07:50;
19/02/2024;9;2.0TD;2;0.000117331847000000;0.198;1.215637639;125.715190;19.184;8.779;97.752190;58.84;12.85217;0.85353;0.75;0.25;45.54792;96.95660;101.96000;97.42000;68.27000;2343.2;275.0;177.0;48.0;9.07;0.154;0.17498;0.04096;0.00;0.000;0.000;1.224;0.565;0.000;0.557;81.596;59.04;55.74;18958.7;1238.90;4.04;3.48;1.55;80012.84;17712.00;24859.38;30377.3;2.63;0.58;0.82;18/02/2024 16:07:50;
19/02/2024;10;2.0TD;2;0.000122013979000000;0.189;1.159233013;108.756920;19.184;8.779;80.793920;44.00;12.85217;0.85353;0.75;0.25;45.54792;96.95660;101.96000;97.42000;68.27000;2343.2;275.0;177.0;48.0;10.47;0.154;0.17498;0.04096;0.00;0.000;0.000;1.019;0.565;0.000;0.557;67.951;44.00;43.91;24545.4;1343.80;5.44;3.48;1.55;108280.80;35764.12;24859.38;31049.0;3.49;1.15;0.80;18/02/2024 16:07:50;
19/02/2024;11;2.0TD;1;0.000125345726000000;0.185;1.107455177;155.092935;33.081;43.893;78.118935;39.35;12.85217;0.85353;0.75;0.25;45.54792;96.95660;101.96000;97.42000;68.27000;2343.2;275.0;177.0;48.0;12.35;0.926;0.17498;0.04096;0.00;0.000;0.000;0.989;0.565;0.000;0.557;65.923;39.50;36.18;27632.6;1327.20;7.32;3.48;1.55;132500.36;68248.00;24859.38;30831.1;4.30;2.21;0.81;18/02/2024 16:07:50;
19/02/2024;12;2.0TD;1;0.000123339778000000;0.184;1.102481174;145.446084;33.081;43.893;68.472084;31.23;12.85217;0.85353;0.75;0.25;45.54792;96.95660;101.96000;97.42000;68.27000;2343.2;275.0;177.0;48.0;12.50;0.926;0.17498;0.04096;0.00;0.000;0.000;0.867;0.565;0.000;0.557;57.831;31.23;31.23;29332.6;1411.20;7.47;3.48;1.55;149311.96;52509.36;24859.38;30341.2;4.92;1.73;0.82;18/02/2024 16:07:50;
19/02/2024;13;2.0TD;1;0.000122452375000000;0.183;1.097139664;144.896125;33.081;43.893;67.922125;30.53;12.85217;0.85353;0.75;0.25;45.54792;96.95660;101.96000;97.42000;68.27000;2343.2;275.0;177.0;48.0;12.79;0.926;0.17498;0.04096;0.00;0.000;0.000;0.861;0.565;0.000;0.557;57.415;30.60;28.95;29756.1;1375.40;7.76;3.48;1.55;156208.96;51969.60;24859.38;30052.8;5.20;1.73;0.83;18/02/2024 16:07:50;
19/02/2024;14;2.0TD;1;0.000128010862000000;0.179;1.073952319;144.594545;33.081;43.893;67.620545;30.60;12.85217;0.85353;0.75;0.25;45.54792;96.95660;101.96000;97.42000;68.27000;2343.2;275.0;177.0;48.0;12.66;0.926;0.17498;0.04096;0.00;0.000;0.000;0.860;0.565;0.000;0.557;57.354;30.60;30.60;29686.3;1322.50;7.63;3.48;1.55;150540.16;52377.84;24859.38;29831.6;5.05;1.76;0.83;18/02/2024 16:07:50;
19/02/2024;15;2.0TD;2;0.000128825891000000;0.181;1.109620694;94.773531;19.184;8.779;66.810531;29.92;12.85217;0.85353;0.75;0.25;45.54792;96.95660;101.96000;97.42000;68.27000;2343.2;275.0;177.0;48.0;13.34;0.154;0.17498;0.04096;0.00;0.000;0.000;0.849;0.565;0.000;0.557;56.571;30.00;28.35;29499.1;1546.90;8.31;3.48;1.55;152608.04;68020.00;24859.38;29532.3;5.17;2.30;0.84;18/02/2024 16:07:50;
19/02/2024;16;2.0TD;2;0.000122305025000000;0.186;1.141574763;92.527834;19.184;8.779;64.564834;27.79;12.85217;0.85353;0.75;0.25;45.54792;96.95660;101.96000;97.42000;68.27000;2343.2;275.0;177.0;48.0;13.37;0.154;0.17498;0.04096;0.00;0.000;0.000;0.817;0.565;0.000;0.557;54.439;27.79;27.79;29312.1;1532.80;8.34;3.48;1.55;150044.84;65012.80;24859.38;28757.8;5.22;2.26;0.86;18/02/2024 16:07:50;
19/02/2024;17;2.0TD;2;0.000117477676000000;0.188;1.154263434;96.820849;19.184;8.779;68.857849;31.40;12.85217;0.85353;0.75;0.25;45.54792;96.95660;101.96000;97.42000;68.27000;2343.2;275.0;177.0;48.0;13.23;0.154;0.17498;0.04096;0.00;0.000;0.000;0.869;0.565;0.000;0.557;57.961;31.23;35.13;28316.0;1289.20;8.20;3.48;1.55;138132.20;69920.64;24859.38;28405.7;4.86;2.46;0.88;18/02/2024 16:07:50;
19/02/2024;18;2.0TD;2;0.000119384603000000;0.190;1.166247925;109.562671;19.184;8.779;81.599671;43.22;12.85217;0.85353;0.75;0.25;45.54792;96.95660;101.96000;97.42000;68.27000;2343.2;275.0;177.0;48.0;11.86;0.154;0.17498;0.04096;0.00;0.000;0.000;1.029;0.565;0.000;0.557;68.571;43.22;43.22;24950.7;1332.50;6.83;3.48;1.55;119310.76;50177.20;24859.38;28449.9;4.19;1.76;0.87;18/02/2024 16:07:50;
19/02/2024;19;2.0TD;1;0.000130932936000000;0.191;1.140872818;170.179459;33.081;43.893;93.205459;53.52;12.85217;0.85353;0.75;0.25;45.54792;96.95660;101.96000;97.42000;68.27000;2343.2;275.0;177.0;48.0;10.33;0.926;0.17498;0.04096;0.00;0.000;0.000;1.174;0.565;0.000;0.557;78.258;53.52;53.47;22565.0;1189.60;5.30;3.48;1.55;109040.52;19212.00;24859.38;28905.0;3.77;0.66;0.86;18/02/2024 16:07:50;
19/02/2024;20;2.0TD;1;0.000160041934000000;0.194;1.162112863;184.123742;33.081;43.893;107.149742;66.13;12.85217;0.85353;0.75;0.25;45.54792;96.95660;101.96000;97.42000;68.27000;2343.2;275.0;177.0;48.0;9.03;0.926;0.17498;0.04096;0.00;0.000;0.000;1.346;0.565;0.000;0.557;89.740;66.28;63.98;19276.2;1351.80;4.00;3.48;1.55;89707.96;8586.00;24859.38;30819.2;2.91;0.28;0.81;18/02/2024 16:07:50;
19/02/2024;21;2.0TD;1;0.000178659415000000;0.195;1.166220460;190.849317;33.081;43.893;113.875317;72.07;12.85217;0.85353;0.75;0.25;45.54792;96.95660;101.96000;97.42000;68.27000;2343.2;275.0;177.0;48.0;8.56;0.926;0.17498;0.04096;0.00;0.000;0.000;1.429;0.565;0.000;0.557;95.293;72.26;69.37;19624.9;1405.70;3.53;3.48;1.55;77731.16;8437.44;24859.38;31406.7;2.47;0.27;0.79;18/02/2024 16:07:50;
19/02/2024;22;2.0TD;1;0.000180978505000000;0.195;1.167130748;182.539287;33.081;43.893;105.565287;65.12;12.85217;0.85353;0.75;0.25;45.54792;96.95660;101.96000;97.42000;68.27000;2343.2;275.0;177.0;48.0;8.66;0.926;0.17498;0.04096;0.00;0.000;0.000;1.325;0.565;0.000;0.557;88.339;65.22;63.22;23594.8;1238.60;3.63;3.48;1.55;75472.88;10610.72;24859.38;30543.4;2.47;0.35;0.81;18/02/2024 16:07:50;
19/02/2024;23;2.0TD;2;0.000162308391000000;0.200;1.229944346;120.006782;19.184;8.779;92.043782;54.10;12.85217;0.85353;0.75;0.25;45.54792;96.95660;101.96000;97.42000;68.27000;2343.2;275.0;177.0;48.0;8.99;0.154;0.17498;0.04096;0.00;0.000;0.000;1.151;0.565;0.000;0.557;76.703;54.10;54.10;21359.3;1066.40;3.96;3.48;1.55;65530.72;19212.00;24859.38;27687.0;2.37;0.69;0.90;18/02/2024 16:07:50;
19/02/2024;24;2.0TD;2;0.000133574287000000;0.206;1.263857146;120.282483;19.184;8.779;92.319483;53.52;12.85217;0.85353;0.75;0.25;45.54792;96.95660;101.96000;97.42000;68.27000;2343.2;275.0;177.0;48.0;9.42;0.154;0.17498;0.04096;0.00;0.000;0.000;1.148;0.565;0.000;0.557;76.550;53.52;53.52;19348.8;988.40;4.39;3.48;1.55;60975.84;22638.00;24859.38;24719.7;2.47;0.92;1.01;18/02/2024 16:07:50;
*
