pvpcdata;
2025;01;13;09;30;43;
29/12/2024;1;2.0TD;3;0.000127000230000000;0.246;1.367563991;196.045232;0.557;2.195;193.293232;145.45;-10.38057;0.73950;0.75;0.25;136.14708;94.62480;101.96000;84.74000;90.60000;2856.0;275.0;200.0;53.0;13.31;0.000;0.17498;0.04096;0.00;0.000;2.327;0.947;0.000;0.557;155.131;146.28;136.74;19726.9;1887.30;9.14;3.25;0.92;132215.84;49800.00;24859.38;22636.0;5.84;2.20;1.10;28/12/2024 16:05:19;
29/12/2024;2;2.0TD;3;0.000106432793000000;0.255;1.418924054;194.128211;0.557;2.195;191.376211;141.74;-10.38057;0.73950;0.75;0.25;136.14708;94.62480;101.96000;84.74000;90.60000;2856.0;275.0;200.0;53.0;14.42;0.000;0.17498;0.04096;0.00;0.000;2.287;0.947;0.000;0.557;152.491;142.77;132.30;17743.1;1941.40;10.25;3.25;0.92;175693.68;36920.00;0.00;20734.5;8.47;1.78;0.00;28/12/2024 16:05:19;
29/12/2024;3;2.0TD;3;0.000091337799000000;0.265;1.469968037;193.803691;0.557;2.195;191.051691;139.03;-10.38057;0.73950;0.75;0.25;136.14708;94.62480;101.96000;84.74000;90.60000;2856.0;275.0;200.0;53.0;15.69;0.000;0.17498;0.04096;0.00;0.000;2.265;0.947;0.000;0.557;151.029;140.08;129.81;17005.5;1933.40;11.52;3.25;0.92;188032.48;37280.00;0.00;19555.2;9.62;1.91;0.00;28/12/2024 16:05:19;
29/12/2024;4;2.0TD;3;0.000082246686000000;0.270;1.498674562;193.450126;0.557;2.195;190.698126;137.11;-10.38057;0.73950;0.75;0.25;136.14708;94.62480;101.96000;84.74000;90.60000;2856.0;275.0;200.0;53.0;16.75;0.000;0.17498;0.04096;0.00;0.000;2.252;0.947;0.000;0.557;150.156;138.30;126.31;16394.0;1801.30;12.58;3.25;0.92;193841.80;42480.00;0.00;18778.9;10.32;2.26;0.00;28/12/2024 16:05:19;
29/12/2024;5;2.0TD;3;0.000077993290000000;0.272;1.512524514;193.672846;0.557;2.195;190.920846;136.11;-10.38057;0.73950;0.75;0.25;136.14708;94.62480;101.96000;84.74000;90.60000;2856.0;275.0;200.0;53.0;17.69;0.000;0.17498;0.04096;0.00;0.000;2.251;0.947;0.000;0.557;150.095;137.26;124.99;15905.8;1637.70;13.52;3.25;0.92;207137.36;41040.00;0.00;18360.1;11.28;2.24;0.00;28/12/2024 16:05:19;
29/12/2024;6;2.0TD;3;0.000077536873000000;0.269;1.495312903;193.351999;0.557;2.195;190.599999;136.07;-10.38057;0.73950;0.75;0.25;136.14708;94.62480;101.96000;84.74000;90.60000;2856.0;275.0;200.0;53.0;17.83;0.000;0.17498;0.04096;0.00;0.000;2.253;0.947;0.000;0.557;150.197;137.26;124.99;15836.2;1696.20;13.66;3.25;0.92;211203.60;41040.00;0.00;18470.2;11.43;2.22;0.00;28/12/2024 16:05:19;
29/12/2024;7;2.0TD;3;0.000079558485000000;0.262;1.453065425;188.060300;0.557;2.195;185.308300;132.87;-10.38057;0.73950;0.75;0.25;136.14708;94.62480;101.96000;84.74000;90.60000;2856.0;275.0;200.0;53.0;17.72;0.000;0.17498;0.04096;0.00;0.000;2.203;0.947;0.000;0.557;146.837;134.11;122.49;15578.4;1869.10;13.55;3.25;0.92;217998.20;40040.00;0.00;19043.0;11.45;2.10;0.00;28/12/2024 16:05:19;
29/12/2024;8;2.0TD;3;0.000084547799000000;0.249;1.381582165;188.674399;0.557;2.195;185.922399;136.83;-10.38057;0.73950;0.75;0.25;136.14708;94.62480;101.96000;84.74000;90.60000;2856.0;275.0;200.0;53.0;15.75;0.000;0.17498;0.04096;0.00;0.000;2.233;0.947;0.000;0.557;148.857;138.30;121.07;16659.8;1548.20;11.58;3.25;0.92;196509.32;39040.00;0.00;20348.4;9.66;1.92;0.00;28/12/2024 16:05:19;
29/12/2024;9;2.0TD;3;0.000093146672000000;0.241;1.339211115;188.339833;0.557;2.195;185.587833;140.54;-10.38057;0.73950;0.75;0.25;136.14708;94.62480;101.96000;84.74000;90.60000;2856.0;275.0;200.0;53.0;12.72;0.000;0.17498;0.04096;0.00;0.000;2.243;0.947;0.000;0.557;149.547;141.66;129.38;17625.3;1761.50;8.55;3.25;0.92;150978.16;33200.00;0.00;21541.5;7.01;1.54;0.00;28/12/2024 16:05:19;
29/12/2024;10;2.0TD;3;0.000113473727000000;0.219;1.213953460;187.599946;0.557;2.195;184.847946;137.47;-10.38057;0.73950;0.75;0.25;136.14708;94.62480;101.96000;84.74000;90.60000;2856.0;275.0;200.0;53.0;17.85;0.000;0.17498;0.04096;0.00;0.000;2.275;0.947;0.000;0.557;151.639;138.30;127.80;19428.7;1662.50;13.68;3.25;0.92;140690.44;180000.00;0.00;23443.1;6.00;7.68;0.00;28/12/2024 16:05:19;
29/12/2024;11;2.0TD;3;0.000133000573000000;0.197;1.094897632;160.602789;0.557;2.195;157.850789;115.51;-10.38057;0.73950;0.75;0.25;136.14708;94.62480;101.96000;84.74000;90.60000;2856.0;275.0;200.0;53.0;20.34;0.000;0.17498;0.04096;0.00;0.000;1.978;0.947;0.000;0.557;131.872;115.88;110.58;20676.5;1542.60;16.17;3.25;0.92;103434.48;297840.00;0.00;24818.4;4.17;12.00;0.00;28/12/2024 16:05:19;
29/12/2024;12;2.0TD;3;0.000140642341000000;0.191;1.060323271;151.553163;0.557;2.195;148.801163;109.90;-10.38057;0.73950;0.75;0.25;136.14708;94.62480;101.96000;84.74000;90.60000;2856.0;275.0;200.0;53.0;19.12;0.000;0.17498;0.04096;0.00;0.000;1.874;0.947;0.000;0.557;124.938;109.94;109.33;21453.4;1390.20;14.95;3.25;0.92;112852.72;260057.20;0.00;24940.6;4.52;10.43;0.00;28/12/2024 16:05:19;
29/12/2024;13;2.0TD;3;0.000139997834000000;0.188;1.043439363;140.794041;0.557;2.195;138.042041;109.33;-10.38057;0.73950;0.75;0.25;136.14708;94.62480;101.96000;84.74000;90.60000;2856.0;275.0;200.0;53.0;11.08;0.000;0.17498;0.04096;0.00;0.000;1.743;0.947;0.000;0.557;116.197;109.40;108.43;22145.7;1609.30;6.91;3.25;0.92;119932.76;51720.00;0.00;24833.4;4.83;2.08;0.00;28/12/2024 16:05:19;
29/12/2024;14;2.0TD;3;0.000146310842000000;0.184;1.021797902;144.752677;0.557;2.195;142.000677;108.85;-10.38057;0.73950;0.75;0.25;136.14708;94.62480;101.96000;84.74000;90.60000;2856.0;275.0;200.0;53.0;15.24;0.000;0.17498;0.04096;0.00;0.000;1.799;0.947;0.000;0.557;119.933;108.88;108.43;22539.6;1601.40;11.07;3.25;0.92;120560.20;159232.00;0.00;25265.3;4.77;6.30;0.00;28/12/2024 16:05:19;
29/12/2024;15;2.0TD;3;0.000147071273000000;0.188;1.047210323;146.173305;0.557;2.195;143.421305;109.81;-10.38057;0.73950;0.75;0.25;136.14708;94.62480;101.96000;84.74000;90.60000;2856.0;275.0;200.0;53.0;15.06;0.000;0.17498;0.04096;0.00;0.000;1.811;0.947;0.000;0.557;120.725;109.81;109.80;21799.0;1373.30;10.89;3.25;0.92;117702.04;158244.00;0.00;25329.0;4.65;6.25;0.00;28/12/2024 16:05:19;
29/12/2024;16;2.0TD;3;0.000134359414000000;0.204;1.135187072;155.744285;0.557;2.195;152.992285;113.65;-10.38057;0.73950;0.75;0.25;136.14708;94.62480;101.96000;84.74000;90.60000;2856.0;275.0;200.0;53.0;17.47;0.000;0.17498;0.04096;0.00;0.000;1.906;0.947;0.000;0.557;127.070;113.87;110.87;20530.2;1648.10;13.30;3.25;0.92;109067.92;217412.00;0.00;24549.2;4.44;8.86;0.00;28/12/2024 16:05:19;
29/12/2024;17;2.0TD;3;0.000128799096000000;0.212;1.177959569;173.347065;0.557;2.195;170.595065;124.53;-10.38057;0.73950;0.75;0.25;136.14708;94.62480;101.96000;84.74000;90.60000;2856.0;275.0;200.0;53.0;20.07;0.000;0.17498;0.04096;0.00;0.000;2.111;0.947;0.000;0.557;140.755;125.13;118.13;20242.4;1891.30;15.90;3.25;0.92;93398.92;294609.00;0.00;24407.9;3.83;12.07;0.00;28/12/2024 16:05:19;
29/12/2024;18;2.0TD;3;0.000134493385000000;0.221;1.226767393;185.894679;0.557;2.195;183.142679;144.41;-10.38057;0.73950;0.75;0.25;136.14708;94.62480;101.96000;84.74000;90.60000;2856.0;275.0;200.0;53.0;9.29;0.000;0.17498;0.04096;0.00;0.000;2.250;0.947;0.000;0.557;149.994;145.18;135.28;21591.4;1830.40;5.12;3.25;0.92;45019.36;81276.00;0.00;24662.7;1.83;3.30;0.00;28/12/2024 16:05:19;
29/12/2024;19;2.0TD;3;0.000157067871000000;0.223;1.237633455;192.477218;0.557;2.195;189.725218;152.41;-10.38057;0.73950;0.75;0.25;136.14708;94.62480;101.96000;84.74000;90.60000;2856.0;275.0;200.0;53.0;6.35;0.000;0.17498;0.04096;0.00;0.000;2.327;0.947;0.000;0.557;155.131;152.78;147.39;22544.0;1680.60;2.18;3.25;0.92;10812.00;47664.00;0.00;26815.8;0.40;1.78;0.00;28/12/2024 16:05:19;
29/12/2024;20;2.0TD;3;0.000168329444000000;0.229;1.271222038;199.796347;0.557;2.195;197.044347;158.26;-10.38057;0.73950;0.75;0.25;136.14708;94.62480;101.96000;84.74000;90.60000;2856.0;275.0;200.0;53.0;5.62;0.000;0.17498;0.04096;0.00;0.000;2.405;0.947;0.000;0.557;160.329;158.67;152.67;22969.7;1706.10;1.45;3.25;0.92;8291.20;31760.00;0.00;27647.1;0.30;1.15;0.00;28/12/2024 16:05:19;
29/12/2024;21;2.0TD;3;0.000179364232000000;0.230;1.275144012;204.539656;0.557;2.195;201.787656;161.59;-10.38057;0.73950;0.75;0.25;136.14708;94.62480;101.96000;84.74000;90.60000;2856.0;275.0;200.0;53.0;5.96;0.000;0.17498;0.04096;0.00;0.000;2.461;0.947;0.000;0.557;164.055;162.00;156.00;23292.1;1717.80;1.79;3.25;0.92;6420.88;44440.00;0.00;28388.9;0.23;1.57;0.00;28/12/2024 16:05:19;
29/12/2024;22;2.0TD;3;0.000184125166000000;0.227;1.259089013;205.343203;0.557;2.195;202.591203;161.52;-10.38057;0.73950;0.75;0.25;136.14708;94.62480;101.96000;84.74000;90.60000;2856.0;275.0;200.0;53.0;7.07;0.000;0.17498;0.04096;0.00;0.000;2.477;0.947;0.000;0.557;165.111;161.94;155.94;23160.7;1733.10;2.90;3.25;0.92;6419.40;50732.00;24859.38;28301.1;0.23;1.79;0.88;28/12/2024 16:05:19;
29/12/2024;23;2.0TD;3;0.000171182515000000;0.229;1.270200641;193.208907;0.557;2.195;190.456907;151.24;-10.38057;0.73950;0.75;0.25;136.14708;94.62480;101.96000;84.74000;90.60000;2856.0;275.0;200.0;53.0;7.36;0.000;0.17498;0.04096;0.00;0.000;2.325;0.947;0.000;0.557;154.969;151.54;147.39;22370.3;1724.50;3.19;3.25;0.92;11148.76;48092.00;24859.38;26380.2;0.42;1.82;0.94;28/12/2024 16:05:19;
29/12/2024;24;2.0TD;3;0.000147121164000000;0.236;1.312416731;190.327366;0.557;2.195;187.575366;147.44;-10.38057;0.73950;0.75;0.25;136.14708;94.62480;101.96000;84.74000;90.60000;2856.0;275.0;200.0;53.0;8.00;0.000;0.17498;0.04096;0.00;0.000;2.276;0.947;0.000;0.557;151.760;148.19;138.34;20878.4;1710.10;3.83;3.25;0.92;13268.32;54120.00;24859.38;24103.0;0.55;2.25;1.03;28/12/2024 16:05:19;
*
