pvpcdata;
2024;07;09;11;18;10;
18/06/2024;1;2.0TD;3;0.000094207035000000;0.167;0.929425735;89.529351;0.557;2.195;86.777351;52.27;5.27333;1.13855;0.75;0.25;56.71250;77.80580;101.96000;48.69000;52.19000;1725.0;275.0;154.0;62.0;13.25;0.000;0.17498;0.04096;0.00;0.000;1.115;0.947;0.000;0.557;74.359;51.76;61.76;18329.9;982.00;8.91;3.20;1.14;146443.28;40998.36;24859.38;23828.6;6.15;1.72;1.04;17/06/2024 16:06:19;
18/06/2024;2;2.0TD;3;0.000079899810000000;0.169;0.939567350;74.237918;0.557;2.195;71.485918;37.43;5.27333;1.13855;0.75;0.25;56.71250;77.80580;101.96000;48.69000;52.19000;1725.0;275.0;154.0;62.0;15.08;0.000;0.17498;0.04096;0.00;0.000;0.917;0.947;0.000;0.557;61.151;37.00;45.90;19432.7;986.90;10.74;3.20;1.14;165003.44;54181.40;24859.38;22703.8;7.27;2.39;1.09;17/06/2024 16:06:19;
18/06/2024;3;2.0TD;3;0.000071125264000000;0.171;0.947557935;90.599648;0.557;2.195;87.847648;52.02;5.27333;1.13855;0.75;0.25;56.71250;77.80580;101.96000;48.69000;52.19000;1725.0;275.0;154.0;62.0;14.15;0.000;0.17498;0.04096;0.00;0.000;1.125;0.947;0.000;0.557;75.019;51.01;71.01;17745.6;945.50;9.81;3.20;1.14;147468.20;39896.92;24859.38;21637.3;6.82;1.84;1.15;17/06/2024 16:06:19;
18/06/2024;4;2.0TD;3;0.000066603783000000;0.170;0.943768276;90.192349;0.557;2.195;87.440349;52.89;5.27333;1.13855;0.75;0.25;56.71250;77.80580;101.96000;48.69000;52.19000;1725.0;275.0;154.0;62.0;13.00;0.000;0.17498;0.04096;0.00;0.000;1.121;0.947;0.000;0.557;74.735;52.59;57.59;17201.4;1083.60;8.66;3.20;1.14;145432.28;39783.12;0.00;21385.0;6.80;1.86;0.00;17/06/2024 16:06:19;
18/06/2024;5;2.0TD;3;0.000064596434000000;0.170;0.943326651;91.879489;0.557;2.195;89.127489;54.29;5.27333;1.13855;0.75;0.25;56.71250;77.80580;101.96000;48.69000;52.19000;1725.0;275.0;154.0;62.0;13.02;0.000;0.17498;0.04096;0.00;0.000;1.143;0.947;0.000;0.557;76.177;53.99;58.99;17009.7;1091.50;8.68;3.20;1.14;144707.36;39783.12;0.00;21242.8;6.81;1.87;0.00;17/06/2024 16:06:19;
18/06/2024;6;2.0TD;3;0.000064767052000000;0.167;0.925210812;105.062121;0.557;2.195;102.310121;67.06;5.27333;1.13855;0.75;0.25;56.71250;77.80580;101.96000;48.69000;52.19000;1725.0;275.0;154.0;62.0;11.57;0.000;0.17498;0.04096;0.00;0.000;1.315;0.947;0.000;0.557;87.669;66.75;71.75;17342.6;1164.20;7.23;3.20;1.14;129018.60;27729.32;0.00;21681.5;5.95;1.28;0.00;17/06/2024 16:06:19;
18/06/2024;7;2.0TD;3;0.000067354435000000;0.162;0.900973050;138.103318;0.557;2.195;135.351318;95.78;5.27333;1.13855;0.75;0.25;56.71250;77.80580;101.96000;48.69000;52.19000;1725.0;275.0;154.0;62.0;11.23;0.000;0.17498;0.04096;0.00;0.000;1.747;0.947;0.000;0.557;116.481;96.13;91.46;16606.3;1356.60;6.89;3.20;1.14;119086.64;19200.00;24859.38;23683.4;5.03;0.81;1.05;17/06/2024 16:06:19;
18/06/2024;8;2.0TD;3;0.000075774438000000;0.160;0.887163954;148.964596;0.557;2.195;146.212596;101.19;5.27333;1.13855;0.75;0.25;56.71250;77.80580;101.96000;48.69000;52.19000;1725.0;275.0;154.0;62.0;15.24;0.000;0.17498;0.04096;0.00;0.000;1.891;0.947;0.000;0.557;126.045;101.00;103.52;18406.1;1464.10;10.90;3.20;1.14;64796.08;192729.60;24859.38;25900.1;2.50;7.44;0.96;17/06/2024 16:06:19;
18/06/2024;9;2.0TD;2;0.000087403865000000;0.149;0.913426128;172.758074;19.184;8.779;144.795074;96.20;5.27333;1.13855;0.75;0.25;56.71250;77.80580;101.96000;48.69000;52.19000;1725.0;275.0;154.0;62.0;20.05;0.154;0.17498;0.04096;0.00;0.000;1.890;0.947;0.000;0.557;126.018;96.13;97.00;20595.5;1911.10;15.71;3.20;1.14;49246.16;356311.20;24859.38;27400.1;1.80;13.00;0.91;17/06/2024 16:06:19;
18/06/2024;10;2.0TD;2;0.000094848134000000;0.145;0.890010118;119.608045;19.184;8.779;91.645045;54.08;5.27333;1.13855;0.75;0.25;56.71250;77.80580;101.96000;48.69000;52.19000;1725.0;275.0;154.0;62.0;16.88;0.154;0.17498;0.04096;0.00;0.000;1.201;0.947;0.000;0.557;80.039;53.39;69.05;23925.9;1096.40;12.54;3.20;1.14;80677.24;246397.60;24859.38;28071.5;2.87;8.78;0.89;17/06/2024 16:06:19;
18/06/2024;11;2.0TD;1;0.000100555801000000;0.145;0.868967323;144.535115;33.081;43.893;67.561115;39.76;5.27333;1.13855;0.75;0.25;56.71250;77.80580;101.96000;48.69000;52.19000;1725.0;275.0;154.0;62.0;9.71;0.926;0.17498;0.04096;0.00;0.000;0.885;0.947;0.000;0.557;59.005;39.00;54.01;24757.6;1325.00;5.37;3.20;1.14;90550.44;36251.20;24859.38;28243.0;3.21;1.28;0.88;17/06/2024 16:06:19;
18/06/2024;12;2.0TD;1;0.000103926601000000;0.147;0.883202996;141.020577;33.081;43.893;64.046577;35.19;5.27333;1.13855;0.75;0.25;56.71250;77.80580;101.96000;48.69000;52.19000;1725.0;275.0;154.0;62.0;11.16;0.926;0.17498;0.04096;0.00;0.000;0.838;0.947;0.000;0.557;55.838;35.00;39.70;24981.7;1034.30;6.82;3.20;1.14;129804.24;40244.40;24859.38;28584.6;4.54;1.41;0.87;17/06/2024 16:06:19;
18/06/2024;13;2.0TD;1;0.000109721038000000;0.147;0.882742918;134.324391;33.081;43.893;57.350391;28.39;5.27333;1.13855;0.75;0.25;56.71250;77.80580;101.96000;48.69000;52.19000;1725.0;275.0;154.0;62.0;12.21;0.926;0.17498;0.04096;0.00;0.000;0.750;0.947;0.000;0.557;50.000;28.37;28.71;25323.5;1542.80;7.87;3.20;1.14;162137.28;41190.72;24859.38;28988.9;5.59;1.42;0.86;17/06/2024 16:06:19;
18/06/2024;14;2.0TD;1;0.000119291416000000;0.143;0.856936271;125.746200;33.081;43.893;48.772200;21.06;5.27333;1.13855;0.75;0.25;56.71250;77.80580;101.96000;48.69000;52.19000;1725.0;275.0;154.0;62.0;12.32;0.926;0.17498;0.04096;0.00;0.000;0.640;0.947;0.000;0.557;42.670;20.97;22.82;26563.5;1437.60;7.98;3.20;1.14;182399.72;25916.16;24859.38;29196.7;6.25;0.89;0.85;17/06/2024 16:06:19;
18/06/2024;15;2.0TD;2;0.000120701467000000;0.145;0.888221186;65.170165;19.184;8.779;37.207165;11.13;5.27333;1.13855;0.75;0.25;56.71250;77.80580;101.96000;48.69000;52.19000;1725.0;275.0;154.0;62.0;13.00;0.154;0.17498;0.04096;0.00;0.000;0.487;0.947;0.000;0.557;32.495;11.21;9.71;26990.0;1454.90;8.66;3.20;1.14;208470.56;17617.60;24859.38;28990.3;7.19;0.61;0.86;17/06/2024 16:06:19;
18/06/2024;16;2.0TD;2;0.000112139544000000;0.147;0.904734716;64.385229;19.184;8.779;36.422229;10.60;5.27333;1.13855;0.75;0.25;56.71250;77.80580;101.96000;48.69000;52.19000;1725.0;275.0;154.0;62.0;12.80;0.154;0.17498;0.04096;0.00;0.000;0.476;0.947;0.000;0.557;31.754;10.60;10.60;26208.3;1448.80;8.46;3.20;1.14;197734.64;14639.04;24859.38;28071.7;7.04;0.52;0.89;17/06/2024 16:06:19;
18/06/2024;17;2.0TD;2;0.000107766703000000;0.147;0.903002071;63.792230;19.184;8.779;35.829230;9.99;5.27333;1.13855;0.75;0.25;56.71250;77.80580;101.96000;48.69000;52.19000;1725.0;275.0;154.0;62.0;12.90;0.154;0.17498;0.04096;0.00;0.000;0.469;0.947;0.000;0.557;31.237;9.99;9.99;25970.2;1377.80;8.56;3.20;1.14;199591.60;13629.36;24859.38;27812.6;7.18;0.49;0.89;17/06/2024 16:06:19;
18/06/2024;18;2.0TD;2;0.000107765864000000;0.149;0.914561391;75.261977;19.184;8.779;47.298977;20.27;5.27333;1.13855;0.75;0.25;56.71250;77.80580;101.96000;48.69000;52.19000;1725.0;275.0;154.0;62.0;12.40;0.154;0.17498;0.04096;0.00;0.000;0.617;0.947;0.000;0.557;41.165;20.27;20.27;25797.9;1206.20;8.06;3.20;1.14;172293.24;27717.12;24859.38;27903.4;6.17;0.99;0.89;17/06/2024 16:06:19;
18/06/2024;19;2.0TD;1;0.000107668664000000;0.149;0.890132466;142.450157;33.081;43.893;65.476157;35.04;5.27333;1.13855;0.75;0.25;56.71250;77.80580;101.96000;48.69000;52.19000;1725.0;275.0;154.0;62.0;12.44;0.926;0.17498;0.04096;0.00;0.000;0.855;0.947;0.000;0.557;56.985;35.00;35.86;24122.0;1031.30;8.10;3.20;1.14;128043.08;73317.60;24859.38;27929.2;4.58;2.63;0.89;17/06/2024 16:06:19;
18/06/2024;20;2.0TD;1;0.000108539115000000;0.152;0.910098930;160.338873;33.081;43.893;83.364873;45.43;5.27333;1.13855;0.75;0.25;56.71250;77.80580;101.96000;48.69000;52.19000;1725.0;275.0;154.0;62.0;17.20;0.926;0.17498;0.04096;0.00;0.000;1.085;0.947;0.000;0.557;72.365;45.28;48.82;23104.0;1006.80;12.86;3.20;1.14;86648.32;254350.88;24859.38;28450.4;3.05;8.94;0.87;17/06/2024 16:06:19;
18/06/2024;21;2.0TD;1;0.000113904354000000;0.152;0.908457325;195.191481;33.081;43.893;118.217481;80.17;5.27333;1.13855;0.75;0.25;56.71250;77.80580;101.96000;48.69000;52.19000;1725.0;275.0;154.0;62.0;12.26;0.926;0.17498;0.04096;0.00;0.000;1.539;0.947;0.000;0.557;102.619;80.23;79.23;21166.8;1396.10;7.92;3.20;1.14;62430.92;141386.08;24859.38;28851.7;2.16;4.90;0.86;17/06/2024 16:06:19;
18/06/2024;22;2.0TD;1;0.000123327773000000;0.149;0.892381660;241.019420;33.081;43.893;164.045420;123.24;5.27333;1.13855;0.75;0.25;56.71250;77.80580;101.96000;48.69000;52.19000;1725.0;275.0;154.0;62.0;8.74;0.926;0.17498;0.04096;0.00;0.000;2.142;0.947;0.000;0.557;142.772;124.12;114.13;18815.5;1808.60;4.40;3.20;1.14;25718.08;76381.76;24859.38;28812.0;0.89;2.65;0.86;17/06/2024 16:06:19;
18/06/2024;23;2.0TD;2;0.000127341029000000;0.153;0.938562577;199.143538;19.184;8.779;171.180538;130.18;5.27333;1.13855;0.75;0.25;56.71250;77.80580;101.96000;48.69000;52.19000;1725.0;275.0;154.0;62.0;8.18;0.154;0.17498;0.04096;0.00;0.000;2.227;0.947;0.000;0.557;148.465;130.90;122.90;17937.1;1783.50;3.84;3.20;1.14;-798.72;82004.32;24859.38;27596.1;-0.03;2.97;0.90;17/06/2024 16:06:19;
18/06/2024;24;2.0TD;2;0.000111382241000000;0.155;0.948714657;175.871539;19.184;8.779;147.908539;109.59;5.27333;1.13855;0.75;0.25;56.71250;77.80580;101.96000;48.69000;52.19000;1725.0;275.0;154.0;62.0;8.67;0.154;0.17498;0.04096;0.00;0.000;1.921;0.947;0.000;0.557;128.059;110.41;100.42;17356.3;1555.20;4.33;3.20;1.14;12177.32;71865.00;24859.38;25180.6;0.48;2.85;0.99;17/06/2024 16:06:19;
*
