pvpcdata;
2024;12;11;12;05;33;
15/11/2024;1;2.0TD;3;0.000100953936000000;0.217;1.205695929;150.898339;0.557;2.195;148.146339;111.60;-7.85913;0.99446;0.75;0.25;124.55333;93.11680;101.96000;84.74000;75.52000;2095.6;275.0;200.0;46.0;14.40;0.000;0.17498;0.04096;0.00;0.000;1.826;0.947;0.000;0.557;121.730;111.60;111.59;15194.7;1561.50;10.16;3.21;1.03;178344.84;36925.76;24859.38;23640.9;7.54;1.56;1.05;14/11/2024 16:10:18;
15/11/2024;2;2.0TD;3;0.000084172223000000;0.223;1.241600524;146.786866;0.557;2.195;144.034866;107.33;-7.85913;0.99446;0.75;0.25;124.55333;93.11680;101.96000;84.74000;75.52000;2095.6;275.0;200.0;46.0;14.77;0.000;0.17498;0.04096;0.00;0.000;1.767;0.947;0.000;0.557;117.771;107.31;107.49;14271.0;1427.40;10.53;3.21;1.03;185213.16;23266.88;24859.38;22155.9;8.36;1.05;1.12;14/11/2024 16:10:18;
15/11/2024;3;2.0TD;3;0.000074405484000000;0.230;1.278165039;148.421839;0.557;2.195;145.669839;107.34;-7.85913;0.99446;0.75;0.25;124.55333;93.11680;101.96000;84.74000;75.52000;2095.6;275.0;200.0;46.0;15.41;0.000;0.17498;0.04096;0.00;0.000;1.776;0.947;0.000;0.557;118.430;107.43;106.29;13593.3;1223.70;11.17;3.21;1.03;189541.00;22947.28;24859.38;21245.1;8.92;1.08;1.17;14/11/2024 16:10:18;
15/11/2024;4;2.0TD;3;0.000069592700000000;0.232;1.287880669;144.844428;0.557;2.195;142.092428;104.11;-7.85913;0.99446;0.75;0.25;124.55333;93.11680;101.96000;84.74000;75.52000;2095.6;275.0;200.0;46.0;15.59;0.000;0.17498;0.04096;0.00;0.000;1.730;0.947;0.000;0.557;115.334;104.05;104.70;13299.8;1312.00;11.35;3.21;1.03;210443.04;25823.68;0.00;20815.4;10.11;1.24;0.00;14/11/2024 16:10:18;
15/11/2024;5;2.0TD;3;0.000068140331000000;0.232;1.286259007;145.619356;0.557;2.195;142.867356;104.81;-7.85913;0.99446;0.75;0.25;124.55333;93.11680;101.96000;84.74000;75.52000;2095.6;275.0;200.0;46.0;15.51;0.000;0.17498;0.04096;0.00;0.000;1.739;0.947;0.000;0.557;115.963;104.81;104.81;13229.1;1233.60;11.27;3.21;1.03;208662.24;25248.40;0.00;20751.1;10.06;1.22;0.00;14/11/2024 16:10:18;
15/11/2024;6;2.0TD;3;0.000070596560000000;0.223;1.237857890;149.108120;0.557;2.195;146.356120;109.35;-7.85913;0.99446;0.75;0.25;124.55333;93.11680;101.96000;84.74000;75.52000;2095.6;275.0;200.0;46.0;14.62;0.000;0.17498;0.04096;0.00;0.000;1.795;0.947;0.000;0.557;119.669;109.55;107.27;13560.8;1313.60;10.38;3.21;1.03;199810.96;21477.12;0.00;21322.6;9.37;1.01;0.00;14/11/2024 16:10:18;
15/11/2024;7;2.0TD;3;0.000081324107000000;0.203;1.125646924;167.159710;0.557;2.195;164.407710;130.80;-7.85913;0.99446;0.75;0.25;124.55333;93.11680;101.96000;84.74000;75.52000;2095.6;275.0;200.0;46.0;9.91;0.000;0.17498;0.04096;0.00;0.000;2.050;0.947;0.000;0.557;136.664;130.98;129.05;14478.5;1456.10;5.67;3.21;1.03;89662.80;19820.16;24859.38;23673.4;3.79;0.84;1.05;14/11/2024 16:10:18;
15/11/2024;8;2.0TD;3;0.000103911882000000;0.189;1.048402869;177.305241;0.557;2.195;174.553241;141.66;-7.85913;0.99446;0.75;0.25;124.55333;93.11680;101.96000;84.74000;75.52000;2095.6;275.0;200.0;46.0;9.04;0.000;0.17498;0.04096;0.00;0.000;2.202;0.947;0.000;0.557;146.806;141.66;141.66;17135.8;1387.50;4.80;3.21;1.03;59374.08;43858.08;24859.38;26679.5;2.23;1.64;0.93;14/11/2024 16:10:18;
15/11/2024;9;2.0TD;2;0.000112216062000000;0.184;1.127119052;208.349856;19.184;8.779;180.386856;147.22;-7.85913;0.99446;0.75;0.25;124.55333;93.11680;101.96000;84.74000;75.52000;2095.6;275.0;200.0;46.0;8.79;0.154;0.17498;0.04096;0.00;0.000;2.285;0.947;0.000;0.557;152.353;147.22;147.22;18913.0;1392.70;4.55;3.21;1.03;52137.04;52903.68;24859.38;28508.7;1.83;1.86;0.87;14/11/2024 16:10:18;
15/11/2024;10;2.0TD;2;0.000113515607000000;0.165;1.009602230;196.478809;19.184;8.779;168.515809;138.36;-7.85913;0.99446;0.75;0.25;124.55333;93.11680;101.96000;84.74000;75.52000;2095.6;275.0;200.0;46.0;10.06;0.154;0.17498;0.04096;0.00;0.000;2.170;0.947;0.000;0.557;144.648;138.36;138.36;18352.0;1733.20;5.82;3.21;1.03;91312.20;52719.68;24859.38;29035.9;3.14;1.82;0.86;14/11/2024 16:10:18;
15/11/2024;11;2.0TD;1;0.000115166826000000;0.159;0.950393401;236.951655;33.081;43.893;159.977655;131.25;-7.85913;0.99446;0.75;0.25;124.55333;93.11680;101.96000;84.74000;75.52000;2095.6;275.0;200.0;46.0;9.88;0.926;0.17498;0.04096;0.00;0.000;2.070;0.947;0.000;0.557;138.030;131.25;131.25;18147.1;1769.10;5.64;3.21;1.03;105531.04;33064.80;24859.38;28996.7;3.64;1.14;0.86;14/11/2024 16:10:18;
15/11/2024;12;2.0TD;1;0.000113374675000000;0.159;0.951492927;229.021777;33.081;43.893;152.047777;125.60;-7.85913;0.99446;0.75;0.25;124.55333;93.11680;101.96000;84.74000;75.52000;2095.6;275.0;200.0;46.0;8.79;0.926;0.17498;0.04096;0.00;0.000;1.968;0.947;0.000;0.557;131.188;125.60;125.60;18843.6;1631.60;4.55;3.21;1.03;79532.68;27556.64;24859.38;29032.5;2.74;0.95;0.86;14/11/2024 16:10:18;
15/11/2024;13;2.0TD;1;0.000114195792000000;0.158;0.947642175;222.988262;33.081;43.893;146.014262;120.55;-7.85913;0.99446;0.75;0.25;124.55333;93.11680;101.96000;84.74000;75.52000;2095.6;275.0;200.0;46.0;8.82;0.926;0.17498;0.04096;0.00;0.000;1.891;0.947;0.000;0.557;126.091;120.47;121.48;19027.9;1638.50;4.58;3.21;1.03;87120.96;20119.68;24859.38;28826.8;3.02;0.70;0.86;14/11/2024 16:10:18;
15/11/2024;14;2.0TD;1;0.000120497038000000;0.158;0.947823064;221.824472;33.081;43.893;144.850472;119.54;-7.85913;0.99446;0.75;0.25;124.55333;93.11680;101.96000;84.74000;75.52000;2095.6;275.0;200.0;46.0;8.84;0.926;0.17498;0.04096;0.00;0.000;1.876;0.947;0.000;0.557;125.086;119.54;119.54;18809.5;1533.90;4.60;3.21;1.03;88875.28;20119.68;24859.38;29075.9;3.06;0.69;0.85;14/11/2024 16:10:18;
15/11/2024;15;2.0TD;2;0.000122831828000000;0.163;0.997568200;173.000455;19.184;8.779;145.037455;119.93;-7.85913;0.99446;0.75;0.25;124.55333;93.11680;101.96000;84.74000;75.52000;2095.6;275.0;200.0;46.0;8.85;0.154;0.17498;0.04096;0.00;0.000;1.871;0.947;0.000;0.557;124.709;120.00;118.99;18555.8;1399.20;4.61;3.21;1.03;88033.80;20119.68;24859.38;28803.4;3.06;0.70;0.86;14/11/2024 16:10:18;
15/11/2024;16;2.0TD;2;0.000118558119000000;0.171;1.051089791;176.494705;19.184;8.779;148.531705;119.48;-7.85913;0.99446;0.75;0.25;124.55333;93.11680;101.96000;84.74000;75.52000;2095.6;275.0;200.0;46.0;11.40;0.154;0.17498;0.04096;0.00;0.000;1.903;0.947;0.000;0.557;126.841;119.55;118.60;18110.9;1415.60;7.16;3.21;1.03;64268.64;111754.24;24859.38;28080.2;2.29;3.98;0.89;14/11/2024 16:10:18;
15/11/2024;17;2.0TD;2;0.000116084028000000;0.175;1.073943720;185.029672;19.184;8.779;157.066672;128.70;-7.85913;0.99446;0.75;0.25;124.55333;93.11680;101.96000;84.74000;75.52000;2095.6;275.0;200.0;46.0;8.91;0.154;0.17498;0.04096;0.00;0.000;2.005;0.947;0.000;0.557;133.673;128.70;128.70;17202.5;1362.60;4.67;3.21;1.03;44355.36;60036.80;24859.38;27681.7;1.60;2.17;0.90;14/11/2024 16:10:18;
15/11/2024;18;2.0TD;2;0.000122677047000000;0.185;1.134292839;201.765484;19.184;8.779;173.802484;139.60;-7.85913;0.99446;0.75;0.25;124.55333;93.11680;101.96000;84.74000;75.52000;2095.6;275.0;200.0;46.0;10.81;0.154;0.17498;0.04096;0.00;0.000;2.200;0.947;0.000;0.557;146.668;139.68;138.67;17669.0;1486.00;6.57;3.21;1.03;38994.32;120178.80;24859.38;28017.1;1.39;4.29;0.89;14/11/2024 16:10:18;
15/11/2024;19;2.0TD;1;0.000141566296000000;0.189;1.128883766;247.007852;33.081;43.893;170.033852;138.62;-7.85913;0.99446;0.75;0.25;124.55333;93.11680;101.96000;84.74000;75.52000;2095.6;275.0;200.0;46.0;7.41;0.926;0.17498;0.04096;0.00;0.000;2.145;0.947;0.000;0.557;143.005;138.66;138.16;18820.2;1558.70;3.17;3.21;1.03;40234.48;27381.12;24859.38;29138.1;1.38;0.94;0.85;14/11/2024 16:10:18;
15/11/2024;20;2.0TD;1;0.000150995331000000;0.192;1.149574222;241.264694;33.081;43.893;164.290694;134.05;-7.85913;0.99446;0.75;0.25;124.55333;93.11680;101.96000;84.74000;75.52000;2095.6;275.0;200.0;46.0;6.88;0.926;0.17498;0.04096;0.00;0.000;2.067;0.947;0.000;0.557;137.827;134.05;134.05;19672.6;1414.80;2.64;3.21;1.03;34107.64;19820.16;24859.38;29779.5;1.15;0.67;0.83;14/11/2024 16:10:18;
15/11/2024;21;2.0TD;1;0.000157789614000000;0.195;1.165626007;241.508487;33.081;43.893;164.534487;133.91;-7.85913;0.99446;0.75;0.25;124.55333;93.11680;101.96000;84.74000;75.52000;2095.6;275.0;200.0;46.0;6.88;0.926;0.17498;0.04096;0.00;0.000;2.065;0.947;0.000;0.557;137.685;133.85;134.75;19703.3;1412.90;2.64;3.21;1.03;34287.24;19820.16;24859.38;29965.9;1.14;0.66;0.83;14/11/2024 16:10:18;
15/11/2024;22;2.0TD;1;0.000159758520000000;0.198;1.184372979;242.506168;33.081;43.893;165.532168;134.30;-7.85913;0.99446;0.75;0.25;124.55333;93.11680;101.96000;84.74000;75.52000;2095.6;275.0;200.0;46.0;6.97;0.926;0.17498;0.04096;0.00;0.000;2.073;0.947;0.000;0.557;138.173;134.19;135.69;18836.3;1503.50;2.73;3.21;1.03;33711.08;20251.60;24859.38;28890.2;1.17;0.70;0.86;14/11/2024 16:10:18;
15/11/2024;23;2.0TD;2;0.000147479425000000;0.209;1.279208532;185.486951;19.184;8.779;157.523951;126.62;-7.85913;0.99446;0.75;0.25;124.55333;93.11680;101.96000;84.74000;75.52000;2095.6;275.0;200.0;46.0;7.66;0.154;0.17498;0.04096;0.00;0.000;1.954;0.947;0.000;0.557;130.292;126.69;125.68;16604.8;1216.80;3.42;3.21;1.03;37091.36;28691.28;24859.38;26541.5;1.40;1.08;0.94;14/11/2024 16:10:18;
15/11/2024;24;2.0TD;2;0.000127789354000000;0.218;1.339074558;173.997258;19.184;8.779;146.034258;114.03;-7.85913;0.99446;0.75;0.25;124.55333;93.11680;101.96000;84.74000;75.52000;2095.6;275.0;200.0;46.0;10.01;0.154;0.17498;0.04096;0.00;0.000;1.798;0.947;0.000;0.557;119.896;114.08;113.08;15622.9;894.60;5.77;3.21;1.03;51371.16;64989.76;24859.38;24478.3;2.10;2.65;1.02;14/11/2024 16:10:18;
*
