pvpcdata;
2024;02;09;12;01;40;
15/01/2024;1;2.0TD;3;0.000126907290000000;0.252;1.402298156;123.873861;0.557;2.195;121.121861;77.98;2.68325;0.75179;0.75;0.25;87.55958;98.29260;101.96000;97.42000;81.63000;2734.8;275.0;177.0;62.0;13.96;0.000;0.17498;0.03702;0.00;0.000;0.000;1.451;0.565;0.000;0.557;96.742;77.70;82.51;17584.1;1098.20;8.82;3.56;1.58;108093.16;79900.00;24859.38;24129.9;4.48;3.31;1.03;14/01/2024 16:14:02;
15/01/2024;2;2.0TD;3;0.000104123416000000;0.266;1.477470562;112.697391;0.557;2.195;109.945391;67.84;2.68325;0.75179;0.75;0.25;87.55958;98.29260;101.96000;97.42000;81.63000;2734.8;275.0;177.0;62.0;14.35;0.000;0.17498;0.03702;0.00;0.000;0.000;1.303;0.565;0.000;0.557;86.844;67.00;80.00;17737.2;1220.70;9.21;3.56;1.58;125054.48;80967.60;0.00;22360.9;5.59;3.62;0.00;14/01/2024 16:14:02;
15/01/2024;3;2.0TD;3;0.000091588463000000;0.271;1.507124760;110.562923;0.557;2.195;107.810923;65.57;2.68325;0.75179;0.75;0.25;87.55958;98.29260;101.96000;97.42000;81.63000;2734.8;275.0;177.0;62.0;14.63;0.000;0.17498;0.03702;0.00;0.000;0.000;1.272;0.565;0.000;0.557;84.823;64.99;78.34;17642.5;807.10;9.49;3.56;1.58;128324.96;75628.80;0.00;21487.4;5.97;3.52;0.00;14/01/2024 16:14:02;
15/01/2024;4;2.0TD;3;0.000085207712000000;0.274;1.519937624;107.661696;0.557;2.195;104.909696;62.94;2.68325;0.75179;0.75;0.25;87.55958;98.29260;101.96000;97.42000;81.63000;2734.8;275.0;177.0;62.0;14.82;0.000;0.17498;0.03702;0.00;0.000;0.000;1.235;0.565;0.000;0.557;82.346;62.04;78.34;17510.7;1020.70;9.68;3.56;1.58;133180.72;71398.64;0.00;21125.3;6.30;3.38;0.00;14/01/2024 16:14:02;
15/01/2024;5;2.0TD;3;0.000082717116000000;0.273;1.514208685;108.961827;0.557;2.195;106.209827;62.91;2.68325;0.75179;0.75;0.25;87.55958;98.29260;101.96000;97.42000;81.63000;2734.8;275.0;177.0;62.0;15.92;0.000;0.17498;0.03702;0.00;0.000;0.000;1.251;0.565;0.000;0.557;83.432;62.10;77.53;17399.0;959.50;10.78;3.56;1.58;156677.96;71590.40;0.00;21178.3;7.40;3.38;0.00;14/01/2024 16:14:02;
15/01/2024;6;2.0TD;3;0.000084839519000000;0.266;1.476257412;112.106169;0.557;2.195;109.354169;66.07;2.68325;0.75179;0.75;0.25;87.55958;98.29260;101.96000;97.42000;81.63000;2734.8;275.0;177.0;62.0;15.66;0.000;0.17498;0.03702;0.00;0.000;0.000;1.296;0.565;0.000;0.557;86.377;65.10;79.99;17136.1;1195.10;10.52;3.56;1.58;151050.20;80240.16;0.00;21989.9;6.87;3.65;0.00;14/01/2024 16:14:02;
15/01/2024;7;2.0TD;3;0.000096742738000000;0.241;1.338082823;113.813682;0.557;2.195;111.061682;69.96;2.68325;0.75179;0.75;0.25;87.55958;98.29260;101.96000;97.42000;81.63000;2734.8;275.0;177.0;62.0;14.84;0.000;0.17498;0.03702;0.00;0.000;0.000;1.342;0.565;0.000;0.557;89.493;69.13;80.00;16543.6;1370.50;9.70;3.56;1.58;143522.12;79196.88;24859.38;25504.9;5.63;3.11;0.97;14/01/2024 16:14:02;
15/01/2024;8;2.0TD;3;0.000124224511000000;0.220;1.219905487;129.410814;0.557;2.195;126.658814;86.78;2.68325;0.75179;0.75;0.25;87.55958;98.29260;101.96000;97.42000;81.63000;2734.8;275.0;177.0;62.0;12.13;0.000;0.17498;0.03702;0.00;0.000;0.000;1.557;0.565;0.000;0.557;103.818;86.74;87.24;16995.5;1421.30;6.99;3.56;1.58;111370.12;72960.00;24859.38;29943.3;3.72;2.44;0.83;14/01/2024 16:14:02;
15/01/2024;9;2.0TD;2;0.000139790892000000;0.203;1.248179244;165.336818;19.184;8.779;137.373818;100.01;2.68325;0.75179;0.75;0.25;87.55958;98.29260;101.96000;97.42000;81.63000;2734.8;275.0;177.0;62.0;8.94;0.178;0.17498;0.03702;0.00;0.000;0.000;1.713;0.565;0.000;0.557;114.192;99.52;106.82;19294.7;1388.60;3.80;3.56;1.58;46154.16;51350.88;24859.38;32160.9;1.44;1.60;0.77;14/01/2024 16:14:02;
15/01/2024;10;2.0TD;2;0.000145810086000000;0.193;1.185552027;165.260240;19.184;8.779;137.297240;100.77;2.68325;0.75179;0.75;0.25;87.55958;98.29260;101.96000;97.42000;81.63000;2734.8;275.0;177.0;62.0;9.06;0.178;0.17498;0.03702;0.00;0.000;0.000;1.726;0.565;0.000;0.557;115.085;100.33;106.78;19462.2;1422.50;3.92;3.56;1.58;48671.24;54299.60;24859.38;32633.2;1.49;1.66;0.76;14/01/2024 16:14:02;
15/01/2024;11;2.0TD;1;0.000153418493000000;0.187;1.121459775;208.989410;33.081;43.893;132.015410;95.38;2.68325;0.75179;0.75;0.25;87.55958;98.29260;101.96000;97.42000;81.63000;2734.8;275.0;177.0;62.0;9.75;1.068;0.17498;0.03702;0.00;0.000;0.000;1.668;0.565;0.000;0.557;111.217;94.92;101.37;18766.0;1436.90;4.61;3.56;1.58;53824.00;71465.28;24859.38;32502.2;1.66;2.20;0.76;14/01/2024 16:14:02;
15/01/2024;12;2.0TD;1;0.000152869495000000;0.183;1.093632235;202.203659;33.081;43.893;125.229659;90.53;2.68325;0.75179;0.75;0.25;87.55958;98.29260;101.96000;97.42000;81.63000;2734.8;275.0;177.0;62.0;9.32;1.068;0.17498;0.03702;0.00;0.000;0.000;1.588;0.565;0.000;0.557;105.857;90.30;93.30;18593.4;1562.90;4.18;3.56;1.58;62584.20;47420.96;24859.38;32255.5;1.94;1.47;0.77;14/01/2024 16:14:02;
15/01/2024;13;2.0TD;1;0.000152322082000000;0.181;1.084570411;196.860499;33.081;43.893;119.886499;85.85;2.68325;0.75179;0.75;0.25;87.55958;98.29260;101.96000;97.42000;81.63000;2734.8;275.0;177.0;62.0;9.72;1.068;0.17498;0.03702;0.00;0.000;0.000;1.523;0.565;0.000;0.557;101.512;85.70;87.70;19766.7;1632.50;4.58;3.56;1.58;49508.16;72960.00;24859.38;32169.0;1.54;2.27;0.77;14/01/2024 16:14:02;
15/01/2024;14;2.0TD;1;0.000159497376000000;0.182;1.088377036;193.361640;33.081;43.893;116.387640;82.45;2.68325;0.75179;0.75;0.25;87.55958;98.29260;101.96000;97.42000;81.63000;2734.8;275.0;177.0;62.0;10.12;1.068;0.17498;0.03702;0.00;0.000;0.000;1.477;0.565;0.000;0.557;98.466;82.41;82.94;20722.3;1622.40;4.98;3.56;1.58;48780.60;87890.00;24859.38;32446.8;1.50;2.71;0.77;14/01/2024 16:14:02;
15/01/2024;15;2.0TD;2;0.000161668920000000;0.184;1.128032620;146.759285;19.184;8.779;118.796285;85.07;2.68325;0.75179;0.75;0.25;87.55958;98.29260;101.96000;97.42000;81.63000;2734.8;275.0;177.0;62.0;10.23;0.178;0.17498;0.03702;0.00;0.000;0.000;1.505;0.565;0.000;0.557;100.334;84.99;86.13;20008.7;1596.60;5.09;3.56;1.58;50167.08;87890.00;24859.38;32062.8;1.56;2.74;0.78;14/01/2024 16:14:02;
15/01/2024;16;2.0TD;2;0.000155798755000000;0.191;1.168795140;155.091174;19.184;8.779;127.128174;90.26;2.68325;0.75179;0.75;0.25;87.55958;98.29260;101.96000;97.42000;81.63000;2734.8;275.0;177.0;62.0;11.35;0.178;0.17498;0.03702;0.00;0.000;0.000;1.601;0.565;0.000;0.557;106.740;90.10;92.10;19536.8;1742.40;6.21;3.56;1.58;41880.56;129268.80;24859.38;31572.7;1.33;4.09;0.79;14/01/2024 16:14:02;
15/01/2024;17;2.0TD;2;0.000151000326000000;0.196;1.199424065;159.947222;19.184;8.779;131.984222;96.00;2.68325;0.75179;0.75;0.25;87.55958;98.29260;101.96000;97.42000;81.63000;2734.8;275.0;177.0;62.0;9.17;0.178;0.17498;0.03702;0.00;0.000;0.000;1.655;0.565;0.000;0.557;110.354;95.82;97.97;19604.3;1795.70;4.03;3.56;1.58;37054.44;64799.92;24859.38;31405.2;1.18;2.06;0.79;14/01/2024 16:14:02;
15/01/2024;18;2.0TD;2;0.000155834599000000;0.198;1.213144164;164.303427;19.184;8.779;136.340427;100.04;2.68325;0.75179;0.75;0.25;87.55958;98.29260;101.96000;97.42000;81.63000;2734.8;275.0;177.0;62.0;8.53;0.178;0.17498;0.03702;0.00;0.000;0.000;1.707;0.565;0.000;0.557;113.806;100.00;100.50;19905.1;1695.80;3.39;3.56;1.58;32938.96;50128.24;24859.38;31827.5;1.03;1.57;0.78;14/01/2024 16:14:02;
15/01/2024;19;2.0TD;1;0.000176977498000000;0.200;1.195352800;228.965640;33.081;43.893;151.991640;112.58;2.68325;0.75179;0.75;0.25;87.55958;98.29260;101.96000;97.42000;81.63000;2734.8;275.0;177.0;62.0;7.76;1.068;0.17498;0.03702;0.00;0.000;0.000;1.900;0.565;0.000;0.557;126.659;112.85;108.85;20352.0;1495.10;2.62;3.56;1.58;38446.24;23168.00;24859.38;33020.3;1.16;0.70;0.75;14/01/2024 16:14:02;
15/01/2024;20;2.0TD;1;0.000199076378000000;0.204;1.219918524;232.369103;33.081;43.893;155.395103;113.53;2.68325;0.75179;0.75;0.25;87.55958;98.29260;101.96000;97.42000;81.63000;2734.8;275.0;177.0;62.0;9.18;1.068;0.17498;0.03702;0.00;0.000;0.000;1.936;0.565;0.000;0.557;129.065;113.90;108.21;19944.3;1384.20;4.04;3.56;1.58;87067.80;25600.00;24859.38;33992.3;2.56;0.75;0.73;14/01/2024 16:14:02;
15/01/2024;21;2.0TD;1;0.000213635974000000;0.205;1.225456789;225.463379;33.081;43.893;148.489379;107.11;2.68325;0.75179;0.75;0.25;87.55958;98.29260;101.96000;97.42000;81.63000;2734.8;275.0;177.0;62.0;9.85;1.068;0.17498;0.03702;0.00;0.000;0.000;1.848;0.565;0.000;0.557;123.227;107.58;100.00;20199.0;1321.40;4.71;3.56;1.58;111904.76;26368.00;24859.38;34617.1;3.23;0.76;0.72;14/01/2024 16:14:02;
15/01/2024;22;2.0TD;1;0.000215335746000000;0.206;1.236352544;217.273649;33.081;43.893;140.299649;99.67;2.68325;0.75179;0.75;0.25;87.55958;98.29260;101.96000;97.42000;81.63000;2734.8;275.0;177.0;62.0;10.50;1.068;0.17498;0.03702;0.00;0.000;0.000;1.745;0.565;0.000;0.557;116.334;100.00;95.00;19787.9;1377.60;5.36;3.56;1.58;118126.92;37009.68;24859.38;33569.2;3.52;1.10;0.74;14/01/2024 16:14:02;
15/01/2024;23;2.0TD;2;0.000194371553000000;0.214;1.313457771;164.201358;19.184;8.779;136.238358;96.85;2.68325;0.75179;0.75;0.25;87.55958;98.29260;101.96000;97.42000;81.63000;2734.8;275.0;177.0;62.0;10.16;0.178;0.17498;0.03702;0.00;0.000;0.000;1.683;0.565;0.000;0.557;112.222;97.21;92.21;16995.7;1314.20;5.02;3.56;1.58;93955.04;33640.96;24859.38;30349.4;3.10;1.11;0.82;14/01/2024 16:14:02;
15/01/2024;24;2.0TD;2;0.000160229807000000;0.221;1.357657023;158.591319;19.184;8.779;130.628319;90.62;2.68325;0.75179;0.75;0.25;87.55958;98.29260;101.96000;97.42000;81.63000;2734.8;275.0;177.0;62.0;11.23;0.178;0.17498;0.03702;0.00;0.000;0.000;1.605;0.565;0.000;0.557;106.984;91.00;86.00;15563.1;1268.40;6.09;3.56;1.58;73348.44;67684.40;24859.38;27238.1;2.69;2.48;0.91;14/01/2024 16:14:02;
*
