pvpcdata;
2025;01;13;09;30;33;
18/12/2024;1;2.0TD;3;0.000128426412000000;0.243;1.348737522;159.071426;0.557;2.195;156.319426;115.42;-4.70505;0.78992;0.75;0.25;113.44500;94.62480;101.96000;84.74000;90.60000;2673.7;275.0;200.0;53.0;10.45;0.000;0.17498;0.04096;0.00;0.000;1.886;0.947;0.000;0.557;125.759;116.90;102.91;18215.6;2149.20;6.28;3.25;0.92;34685.32;104236.00;24859.38;26054.0;1.33;4.00;0.95;17/12/2024 16:11:56;
18/12/2024;2;2.0TD;3;0.000105316438000000;0.252;1.400536512;146.437524;0.557;2.195;143.685524;103.44;-4.70505;0.78992;0.75;0.25;113.44500;94.62480;101.96000;84.74000;90.60000;2673.7;275.0;200.0;53.0;11.60;0.000;0.17498;0.04096;0.00;0.000;1.721;0.947;0.000;0.557;114.764;104.15;95.92;16683.0;1585.70;7.43;3.25;0.92;48775.76;105600.00;24859.38;24122.1;2.02;4.38;1.03;17/12/2024 16:11:56;
18/12/2024;3;2.0TD;3;0.000092355655000000;0.260;1.444592299;139.809503;0.557;2.195;137.057503;91.95;-4.70505;0.78992;0.75;0.25;113.44500;94.62480;101.96000;84.74000;90.60000;2673.7;275.0;200.0;53.0;17.19;0.000;0.17498;0.04096;0.00;0.000;1.632;0.947;0.000;0.557;108.775;91.89;92.89;15874.3;1051.50;13.02;3.25;0.92;136314.48;138000.00;24859.38;22970.1;5.93;6.01;1.08;17/12/2024 16:11:56;
18/12/2024;4;2.0TD;3;0.000085905415000000;0.263;1.460802795;139.648312;0.557;2.195;136.896312;91.68;-4.70505;0.78992;0.75;0.25;113.44500;94.62480;101.96000;84.74000;90.60000;2673.7;275.0;200.0;53.0;17.08;0.000;0.17498;0.04096;0.00;0.000;1.626;0.947;0.000;0.557;108.389;91.68;91.68;15468.5;1031.90;12.91;3.25;0.92;151556.72;138800.00;0.00;22496.6;6.74;6.17;0.00;17/12/2024 16:11:56;
18/12/2024;5;2.0TD;3;0.000083581276000000;0.265;1.472448074;140.506447;0.557;2.195;137.754447;91.89;-4.70505;0.78992;0.75;0.25;113.44500;94.62480;101.96000;84.74000;90.60000;2673.7;275.0;200.0;53.0;17.37;0.000;0.17498;0.04096;0.00;0.000;1.633;0.947;0.000;0.557;108.896;91.89;91.89;15414.2;1041.90;13.20;3.25;0.92;151226.08;146040.00;0.00;22512.5;6.72;6.49;0.00;17/12/2024 16:11:56;
18/12/2024;6;2.0TD;3;0.000085863426000000;0.256;1.421267780;144.997512;0.557;2.195;142.245512;98.76;-4.70505;0.78992;0.75;0.25;113.44500;94.62480;101.96000;84.74000;90.60000;2673.7;275.0;200.0;53.0;14.79;0.000;0.17498;0.04096;0.00;0.000;1.699;0.947;0.000;0.557;113.252;98.96;95.19;15874.5;879.90;10.62;3.25;0.92;140724.08;106360.00;0.00;23268.4;6.05;4.57;0.00;17/12/2024 16:11:56;
18/12/2024;7;2.0TD;3;0.000097525507000000;0.231;1.283836550;162.274577;0.557;2.195;159.522577;119.29;-4.70505;0.78992;0.75;0.25;113.44500;94.62480;101.96000;84.74000;90.60000;2673.7;275.0;200.0;53.0;10.35;0.000;0.17498;0.04096;0.00;0.000;1.944;0.947;0.000;0.557;129.587;119.41;118.08;17625.3;1748.40;6.18;3.25;0.92;39142.40;94908.00;24859.38;25713.9;1.52;3.69;0.97;17/12/2024 16:11:56;
18/12/2024;8;2.0TD;3;0.000123606997000000;0.209;1.162627752;168.187686;0.557;2.195;165.435686;128.66;-4.70505;0.78992;0.75;0.25;113.44500;94.62480;101.96000;84.74000;90.60000;2673.7;275.0;200.0;53.0;8.12;0.000;0.17498;0.04096;0.00;0.000;2.053;0.947;0.000;0.557;136.836;129.05;124.05;20212.3;1714.80;3.95;3.25;0.92;46859.68;47720.00;24859.38;30253.0;1.55;1.58;0.82;17/12/2024 16:11:56;
18/12/2024;9;2.0TD;2;0.000139082604000000;0.195;1.196026682;212.329746;19.184;8.779;184.366746;145.93;-4.70505;0.78992;0.75;0.25;113.44500;94.62480;101.96000;84.74000;90.60000;2673.7;275.0;200.0;53.0;7.88;0.154;0.17498;0.04096;0.00;0.000;2.314;0.947;0.000;0.557;154.281;146.54;138.55;22187.1;1849.40;3.71;3.25;0.92;33190.04;63440.00;24859.38;32752.7;1.01;1.94;0.76;17/12/2024 16:11:56;
18/12/2024;10;2.0TD;2;0.000144191557000000;0.189;1.161211046;197.088495;19.184;8.779;169.125495;133.43;-4.70505;0.78992;0.75;0.25;113.44500;94.62480;101.96000;84.74000;90.60000;2673.7;275.0;200.0;53.0;8.52;0.154;0.17498;0.04096;0.00;0.000;2.134;0.947;0.000;0.557;142.241;134.12;125.12;23027.6;1914.00;4.35;3.25;0.92;44619.84;75824.00;24859.38;33400.0;1.34;2.27;0.74;17/12/2024 16:11:56;
18/12/2024;11;2.0TD;1;0.000148469501000000;0.181;1.082170652;232.122910;33.081;43.893;155.148910;119.20;-4.70505;0.78992;0.75;0.25;113.44500;94.62480;101.96000;84.74000;90.60000;2673.7;275.0;200.0;53.0;11.27;0.926;0.17498;0.04096;0.00;0.000;1.971;0.947;0.000;0.557;131.370;119.41;116.83;24308.1;2128.70;7.10;3.25;0.92;35465.12;176019.84;24859.38;33315.1;1.06;5.28;0.75;17/12/2024 16:11:56;
18/12/2024;12;2.0TD;1;0.000145651897000000;0.178;1.067781928;208.096940;33.081;43.893;131.122940;97.86;-4.70505;0.78992;0.75;0.25;113.44500;94.62480;101.96000;84.74000;90.60000;2673.7;275.0;200.0;53.0;12.85;0.926;0.17498;0.04096;0.00;0.000;1.670;0.947;0.000;0.557;111.309;98.00;95.54;23950.3;1460.90;8.68;3.25;0.92;79086.72;183325.20;24859.38;33073.3;2.39;5.54;0.75;17/12/2024 16:11:56;
18/12/2024;13;2.0TD;1;0.000144416557000000;0.177;1.058400518;198.342469;33.081;43.893;121.368469;90.80;-4.70505;0.78992;0.75;0.25;113.44500;94.62480;101.96000;84.74000;90.60000;2673.7;275.0;200.0;53.0;11.84;0.926;0.17498;0.04096;0.00;0.000;1.547;0.947;0.000;0.557;103.116;90.80;90.80;24493.7;1285.10;7.67;3.25;0.92;79912.52;144811.84;24859.38;32531.2;2.46;4.45;0.76;17/12/2024 16:11:56;
18/12/2024;14;2.0TD;1;0.000151758998000000;0.176;1.055466585;197.451432;33.081;43.893;120.477432;90.46;-4.70505;0.78992;0.75;0.25;113.44500;94.62480;101.96000;84.74000;90.60000;2673.7;275.0;200.0;53.0;11.52;0.926;0.17498;0.04096;0.00;0.000;1.537;0.947;0.000;0.557;102.446;90.46;90.46;24491.1;1323.40;7.35;3.25;0.92;79676.96;133888.00;24859.38;32445.2;2.46;4.13;0.77;17/12/2024 16:11:56;
18/12/2024;15;2.0TD;2;0.000154523515000000;0.176;1.078819132;147.864192;19.184;8.779;119.901192;90.00;-4.70505;0.78992;0.75;0.25;113.44500;94.62480;101.96000;84.74000;90.60000;2673.7;275.0;200.0;53.0;12.27;0.154;0.17498;0.04096;0.00;0.000;1.529;0.947;0.000;0.557;101.956;90.00;90.00;24320.4;1372.90;8.10;3.25;0.92;83899.68;152888.00;24859.38;32311.7;2.60;4.73;0.77;17/12/2024 16:11:56;
18/12/2024;16;2.0TD;2;0.000148889507000000;0.182;1.119511766;161.820713;19.184;8.779;133.857713;101.15;-4.70505;0.78992;0.75;0.25;113.44500;94.62480;101.96000;84.74000;90.60000;2673.7;275.0;200.0;53.0;12.24;0.154;0.17498;0.04096;0.00;0.000;1.699;0.947;0.000;0.557;113.246;101.15;101.15;23725.7;1450.60;8.07;3.25;0.92;70192.68;162812.00;24859.38;31983.5;2.19;5.09;0.78;17/12/2024 16:11:56;
18/12/2024;17;2.0TD;2;0.000146682328000000;0.186;1.142920730;186.318664;19.184;8.779;158.355664;120.29;-4.70505;0.78992;0.75;0.25;113.44500;94.62480;101.96000;84.74000;90.60000;2673.7;275.0;200.0;53.0;13.07;0.154;0.17498;0.04096;0.00;0.000;2.003;0.947;0.000;0.557;133.520;120.44;118.44;22560.1;1877.10;8.90;3.25;0.92;38838.52;219240.00;24859.38;31774.4;1.22;6.90;0.78;17/12/2024 16:11:56;
18/12/2024;18;2.0TD;2;0.000155651067000000;0.195;1.199212954;196.534236;19.184;8.779;168.571236;132.15;-4.70505;0.78992;0.75;0.25;113.44500;94.62480;101.96000;84.74000;90.60000;2673.7;275.0;200.0;53.0;8.64;0.154;0.17498;0.04096;0.00;0.000;2.116;0.947;0.000;0.557;141.063;132.55;127.55;21600.6;1869.50;4.47;3.25;0.92;34730.04;85904.00;24859.38;32542.7;1.07;2.64;0.76;17/12/2024 16:11:56;
18/12/2024;19;2.0TD;1;0.000178396653000000;0.205;1.227794844;251.105894;33.081;43.893;174.131894;136.02;-4.70505;0.78992;0.75;0.25;113.44500;94.62480;101.96000;84.74000;90.60000;2673.7;275.0;200.0;53.0;7.39;0.926;0.17498;0.04096;0.00;0.000;2.168;0.947;0.000;0.557;144.507;136.14;134.63;22365.0;1966.20;3.22;3.25;0.92;46023.60;37400.00;24859.38;33672.6;1.37;1.11;0.74;17/12/2024 16:11:56;
18/12/2024;20;2.0TD;1;0.000191305399000000;0.207;1.240148422;249.813740;33.081;43.893;172.839740;134.91;-4.70505;0.78992;0.75;0.25;113.44500;94.62480;101.96000;84.74000;90.60000;2673.7;275.0;200.0;53.0;7.21;0.926;0.17498;0.04096;0.00;0.000;2.148;0.947;0.000;0.557;143.197;135.15;132.16;22871.8;1962.20;3.04;3.25;0.92;45345.76;34240.00;24859.38;34308.0;1.32;1.00;0.72;17/12/2024 16:11:56;
18/12/2024;21;2.0TD;1;0.000203041302000000;0.211;1.263928399;250.078937;33.081;43.893;173.104937;134.69;-4.70505;0.78992;0.75;0.25;113.44500;94.62480;101.96000;84.74000;90.60000;2673.7;275.0;200.0;53.0;7.18;0.926;0.17498;0.04096;0.00;0.000;2.144;0.947;0.000;0.557;142.943;135.01;131.01;23162.6;1985.10;3.01;3.25;0.92;45503.00;34640.00;24859.38;34878.6;1.30;0.99;0.71;17/12/2024 16:11:56;
18/12/2024;22;2.0TD;1;0.000205549550000000;0.216;1.294154037;245.176952;33.081;43.893;168.202952;129.79;-4.70505;0.78992;0.75;0.25;113.44500;94.62480;101.96000;84.74000;90.60000;2673.7;275.0;200.0;53.0;7.53;0.926;0.17498;0.04096;0.00;0.000;2.075;0.947;0.000;0.557;138.324;129.95;127.95;22731.6;2042.40;3.36;3.25;0.92;51794.24;38040.00;24859.38;34196.7;1.51;1.11;0.73;17/12/2024 16:11:56;
18/12/2024;23;2.0TD;2;0.000188476243000000;0.221;1.356414658;187.645131;19.184;8.779;159.682131;121.86;-4.70505;0.78992;0.75;0.25;113.44500;94.62480;101.96000;84.74000;90.60000;2673.7;275.0;200.0;53.0;8.80;0.154;0.17498;0.04096;0.00;0.000;1.962;0.947;0.000;0.557;130.779;122.03;120.03;21206.1;2027.10;4.63;3.25;0.92;61649.16;58560.00;24859.38;31318.7;1.97;1.87;0.79;17/12/2024 16:11:56;
18/12/2024;24;2.0TD;2;0.000159129580000000;0.230;1.411207257;163.035199;19.184;8.779;135.072199;96.85;-4.70505;0.78992;0.75;0.25;113.44500;94.62480;101.96000;84.74000;90.60000;2673.7;275.0;200.0;53.0;13.16;0.154;0.17498;0.04096;0.00;0.000;1.647;0.947;0.000;0.557;109.814;97.00;95.00;19125.7;1533.90;8.99;3.25;0.92;86683.64;142560.00;24859.38;28262.1;3.07;5.04;0.88;17/12/2024 16:11:56;
*
