pvpcdata;
2024;05;13;12;31;31;
24/04/2024;1;2.0TD;3;0.000094453945000000;0.192;1.067886941;70.586255;0.557;2.195;67.834255;23.21;14.20208;1.04517;0.75;0.25;18.57250;75.38080;101.96000;48.69000;27.94000;1833.2;275.0;154.0;50.0;16.28;0.000;0.17498;0.04096;0.00;0.000;0.854;0.947;0.000;0.557;56.908;23.21;23.22;20848.8;1854.30;11.51;3.35;1.42;235230.16;8171.52;24859.38;23305.7;10.09;0.35;1.07;23/04/2024 16:05:58;
24/04/2024;2;2.0TD;3;0.000078366284000000;0.194;1.080103136;64.832755;0.557;2.195;62.080755;16.11;14.20208;1.04517;0.75;0.25;18.57250;75.38080;101.96000;48.69000;27.94000;1833.2;275.0;154.0;50.0;18.54;0.000;0.17498;0.04096;0.00;0.000;0.780;0.947;0.000;0.557;51.994;16.05;16.81;19756.3;1618.70;13.77;3.35;1.42;257184.16;21041.28;24859.38;22007.1;11.69;0.96;1.13;23/04/2024 16:05:58;
24/04/2024;3;2.0TD;3;0.000069349714000000;0.195;1.085765930;62.470849;0.557;2.195;59.718849;12.13;14.20208;1.04517;0.75;0.25;18.57250;75.38080;101.96000;48.69000;27.94000;1833.2;275.0;154.0;50.0;20.53;0.000;0.17498;0.04096;0.00;0.000;0.750;0.947;0.000;0.557;49.974;12.08;12.69;19049.6;1625.70;15.76;3.35;1.42;279916.20;30425.92;24859.38;21268.8;13.16;1.43;1.17;23/04/2024 16:05:58;
24/04/2024;4;2.0TD;3;0.000065013347000000;0.197;1.093853060;61.768807;0.557;2.195;59.016807;11.28;14.20208;1.04517;0.75;0.25;18.57250;75.38080;101.96000;48.69000;27.94000;1833.2;275.0;154.0;50.0;20.72;0.000;0.17498;0.04096;0.00;0.000;0.740;0.947;0.000;0.557;49.304;11.28;11.28;18641.4;1766.80;15.95;3.35;1.42;312645.56;22976.00;0.00;21042.2;14.86;1.09;0.00;23/04/2024 16:05:58;
24/04/2024;5;2.0TD;3;0.000063547487000000;0.199;1.102880705;61.891394;0.557;2.195;59.139394;10.70;14.20208;1.04517;0.75;0.25;18.57250;75.38080;101.96000;48.69000;27.94000;1833.2;275.0;154.0;50.0;21.32;0.000;0.17498;0.04096;0.00;0.000;0.740;0.947;0.000;0.557;49.324;10.70;10.70;18477.0;1761.50;16.55;3.35;1.42;313912.92;33345.36;0.00;20978.5;14.96;1.59;0.00;23/04/2024 16:05:58;
24/04/2024;6;2.0TD;3;0.000065425185000000;0.195;1.081624433;61.875739;0.557;2.195;59.123739;11.93;14.20208;1.04517;0.75;0.25;18.57250;75.38080;101.96000;48.69000;27.94000;1833.2;275.0;154.0;50.0;20.24;0.000;0.17498;0.04096;0.00;0.000;0.742;0.947;0.000;0.557;49.476;11.93;11.94;18992.6;1736.50;15.47;3.35;1.42;310639.16;22258.08;0.00;21517.5;14.44;1.03;0.00;23/04/2024 16:05:58;
24/04/2024;7;2.0TD;3;0.000073460323000000;0.182;1.013494741;65.613044;0.557;2.195;62.861044;17.33;14.20208;1.04517;0.75;0.25;18.57250;75.38080;101.96000;48.69000;27.94000;1833.2;275.0;154.0;50.0;18.49;0.000;0.17498;0.04096;0.00;0.000;0.798;0.947;0.000;0.557;53.182;17.33;17.33;20127.5;1885.90;13.72;3.35;1.42;294750.08;12784.00;24859.38;24227.0;12.17;0.53;1.03;23/04/2024 16:05:58;
24/04/2024;8;2.0TD;3;0.000088955805000000;0.170;0.943545615;77.588630;0.557;2.195;74.836630;33.60;14.20208;1.04517;0.75;0.25;18.57250;75.38080;101.96000;48.69000;27.94000;1833.2;275.0;154.0;50.0;12.84;0.000;0.17498;0.04096;0.00;0.000;0.959;0.947;0.000;0.557;63.963;33.69;32.44;22866.9;1787.00;8.07;3.35;1.42;173760.32;23458.64;24859.38;27498.2;6.32;0.85;0.90;23/04/2024 16:05:58;
24/04/2024;9;2.0TD;2;0.000101220425000000;0.186;1.143330082;93.967377;19.184;8.779;66.004377;24.89;14.20208;1.04517;0.75;0.25;18.57250;75.38080;101.96000;48.69000;27.94000;1833.2;275.0;154.0;50.0;13.21;0.154;0.17498;0.04096;0.00;0.000;0.835;0.947;0.000;0.557;55.653;24.89;24.90;24151.1;1608.60;8.44;3.35;1.42;198344.32;17682.48;24859.38;28525.0;6.95;0.62;0.87;23/04/2024 16:05:58;
24/04/2024;10;2.0TD;2;0.000109332446000000;0.152;0.935173585;72.941610;19.184;8.779;44.978610;5.12;14.20208;1.04517;0.75;0.25;18.57250;75.38080;101.96000;48.69000;27.94000;1833.2;275.0;154.0;50.0;16.62;0.154;0.17498;0.04096;0.00;0.000;0.586;0.947;0.000;0.557;39.044;5.00;7.44;26968.9;1339.70;11.85;3.35;1.42;266355.12;46396.80;24859.38;28485.8;9.35;1.63;0.87;23/04/2024 16:05:58;
24/04/2024;11;2.0TD;1;0.000115679772000000;0.160;0.955831769;119.063361;33.081;43.893;42.089361;1.11;14.20208;1.04517;0.75;0.25;18.57250;75.38080;101.96000;48.69000;27.94000;1833.2;275.0;154.0;50.0;17.14;0.926;0.17498;0.04096;0.00;0.000;0.544;0.947;0.000;0.557;36.284;1.00;3.25;29310.6;1497.50;12.37;3.35;1.42;279378.76;38531.28;24859.38;27717.0;10.08;1.39;0.90;23/04/2024 16:05:58;
24/04/2024;12;2.0TD;1;0.000117853444000000;0.163;0.973579295;119.290839;33.081;43.893;42.316839;0.06;14.20208;1.04517;0.75;0.25;18.57250;75.38080;101.96000;48.69000;27.94000;1833.2;275.0;154.0;50.0;18.29;0.926;0.17498;0.04096;0.00;0.000;0.546;0.947;0.000;0.557;36.386;0.04;0.44;28981.0;1772.20;13.52;3.35;1.42;288922.00;56822.64;24859.38;27419.1;10.54;2.07;0.91;23/04/2024 16:05:58;
24/04/2024;13;2.0TD;1;0.000121733940000000;0.163;0.973158799;119.893273;33.081;43.893;42.919273;0.03;14.20208;1.04517;0.75;0.25;18.57250;75.38080;101.96000;48.69000;27.94000;1833.2;275.0;154.0;50.0;18.83;0.926;0.17498;0.04096;0.00;0.000;0.554;0.947;0.000;0.557;36.904;0.00;0.44;29056.1;2293.40;14.06;3.35;1.42;297498.60;61437.60;24859.38;27291.7;10.90;2.25;0.91;23/04/2024 16:05:58;
24/04/2024;14;2.0TD;1;0.000129166478000000;0.156;0.936338236;119.317045;33.081;43.893;42.343045;0.03;14.20208;1.04517;0.75;0.25;18.57250;75.38080;101.96000;48.69000;27.94000;1833.2;275.0;154.0;50.0;18.56;0.926;0.17498;0.04096;0.00;0.000;0.549;0.947;0.000;0.557;36.629;0.00;0.44;28797.5;2232.00;13.79;3.35;1.42;288996.36;61398.96;24859.38;27203.2;10.62;2.26;0.91;23/04/2024 16:05:58;
24/04/2024;15;2.0TD;2;0.000128867294000000;0.179;1.096449966;69.003910;19.184;8.779;41.040910;0.03;14.20208;1.04517;0.75;0.25;18.57250;75.38080;101.96000;48.69000;27.94000;1833.2;275.0;154.0;50.0;17.54;0.154;0.17498;0.04096;0.00;0.000;0.522;0.947;0.000;0.557;34.810;0.00;0.44;28601.6;2146.70;12.77;3.35;1.42;280483.60;36984.00;24859.38;26817.9;10.46;1.38;0.93;23/04/2024 16:05:58;
24/04/2024;16;2.0TD;2;0.000118464463000000;0.186;1.142287318;69.754001;19.184;8.779;41.791001;0.03;14.20208;1.04517;0.75;0.25;18.57250;75.38080;101.96000;48.69000;27.94000;1833.2;275.0;154.0;50.0;17.96;0.154;0.17498;0.04096;0.00;0.000;0.529;0.947;0.000;0.557;35.237;0.00;0.44;28527.0;2163.50;13.19;3.35;1.42;280480.00;36800.00;24859.38;25944.6;10.81;1.42;0.96;23/04/2024 16:05:58;
24/04/2024;17;2.0TD;2;0.000110960478000000;0.190;1.162851762;69.809269;19.184;8.779;41.846269;0.03;14.20208;1.04517;0.75;0.25;18.57250;75.38080;101.96000;48.69000;27.94000;1833.2;275.0;154.0;50.0;17.89;0.154;0.17498;0.04096;0.00;0.000;0.527;0.947;0.000;0.557;35.165;0.00;0.44;27568.1;2109.80;13.12;3.35;1.42;271982.84;36984.00;24859.38;25448.8;10.69;1.45;0.98;23/04/2024 16:05:58;
24/04/2024;18;2.0TD;2;0.000109181301000000;0.191;1.172652197;70.461372;19.184;8.779;42.498372;0.06;14.20208;1.04517;0.75;0.25;18.57250;75.38080;101.96000;48.69000;27.94000;1833.2;275.0;154.0;50.0;18.37;0.154;0.17498;0.04096;0.00;0.000;0.535;0.947;0.000;0.557;35.683;0.04;0.44;27458.8;1706.50;13.60;3.35;1.42;263373.68;60482.40;24859.38;25641.8;10.27;2.36;0.97;23/04/2024 16:05:58;
24/04/2024;19;2.0TD;1;0.000110326171000000;0.168;1.004349417;122.080913;33.081;43.893;45.106913;3.25;14.20208;1.04517;0.75;0.25;18.57250;75.38080;101.96000;48.69000;27.94000;1833.2;275.0;154.0;50.0;17.30;0.926;0.17498;0.04096;0.00;0.000;0.579;0.947;0.000;0.557;38.619;3.25;3.26;26566.6;1266.00;12.53;3.35;1.42;244163.20;55029.64;24859.38;25869.5;9.44;2.13;0.96;23/04/2024 16:05:58;
24/04/2024;20;2.0TD;1;0.000116844053000000;0.166;0.994319166;143.618983;33.081;43.893;66.644983;24.76;14.20208;1.04517;0.75;0.25;18.57250;75.38080;101.96000;48.69000;27.94000;1833.2;275.0;154.0;50.0;14.05;0.926;0.17498;0.04096;0.00;0.000;0.857;0.947;0.000;0.557;57.157;24.89;22.40;25186.1;1338.80;9.28;3.35;1.42;197368.32;27914.64;24859.38;26941.9;7.33;1.04;0.92;23/04/2024 16:05:58;
24/04/2024;21;2.0TD;1;0.000134337949000000;0.168;1.008031937;153.279361;33.081;43.893;76.305361;35.02;14.20208;1.04517;0.75;0.25;18.57250;75.38080;101.96000;48.69000;27.94000;1833.2;275.0;154.0;50.0;11.84;0.926;0.17498;0.04096;0.00;0.000;0.980;0.947;0.000;0.557;65.330;35.02;35.06;24711.8;1217.60;7.07;3.35;1.42;163460.08;15832.32;24859.38;28856.1;5.66;0.55;0.86;23/04/2024 16:05:58;
24/04/2024;22;2.0TD;1;0.000156181567000000;0.168;1.008663197;230.627825;33.081;43.893;153.653825;101.56;14.20208;1.04517;0.75;0.25;18.57250;75.38080;101.96000;48.69000;27.94000;1833.2;275.0;154.0;50.0;10.53;0.926;0.17498;0.04096;0.00;0.000;1.973;0.947;0.000;0.557;131.553;101.48;102.73;22391.8;1603.70;5.76;3.35;1.42;71923.00;70439.84;24859.38;29037.7;2.48;2.43;0.86;23/04/2024 16:05:58;
24/04/2024;23;2.0TD;2;0.000142050174000000;0.197;1.208215990;156.628449;19.184;8.779;128.665449;78.85;14.20208;1.04517;0.75;0.25;18.57250;75.38080;101.96000;48.69000;27.94000;1833.2;275.0;154.0;50.0;10.31;0.154;0.17498;0.04096;0.00;0.000;1.612;0.947;0.000;0.557;107.490;78.85;78.85;23192.0;1541.90;5.54;3.35;1.42;86467.00;38376.00;24859.38;27032.7;3.20;1.42;0.92;23/04/2024 16:05:58;
24/04/2024;24;2.0TD;2;0.000117901929000000;0.206;1.266219893;103.516406;19.184;8.779;75.553406;35.01;14.20208;1.04517;0.75;0.25;18.57250;75.38080;101.96000;48.69000;27.94000;1833.2;275.0;154.0;50.0;9.98;0.154;0.17498;0.04096;0.00;0.000;0.940;0.947;0.000;0.557;62.648;35.01;35.01;20888.2;1222.10;5.21;3.35;1.42;83471.32;20824.88;24859.38;24786.1;3.37;0.84;1.00;23/04/2024 16:05:58;
*
