pvpcdata;
2024;11;12;10;29;16;
17/10/2024;1;2.0TD;3;0.000085084758000000;0.186;1.031541768;133.700512;0.557;2.195;130.948512;84.80;10.46410;1.16546;0.75;0.25;51.25042;93.10680;101.96000;84.74000;75.42000;1784.7;275.0;200.0;45.0;10.04;0.000;0.17498;0.04096;0.00;0.000;1.656;0.947;0.000;0.557;110.411;84.80;0.00;15674.2;0.00;5.80;3.19;1.05;86550.48;22116.32;24859.38;23020.8;3.76;0.96;1.08;16/10/2024 16:09:11;
17/10/2024;2;2.0TD;3;0.000071962919000000;0.191;1.063098965;125.522542;0.557;2.195;122.770542;76.50;10.46410;1.16546;0.75;0.25;51.25042;93.10680;101.96000;84.74000;75.42000;1784.7;275.0;200.0;45.0;11.12;0.000;0.17498;0.04096;0.00;0.000;1.546;0.947;0.000;0.557;103.081;76.50;0.00;17362.5;0.00;6.88;3.19;1.05;100628.20;25791.36;24859.38;22001.5;4.57;1.17;1.13;16/10/2024 16:09:11;
17/10/2024;3;2.0TD;3;0.000064872774000000;0.197;1.094044718;121.317123;0.557;2.195;118.565123;70.12;10.46410;1.16546;0.75;0.25;51.25042;93.10680;101.96000;84.74000;75.42000;1784.7;275.0;200.0;45.0;13.53;0.000;0.17498;0.04096;0.00;0.000;1.486;0.947;0.000;0.557;99.051;70.12;0.00;16630.8;0.00;9.29;3.19;1.05;115318.52;58467.92;24859.38;21367.2;5.40;2.74;1.16;16/10/2024 16:09:11;
17/10/2024;4;2.0TD;3;0.000061569440000000;0.200;1.108578701;120.639879;0.557;2.195;117.887879;70.00;10.46410;1.16546;0.75;0.25;51.25042;93.10680;101.96000;84.74000;75.42000;1784.7;275.0;200.0;45.0;12.85;0.000;0.17498;0.04096;0.00;0.000;1.474;0.947;0.000;0.557;98.239;70.00;0.00;16261.0;0.00;8.61;3.19;1.05;131770.88;49092.96;0.00;21014.0;6.27;2.34;0.00;16/10/2024 16:09:11;
17/10/2024;5;2.0TD;3;0.000060263198000000;0.202;1.119547430;109.999126;0.557;2.195;107.247126;60.00;10.46410;1.16546;0.75;0.25;51.25042;93.10680;101.96000;84.74000;75.42000;1784.7;275.0;200.0;45.0;13.97;0.000;0.17498;0.04096;0.00;0.000;1.338;0.947;0.000;0.557;89.223;60.00;0.00;16237.2;0.00;9.73;3.19;1.05;148338.92;57902.88;0.00;21190.4;7.00;2.73;0.00;16/10/2024 16:09:11;
17/10/2024;6;2.0TD;3;0.000061575824000000;0.195;1.084147073;102.095814;0.557;2.195;99.343814;54.08;10.46410;1.16546;0.75;0.25;51.25042;93.10680;101.96000;84.74000;75.42000;1784.7;275.0;200.0;45.0;13.89;0.000;0.17498;0.04096;0.00;0.000;1.247;0.947;0.000;0.557;83.132;54.08;0.00;16813.7;0.00;9.65;3.19;1.05;156381.88;54523.76;0.00;21856.2;7.16;2.49;0.00;16/10/2024 16:09:11;
17/10/2024;7;2.0TD;3;0.000069770948000000;0.178;0.987357949;110.584823;0.557;2.195;107.832823;63.38;10.46410;1.16546;0.75;0.25;51.25042;93.10680;101.96000;84.74000;75.42000;1784.7;275.0;200.0;45.0;12.87;0.000;0.17498;0.04096;0.00;0.000;1.373;0.947;0.000;0.557;91.538;63.38;0.00;17626.0;0.00;8.63;3.19;1.05;143192.40;39246.88;24859.38;24019.5;5.96;1.63;1.03;16/10/2024 16:09:11;
17/10/2024;8;2.0TD;3;0.000089816871000000;0.161;0.896019448;130.150735;0.557;2.195;127.398735;84.34;10.46410;1.16546;0.75;0.25;51.25042;93.10680;101.96000;84.74000;75.42000;1784.7;275.0;200.0;45.0;9.83;0.000;0.17498;0.04096;0.00;0.000;1.646;0.947;0.000;0.557;109.731;84.34;0.00;17101.6;0.00;5.59;3.19;1.05;99393.92;25445.52;24859.38;26813.0;3.71;0.95;0.93;16/10/2024 16:09:11;
17/10/2024;9;2.0TD;2;0.000096502079000000;0.187;1.145894440;158.280049;19.184;8.779;130.317049;83.93;10.46410;1.16546;0.75;0.25;51.25042;93.10680;101.96000;84.74000;75.42000;1784.7;275.0;200.0;45.0;10.14;0.154;0.17498;0.04096;0.00;0.000;1.647;0.947;0.000;0.557;109.786;83.93;0.00;18430.2;0.00;5.90;3.19;1.05;119043.00;21564.00;24859.38;28080.3;4.24;0.77;0.89;16/10/2024 16:09:11;
17/10/2024;10;2.0TD;2;0.000095003742000000;0.157;0.965791508;158.110342;19.184;8.779;130.147342;82.27;10.46410;1.16546;0.75;0.25;51.25042;93.10680;101.96000;84.74000;75.42000;1784.7;275.0;200.0;45.0;14.46;0.154;0.17498;0.04096;0.00;0.000;1.687;0.947;0.000;0.557;112.486;82.27;0.00;19818.9;0.00;10.22;3.19;1.05;138109.04;125977.00;24859.38;28269.3;4.89;4.46;0.88;16/10/2024 16:09:11;
17/10/2024;11;2.0TD;1;0.000096386850000000;0.162;0.967816224;176.294670;33.081;43.893;99.320670;55.00;10.46410;1.16546;0.75;0.25;51.25042;93.10680;101.96000;84.74000;75.42000;1784.7;275.0;200.0;45.0;14.35;0.926;0.17498;0.04096;0.00;0.000;1.282;0.947;0.000;0.557;85.473;55.00;0.00;23717.2;0.00;10.11;3.19;1.05;180792.32;91062.40;24859.38;29359.3;6.16;3.10;0.85;16/10/2024 16:09:11;
17/10/2024;12;2.0TD;1;0.000096015414000000;0.161;0.965382935;119.915790;33.081;43.893;42.941790;7.00;10.46410;1.16546;0.75;0.25;51.25042;93.10680;101.96000;84.74000;75.42000;1784.7;275.0;200.0;45.0;14.59;0.926;0.17498;0.04096;0.00;0.000;0.555;0.947;0.000;0.557;36.986;7.00;0.00;28973.4;0.00;10.35;3.19;1.05;262296.16;23738.40;24859.38;30047.5;8.73;0.79;0.83;16/10/2024 16:09:11;
17/10/2024;13;2.0TD;1;0.000098926771000000;0.157;0.941363289;115.174552;33.081;43.893;38.200552;3.32;10.46410;1.16546;0.75;0.25;51.25042;93.10680;101.96000;84.74000;75.42000;1784.7;275.0;200.0;45.0;14.36;0.926;0.17498;0.04096;0.00;0.000;0.495;0.947;0.000;0.557;33.016;3.32;0.00;29227.7;0.00;10.12;3.19;1.05;267247.76;14865.60;24859.38;30344.1;8.81;0.49;0.82;16/10/2024 16:09:11;
17/10/2024;14;2.0TD;1;0.000104789446000000;0.154;0.923657914;115.029341;33.081;43.893;38.055341;3.32;10.46410;1.16546;0.75;0.25;51.25042;93.10680;101.96000;84.74000;75.42000;1784.7;275.0;200.0;45.0;14.32;0.926;0.17498;0.04096;0.00;0.000;0.495;0.947;0.000;0.557;32.976;3.32;0.00;29113.9;0.00;10.08;3.19;1.05;267015.48;14820.00;24859.38;30427.8;8.78;0.49;0.82;16/10/2024 16:09:11;
17/10/2024;15;2.0TD;2;0.000105115724000000;0.178;1.091537185;63.853007;19.184;8.779;35.890007;1.51;10.46410;1.16546;0.75;0.25;51.25042;93.10680;101.96000;84.74000;75.42000;1784.7;275.0;200.0;45.0;14.43;0.154;0.17498;0.04096;0.00;0.000;0.457;0.947;0.000;0.557;30.466;1.51;0.00;28873.0;0.00;10.19;3.19;1.05;268695.20;10875.36;24859.38;29856.1;9.00;0.36;0.83;16/10/2024 16:09:11;
17/10/2024;16;2.0TD;2;0.000097824964000000;0.184;1.130342182;63.025856;19.184;8.779;35.062856;0.44;10.46410;1.16546;0.75;0.25;51.25042;93.10680;101.96000;84.74000;75.42000;1784.7;275.0;200.0;45.0;14.66;0.154;0.17498;0.04096;0.00;0.000;0.444;0.947;0.000;0.557;29.613;0.44;0.00;28757.7;0.00;10.42;3.19;1.05;269179.56;10020.40;24859.38;29160.6;9.23;0.34;0.85;16/10/2024 16:09:11;
17/10/2024;17;2.0TD;2;0.000094362579000000;0.190;1.164214232;63.470100;19.184;8.779;35.507100;0.44;10.46410;1.16546;0.75;0.25;51.25042;93.10680;101.96000;84.74000;75.42000;1784.7;275.0;200.0;45.0;14.88;0.154;0.17498;0.04096;0.00;0.000;0.448;0.947;0.000;0.557;29.837;0.44;0.00;28575.4;0.00;10.64;3.19;1.05;269125.44;11995.20;24859.38;28753.6;9.36;0.42;0.86;16/10/2024 16:09:11;
17/10/2024;18;2.0TD;2;0.000097318036000000;0.192;1.180013268;67.328679;19.184;8.779;39.365679;3.32;10.46410;1.16546;0.75;0.25;51.25042;93.10680;101.96000;84.74000;75.42000;1784.7;275.0;200.0;45.0;15.14;0.154;0.17498;0.04096;0.00;0.000;0.495;0.947;0.000;0.557;33.024;3.32;0.00;28370.8;0.00;10.90;3.19;1.05;266354.08;23395.68;24859.38;28863.9;9.23;0.81;0.86;16/10/2024 16:09:11;
17/10/2024;19;2.0TD;1;0.000102719407000000;0.166;0.994555514;171.866460;33.081;43.893;94.892460;49.97;10.46410;1.16546;0.75;0.25;51.25042;93.10680;101.96000;84.74000;75.42000;1784.7;275.0;200.0;45.0;15.35;0.926;0.17498;0.04096;0.00;0.000;1.221;0.947;0.000;0.557;81.382;49.97;0.00;23794.6;0.00;11.11;3.19;1.05;186210.96;107974.72;24859.38;28721.0;6.48;3.76;0.87;16/10/2024 16:09:11;
17/10/2024;20;2.0TD;1;0.000118277881000000;0.161;0.965788594;205.299213;33.081;43.893;128.325213;82.27;10.46410;1.16546;0.75;0.25;51.25042;93.10680;101.96000;84.74000;75.42000;1784.7;275.0;200.0;45.0;11.76;0.926;0.17498;0.04096;0.00;0.000;1.658;0.947;0.000;0.557;110.529;82.27;0.00;20296.1;0.00;7.52;3.19;1.05;131949.48;59804.16;24859.38;28806.3;4.58;2.08;0.86;16/10/2024 16:09:11;
17/10/2024;21;2.0TD;1;0.000142517661000000;0.159;0.951398204;201.453960;33.081;43.893;124.479960;82.27;10.46410;1.16546;0.75;0.25;51.25042;93.10680;101.96000;84.74000;75.42000;1784.7;275.0;200.0;45.0;8.68;0.926;0.17498;0.04096;0.00;0.000;1.611;0.947;0.000;0.557;107.402;82.27;0.00;19720.9;0.00;4.44;3.19;1.05;83904.40;27291.60;24859.38;30649.2;2.74;0.89;0.81;16/10/2024 16:09:11;
17/10/2024;22;2.0TD;1;0.000144022562000000;0.168;1.003051612;192.020714;33.081;43.893;115.046714;72.59;10.46410;1.16546;0.75;0.25;51.25042;93.10680;101.96000;84.74000;75.42000;1784.7;275.0;200.0;45.0;9.59;0.926;0.17498;0.04096;0.00;0.000;1.477;0.947;0.000;0.557;98.498;72.59;0.00;20525.8;0.00;5.35;3.19;1.05;82206.08;53625.60;24859.38;30047.4;2.74;1.78;0.83;16/10/2024 16:09:11;
17/10/2024;23;2.0TD;2;0.000125033258000000;0.199;1.223404539;144.442132;19.184;8.779;116.479132;71.08;10.46410;1.16546;0.75;0.25;51.25042;93.10680;101.96000;84.74000;75.42000;1784.7;275.0;200.0;45.0;10.54;0.154;0.17498;0.04096;0.00;0.000;1.457;0.947;0.000;0.557;97.146;71.08;0.00;18361.1;0.00;6.30;3.19;1.05;83679.64;62177.76;24859.38;27086.6;3.09;2.30;0.92;16/10/2024 16:09:11;
17/10/2024;24;2.0TD;2;0.000104257307000000;0.206;1.261462447;143.886010;19.184;8.779;115.923010;68.06;10.46410;1.16546;0.75;0.25;51.25042;93.10680;101.96000;84.74000;75.42000;1784.7;275.0;200.0;45.0;12.55;0.154;0.17498;0.04096;0.00;0.000;1.442;0.947;0.000;0.557;96.121;68.06;0.00;18825.0;0.00;8.31;3.19;1.05;86769.00;92473.92;24859.38;24551.6;3.53;3.77;1.01;16/10/2024 16:09:11;
*
