pvpcdata;
2024;10;09;11;29;38;
16/09/2024;1;2.0TD;3;0.000093371457000000;0.171;0.952015892;85.550696;0.557;2.195;82.798696;30.13;15.87469;1.22877;0.75;0.25;27.18625;90.68500;101.96000;73.51000;91.63000;1813.2;275.0;234.0;48.0;18.29;0.000;0.17498;0.04096;0.00;0.000;1.061;0.947;0.000;0.557;70.707;30.00;32.09;19803.5;1356.00;14.16;3.08;1.05;244954.52;53817.12;24859.38;22865.7;10.71;2.35;1.09;15/09/2024 16:08:46;
16/09/2024;2;2.0TD;3;0.000077576347000000;0.178;0.991469477;69.050644;0.557;2.195;66.298644;13.15;15.87469;1.22877;0.75;0.25;27.18625;90.68500;101.96000;73.51000;91.63000;1813.2;275.0;234.0;48.0;21.06;0.000;0.17498;0.04096;0.00;0.000;0.844;0.947;0.000;0.557;56.280;13.03;14.84;18851.5;1347.60;16.93;3.08;1.05;298191.44;71261.60;0.00;21824.2;13.66;3.27;0.00;15/09/2024 16:08:46;
16/09/2024;3;2.0TD;3;0.000070233466000000;0.182;1.012258069;72.408066;0.557;2.195;69.656066;15.10;15.87469;1.22877;0.75;0.25;27.18625;90.68500;101.96000;73.51000;91.63000;1813.2;275.0;234.0;48.0;21.72;0.000;0.17498;0.04096;0.00;0.000;0.884;0.947;0.000;0.557;58.930;15.00;16.81;18773.7;1051.40;17.59;3.08;1.05;298345.52;71814.08;0.00;21047.6;14.17;3.41;0.00;15/09/2024 16:08:46;
16/09/2024;4;2.0TD;3;0.000066475079000000;0.182;1.013061846;65.076120;0.557;2.195;62.324120;11.91;15.87469;1.22877;0.75;0.25;27.18625;90.68500;101.96000;73.51000;91.63000;1813.2;275.0;234.0;48.0;18.80;0.000;0.17498;0.04096;0.00;0.000;0.791;0.947;0.000;0.557;52.727;11.85;12.79;18531.2;1152.60;14.67;3.08;1.05;226994.24;73856.72;0.00;20512.0;11.07;3.60;0.00;15/09/2024 16:08:46;
16/09/2024;5;2.0TD;3;0.000064622177000000;0.184;1.024040333;59.316040;0.557;2.195;56.564040;6.33;15.87469;1.22877;0.75;0.25;27.18625;90.68500;101.96000;73.51000;91.63000;1813.2;275.0;234.0;48.0;19.50;0.000;0.17498;0.04096;0.00;0.000;0.717;0.947;0.000;0.557;47.773;6.00;11.54;18175.5;1166.80;15.37;3.08;1.05;235196.72;78447.20;0.00;20403.2;11.53;3.84;0.00;15/09/2024 16:08:46;
16/09/2024;6;2.0TD;3;0.000064974206000000;0.177;0.985174231;64.991386;0.557;2.195;62.239386;10.26;15.87469;1.22877;0.75;0.25;27.18625;90.68500;101.96000;73.51000;91.63000;1813.2;275.0;234.0;48.0;20.60;0.000;0.17498;0.04096;0.00;0.000;0.793;0.947;0.000;0.557;52.879;10.15;11.96;18125.0;1128.30;16.47;3.08;1.05;272968.48;75144.16;0.00;21130.5;12.92;3.56;0.00;15/09/2024 16:08:46;
16/09/2024;7;2.0TD;3;0.000070974744000000;0.160;0.887770758;96.195431;0.557;2.195;93.443431;41.40;15.87469;1.22877;0.75;0.25;27.18625;90.68500;101.96000;73.51000;91.63000;1813.2;275.0;234.0;48.0;16.72;0.000;0.17498;0.04096;0.00;0.000;1.208;0.947;0.000;0.557;80.554;41.10;46.00;18043.4;1182.50;12.59;3.08;1.05;223361.80;44049.60;24859.38;23217.9;9.62;1.90;1.07;15/09/2024 16:08:46;
16/09/2024;8;2.0TD;3;0.000083767196000000;0.150;0.834461857;110.567585;0.557;2.195;107.815585;60.74;15.87469;1.22877;0.75;0.25;27.18625;90.68500;101.96000;73.51000;91.63000;1813.2;275.0;234.0;48.0;10.38;0.000;0.17498;0.04096;0.00;0.000;1.406;0.947;0.000;0.557;93.752;60.00;70.01;17819.3;1418.60;6.25;3.08;1.05;102887.52;35750.40;24859.38;26161.2;3.93;1.37;0.95;15/09/2024 16:08:46;
16/09/2024;9;2.0TD;2;0.000087800140000000;0.147;0.899077091;138.914240;19.184;8.779;110.951240;60.33;15.87469;1.22877;0.75;0.25;27.18625;90.68500;101.96000;73.51000;91.63000;1813.2;275.0;234.0;48.0;13.57;0.154;0.17498;0.04096;0.00;0.000;1.451;0.947;0.000;0.557;96.731;60.00;64.90;18953.1;1359.20;9.44;3.08;1.05;125730.24;110726.40;24859.38;27673.3;4.54;4.00;0.90;15/09/2024 16:08:46;
16/09/2024;10;2.0TD;2;0.000090981247000000;0.138;0.843746248;120.701672;19.184;8.779;92.738672;45.10;15.87469;1.22877;0.75;0.25;27.18625;90.68500;101.96000;73.51000;91.63000;1813.2;275.0;234.0;48.0;13.79;0.154;0.17498;0.04096;0.00;0.000;1.222;0.947;0.000;0.557;81.492;45.10;45.10;23646.3;1416.00;9.66;3.08;1.05;170783.08;78949.60;24859.38;28426.3;6.01;2.78;0.87;15/09/2024 16:08:46;
16/09/2024;11;2.0TD;1;0.000094589760000000;0.136;0.814308581;123.108871;33.081;43.893;46.134871;3.32;15.87469;1.22877;0.75;0.25;27.18625;90.68500;101.96000;73.51000;91.63000;1813.2;275.0;234.0;48.0;14.53;0.926;0.17498;0.04096;0.00;0.000;0.609;0.947;0.000;0.557;40.611;3.32;3.42;28437.9;924.10;10.40;3.08;1.05;263329.24;12391.60;24859.38;28910.1;9.11;0.43;0.86;15/09/2024 16:08:46;
16/09/2024;12;2.0TD;1;0.000096004764000000;0.139;0.833659054;120.964096;33.081;43.893;43.990096;-0.04;15.87469;1.22877;0.75;0.25;27.18625;90.68500;101.96000;73.51000;91.63000;1813.2;275.0;234.0;48.0;15.93;0.926;0.17498;0.04096;0.00;0.000;0.579;0.947;0.000;0.557;38.621;0.00;-1.24;28172.4;998.40;11.80;3.08;1.05;312245.76;1070.32;24859.38;28653.1;10.90;0.04;0.87;15/09/2024 16:08:46;
16/09/2024;13;2.0TD;1;0.000099661352000000;0.137;0.817742595;120.817496;33.081;43.893;43.843496;0.00;15.87469;1.22877;0.75;0.25;27.18625;90.68500;101.96000;73.51000;91.63000;1813.2;275.0;234.0;48.0;15.83;0.926;0.17498;0.04096;0.00;0.000;0.578;0.947;0.000;0.557;38.560;0.00;0.00;28510.2;1022.70;11.70;3.08;1.05;311990.20;1337.28;24859.38;28907.0;10.79;0.05;0.86;15/09/2024 16:08:46;
16/09/2024;14;2.0TD;1;0.000106797114000000;0.130;0.780923016;120.341911;33.081;43.893;43.367911;0.00;15.87469;1.22877;0.75;0.25;27.18625;90.68500;101.96000;73.51000;91.63000;1813.2;275.0;234.0;48.0;15.65;0.926;0.17498;0.04096;0.00;0.000;0.576;0.947;0.000;0.557;38.378;0.00;0.00;28944.3;1002.90;11.52;3.08;1.05;311541.80;1062.16;24859.38;29295.6;10.63;0.04;0.85;15/09/2024 16:08:46;
16/09/2024;15;2.0TD;2;0.000107978445000000;0.131;0.806235983;70.585507;19.184;8.779;42.622507;0.00;15.87469;1.22877;0.75;0.25;27.18625;90.68500;101.96000;73.51000;91.63000;1813.2;275.0;234.0;48.0;15.74;0.154;0.17498;0.04096;0.00;0.000;0.565;0.947;0.000;0.557;37.685;0.00;0.00;29019.9;901.30;11.61;3.08;1.05;311366.48;1209.16;24859.38;29065.3;10.71;0.04;0.86;15/09/2024 16:08:46;
16/09/2024;16;2.0TD;2;0.000102594271000000;0.135;0.830017815;71.093774;19.184;8.779;43.130774;0.00;15.87469;1.22877;0.75;0.25;27.18625;90.68500;101.96000;73.51000;91.63000;1813.2;275.0;234.0;48.0;16.05;0.154;0.17498;0.04096;0.00;0.000;0.570;0.947;0.000;0.557;38.000;0.00;0.00;27579.8;985.00;11.92;3.08;1.05;311897.36;1231.20;24859.38;28357.7;11.00;0.04;0.88;15/09/2024 16:08:46;
16/09/2024;17;2.0TD;2;0.000100404746000000;0.140;0.857272362;69.582898;19.184;8.779;41.619898;0.00;15.87469;1.22877;0.75;0.25;27.18625;90.68500;101.96000;73.51000;91.63000;1813.2;275.0;234.0;48.0;14.58;0.154;0.17498;0.04096;0.00;0.000;0.548;0.947;0.000;0.557;36.508;0.00;0.00;27398.1;900.20;10.45;3.08;1.05;269113.28;1474.76;24859.38;28287.4;9.51;0.05;0.88;15/09/2024 16:08:46;
16/09/2024;18;2.0TD;2;0.000103738375000000;0.141;0.865556029;69.595445;19.184;8.779;41.632445;0.07;15.87469;1.22877;0.75;0.25;27.18625;90.68500;101.96000;73.51000;91.63000;1813.2;275.0;234.0;48.0;14.49;0.154;0.17498;0.04096;0.00;0.000;0.547;0.947;0.000;0.557;36.487;0.06;0.38;28065.9;881.30;10.36;3.08;1.05;269204.60;6784.76;24859.38;29047.4;9.27;0.23;0.86;15/09/2024 16:08:46;
16/09/2024;19;2.0TD;1;0.000106765095000000;0.145;0.868330129;153.907331;33.081;43.893;76.933331;29.54;15.87469;1.22877;0.75;0.25;27.18625;90.68500;101.96000;73.51000;91.63000;1813.2;275.0;234.0;48.0;14.49;0.926;0.17498;0.04096;0.00;0.000;1.008;0.947;0.000;0.557;67.190;29.68;24.70;29458.3;864.70;10.36;3.08;1.05;221953.36;58047.60;24859.38;29421.2;7.54;1.97;0.84;15/09/2024 16:08:46;
16/09/2024;20;2.0TD;1;0.000111436735000000;0.147;0.882894577;189.464514;33.081;43.893;112.490514;60.98;15.87469;1.22877;0.75;0.25;27.18625;90.68500;101.96000;73.51000;91.63000;1813.2;275.0;234.0;48.0;13.47;0.926;0.17498;0.04096;0.00;0.000;1.471;0.947;0.000;0.557;98.073;60.98;60.99;23801.2;821.70;9.34;3.08;1.05;164116.36;86375.52;24859.38;29460.8;5.57;2.93;0.84;15/09/2024 16:08:46;
16/09/2024;21;2.0TD;1;0.000132122601000000;0.142;0.849687868;216.498629;33.081;43.893;139.524629;88.47;15.87469;1.22877;0.75;0.25;27.18625;90.68500;101.96000;73.51000;91.63000;1813.2;275.0;234.0;48.0;9.72;0.926;0.17498;0.04096;0.00;0.000;1.833;0.947;0.000;0.557;122.175;88.40;89.90;20785.6;1057.90;5.59;3.08;1.05;128897.00;15002.40;24859.38;30146.4;4.28;0.50;0.82;15/09/2024 16:08:46;
16/09/2024;22;2.0TD;1;0.000144464319000000;0.141;0.843135476;212.878147;33.081;43.893;135.904147;82.06;15.87469;1.22877;0.75;0.25;27.18625;90.68500;101.96000;73.51000;91.63000;1813.2;275.0;234.0;48.0;13.11;0.926;0.17498;0.04096;0.00;0.000;1.787;0.947;0.000;0.557;119.109;81.82;86.82;21357.8;1077.00;8.98;3.08;1.05;227247.04;20237.28;24859.38;30319.2;7.50;0.67;0.82;15/09/2024 16:08:46;
16/09/2024;23;2.0TD;2;0.000127825875000000;0.148;0.910162884;136.120307;19.184;8.779;108.157307;56.12;15.87469;1.22877;0.75;0.25;27.18625;90.68500;101.96000;73.51000;91.63000;1813.2;275.0;234.0;48.0;15.30;0.154;0.17498;0.04096;0.00;0.000;1.413;0.947;0.000;0.557;94.213;55.92;59.54;20405.4;1163.70;11.17;3.08;1.05;272960.88;15704.64;24859.38;28081.6;9.72;0.56;0.89;15/09/2024 16:08:46;
16/09/2024;24;2.0TD;2;0.000107508859000000;0.155;0.951564401;121.489913;19.184;8.779;93.526913;40.06;15.87469;1.22877;0.75;0.25;27.18625;90.68500;101.96000;73.51000;91.63000;1813.2;275.0;234.0;48.0;18.32;0.154;0.17498;0.04096;0.00;0.000;1.215;0.947;0.000;0.557;80.975;40.06;40.06;21419.0;1101.10;14.19;3.08;1.05;298931.44;43739.36;24859.38;25894.4;11.54;1.69;0.96;15/09/2024 16:08:46;
*
