pvpcdata;
2024;12;11;12;05;30;
11/11/2024;1;2.0TD;3;0.000098242542000000;0.223;1.237318860;172.262979;0.557;2.195;169.510979;107.81;3.80201;1.04766;0.75;0.25;77.90875;93.11680;101.96000;84.74000;75.52000;1989.2;275.0;200.0;46.0;23.01;0.000;0.17498;0.04096;0.00;0.000;2.079;0.947;0.000;0.557;138.602;109.00;95.18;15661.7;1475.70;18.77;3.21;1.03;329016.84;39200.00;24859.38;20944.0;15.71;1.87;1.19;10/11/2024 16:11:14;
11/11/2024;2;2.0TD;3;0.000081616398000000;0.234;1.301197356;167.674372;0.557;2.195;164.922372;101.10;3.80201;1.04766;0.75;0.25;77.90875;93.11680;101.96000;84.74000;75.52000;1989.2;275.0;200.0;46.0;24.84;0.000;0.17498;0.04096;0.00;0.000;2.005;0.947;0.000;0.557;133.648;101.71;94.47;16694.6;1537.80;20.60;3.21;1.03;367881.60;39708.24;0.00;19789.9;18.59;2.01;0.00;10/11/2024 16:11:14;
11/11/2024;3;2.0TD;3;0.000072610312000000;0.240;1.332916053;167.367703;0.557;2.195;164.615703;99.03;3.80201;1.04766;0.75;0.25;77.90875;93.11680;101.96000;84.74000;75.52000;1989.2;275.0;200.0;46.0;26.03;0.000;0.17498;0.04096;0.00;0.000;1.991;0.947;0.000;0.557;132.754;99.39;94.58;16484.1;1333.60;21.79;3.21;1.03;379298.40;33406.56;0.00;18939.4;20.03;1.76;0.00;10/11/2024 16:11:14;
11/11/2024;4;2.0TD;3;0.000068416763000000;0.242;1.346509886;154.684120;0.557;2.195;151.932120;85.38;3.80201;1.04766;0.75;0.25;77.90875;93.11680;101.96000;84.74000;75.52000;1989.2;275.0;200.0;46.0;29.41;0.000;0.17498;0.04096;0.00;0.000;1.835;0.947;0.000;0.557;122.328;85.38;85.38;17101.1;1166.90;25.17;3.21;1.03;420041.84;53040.00;0.00;18793.5;22.35;2.82;0.00;10/11/2024 16:11:14;
11/11/2024;5;2.0TD;3;0.000067226060000000;0.244;1.353514864;149.675366;0.557;2.195;146.923366;80.47;3.80201;1.04766;0.75;0.25;77.90875;93.11680;101.96000;84.74000;75.52000;1989.2;275.0;200.0;46.0;30.16;0.000;0.17498;0.04096;0.00;0.000;1.772;0.947;0.000;0.557;118.105;80.66;76.99;17186.5;929.50;25.92;3.21;1.03;441569.20;54720.00;0.00;19144.6;23.06;2.86;0.00;10/11/2024 16:11:14;
11/11/2024;6;2.0TD;3;0.000069520031000000;0.233;1.296810107;147.035933;0.557;2.195;144.283933;80.11;3.80201;1.04766;0.75;0.25;77.90875;93.11680;101.96000;84.74000;75.52000;1989.2;275.0;200.0;46.0;29.45;0.000;0.17498;0.04096;0.00;0.000;1.755;0.947;0.000;0.557;117.018;80.20;78.48;17025.1;895.70;25.21;3.21;1.03;442592.56;56400.00;0.00;19791.0;22.36;2.85;0.00;10/11/2024 16:11:14;
11/11/2024;7;2.0TD;3;0.000080283285000000;0.209;1.163077597;141.171135;0.557;2.195;138.419135;85.03;3.80201;1.04766;0.75;0.25;77.90875;93.11680;101.96000;84.74000;75.52000;1989.2;275.0;200.0;46.0;22.04;0.000;0.17498;0.04096;0.00;0.000;1.717;0.947;0.000;0.557;114.490;84.10;95.77;15822.0;1369.10;17.80;3.21;1.03;183966.20;192158.40;24859.38;22523.9;8.17;8.53;1.10;10/11/2024 16:11:14;
11/11/2024;8;2.0TD;3;0.000102865135000000;0.191;1.058811537;155.457970;0.557;2.195;152.705970;106.03;3.80201;1.04766;0.75;0.25;77.90875;93.11680;101.96000;84.74000;75.52000;1989.2;275.0;200.0;46.0;14.56;0.000;0.17498;0.04096;0.00;0.000;1.923;0.947;0.000;0.557;128.216;105.72;109.22;16269.3;1586.20;10.32;3.21;1.03;61357.20;178432.00;24859.38;25654.9;2.39;6.96;0.97;10/11/2024 16:11:14;
11/11/2024;9;2.0TD;2;0.000110561226000000;0.183;1.124306279;185.689550;19.184;8.779;157.726550;109.03;3.80201;1.04766;0.75;0.25;77.90875;93.11680;101.96000;84.74000;75.52000;1989.2;275.0;200.0;46.0;16.44;0.154;0.17498;0.04096;0.00;0.000;2.000;0.947;0.000;0.557;133.327;109.00;109.33;17664.0;1805.80;12.20;3.21;1.03;57920.64;252031.08;24859.38;27465.6;2.11;9.18;0.91;10/11/2024 16:11:14;
11/11/2024;10;2.0TD;2;0.000111809268000000;0.167;1.022497654;150.204615;19.184;8.779;122.241615;80.20;3.80201;1.04766;0.75;0.25;77.90875;93.11680;101.96000;84.74000;75.52000;1989.2;275.0;200.0;46.0;17.12;0.154;0.17498;0.04096;0.00;0.000;1.571;0.947;0.000;0.557;104.748;79.90;84.90;21955.8;1386.90;12.88;3.21;1.03;105873.52;230584.00;24859.38;28052.4;3.77;8.22;0.89;10/11/2024 16:11:14;
11/11/2024;11;2.0TD;1;0.000114054422000000;0.162;0.970538736;160.660774;33.081;43.893;83.686774;50.50;3.80201;1.04766;0.75;0.25;77.90875;93.11680;101.96000;84.74000;75.52000;1989.2;275.0;200.0;46.0;13.81;0.926;0.17498;0.04096;0.00;0.000;1.080;0.947;0.000;0.557;72.019;50.24;55.14;25744.0;1427.70;9.57;3.21;1.03;133566.36;115117.20;24859.38;28580.6;4.67;4.03;0.87;10/11/2024 16:11:14;
11/11/2024;12;2.0TD;1;0.000113243249000000;0.164;0.979269059;153.419234;33.081;43.893;76.445234;45.00;3.80201;1.04766;0.75;0.25;77.90875;93.11680;101.96000;84.74000;75.52000;1989.2;275.0;200.0;46.0;13.06;0.926;0.17498;0.04096;0.00;0.000;0.985;0.947;0.000;0.557;65.674;45.20;40.20;27116.9;1125.90;8.82;3.21;1.03;161205.76;65940.00;24859.38;28570.5;5.64;2.31;0.87;10/11/2024 16:11:14;
11/11/2024;13;2.0TD;1;0.000113998509000000;0.162;0.971272091;139.815656;33.081;43.893;62.841656;33.53;3.80201;1.04766;0.75;0.25;77.90875;93.11680;101.96000;84.74000;75.52000;1989.2;275.0;200.0;46.0;13.11;0.926;0.17498;0.04096;0.00;0.000;0.811;0.947;0.000;0.557;54.080;33.49;34.49;27814.2;1145.60;8.87;3.21;1.03;173928.20;54148.80;24859.38;28513.9;6.10;1.90;0.87;10/11/2024 16:11:14;
11/11/2024;14;2.0TD;1;0.000121285809000000;0.161;0.966683199;118.085706;33.081;43.893;41.111706;15.20;3.80201;1.04766;0.75;0.25;77.90875;93.11680;101.96000;84.74000;75.52000;1989.2;275.0;200.0;46.0;13.05;0.926;0.17498;0.04096;0.00;0.000;0.531;0.947;0.000;0.557;35.410;15.20;15.20;28050.2;1233.90;8.81;3.21;1.03;196762.72;32816.00;24859.38;28895.1;6.81;1.14;0.86;10/11/2024 16:11:14;
11/11/2024;15;2.0TD;2;0.000123059805000000;0.165;1.014470349;58.438933;19.184;8.779;30.475933;6.80;3.80201;1.04766;0.75;0.25;77.90875;93.11680;101.96000;84.74000;75.52000;1989.2;275.0;200.0;46.0;13.11;0.154;0.17498;0.04096;0.00;0.000;0.392;0.947;0.000;0.557;26.159;7.00;2.02;27982.0;1182.10;8.87;3.21;1.03;208673.00;23240.00;24859.38;28966.5;7.20;0.80;0.86;10/11/2024 16:11:14;
11/11/2024;16;2.0TD;2;0.000117736463000000;0.170;1.045297332;58.225751;19.184;8.779;30.262751;4.91;3.80201;1.04766;0.75;0.25;77.90875;93.11680;101.96000;84.74000;75.52000;1989.2;275.0;200.0;46.0;14.71;0.154;0.17498;0.04096;0.00;0.000;0.388;0.947;0.000;0.557;25.865;5.00;3.00;27153.5;1221.40;10.47;3.21;1.03;201903.92;70520.40;24859.38;28397.5;7.11;2.48;0.88;10/11/2024 16:11:14;
11/11/2024;17;2.0TD;2;0.000114814470000000;0.174;1.067635340;133.333726;19.184;8.779;105.370726;66.14;3.80201;1.04766;0.75;0.25;77.90875;93.11680;101.96000;84.74000;75.52000;1989.2;275.0;200.0;46.0;16.41;0.154;0.17498;0.04096;0.00;0.000;1.346;0.947;0.000;0.557;89.753;65.63;77.44;24312.2;1094.30;12.17;3.21;1.03;128731.12;184102.80;24859.38;27760.4;4.64;6.63;0.90;10/11/2024 16:11:14;
11/11/2024;18;2.0TD;2;0.000122078803000000;0.179;1.100073064;182.426855;19.184;8.779;154.463855;106.57;3.80201;1.04766;0.75;0.25;77.90875;93.11680;101.96000;84.74000;75.52000;1989.2;275.0;200.0;46.0;16.62;0.154;0.17498;0.04096;0.00;0.000;1.965;0.947;0.000;0.557;131.012;106.70;104.71;20528.4;1441.90;12.38;3.21;1.03;76823.44;240793.20;24859.38;27655.4;2.78;8.71;0.90;10/11/2024 16:11:14;
11/11/2024;19;2.0TD;1;0.000143985351000000;0.180;1.077485345;233.991407;33.081;43.893;157.017407;115.94;3.80201;1.04766;0.75;0.25;77.90875;93.11680;101.96000;84.74000;75.52000;1989.2;275.0;200.0;46.0;8.50;0.926;0.17498;0.04096;0.00;0.000;1.996;0.947;0.000;0.557;133.065;115.89;116.49;19447.0;1693.30;4.26;3.21;1.03;59423.88;38976.00;24859.38;28945.6;2.05;1.35;0.86;10/11/2024 16:11:14;
11/11/2024;20;2.0TD;1;0.000159077142000000;0.180;1.079555005;234.566067;33.081;43.893;157.592067;116.96;3.80201;1.04766;0.75;0.25;77.90875;93.11680;101.96000;84.74000;75.52000;1989.2;275.0;200.0;46.0;7.96;0.926;0.17498;0.04096;0.00;0.000;2.003;0.947;0.000;0.557;133.552;116.86;118.28;19798.9;1563.10;3.72;3.21;1.03;58412.04;26800.00;24859.38;29631.0;1.97;0.90;0.84;10/11/2024 16:11:14;
11/11/2024;21;2.0TD;1;0.000171311219000000;0.183;1.098372043;226.499994;33.081;43.893;149.525994;109.83;3.80201;1.04766;0.75;0.25;77.90875;93.11680;101.96000;84.74000;75.52000;1989.2;275.0;200.0;46.0;8.04;0.926;0.17498;0.04096;0.00;0.000;1.896;0.947;0.000;0.557;126.395;109.69;111.69;19473.1;1515.20;3.80;3.21;1.03;50717.84;39720.24;24859.38;30341.0;1.67;1.31;0.82;10/11/2024 16:11:14;
11/11/2024;22;2.0TD;1;0.000171888735000000;0.187;1.122591123;214.171732;33.081;43.893;137.197732;97.31;3.80201;1.04766;0.75;0.25;77.90875;93.11680;101.96000;84.74000;75.52000;1989.2;275.0;200.0;46.0;9.91;0.926;0.17498;0.04096;0.00;0.000;1.734;0.947;0.000;0.557;115.583;96.73;106.73;19570.3;1214.30;5.67;3.21;1.03;53941.52;87832.08;24859.38;29396.5;1.83;2.99;0.85;10/11/2024 16:11:14;
11/11/2024;23;2.0TD;2;0.000152560285000000;0.201;1.230335161;158.704580;19.184;8.779;130.741580;89.66;3.80201;1.04766;0.75;0.25;77.90875;93.11680;101.96000;84.74000;75.52000;1989.2;275.0;200.0;46.0;11.71;0.154;0.17498;0.04096;0.00;0.000;1.633;0.947;0.000;0.557;108.860;88.92;103.20;19491.8;1060.50;7.47;3.21;1.03;65527.12;111185.44;24859.38;26993.4;2.43;4.12;0.92;10/11/2024 16:11:14;
11/11/2024;24;2.0TD;2;0.000125041892000000;0.211;1.295737075;147.707406;19.184;8.779;119.744406;78.87;3.80201;1.04766;0.75;0.25;77.90875;93.11680;101.96000;84.74000;75.52000;1989.2;275.0;200.0;46.0;12.67;0.154;0.17498;0.04096;0.00;0.000;1.483;0.947;0.000;0.557;98.880;78.20;93.14;18998.4;885.60;8.43;3.21;1.03;72556.12;108296.96;24859.38;24409.4;2.97;4.44;1.02;10/11/2024 16:11:14;
*
