pvpcdata;
2024;04;10;12;05;50;
23/03/2024;1;2.0TD;3;0.000112637922000000;0.225;1.247728292;63.175806;0.557;2.195;60.423806;3.02;22.95830;0.99342;0.75;0.25;2.00542;93.83860;101.96000;97.42000;37.09000;2005.2;275.0;177.0;46.0;21.42;0.000;0.17498;0.04096;0.00;0.000;0.000;0.740;0.565;0.000;0.557;49.325;3.20;0.88;20139.5;1677.50;16.61;3.40;1.41;306008.44;55820.16;24859.38;23276.6;13.15;2.40;1.07;22/03/2024 16:08:31;
23/03/2024;2;2.0TD;3;0.000093621521000000;0.232;1.286674561;64.283693;0.557;2.195;61.531693;2.67;22.95830;0.99342;0.75;0.25;2.00542;93.83860;101.96000;97.42000;37.09000;2005.2;275.0;177.0;46.0;22.38;0.000;0.17498;0.04096;0.00;0.000;0.000;0.749;0.565;0.000;0.557;49.944;3.03;-1.21;19137.1;1855.10;17.57;3.40;1.41;306832.36;56017.52;24859.38;22070.9;13.90;2.54;1.13;22/03/2024 16:08:31;
23/03/2024;3;2.0TD;3;0.000081586903000000;0.238;1.322405881;62.094980;0.557;2.195;59.342980;0.65;22.95830;0.99342;0.75;0.25;2.00542;93.83860;101.96000;97.42000;37.09000;2005.2;275.0;177.0;46.0;22.42;0.000;0.17498;0.04096;0.00;0.000;0.000;0.719;0.565;0.000;0.557;47.934;0.90;-2.00;18747.4;1951.00;17.61;3.40;1.41;285904.80;57766.80;24859.38;20934.1;13.66;2.76;1.19;22/03/2024 16:08:31;
23/03/2024;4;2.0TD;3;0.000075266632000000;0.240;1.334330716;64.871729;0.557;2.195;62.119729;2.30;22.95830;0.99342;0.75;0.25;2.00542;93.83860;101.96000;97.42000;37.09000;2005.2;275.0;177.0;46.0;22.90;0.000;0.17498;0.04096;0.00;0.000;0.000;0.751;0.565;0.000;0.557;50.096;2.71;-1.36;18892.1;2225.60;18.09;3.40;1.41;313330.00;56342.24;0.00;20435.6;15.33;2.76;0.00;22/03/2024 16:08:31;
23/03/2024;5;2.0TD;3;0.000072447343000000;0.242;1.341926343;64.555853;0.557;2.195;61.803853;1.65;22.95830;0.99342;0.75;0.25;2.00542;93.83860;101.96000;97.42000;37.09000;2005.2;275.0;177.0;46.0;23.22;0.000;0.17498;0.04096;0.00;0.000;0.000;0.746;0.565;0.000;0.557;49.761;2.05;-2.00;18925.9;2104.40;18.41;3.40;1.41;313710.12;56949.76;0.00;20134.6;15.58;2.83;0.00;22/03/2024 16:08:31;
23/03/2024;6;2.0TD;3;0.000073162832000000;0.240;1.334185820;64.482369;0.557;2.195;61.730369;1.62;22.95830;0.99342;0.75;0.25;2.00542;93.83860;101.96000;97.42000;37.09000;2005.2;275.0;177.0;46.0;23.27;0.000;0.17498;0.04096;0.00;0.000;0.000;0.747;0.565;0.000;0.557;49.782;2.00;-2.00;19161.1;2024.40;18.46;3.40;1.41;313557.12;56949.76;0.00;20070.4;15.62;2.84;0.00;22/03/2024 16:08:31;
23/03/2024;7;2.0TD;3;0.000076228572000000;0.236;1.311681487;63.843223;0.557;2.195;61.091223;1.73;22.95830;0.99342;0.75;0.25;2.00542;93.83860;101.96000;97.42000;37.09000;2005.2;275.0;177.0;46.0;22.81;0.000;0.17498;0.04096;0.00;0.000;0.000;0.741;0.565;0.000;0.557;49.426;2.10;-2.00;19559.5;1975.50;18.00;3.40;1.41;313437.08;56886.20;0.00;20573.1;15.24;2.77;0.00;22/03/2024 16:08:31;
23/03/2024;8;2.0TD;3;0.000080079590000000;0.225;1.252748239;61.645781;0.557;2.195;58.893781;1.92;22.95830;0.99342;0.75;0.25;2.00542;93.83860;101.96000;97.42000;37.09000;2005.2;275.0;177.0;46.0;21.29;0.000;0.17498;0.04096;0.00;0.000;0.000;0.721;0.565;0.000;0.557;48.076;2.30;-2.00;20274.7;1991.00;16.48;3.40;1.41;295184.80;56802.56;0.00;21353.2;13.82;2.66;0.00;22/03/2024 16:08:31;
23/03/2024;9;2.0TD;3;0.000096836175000000;0.199;1.107303307;53.225771;0.557;2.195;50.473771;0.24;22.95830;0.99342;0.75;0.25;2.00542;93.83860;101.96000;97.42000;37.09000;2005.2;275.0;177.0;46.0;17.08;0.000;0.17498;0.04096;0.00;0.000;0.000;0.631;0.565;0.000;0.557;42.096;0.43;-2.00;21840.3;1944.50;12.27;3.40;1.41;205876.08;66404.92;0.00;22193.6;9.28;2.99;0.00;22/03/2024 16:08:31;
23/03/2024;10;2.0TD;3;0.000119192644000000;0.176;0.979989639;50.252470;0.557;2.195;47.500470;-0.15;22.95830;0.99342;0.75;0.25;2.00542;93.83860;101.96000;97.42000;37.09000;2005.2;275.0;177.0;46.0;15.79;0.000;0.17498;0.04096;0.00;0.000;0.000;0.606;0.565;0.000;0.557;40.391;0.00;-2.00;24050.7;2006.40;10.98;3.40;1.41;190298.76;66952.08;0.00;23425.9;8.12;2.86;0.00;22/03/2024 16:08:31;
23/03/2024;11;2.0TD;3;0.000131320768000000;0.169;0.939116470;49.506805;0.557;2.195;46.754805;-0.15;22.95830;0.99342;0.75;0.25;2.00542;93.83860;101.96000;97.42000;37.09000;2005.2;275.0;177.0;46.0;15.40;0.000;0.17498;0.04096;0.00;0.000;0.000;0.600;0.565;0.000;0.557;39.995;0.00;-2.00;25147.2;2061.00;10.59;3.40;1.41;190299.04;64260.72;0.00;24035.7;7.92;2.67;0.00;22/03/2024 16:08:31;
23/03/2024;12;2.0TD;3;0.000132280957000000;0.166;0.924869878;45.977434;0.557;2.195;43.225434;-0.24;22.95830;0.99342;0.75;0.25;2.00542;93.83860;101.96000;97.42000;37.09000;2005.2;275.0;177.0;46.0;12.61;0.000;0.17498;0.04096;0.00;0.000;0.000;0.556;0.565;0.000;0.557;37.071;0.00;-3.00;23316.5;2008.40;7.80;3.40;1.41;167294.56;20670.00;0.00;24105.0;6.94;0.86;0.00;22/03/2024 16:08:31;
23/03/2024;13;2.0TD;3;0.000131423124000000;0.166;0.919554015;46.404190;0.557;2.195;43.652190;-0.23;22.95830;0.99342;0.75;0.25;2.00542;93.83860;101.96000;97.42000;37.09000;2005.2;275.0;177.0;46.0;12.96;0.000;0.17498;0.04096;0.00;0.000;0.000;0.562;0.565;0.000;0.557;37.437;0.00;-3.00;24789.8;2051.10;8.15;3.40;1.41;175214.80;19312.60;0.00;23870.1;7.34;0.81;0.00;22/03/2024 16:08:31;
23/03/2024;14;2.0TD;3;0.000138416628000000;0.160;0.891391632;45.755005;0.557;2.195;43.003005;-0.23;22.95830;0.99342;0.75;0.25;2.00542;93.83860;101.96000;97.42000;37.09000;2005.2;275.0;177.0;46.0;12.60;0.000;0.17498;0.04096;0.00;0.000;0.000;0.556;0.565;0.000;0.557;37.071;0.00;-3.00;24867.3;2062.70;7.79;3.40;1.41;167294.20;18484.32;0.00;23851.4;7.01;0.77;0.00;22/03/2024 16:08:31;
23/03/2024;15;2.0TD;3;0.000137624722000000;0.163;0.906966781;46.042996;0.557;2.195;43.290996;-0.30;22.95830;0.99342;0.75;0.25;2.00542;93.83860;101.96000;97.42000;37.09000;2005.2;275.0;177.0;46.0;12.82;0.000;0.17498;0.04096;0.00;0.000;0.000;0.558;0.565;0.000;0.557;37.223;0.00;-4.00;24594.0;1985.80;8.01;3.40;1.41;167294.16;20670.00;0.00;23474.7;7.13;0.88;0.00;22/03/2024 16:08:31;
23/03/2024;16;2.0TD;3;0.000123147346000000;0.178;0.990120222;46.445853;0.557;2.195;43.693853;-0.30;22.95830;0.99342;0.75;0.25;2.00542;93.83860;101.96000;97.42000;37.09000;2005.2;275.0;177.0;46.0;12.69;0.000;0.17498;0.04096;0.00;0.000;0.000;0.556;0.565;0.000;0.557;37.091;0.00;-4.00;24011.9;1953.10;7.88;3.40;1.41;158264.68;20683.00;0.00;22700.4;6.97;0.91;0.00;22/03/2024 16:08:31;
23/03/2024;17;2.0TD;3;0.000114911986000000;0.189;1.048180526;51.272184;0.557;2.195;48.520184;-0.23;22.95830;0.99342;0.75;0.25;2.00542;93.83860;101.96000;97.42000;37.09000;2005.2;275.0;177.0;46.0;16.28;0.000;0.17498;0.04096;0.00;0.000;0.000;0.612;0.565;0.000;0.557;40.807;0.00;-3.00;24207.9;2067.30;11.47;3.40;1.41;190298.96;64260.72;0.00;22197.8;8.57;2.89;0.00;22/03/2024 16:08:31;
23/03/2024;18;2.0TD;3;0.000112717717000000;0.193;1.074803669;52.053388;0.557;2.195;49.301388;0.23;22.95830;0.99342;0.75;0.25;2.00542;93.83860;101.96000;97.42000;37.09000;2005.2;275.0;177.0;46.0;16.33;0.000;0.17498;0.04096;0.00;0.000;0.000;0.620;0.565;0.000;0.557;41.325;0.43;-2.00;23778.5;2165.60;11.52;3.40;1.41;190092.72;66590.72;0.00;22275.3;8.53;2.99;0.00;22/03/2024 16:08:31;
23/03/2024;19;2.0TD;3;0.000116892963000000;0.205;1.141127319;52.720405;0.557;2.195;49.968405;3.19;22.95830;0.99342;0.75;0.25;2.00542;93.83860;101.96000;97.42000;37.09000;2005.2;275.0;177.0;46.0;13.51;0.000;0.17498;0.04096;0.00;0.000;0.000;0.622;0.565;0.000;0.557;41.467;3.19;3.17;22076.7;2051.40;8.70;3.40;1.41;171681.12;29427.60;0.00;23127.4;7.42;1.27;0.00;22/03/2024 16:08:31;
23/03/2024;20;2.0TD;3;0.000134711405000000;0.216;1.197755449;51.645604;0.557;2.195;48.893604;3.20;22.95830;0.99342;0.75;0.25;2.00542;93.83860;101.96000;97.42000;37.09000;2005.2;275.0;177.0;46.0;12.26;0.000;0.17498;0.04096;0.00;0.000;0.000;0.603;0.565;0.000;0.557;40.208;3.20;3.20;21659.9;1667.40;7.45;3.40;1.41;170804.56;15900.00;0.00;25059.6;6.82;0.63;0.00;22/03/2024 16:08:31;
23/03/2024;21;2.0TD;3;0.000156602046000000;0.217;1.204506567;58.333067;0.557;2.195;55.581067;9.01;22.95830;0.99342;0.75;0.25;2.00542;93.83860;101.96000;97.42000;37.09000;2005.2;275.0;177.0;46.0;11.83;0.000;0.17498;0.04096;0.00;0.000;0.000;0.685;0.565;0.000;0.557;45.670;9.01;8.96;22187.0;1525.60;7.02;3.40;1.41;165097.56;19128.00;0.00;26249.8;6.29;0.73;0.00;22/03/2024 16:08:31;
23/03/2024;22;2.0TD;3;0.000163726069000000;0.215;1.192717850;57.106916;0.557;2.195;54.354916;7.18;22.95830;0.99342;0.75;0.25;2.00542;93.83860;101.96000;97.42000;37.09000;2005.2;275.0;177.0;46.0;12.74;0.000;0.17498;0.04096;0.00;0.000;0.000;0.671;0.565;0.000;0.557;44.736;7.18;7.18;21965.5;1690.30;7.93;3.40;1.41;167304.68;14664.80;24859.38;26080.7;6.41;0.56;0.95;22/03/2024 16:08:31;
23/03/2024;23;2.0TD;3;0.000153259270000000;0.217;1.206143949;53.193676;0.557;2.195;50.441676;3.13;22.95830;0.99342;0.75;0.25;2.00542;93.83860;101.96000;97.42000;37.09000;2005.2;275.0;177.0;46.0;13.55;0.000;0.17498;0.04096;0.00;0.000;0.000;0.622;0.565;0.000;0.557;41.447;3.20;2.20;20371.1;1553.90;8.74;3.40;1.41;171351.64;15940.00;24859.38;24263.3;7.06;0.66;1.02;22/03/2024 16:08:31;
23/03/2024;24;2.0TD;3;0.000134082220000000;0.223;1.240715731;54.546730;0.557;2.195;51.794730;3.16;22.95830;0.99342;0.75;0.25;2.00542;93.83860;101.96000;97.42000;37.09000;2005.2;275.0;177.0;46.0;14.41;0.000;0.17498;0.04096;0.00;0.000;0.000;0.635;0.565;0.000;0.557;42.350;3.20;2.70;21051.1;1765.50;9.60;3.40;1.41;171536.88;19740.80;24859.38;22498.8;7.62;0.88;1.10;22/03/2024 16:08:31;
*
