pvpcdata;
2024;09;10;12;19;02;
15/08/2024;1;2.0TD;3;0.000113973909000000;0.180;0.999274411;126.700488;0.557;2.195;123.948488;74.24;11.19090;0.93153;0.75;0.25;44.29042;89.05400;101.96000;73.51000;75.32000;2430.4;275.0;234.0;57.0;17.08;0.000;0.17498;0.04096;0.00;0.000;1.576;0.947;0.000;0.557;105.041;74.23;74.34;19046.2;1198.50;12.95;3.08;1.05;241445.00;65792.00;24859.38;25637.4;9.42;2.57;0.97;14/08/2024 16:15:14;
15/08/2024;2;2.0TD;3;0.000101746647000000;0.180;0.997515729;114.912288;0.557;2.195;112.160288;61.77;11.19090;0.93153;0.75;0.25;44.29042;89.05400;101.96000;73.51000;75.32000;2430.4;275.0;234.0;57.0;19.71;0.000;0.17498;0.04096;0.00;0.000;1.426;0.947;0.000;0.557;95.051;61.77;61.77;18439.7;1254.00;15.58;3.08;1.05;278449.92;72658.88;24859.38;24123.6;11.54;3.01;1.03;14/08/2024 16:15:14;
15/08/2024;3;2.0TD;3;0.000091411609000000;0.180;0.997488688;117.870548;0.557;2.195;115.118548;61.77;11.19090;0.93153;0.75;0.25;44.29042;89.05400;101.96000;73.51000;75.32000;2430.4;275.0;234.0;57.0;22.18;0.000;0.17498;0.04096;0.00;0.000;1.463;0.947;0.000;0.557;97.558;61.77;61.77;17925.8;1253.30;18.05;3.08;1.05;315698.36;72892.56;24859.38;22908.2;13.78;3.18;1.09;14/08/2024 16:15:14;
15/08/2024;4;2.0TD;3;0.000084539245000000;0.178;0.990549635;113.310942;0.557;2.195;110.558942;61.28;11.19090;0.93153;0.75;0.25;44.29042;89.05400;101.96000;73.51000;75.32000;2430.4;275.0;234.0;57.0;19.02;0.000;0.17498;0.04096;0.00;0.000;1.408;0.947;0.000;0.557;93.853;61.28;61.28;17634.7;1369.30;14.89;3.08;1.05;255096.60;71257.92;0.00;21914.5;11.64;3.25;0.00;14/08/2024 16:15:14;
15/08/2024;5;2.0TD;3;0.000080532589000000;0.180;0.998010408;113.905748;0.557;2.195;111.153748;61.28;11.19090;0.93153;0.75;0.25;44.29042;89.05400;101.96000;73.51000;75.32000;2430.4;275.0;234.0;57.0;19.36;0.000;0.17498;0.04096;0.00;0.000;1.413;0.947;0.000;0.557;94.198;61.28;61.28;17360.9;1394.00;15.23;3.08;1.05;254330.00;71347.44;0.00;21384.1;11.89;3.34;0.00;14/08/2024 16:15:14;
15/08/2024;6;2.0TD;3;0.000078113092000000;0.178;0.987415828;113.908188;0.557;2.195;111.156188;61.28;11.19090;0.93153;0.75;0.25;44.29042;89.05400;101.96000;73.51000;75.32000;2430.4;275.0;234.0;57.0;19.52;0.000;0.17498;0.04096;0.00;0.000;1.415;0.947;0.000;0.557;94.360;61.28;61.28;17102.6;1327.90;15.39;3.08;1.05;253288.72;71302.68;0.00;21088.0;12.01;3.38;0.00;14/08/2024 16:15:14;
15/08/2024;7;2.0TD;3;0.000077148928000000;0.176;0.977706005;111.833164;0.557;2.195;109.081164;61.41;11.19090;0.93153;0.75;0.25;44.29042;89.05400;101.96000;73.51000;75.32000;2430.4;275.0;234.0;57.0;17.81;0.000;0.17498;0.04096;0.00;0.000;1.391;0.947;0.000;0.557;92.756;61.41;61.41;17041.9;1492.50;13.68;3.08;1.05;215463.28;74089.12;0.00;21163.2;10.18;3.50;0.00;14/08/2024 16:15:14;
15/08/2024;8;2.0TD;3;0.000073042822000000;0.175;0.973200278;111.931933;0.557;2.195;109.179933;61.67;11.19090;0.93153;0.75;0.25;44.29042;89.05400;101.96000;73.51000;75.32000;2430.4;275.0;234.0;57.0;17.71;0.000;0.17498;0.04096;0.00;0.000;1.394;0.947;0.000;0.557;92.919;61.67;61.67;16639.8;1327.90;13.58;3.08;1.05;212043.48;72722.56;0.00;20963.4;10.11;3.47;0.00;14/08/2024 16:15:14;
15/08/2024;9;2.0TD;3;0.000076121779000000;0.168;0.931440752;110.095979;0.557;2.195;107.343979;50.04;11.19090;0.93153;0.75;0.25;44.29042;89.05400;101.96000;73.51000;75.32000;2430.4;275.0;234.0;57.0;28.34;0.000;0.17498;0.04096;0.00;0.000;1.379;0.947;0.000;0.557;91.904;49.65;57.65;19509.8;1001.30;24.21;3.08;1.05;164831.24;350592.32;0.00;21285.6;7.74;16.47;0.00;14/08/2024 16:15:14;
15/08/2024;10;2.0TD;3;0.000086645259000000;0.157;0.873698010;45.983411;0.557;2.195;43.231411;4.11;11.19090;0.93153;0.75;0.25;44.29042;89.05400;101.96000;73.51000;75.32000;2430.4;275.0;234.0;57.0;20.55;0.000;0.17498;0.04096;0.00;0.000;0.560;0.947;0.000;0.557;37.365;3.60;14.00;24048.9;1228.30;16.42;3.08;1.05;260852.88;110023.76;0.00;22582.9;11.55;4.87;0.00;14/08/2024 16:15:14;
15/08/2024;11;2.0TD;3;0.000096623177000000;0.154;0.857177220;33.675844;0.557;2.195;30.923844;0.00;11.19090;0.93153;0.75;0.25;44.29042;89.05400;101.96000;73.51000;75.32000;2430.4;275.0;234.0;57.0;14.25;0.000;0.17498;0.04096;0.00;0.000;0.402;0.947;0.000;0.557;26.797;0.00;0.00;25067.2;1486.40;10.12;3.08;1.05;236171.16;4764.00;0.00;23799.1;9.92;0.20;0.00;14/08/2024 16:15:14;
15/08/2024;12;2.0TD;3;0.000102720910000000;0.155;0.860767985;37.630796;0.557;2.195;34.878796;0.00;11.19090;0.93153;0.75;0.25;44.29042;89.05400;101.96000;73.51000;75.32000;2430.4;275.0;234.0;57.0;17.60;0.000;0.17498;0.04096;0.00;0.000;0.453;0.947;0.000;0.557;30.198;0.00;0.00;25422.2;1428.40;13.47;3.08;1.05;334489.36;383.04;0.00;24852.9;13.46;0.02;0.00;14/08/2024 16:15:14;
15/08/2024;13;2.0TD;3;0.000107690183000000;0.157;0.870647657;37.185583;0.557;2.195;34.433583;0.00;11.19090;0.93153;0.75;0.25;44.29042;89.05400;101.96000;73.51000;75.32000;2430.4;275.0;234.0;57.0;17.17;0.000;0.17498;0.04096;0.00;0.000;0.446;0.947;0.000;0.557;29.761;0.00;0.00;26133.2;1539.40;13.04;3.08;1.05;333849.04;700.92;0.00;25646.5;13.02;0.03;0.00;14/08/2024 16:15:14;
15/08/2024;14;2.0TD;3;0.000116299421000000;0.156;0.866680360;36.604410;0.557;2.195;33.852410;0.00;11.19090;0.93153;0.75;0.25;44.29042;89.05400;101.96000;73.51000;75.32000;2430.4;275.0;234.0;57.0;16.70;0.000;0.17498;0.04096;0.00;0.000;0.439;0.947;0.000;0.557;29.284;0.00;0.01;27032.1;1468.00;12.57;3.08;1.05;332863.20;433.44;0.00;26506.3;12.56;0.02;0.00;14/08/2024 16:15:14;
15/08/2024;15;2.0TD;3;0.000121791832000000;0.156;0.865163160;36.323502;0.557;2.195;33.571502;0.02;11.19090;0.93153;0.75;0.25;44.29042;89.05400;101.96000;73.51000;75.32000;2430.4;275.0;234.0;57.0;16.44;0.000;0.17498;0.04096;0.00;0.000;0.436;0.947;0.000;0.557;29.041;0.00;0.44;27300.9;1327.80;12.31;3.08;1.05;332503.00;332.00;0.00;27027.6;12.30;0.01;0.00;14/08/2024 16:15:14;
15/08/2024;16;2.0TD;3;0.000118106965000000;0.159;0.882240773;36.645902;0.557;2.195;33.893902;0.02;11.19090;0.93153;0.75;0.25;44.29042;89.05400;101.96000;73.51000;75.32000;2430.4;275.0;234.0;57.0;16.64;0.000;0.17498;0.04096;0.00;0.000;0.439;0.947;0.000;0.557;29.244;0.00;0.44;27085.4;1247.70;12.51;3.08;1.05;332731.36;516.16;0.00;26647.5;12.49;0.02;0.00;14/08/2024 16:15:14;
15/08/2024;17;2.0TD;3;0.000115360790000000;0.162;0.900324377;36.933499;0.557;2.195;34.181499;0.02;11.19090;0.93153;0.75;0.25;44.29042;89.05400;101.96000;73.51000;75.32000;2430.4;275.0;234.0;57.0;16.81;0.000;0.17498;0.04096;0.00;0.000;0.441;0.947;0.000;0.557;29.416;0.00;0.44;26723.7;1292.10;12.68;3.08;1.05;333328.68;701.36;0.00;26349.7;12.65;0.03;0.00;14/08/2024 16:15:14;
15/08/2024;18;2.0TD;3;0.000115785146000000;0.166;0.923833719;39.170951;0.557;2.195;36.418951;1.87;11.19090;0.93153;0.75;0.25;44.29042;89.05400;101.96000;73.51000;75.32000;2430.4;275.0;234.0;57.0;16.75;0.000;0.17498;0.04096;0.00;0.000;0.469;0.947;0.000;0.557;31.234;1.53;9.00;26932.5;1288.40;12.62;3.08;1.05;331019.04;1987.72;0.00;26377.8;12.55;0.08;0.00;14/08/2024 16:15:14;
15/08/2024;19;2.0TD;3;0.000117653013000000;0.172;0.953682444;54.468952;0.557;2.195;51.716952;16.37;11.19090;0.93153;0.75;0.25;44.29042;89.05400;101.96000;73.51000;75.32000;2430.4;275.0;234.0;57.0;14.95;0.000;0.17498;0.04096;0.00;0.000;0.662;0.947;0.000;0.557;44.127;15.98;25.16;26683.0;1188.60;10.82;3.08;1.05;258033.12;31640.40;0.00;26778.8;9.64;1.18;0.00;14/08/2024 16:15:14;
15/08/2024;20;2.0TD;3;0.000119501980000000;0.181;1.005244200;112.573299;0.557;2.195;109.821299;62.81;11.19090;0.93153;0.75;0.25;44.29042;89.05400;101.96000;73.51000;75.32000;2430.4;275.0;234.0;57.0;16.64;0.000;0.17498;0.04096;0.00;0.000;1.395;0.947;0.000;0.557;92.990;62.00;77.00;21806.7;1242.80;12.51;3.08;1.05;136491.16;198502.48;0.00;26772.2;5.10;7.41;0.00;14/08/2024 16:15:14;
15/08/2024;21;2.0TD;3;0.000123640580000000;0.188;1.044754804;159.393473;0.557;2.195;156.641473;97.88;11.19090;0.93153;0.75;0.25;44.29042;89.05400;101.96000;73.51000;75.32000;2430.4;275.0;234.0;57.0;19.85;0.000;0.17498;0.04096;0.00;0.000;1.978;0.947;0.000;0.557;131.853;97.64;101.33;20033.9;1367.10;15.72;3.08;1.05;182728.16;238100.00;0.00;26769.9;6.83;8.89;0.00;14/08/2024 16:15:14;
15/08/2024;22;2.0TD;3;0.000140864167000000;0.186;1.033222557;178.141347;0.557;2.195;175.389347;117.13;11.19090;0.93153;0.75;0.25;44.29042;89.05400;101.96000;73.51000;75.32000;2430.4;275.0;234.0;57.0;16.39;0.000;0.17498;0.04096;0.00;0.000;2.218;0.947;0.000;0.557;147.883;117.13;117.13;19975.8;1445.50;12.26;3.08;1.05;256412.56;58030.56;24859.38;27676.3;9.26;2.10;0.90;14/08/2024 16:15:14;
15/08/2024;23;2.0TD;3;0.000141295053000000;0.185;1.029595792;168.321494;0.557;2.195;165.569494;112.45;11.19090;0.93153;0.75;0.25;44.29042;89.05400;101.96000;73.51000;75.32000;2430.4;275.0;234.0;57.0;13.03;0.000;0.17498;0.04096;0.00;0.000;2.096;0.947;0.000;0.557;139.721;112.45;112.45;19990.9;1447.30;8.90;3.08;1.05;193400.28;25376.24;24859.38;27392.1;7.06;0.93;0.91;14/08/2024 16:15:14;
15/08/2024;24;2.0TD;3;0.000127264331000000;0.185;1.025052725;154.907294;0.557;2.195;152.155294;98.38;11.19090;0.93153;0.75;0.25;44.29042;89.05400;101.96000;73.51000;75.32000;2430.4;275.0;234.0;57.0;15.95;0.000;0.17498;0.04096;0.00;0.000;1.926;0.947;0.000;0.557;128.401;98.30;99.58;18776.1;1191.20;11.82;3.08;1.05;217823.92;57885.12;24859.38;25429.0;8.57;2.28;0.98;14/08/2024 16:15:14;
*
