pvpcdata;
2024;03;11;12;38;20;
01/02/2024;1;2.0TD;3;0.000112132122000000;0.235;1.304528988;111.882162;0.557;2.195;109.130162;68.82;6.50207;0.79283;0.75;0.25;70.94833;96.95660;101.96000;97.42000;68.27000;2522.6;275.0;177.0;48.0;11.73;0.000;0.17498;0.03702;0.00;0.000;0.000;1.325;0.565;0.000;0.557;88.364;69.00;66.00;14332.0;919.90;6.70;3.48;1.55;114700.68;30139.56;24859.38;25305.4;4.53;1.19;0.98;31/01/2024 20:01:57;
01/02/2024;2;2.0TD;3;0.000091768050000000;0.244;1.356318845;104.065231;0.557;2.195;101.313231;60.14;6.50207;0.79283;0.75;0.25;70.94833;96.95660;101.96000;97.42000;68.27000;2522.6;275.0;177.0;48.0;13.59;0.000;0.17498;0.03702;0.00;0.000;0.000;1.222;0.565;0.000;0.557;81.441;60.44;55.44;13961.5;885.00;8.56;3.48;1.55;127874.72;51134.40;24859.38;23797.3;5.37;2.15;1.04;31/01/2024 20:01:57;
01/02/2024;3;2.0TD;3;0.000080882846000000;0.251;1.392710523;99.466189;0.557;2.195;96.714189;55.10;6.50207;0.79283;0.75;0.25;70.94833;96.95660;101.96000;97.42000;68.27000;2522.6;275.0;177.0;48.0;14.56;0.000;0.17498;0.03702;0.00;0.000;0.000;1.160;0.565;0.000;0.557;77.309;55.10;55.10;14546.4;1236.20;9.53;3.48;1.55;140190.28;52408.64;24859.38;22825.2;6.14;2.30;1.09;31/01/2024 20:01:57;
01/02/2024;4;2.0TD;3;0.000075528709000000;0.252;1.402464529;99.454607;0.557;2.195;96.702607;54.60;6.50207;0.79283;0.75;0.25;70.94833;96.95660;101.96000;97.42000;68.27000;2522.6;275.0;177.0;48.0;14.99;0.000;0.17498;0.03702;0.00;0.000;0.000;1.159;0.565;0.000;0.557;77.238;54.60;54.60;14361.7;1096.90;9.96;3.48;1.55;168603.32;54510.08;0.00;22396.8;7.53;2.43;0.00;31/01/2024 20:01:57;
01/02/2024;5;2.0TD;3;0.000073697500000000;0.251;1.392523777;97.954981;0.557;2.195;95.202981;53.47;6.50207;0.79283;0.75;0.25;70.94833;96.95660;101.96000;97.42000;68.27000;2522.6;275.0;177.0;48.0;15.00;0.000;0.17498;0.03702;0.00;0.000;0.000;1.142;0.565;0.000;0.557;76.101;53.47;53.47;14739.7;1081.20;9.97;3.48;1.55;170625.72;52090.24;0.00;22340.5;7.64;2.33;0.00;31/01/2024 20:01:57;
01/02/2024;6;2.0TD;3;0.000076288876000000;0.247;1.372198659;104.625046;0.557;2.195;101.873046;59.82;6.50207;0.79283;0.75;0.25;70.94833;96.95660;101.96000;97.42000;68.27000;2522.6;275.0;177.0;48.0;14.16;0.000;0.17498;0.03702;0.00;0.000;0.000;1.225;0.565;0.000;0.557;81.694;59.82;59.77;12902.0;828.40;9.13;3.48;1.55;162266.64;46295.36;0.00;22855.4;7.10;2.03;0.00;31/01/2024 20:01:57;
01/02/2024;7;2.0TD;3;0.000088018766000000;0.232;1.290256354;114.932381;0.557;2.195;112.180381;72.18;6.50207;0.79283;0.75;0.25;70.94833;96.95660;101.96000;97.42000;68.27000;2522.6;275.0;177.0;48.0;11.02;0.000;0.17498;0.03702;0.00;0.000;0.000;1.366;0.565;0.000;0.557;91.055;72.42;69.24;14188.5;1181.70;5.99;3.48;1.55;103315.44;24866.40;24859.38;25514.3;4.05;0.97;0.97;31/01/2024 20:01:57;
01/02/2024;8;2.0TD;3;0.000114102250000000;0.217;1.207546379;130.060549;0.557;2.195;127.308549;88.71;6.50207;0.79283;0.75;0.25;70.94833;96.95660;101.96000;97.42000;68.27000;2522.6;275.0;177.0;48.0;7.84;0.000;0.17498;0.03702;0.00;0.000;0.000;1.569;0.565;0.000;0.557;104.608;88.76;87.86;16319.3;913.60;2.81;3.48;1.55;44800.40;13423.20;24859.38;29535.5;1.52;0.45;0.84;31/01/2024 20:01:57;
01/02/2024;9;2.0TD;2;0.000125213311000000;0.205;1.257651226;162.075287;19.184;8.779;134.112287;95.76;6.50207;0.79283;0.75;0.25;70.94833;96.95660;101.96000;97.42000;68.27000;2522.6;275.0;177.0;48.0;7.20;0.178;0.17498;0.03702;0.00;0.000;0.000;1.669;0.565;0.000;0.557;111.296;95.76;95.76;18416.3;874.20;2.17;3.48;1.55;25548.88;18984.24;24859.38;31997.2;0.80;0.59;0.78;31/01/2024 20:01:57;
01/02/2024;10;2.0TD;2;0.000127398192000000;0.194;1.192613771;152.959879;19.184;8.779;124.996879;88.76;6.50207;0.79283;0.75;0.25;70.94833;96.95660;101.96000;97.42000;68.27000;2522.6;275.0;177.0;48.0;7.69;0.178;0.17498;0.03702;0.00;0.000;0.000;1.570;0.565;0.000;0.557;104.687;88.77;88.62;18713.6;1021.80;2.66;3.48;1.55;32802.60;27545.36;24859.38;32062.1;1.02;0.86;0.78;31/01/2024 20:01:57;
01/02/2024;11;2.0TD;1;0.000130341292000000;0.190;1.139835593;173.451469;33.081;43.893;96.477469;62.53;6.50207;0.79283;0.75;0.25;70.94833;96.95660;101.96000;97.42000;68.27000;2522.6;275.0;177.0;48.0;9.77;1.068;0.17498;0.03702;0.00;0.000;0.000;1.216;0.565;0.000;0.557;81.073;62.80;57.80;20326.7;1172.20;4.74;3.48;1.55;65228.56;62860.00;24859.38;32247.0;2.02;1.95;0.77;31/01/2024 20:01:57;
01/02/2024;12;2.0TD;1;0.000127953730000000;0.192;1.150393875;166.268512;33.081;43.893;89.294512;55.97;6.50207;0.79283;0.75;0.25;70.94833;96.95660;101.96000;97.42000;68.27000;2522.6;275.0;177.0;48.0;10.26;1.068;0.17498;0.03702;0.00;0.000;0.000;1.124;0.565;0.000;0.557;74.911;55.98;55.83;20814.8;1327.80;5.23;3.48;1.55;66917.64;72845.76;24859.38;31494.3;2.12;2.31;0.79;31/01/2024 20:01:57;
01/02/2024;13;2.0TD;1;0.000127406087000000;0.191;1.141187777;164.342787;33.081;43.893;87.368787;54.44;6.50207;0.79283;0.75;0.25;70.94833;96.95660;101.96000;97.42000;68.27000;2522.6;275.0;177.0;48.0;10.26;1.068;0.17498;0.03702;0.00;0.000;0.000;1.100;0.565;0.000;0.557;73.357;54.44;54.43;21663.1;1368.30;5.23;3.48;1.55;72414.40;65380.80;24859.38;31089.2;2.33;2.10;0.80;31/01/2024 20:01:57;
01/02/2024;14;2.0TD;1;0.000133191350000000;0.187;1.120415433;163.976950;33.081;43.893;87.002950;54.00;6.50207;0.79283;0.75;0.25;70.94833;96.95660;101.96000;97.42000;68.27000;2522.6;275.0;177.0;48.0;10.64;1.068;0.17498;0.03702;0.00;0.000;0.000;1.099;0.565;0.000;0.557;73.296;54.00;53.99;21880.4;1252.50;5.61;3.48;1.55;72560.80;75444.48;24859.38;30839.5;2.35;2.45;0.81;31/01/2024 20:01:57;
01/02/2024;15;2.0TD;2;0.000133967235000000;0.185;1.136934610;114.038442;19.184;8.779;86.075442;54.44;6.50207;0.79283;0.75;0.25;70.94833;96.95660;101.96000;97.42000;68.27000;2522.6;275.0;177.0;48.0;10.44;0.178;0.17498;0.03702;0.00;0.000;0.000;1.090;0.565;0.000;0.557;72.637;54.44;54.43;22311.1;1168.70;5.41;3.48;1.55;67689.12;72713.76;24859.38;30526.4;2.22;2.38;0.81;31/01/2024 20:01:57;
01/02/2024;16;2.0TD;2;0.000128012869000000;0.191;1.171852068;115.259136;19.184;8.779;87.296136;54.60;6.50207;0.79283;0.75;0.25;70.94833;96.95660;101.96000;97.42000;68.27000;2522.6;275.0;177.0;48.0;10.93;0.178;0.17498;0.03702;0.00;0.000;0.000;1.099;0.565;0.000;0.557;73.296;54.60;54.60;22425.1;1129.40;5.90;3.48;1.55;63062.12;89450.00;24859.38;30052.9;2.10;2.98;0.83;31/01/2024 20:01:57;
01/02/2024;17;2.0TD;2;0.000123919322000000;0.195;1.194203108;122.262247;19.184;8.779;94.299247;60.30;6.50207;0.79283;0.75;0.25;70.94833;96.95660;101.96000;97.42000;68.27000;2522.6;275.0;177.0;48.0;10.76;0.178;0.17498;0.03702;0.00;0.000;0.000;1.184;0.565;0.000;0.557;78.911;60.44;57.47;21157.7;1053.40;5.73;3.48;1.55;58436.60;88291.36;24859.38;29927.3;1.95;2.95;0.83;31/01/2024 20:01:57;
01/02/2024;18;2.0TD;2;0.000126618567000000;0.196;1.200464944;138.671342;19.184;8.779;110.708342;75.83;6.50207;0.79283;0.75;0.25;70.94833;96.95660;101.96000;97.42000;68.27000;2522.6;275.0;177.0;48.0;8.68;0.178;0.17498;0.03702;0.00;0.000;0.000;1.388;0.565;0.000;0.557;92.565;76.00;73.00;19238.5;1136.00;3.65;3.48;1.55;46136.00;37099.92;24859.38;29662.3;1.56;1.25;0.84;31/01/2024 20:01:57;
01/02/2024;19;2.0TD;1;0.000141559737000000;0.195;1.168644808;218.065862;33.081;43.893;141.091862;101.70;6.50207;0.79283;0.75;0.25;70.94833;96.95660;101.96000;97.42000;68.27000;2522.6;275.0;177.0;48.0;7.04;1.068;0.17498;0.03702;0.00;0.000;0.000;1.771;0.565;0.000;0.557;118.068;101.89;98.94;18909.0;1279.30;2.01;3.48;1.55;23488.88;12656.16;24859.38;30362.9;0.77;0.42;0.82;31/01/2024 20:01:57;
01/02/2024;20;2.0TD;1;0.000168840800000000;0.195;1.168578660;216.198077;33.081;43.893;139.224077;98.76;6.50207;0.79283;0.75;0.25;70.94833;96.95660;101.96000;97.42000;68.27000;2522.6;275.0;177.0;48.0;8.44;1.068;0.17498;0.03702;0.00;0.000;0.000;1.748;0.565;0.000;0.557;116.505;99.05;95.15;17972.8;1433.60;3.41;3.48;1.55;71582.60;12656.16;24859.38;32064.9;2.23;0.39;0.78;31/01/2024 20:01:57;
01/02/2024;21;2.0TD;1;0.000185253725000000;0.194;1.163467798;210.117541;33.081;43.893;133.143541;93.75;6.50207;0.79283;0.75;0.25;70.94833;96.95660;101.96000;97.42000;68.27000;2522.6;275.0;177.0;48.0;8.53;1.068;0.17498;0.03702;0.00;0.000;0.000;1.673;0.565;0.000;0.557;111.510;94.00;90.50;18705.4;1425.00;3.50;3.48;1.55;72092.92;17578.00;24859.38;32703.3;2.20;0.54;0.76;31/01/2024 20:01:57;
01/02/2024;22;2.0TD;1;0.000187300753000000;0.196;1.173838063;198.222690;33.081;43.893;121.248690;83.57;6.50207;0.79283;0.75;0.25;70.94833;96.95660;101.96000;97.42000;68.27000;2522.6;275.0;177.0;48.0;8.73;1.068;0.17498;0.03702;0.00;0.000;0.000;1.521;0.565;0.000;0.557;101.378;83.66;82.36;17790.7;1375.80;3.70;3.48;1.55;78365.36;13678.88;24859.38;31587.0;2.48;0.43;0.79;31/01/2024 20:01:57;
01/02/2024;23;2.0TD;2;0.000169701604000000;0.201;1.235789041;148.218534;19.184;8.779;120.255534;81.91;6.50207;0.79283;0.75;0.25;70.94833;96.95660;101.96000;97.42000;68.27000;2522.6;275.0;177.0;48.0;10.05;0.178;0.17498;0.03702;0.00;0.000;0.000;1.502;0.565;0.000;0.557;100.129;82.13;79.14;16228.9;1316.30;5.02;3.48;1.55;80811.92;38942.40;24859.38;28821.1;2.80;1.35;0.86;31/01/2024 20:01:57;
01/02/2024;24;2.0TD;2;0.000140533828000000;0.206;1.264722943;134.356927;19.184;8.779;106.393927;71.21;6.50207;0.79283;0.75;0.25;70.94833;96.95660;101.96000;97.42000;68.27000;2522.6;275.0;177.0;48.0;9.02;0.178;0.17498;0.03702;0.00;0.000;0.000;1.323;0.565;0.000;0.557;88.220;71.19;71.49;16025.5;1021.30;3.99;3.48;1.55;24659.24;54264.00;24859.38;26006.6;0.95;2.09;0.96;31/01/2024 20:01:57;
*
