pvpcdata;
2024;02;09;12;01;36;
10/01/2024;1;2.0TD;3;0.000128330144000000;0.239;1.327200233;129.704400;0.557;2.195;126.952400;92.33;-0.64664;0.67712;0.75;0.25;100.87917;98.29260;101.96000;97.42000;81.63000;3036.4;275.0;177.0;62.0;7.70;0.000;0.17498;0.03702;0.00;0.000;0.000;1.537;0.565;0.000;0.557;102.463;92.33;92.33;14698.9;926.90;2.56;3.56;1.58;30393.92;12679.92;24859.38;26563.7;1.14;0.48;0.94;09/01/2024 16:05:53;
10/01/2024;2;2.0TD;3;0.000104434216000000;0.247;1.370562399;128.017639;0.557;2.195;125.265639;90.12;-0.64664;0.67712;0.75;0.25;100.87917;98.29260;101.96000;97.42000;81.63000;3036.4;275.0;177.0;62.0;7.93;0.000;0.17498;0.03702;0.00;0.000;0.000;1.507;0.565;0.000;0.557;100.453;90.12;90.12;13864.6;1005.20;2.79;3.56;1.58;32157.72;11847.40;24859.38;24701.1;1.30;0.48;1.01;09/01/2024 16:05:53;
10/01/2024;3;2.0TD;3;0.000091704179000000;0.253;1.406571612;125.134514;0.557;2.195;122.382514;87.01;-0.64664;0.67712;0.75;0.25;100.87917;98.29260;101.96000;97.42000;81.63000;3036.4;275.0;177.0;62.0;8.30;0.000;0.17498;0.03702;0.00;0.000;0.000;1.465;0.565;0.000;0.557;97.671;87.01;86.98;13853.0;1005.80;3.16;3.56;1.58;34830.08;14409.00;24859.38;23466.8;1.48;0.61;1.06;09/01/2024 16:05:53;
10/01/2024;4;2.0TD;3;0.000085328663000000;0.256;1.422330616;122.571385;0.557;2.195;119.819385;85.80;-0.64664;0.67712;0.75;0.25;100.87917;98.29260;101.96000;97.42000;81.63000;3036.4;275.0;177.0;62.0;7.27;0.000;0.17498;0.03702;0.00;0.000;0.000;1.431;0.565;0.000;0.557;95.397;85.80;85.80;14050.3;1284.80;2.13;3.56;1.58;35634.24;13448.40;0.00;22993.4;1.55;0.58;0.00;09/01/2024 16:05:53;
10/01/2024;5;2.0TD;3;0.000083085918000000;0.254;1.410588717;121.349802;0.557;2.195;118.597802;85.00;-0.64664;0.67712;0.75;0.25;100.87917;98.29260;101.96000;97.42000;81.63000;3036.4;275.0;177.0;62.0;7.26;0.000;0.17498;0.03702;0.00;0.000;0.000;1.419;0.565;0.000;0.557;94.575;85.00;85.00;14062.1;1233.90;2.12;3.56;1.58;36414.32;12039.52;0.00;22894.8;1.59;0.53;0.00;09/01/2024 16:05:53;
10/01/2024;6;2.0TD;3;0.000085343790000000;0.247;1.374691521;122.320096;0.557;2.195;119.568096;86.30;-0.64664;0.67712;0.75;0.25;100.87917;98.29260;101.96000;97.42000;81.63000;3036.4;275.0;177.0;62.0;7.25;0.000;0.17498;0.03702;0.00;0.000;0.000;1.438;0.565;0.000;0.557;95.884;86.30;86.30;13841.5;1290.80;2.11;3.56;1.58;35299.64;14409.00;0.00;23511.5;1.50;0.61;0.00;09/01/2024 16:05:53;
10/01/2024;7;2.0TD;3;0.000096839812000000;0.227;1.262124602;132.971792;0.557;2.195;130.219792;94.99;-0.64664;0.67712;0.75;0.25;100.87917;98.29260;101.96000;97.42000;81.63000;3036.4;275.0;177.0;62.0;8.65;0.000;0.17498;0.03702;0.00;0.000;0.000;1.592;0.565;0.000;0.557;106.128;95.00;94.85;15428.4;1046.10;3.51;3.56;1.58;52964.76;14391.00;24859.38;26268.4;2.02;0.55;0.95;09/01/2024 16:05:53;
10/01/2024;8;2.0TD;3;0.000124068090000000;0.212;1.180338099;140.915879;0.557;2.195;138.163879;103.94;-0.64664;0.67712;0.75;0.25;100.87917;98.29260;101.96000;97.42000;81.63000;3036.4;275.0;177.0;62.0;7.45;0.000;0.17498;0.03702;0.00;0.000;0.000;1.710;0.565;0.000;0.557;113.996;103.94;103.94;18364.7;1158.90;2.31;3.56;1.58;26671.52;19520.00;24859.38;30805.7;0.87;0.63;0.81;09/01/2024 16:05:53;
10/01/2024;9;2.0TD;2;0.000139474530000000;0.198;1.216178714;186.104510;19.184;8.779;158.141510;121.40;-0.64664;0.67712;0.75;0.25;100.87917;98.29260;101.96000;97.42000;81.63000;3036.4;275.0;177.0;62.0;7.55;0.178;0.17498;0.03702;0.00;0.000;0.000;1.980;0.565;0.000;0.557;132.004;121.40;121.40;20375.0;1488.40;2.41;3.56;1.58;19582.68;36192.24;24859.38;33423.8;0.59;1.08;0.74;09/01/2024 16:05:53;
10/01/2024;10;2.0TD;2;0.000144168932000000;0.189;1.161228162;184.832050;19.184;8.779;156.869050;121.40;-0.64664;0.67712;0.75;0.25;100.87917;98.29260;101.96000;97.42000;81.63000;3036.4;275.0;177.0;62.0;7.48;0.178;0.17498;0.03702;0.00;0.000;0.000;1.979;0.565;0.000;0.557;131.933;121.40;121.40;20833.4;1520.70;2.34;3.56;1.58;19585.40;35235.20;24859.38;34008.2;0.58;1.04;0.73;09/01/2024 16:05:53;
10/01/2024;11;2.0TD;1;0.000150339448000000;0.181;1.086183503;214.454918;33.081;43.893;137.480918;105.38;-0.64664;0.67712;0.75;0.25;100.87917;98.29260;101.96000;97.42000;81.63000;3036.4;275.0;177.0;62.0;7.32;1.068;0.17498;0.03702;0.00;0.000;0.000;1.746;0.565;0.000;0.557;116.410;105.38;105.38;20988.2;1441.80;2.18;3.56;1.58;25946.76;23688.00;24859.38;34202.6;0.76;0.69;0.73;09/01/2024 16:05:53;
10/01/2024;12;2.0TD;1;0.000148424046000000;0.180;1.079600317;210.888187;33.081;43.893;133.914187;102.66;-0.64664;0.67712;0.75;0.25;100.87917;98.29260;101.96000;97.42000;81.63000;3036.4;275.0;177.0;62.0;7.16;1.068;0.17498;0.03702;0.00;0.000;0.000;1.702;0.565;0.000;0.557;113.486;102.97;97.85;21018.8;1333.00;2.02;3.56;1.58;26772.28;17024.00;24859.38;33972.1;0.79;0.50;0.73;09/01/2024 16:05:53;
10/01/2024;13;2.0TD;1;0.000147332402000000;0.177;1.059231442;206.880196;33.081;43.893;129.906196;99.42;-0.64664;0.67712;0.75;0.25;100.87917;98.29260;101.96000;97.42000;81.63000;3036.4;275.0;177.0;62.0;7.33;1.068;0.17498;0.03702;0.00;0.000;0.000;1.656;0.565;0.000;0.557;110.370;99.99;91.99;20606.3;1580.50;2.19;3.56;1.58;33773.64;15872.00;24859.38;33933.3;1.00;0.47;0.73;09/01/2024 16:05:53;
10/01/2024;14;2.0TD;1;0.000154180895000000;0.175;1.045822012;204.571479;33.081;43.893;127.597479;97.73;-0.64664;0.67712;0.75;0.25;100.87917;98.29260;101.96000;97.42000;81.63000;3036.4;275.0;177.0;62.0;7.27;1.068;0.17498;0.03702;0.00;0.000;0.000;1.629;0.565;0.000;0.557;108.593;98.50;87.39;20901.7;1559.80;2.13;3.56;1.58;34503.60;12743.96;24859.38;33855.2;1.02;0.38;0.73;09/01/2024 16:05:53;
10/01/2024;15;2.0TD;2;0.000156387802000000;0.175;1.073955560;149.929879;19.184;8.779;121.966879;94.05;-0.64664;0.67712;0.75;0.25;100.87917;98.29260;101.96000;97.42000;81.63000;3036.4;275.0;177.0;62.0;7.12;0.178;0.17498;0.03702;0.00;0.000;0.000;1.557;0.565;0.000;0.557;103.801;94.76;85.12;20611.9;1643.40;1.98;3.56;1.58;30516.52;11207.00;24859.38;33548.1;0.91;0.33;0.74;09/01/2024 16:05:53;
10/01/2024;16;2.0TD;2;0.000150878125000000;0.182;1.116728437;150.896437;19.184;8.779;122.933437;94.15;-0.64664;0.67712;0.75;0.25;100.87917;98.29260;101.96000;97.42000;81.63000;3036.4;275.0;177.0;62.0;7.22;0.178;0.17498;0.03702;0.00;0.000;0.000;1.560;0.565;0.000;0.557;104.004;94.73;86.18;20245.1;1472.60;2.08;3.56;1.58;30518.08;13327.40;24859.38;33023.1;0.92;0.40;0.75;09/01/2024 16:05:53;
10/01/2024;17;2.0TD;2;0.000146722591000000;0.187;1.147928312;156.779326;19.184;8.779;128.816326;98.50;-0.64664;0.67712;0.75;0.25;100.87917;98.29260;101.96000;97.42000;81.63000;3036.4;275.0;177.0;62.0;7.32;0.178;0.17498;0.03702;0.00;0.000;0.000;1.628;0.565;0.000;0.557;108.522;99.37;86.93;19965.8;1503.80;2.18;3.56;1.58;28627.20;18010.00;24859.38;32867.8;0.87;0.55;0.76;09/01/2024 16:05:53;
10/01/2024;18;2.0TD;2;0.000151900704000000;0.192;1.177159138;162.392707;19.184;8.779;134.429707;102.70;-0.64664;0.67712;0.75;0.25;100.87917;98.29260;101.96000;97.42000;81.63000;3036.4;275.0;177.0;62.0;7.31;0.178;0.17498;0.03702;0.00;0.000;0.000;1.692;0.565;0.000;0.557;112.776;102.70;102.70;20373.5;1555.50;2.17;3.56;1.58;26329.40;20891.60;24859.38;33234.0;0.79;0.63;0.75;09/01/2024 16:05:53;
10/01/2024;19;2.0TD;1;0.000174134216000000;0.196;1.173202250;223.134289;33.081;43.893;146.160289;111.29;-0.64664;0.67712;0.75;0.25;100.87917;98.29260;101.96000;97.42000;81.63000;3036.4;275.0;177.0;62.0;7.12;1.068;0.17498;0.03702;0.00;0.000;0.000;1.833;0.565;0.000;0.557;122.207;111.29;111.29;21416.3;1535.00;1.98;3.56;1.58;23515.84;19970.40;24859.38;34582.4;0.68;0.58;0.72;09/01/2024 16:05:53;
10/01/2024;20;2.0TD;1;0.000194784134000000;0.199;1.191020084;235.880587;33.081;43.893;158.906587;121.40;-0.64664;0.67712;0.75;0.25;100.87917;98.29260;101.96000;97.42000;81.63000;3036.4;275.0;177.0;62.0;7.18;1.068;0.17498;0.03702;0.00;0.000;0.000;1.988;0.565;0.000;0.557;132.532;121.40;121.40;21797.3;1677.90;2.04;3.56;1.58;19285.80;27264.00;24859.38;35113.9;0.55;0.78;0.71;09/01/2024 16:05:53;
10/01/2024;21;2.0TD;1;0.000208884535000000;0.201;1.205947822;234.475061;33.081;43.893;157.501061;120.00;-0.64664;0.67712;0.75;0.25;100.87917;98.29260;101.96000;97.42000;81.63000;3036.4;275.0;177.0;62.0;7.21;1.068;0.17498;0.03702;0.00;0.000;0.000;1.967;0.565;0.000;0.557;131.141;120.00;120.00;21472.6;1663.30;2.07;3.56;1.58;19910.56;28864.00;24859.38;35554.5;0.56;0.81;0.70;09/01/2024 16:05:53;
10/01/2024;22;2.0TD;1;0.000211245030000000;0.203;1.216533393;219.642100;33.081;43.893;142.668100;107.71;-0.64664;0.67712;0.75;0.25;100.87917;98.29260;101.96000;97.42000;81.63000;3036.4;275.0;177.0;62.0;7.14;1.068;0.17498;0.03702;0.00;0.000;0.000;1.779;0.565;0.000;0.557;118.593;107.71;107.71;20230.7;1530.80;2.00;3.56;1.58;24187.84;20219.80;24859.38;34711.7;0.70;0.58;0.72;09/01/2024 16:05:53;
10/01/2024;23;2.0TD;2;0.000192403732000000;0.208;1.277838230;162.331980;19.184;8.779;134.368980;101.09;-0.64664;0.67712;0.75;0.25;100.87917;98.29260;101.96000;97.42000;81.63000;3036.4;275.0;177.0;62.0;7.40;0.178;0.17498;0.03702;0.00;0.000;0.000;1.668;0.565;0.000;0.557;111.232;101.32;97.85;17899.4;1256.60;2.26;3.56;1.58;27738.44;19083.92;24859.38;31741.3;0.87;0.60;0.78;09/01/2024 16:05:53;
10/01/2024;24;2.0TD;2;0.000160460386000000;0.215;1.320302019;151.467263;19.184;8.779;123.504263;92.14;-0.64664;0.67712;0.75;0.25;100.87917;98.29260;101.96000;97.42000;81.63000;3036.4;275.0;177.0;62.0;6.91;0.178;0.17498;0.03702;0.00;0.000;0.000;1.525;0.565;0.000;0.557;101.649;92.68;85.00;16414.0;1235.70;1.77;3.56;1.58;6642.56;19083.92;24859.38;28427.4;0.23;0.67;0.87;09/01/2024 16:05:53;
*
