pvpcdata;
2024;03;11;12;38;27;
09/02/2024;1;2.0TD;3;0.000112821429000000;0.226;1.255630220;61.530620;0.557;2.195;58.778620;22.55;14.19509;0.78055;0.75;0.25;40.17625;96.95660;101.96000;97.42000;68.27000;2562.3;275.0;177.0;48.0;12.26;0.000;0.17498;0.03702;0.00;0.000;0.000;0.719;0.565;0.000;0.557;47.943;22.04;33.11;21301.7;1027.30;7.23;3.48;1.55;71091.80;87729.36;24859.38;25415.8;2.80;3.45;0.98;08/02/2024 16:22:01;
09/02/2024;2;2.0TD;3;0.000092717472000000;0.236;1.309629186;49.023402;0.557;2.195;46.271402;11.40;14.19509;0.78055;0.75;0.25;40.17625;96.95660;101.96000;97.42000;68.27000;2562.3;275.0;177.0;48.0;13.06;0.000;0.17498;0.03702;0.00;0.000;0.000;0.562;0.565;0.000;0.557;37.436;11.17;16.17;20938.4;1004.70;8.03;3.48;1.55;78680.08;90248.40;24859.38;24139.2;3.26;3.74;1.03;08/02/2024 16:22:01;
09/02/2024;3;2.0TD;3;0.000081752090000000;0.238;1.322105545;43.278437;0.557;2.195;40.526437;5.14;14.19509;0.78055;0.75;0.25;40.17625;96.95660;101.96000;97.42000;68.27000;2562.3;275.0;177.0;48.0;14.69;0.000;0.17498;0.03702;0.00;0.000;0.000;0.491;0.565;0.000;0.557;32.735;5.00;7.99;20393.5;1023.00;9.66;3.48;1.55;102019.28;96931.52;24859.38;23161.0;4.40;4.19;1.07;08/02/2024 16:22:01;
09/02/2024;4;2.0TD;3;0.000076152575000000;0.242;1.342372940;40.786275;0.557;2.195;38.034275;3.20;14.19509;0.78055;0.75;0.25;40.17625;96.95660;101.96000;97.42000;68.27000;2562.3;275.0;177.0;48.0;14.55;0.000;0.17498;0.03702;0.00;0.000;0.000;0.459;0.565;0.000;0.557;30.623;3.20;3.20;19759.2;1193.80;9.52;3.48;1.55;120112.24;99090.04;0.00;23035.7;5.21;4.30;0.00;08/02/2024 16:22:01;
09/02/2024;5;2.0TD;3;0.000074358434000000;0.241;1.341386672;41.310378;0.557;2.195;38.558378;3.20;14.19509;0.78055;0.75;0.25;40.17625;96.95660;101.96000;97.42000;68.27000;2562.3;275.0;177.0;48.0;14.99;0.000;0.17498;0.03702;0.00;0.000;0.000;0.466;0.565;0.000;0.557;31.070;3.20;3.20;19702.2;1201.00;9.96;3.48;1.55;120131.40;108819.60;0.00;22990.9;5.23;4.73;0.00;08/02/2024 16:22:01;
09/02/2024;6;2.0TD;3;0.000076690776000000;0.236;1.313116043;51.206178;0.557;2.195;48.454178;11.36;14.19509;0.78055;0.75;0.25;40.17625;96.95660;101.96000;97.42000;68.27000;2562.3;275.0;177.0;48.0;14.84;0.000;0.17498;0.03702;0.00;0.000;0.000;0.588;0.565;0.000;0.557;39.202;11.14;16.14;19579.6;899.70;9.81;3.48;1.55;113767.88;114962.28;0.00;23313.4;4.88;4.93;0.00;08/02/2024 16:22:01;
09/02/2024;7;2.0TD;3;0.000088458199000000;0.220;1.223062224;71.684940;0.557;2.195;68.932940;29.82;14.19509;0.78055;0.75;0.25;40.17625;96.95660;101.96000;97.42000;68.27000;2562.3;275.0;177.0;48.0;13.42;0.000;0.17498;0.03702;0.00;0.000;0.000;0.848;0.565;0.000;0.557;56.502;29.62;34.74;18592.4;752.30;8.39;3.48;1.55;97471.52;94640.84;24859.38;25848.9;3.77;3.66;0.96;08/02/2024 16:22:01;
09/02/2024;8;2.0TD;3;0.000114067805000000;0.210;1.168792146;91.241005;0.557;2.195;88.489005;49.46;14.19509;0.78055;0.75;0.25;40.17625;96.95660;101.96000;97.42000;68.27000;2562.3;275.0;177.0;48.0;10.16;0.000;0.17498;0.03702;0.00;0.000;0.000;1.097;0.565;0.000;0.557;73.131;48.92;60.01;18864.7;969.40;5.13;3.48;1.55;73052.08;54353.16;24859.38;29687.7;2.46;1.83;0.84;08/02/2024 16:22:01;
09/02/2024;9;2.0TD;2;0.000125577993000000;0.200;1.224294793;126.353891;19.184;8.779;98.390891;57.98;14.19509;0.78055;0.75;0.25;40.17625;96.95660;101.96000;97.42000;68.27000;2562.3;275.0;177.0;48.0;10.19;0.178;0.17498;0.03702;0.00;0.000;0.000;1.230;0.565;0.000;0.557;81.992;57.84;60.84;20359.6;968.70;5.16;3.48;1.55;67816.20;72190.56;24859.38;31938.0;2.12;2.26;0.78;08/02/2024 16:22:01;
09/02/2024;10;2.0TD;2;0.000129335809000000;0.192;1.176633046;133.672432;19.184;8.779;105.709432;65.04;14.19509;0.78055;0.75;0.25;40.17625;96.95660;101.96000;97.42000;68.27000;2562.3;275.0;177.0;48.0;9.72;0.178;0.17498;0.03702;0.00;0.000;0.000;1.330;0.565;0.000;0.557;88.682;65.00;65.93;20357.4;906.70;4.69;3.48;1.55;62541.68;63722.88;24859.38;32218.6;1.94;1.98;0.77;08/02/2024 16:22:01;
09/02/2024;11;2.0TD;1;0.000132612356000000;0.188;1.126424600;184.886466;33.081;43.893;107.912466;66.45;14.19509;0.78055;0.75;0.25;40.17625;96.95660;101.96000;97.42000;68.27000;2562.3;275.0;177.0;48.0;9.54;1.068;0.17498;0.03702;0.00;0.000;0.000;1.363;0.565;0.000;0.557;90.835;66.35;68.35;19564.4;993.00;4.51;3.48;1.55;66512.32;53820.00;24859.38;32137.1;2.07;1.67;0.77;08/02/2024 16:22:01;
09/02/2024;12;2.0TD;1;0.000129986173000000;0.190;1.136420722;175.051907;33.081;43.893;98.077907;57.99;14.19509;0.78055;0.75;0.25;40.17625;96.95660;101.96000;97.42000;68.27000;2562.3;275.0;177.0;48.0;9.71;1.068;0.17498;0.03702;0.00;0.000;0.000;1.236;0.565;0.000;0.557;82.418;57.84;60.83;19700.5;1022.00;4.68;3.48;1.55;77856.28;47820.00;24859.38;32171.0;2.42;1.49;0.77;08/02/2024 16:22:01;
09/02/2024;13;2.0TD;1;0.000128579961000000;0.185;1.105606006;166.567595;33.081;43.893;89.593595;50.93;14.19509;0.78055;0.75;0.25;40.17625;96.95660;101.96000;97.42000;68.27000;2562.3;275.0;177.0;48.0;10.06;1.068;0.17498;0.03702;0.00;0.000;0.000;1.134;0.565;0.000;0.557;75.606;50.56;56.54;19603.3;1282.30;5.03;3.48;1.55;87663.16;47977.60;24859.38;31897.8;2.75;1.50;0.78;08/02/2024 16:22:01;
09/02/2024;14;2.0TD;1;0.000133998519000000;0.182;1.088051148;162.116308;33.081;43.893;85.142308;47.08;14.19509;0.78055;0.75;0.25;40.17625;96.95660;101.96000;97.42000;68.27000;2562.3;275.0;177.0;48.0;10.39;1.068;0.17498;0.03702;0.00;0.000;0.000;1.080;0.565;0.000;0.557;72.032;46.73;51.73;18515.5;1407.70;5.36;3.48;1.55;91162.96;54621.00;24859.38;31864.9;2.86;1.71;0.78;08/02/2024 16:22:01;
09/02/2024;15;2.0TD;2;0.000135408389000000;0.180;1.107278641;113.740043;19.184;8.779;85.777043;48.37;14.19509;0.78055;0.75;0.25;40.17625;96.95660;101.96000;97.42000;68.27000;2562.3;275.0;177.0;48.0;10.64;0.178;0.17498;0.03702;0.00;0.000;0.000;1.090;0.565;0.000;0.557;72.692;47.99;53.97;19321.1;1318.00;5.61;3.48;1.55;84837.76;65050.04;24859.38;31186.9;2.72;2.09;0.80;08/02/2024 16:22:01;
09/02/2024;16;2.0TD;2;0.000130317228000000;0.185;1.134524727;112.937465;19.184;8.779;84.974465;47.19;14.19509;0.78055;0.75;0.25;40.17625;96.95660;101.96000;97.42000;68.27000;2562.3;275.0;177.0;48.0;10.85;0.178;0.17498;0.03702;0.00;0.000;0.000;1.076;0.565;0.000;0.557;71.708;46.73;54.49;19271.0;1219.70;5.82;3.48;1.55;85918.92;66197.56;24859.38;30400.3;2.83;2.18;0.82;08/02/2024 16:22:01;
09/02/2024;17;2.0TD;2;0.000126008407000000;0.187;1.150193202;111.079600;19.184;8.779;83.116600;45.52;14.19509;0.78055;0.75;0.25;40.17625;96.95660;101.96000;97.42000;68.27000;2562.3;275.0;177.0;48.0;10.86;0.178;0.17498;0.03702;0.00;0.000;0.000;1.050;0.565;0.000;0.557;70.022;44.99;53.98;19111.1;1190.40;5.83;3.48;1.55;87433.16;62790.00;24859.38;30025.3;2.91;2.09;0.83;08/02/2024 16:22:01;
09/02/2024;18;2.0TD;2;0.000127563516000000;0.190;1.168358986;107.218677;19.184;8.779;79.255677;42.32;14.19509;0.78055;0.75;0.25;40.17625;96.95660;101.96000;97.42000;68.27000;2562.3;275.0;177.0;48.0;10.69;0.178;0.17498;0.03702;0.00;0.000;0.000;0.999;0.565;0.000;0.557;66.601;42.00;47.98;19283.5;1080.60;5.66;3.48;1.55;90395.04;55930.56;24859.38;30233.7;2.99;1.85;0.82;08/02/2024 16:22:01;
09/02/2024;19;2.0TD;1;0.000138815975000000;0.196;1.173244537;159.301150;33.081;43.893;82.327150;44.79;14.19509;0.78055;0.75;0.25;40.17625;96.95660;101.96000;97.42000;68.27000;2562.3;275.0;177.0;48.0;9.53;1.068;0.17498;0.03702;0.00;0.000;0.000;1.033;0.565;0.000;0.557;68.835;44.46;50.01;19375.2;1225.90;4.50;3.48;1.55;60303.52;54323.52;24859.38;30995.3;1.95;1.75;0.80;08/02/2024 16:22:01;
09/02/2024;20;2.0TD;1;0.000161726547000000;0.200;1.200411176;177.630491;33.081;43.893;100.656491;60.10;14.19509;0.78055;0.75;0.25;40.17625;96.95660;101.96000;97.42000;68.27000;2562.3;275.0;177.0;48.0;9.04;1.068;0.17498;0.03702;0.00;0.000;0.000;1.258;0.565;0.000;0.557;83.880;59.95;63.16;20110.5;977.30;4.01;3.48;1.55;46480.96;58209.60;24859.38;32286.3;1.44;1.80;0.77;08/02/2024 16:22:01;
09/02/2024;21;2.0TD;1;0.000173395820000000;0.202;1.210981042;185.376862;33.081;43.893;108.402862;66.50;14.19509;0.78055;0.75;0.25;40.17625;96.95660;101.96000;97.42000;68.27000;2562.3;275.0;177.0;48.0;8.85;1.068;0.17498;0.03702;0.00;0.000;0.000;1.353;0.565;0.000;0.557;90.185;66.35;69.34;20096.0;1060.90;3.82;3.48;1.55;43463.76;55181.52;24859.38;32320.1;1.34;1.71;0.77;08/02/2024 16:22:01;
09/02/2024;22;2.0TD;1;0.000177661945000000;0.202;1.207248579;172.307516;33.081;43.893;95.333516;55.16;14.19509;0.78055;0.75;0.25;40.17625;96.95660;101.96000;97.42000;68.27000;2562.3;275.0;177.0;48.0;9.48;1.068;0.17498;0.03702;0.00;0.000;0.000;1.190;0.565;0.000;0.557;79.312;55.02;58.00;19946.1;975.70;4.45;3.48;1.55;49637.20;67097.16;24859.38;31784.3;1.56;2.11;0.78;08/02/2024 16:22:01;
09/02/2024;23;2.0TD;2;0.000166248614000000;0.207;1.272802892;109.356332;19.184;8.779;81.393332;43.67;14.19509;0.78055;0.75;0.25;40.17625;96.95660;101.96000;97.42000;68.27000;2562.3;275.0;177.0;48.0;10.16;0.178;0.17498;0.03702;0.00;0.000;0.000;1.012;0.565;0.000;0.557;67.434;43.13;50.01;17962.5;1530.30;5.13;3.48;1.55;55053.08;69478.20;24859.38;29126.6;1.89;2.39;0.85;08/02/2024 16:22:01;
09/02/2024;24;2.0TD;2;0.000144728202000000;0.214;1.313859432;100.042319;19.184;8.779;72.079319;35.00;14.19509;0.78055;0.75;0.25;40.17625;96.95660;101.96000;97.42000;68.27000;2562.3;275.0;177.0;48.0;10.89;0.178;0.17498;0.03702;0.00;0.000;0.000;0.891;0.565;0.000;0.557;59.373;35.00;35.00;17699.8;1060.00;5.86;3.48;1.55;60852.32;72500.80;24859.38;26992.1;2.25;2.69;0.92;08/02/2024 16:22:01;
*
