pvpcdata;
2024;10;09;11;29;30;
08/09/2024;1;2.0TD;3;0.000098616476000000;0.173;0.961172107;165.257582;0.557;2.195;162.505582;120.71;5.73188;1.16716;0.75;0.25;67.75750;90.68500;101.96000;73.51000;91.63000;1908.9;275.0;234.0;48.0;7.34;0.000;0.17498;0.04096;0.00;0.000;2.078;0.947;0.000;0.557;138.538;120.86;118.58;17023.8;1175.50;3.21;3.08;1.05;32687.16;15468.64;24859.38;22707.7;1.44;0.68;1.09;07/09/2024 16:08:51;
08/09/2024;2;2.0TD;3;0.000086842645000000;0.180;1.001126804;161.471951;0.557;2.195;158.719951;117.00;5.73188;1.16716;0.75;0.25;67.75750;90.68500;101.96000;73.51000;91.63000;1908.9;275.0;234.0;48.0;7.08;0.000;0.17498;0.04096;0.00;0.000;2.018;0.947;0.000;0.557;134.508;117.14;115.14;15975.5;1174.70;2.95;3.08;1.05;36576.72;26974.24;0.00;21538.6;1.70;1.25;0.00;07/09/2024 16:08:51;
08/09/2024;3;2.0TD;3;0.000077849049000000;0.184;1.023396550;159.232321;0.557;2.195;156.480321;114.22;5.73188;1.16716;0.75;0.25;67.75750;90.68500;101.96000;73.51000;91.63000;1908.9;275.0;234.0;48.0;7.55;0.000;0.17498;0.04096;0.00;0.000;1.982;0.947;0.000;0.557;132.162;114.32;113.06;15085.9;1230.90;3.42;3.08;1.05;38771.28;31561.20;0.00;20549.8;1.89;1.54;0.00;07/09/2024 16:08:51;
08/09/2024;4;2.0TD;3;0.000072221210000000;0.188;1.046997618;155.540006;0.557;2.195;152.788006;109.77;5.73188;1.16716;0.75;0.25;67.75750;90.68500;101.96000;73.51000;91.63000;1908.9;275.0;234.0;48.0;8.50;0.000;0.17498;0.04096;0.00;0.000;1.929;0.947;0.000;0.557;128.609;110.00;107.00;14311.7;1201.00;4.37;3.08;1.05;52107.16;35068.00;0.00;19962.5;2.61;1.76;0.00;07/09/2024 16:08:51;
08/09/2024;5;2.0TD;3;0.000069054691000000;0.191;1.059085873;153.834439;0.557;2.195;151.082439;107.57;5.73188;1.16716;0.75;0.25;67.75750;90.68500;101.96000;73.51000;91.63000;1908.9;275.0;234.0;48.0;8.97;0.000;0.17498;0.04096;0.00;0.000;1.903;0.947;0.000;0.557;126.853;107.80;104.93;14254.6;1231.20;4.84;3.08;1.05;54182.92;40806.40;0.00;19632.7;2.76;2.08;0.00;07/09/2024 16:08:51;
08/09/2024;6;2.0TD;3;0.000067591474000000;0.188;1.044580814;152.524862;0.557;2.195;149.772862;106.63;5.73188;1.16716;0.75;0.25;67.75750;90.68500;101.96000;73.51000;91.63000;1908.9;275.0;234.0;48.0;9.14;0.000;0.17498;0.04096;0.00;0.000;1.891;0.947;0.000;0.557;126.071;106.87;103.87;14012.4;1216.60;5.01;3.08;1.05;55312.92;42209.12;0.00;19474.3;2.84;2.17;0.00;07/09/2024 16:08:51;
08/09/2024;7;2.0TD;3;0.000067872808000000;0.182;1.012412440;155.031936;0.557;2.195;152.279936;109.87;5.73188;1.16716;0.75;0.25;67.75750;90.68500;101.96000;73.51000;91.63000;1908.9;275.0;234.0;48.0;8.62;0.000;0.17498;0.04096;0.00;0.000;1.932;0.947;0.000;0.557;128.832;110.11;107.17;14129.8;1282.10;4.49;3.08;1.05;50918.08;37698.56;0.00;19746.6;2.58;1.91;0.00;07/09/2024 16:08:51;
08/09/2024;8;2.0TD;3;0.000067649180000000;0.181;1.003341116;158.104794;0.557;2.195;155.352794;113.09;5.73188;1.16716;0.75;0.25;67.75750;90.68500;101.96000;73.51000;91.63000;1908.9;275.0;234.0;48.0;8.07;0.000;0.17498;0.04096;0.00;0.000;1.973;0.947;0.000;0.557;131.543;113.30;110.66;14376.7;1259.40;3.94;3.08;1.05;45827.84;33027.68;0.00;19999.9;2.29;1.65;0.00;07/09/2024 16:08:51;
08/09/2024;9;2.0TD;3;0.000069483497000000;0.169;0.939356135;154.948123;0.557;2.195;152.196123;107.67;5.73188;1.16716;0.75;0.25;67.75750;90.68500;101.96000;73.51000;91.63000;1908.9;275.0;234.0;48.0;12.16;0.000;0.17498;0.04096;0.00;0.000;1.953;0.947;0.000;0.557;130.193;108.04;103.48;14862.3;1315.20;8.03;3.08;1.05;54165.28;109653.20;0.00;20393.3;2.66;5.38;0.00;07/09/2024 16:08:51;
08/09/2024;10;2.0TD;3;0.000082143961000000;0.150;0.832009341;124.244248;0.557;2.195;121.492248;78.86;5.73188;1.16716;0.75;0.25;67.75750;90.68500;101.96000;73.51000;91.63000;1908.9;275.0;234.0;48.0;16.79;0.000;0.17498;0.04096;0.00;0.000;1.585;0.947;0.000;0.557;105.645;78.87;78.80;18758.1;1457.80;12.66;3.08;1.05;142382.52;136095.40;0.00;21990.6;6.47;6.19;0.00;07/09/2024 16:08:51;
08/09/2024;11;2.0TD;3;0.000092723888000000;0.141;0.784084304;39.298724;0.557;2.195;36.546724;8.49;5.73188;1.16716;0.75;0.25;67.75750;90.68500;101.96000;73.51000;91.63000;1908.9;275.0;234.0;48.0;14.65;0.000;0.17498;0.04096;0.00;0.000;0.480;0.947;0.000;0.557;32.030;8.29;14.76;22588.1;729.50;10.52;3.08;1.05;209250.36;34315.20;0.00;23157.1;9.04;1.48;0.00;07/09/2024 16:08:51;
08/09/2024;12;2.0TD;3;0.000097932104000000;0.140;0.776951276;28.492554;0.557;2.195;25.740554;0.44;5.73188;1.16716;0.75;0.25;67.75750;90.68500;101.96000;73.51000;91.63000;1908.9;275.0;234.0;48.0;13.39;0.000;0.17498;0.04096;0.00;0.000;0.339;0.947;0.000;0.557;22.579;0.44;0.44;23624.1;1155.60;9.26;3.08;1.05;218294.32;2438.08;0.00;23830.1;9.16;0.10;0.00;07/09/2024 16:08:51;
08/09/2024;13;2.0TD;3;0.000101689741000000;0.139;0.770301148;27.949451;0.557;2.195;25.197451;0.06;5.73188;1.16716;0.75;0.25;67.75750;90.68500;101.96000;73.51000;91.63000;1908.9;275.0;234.0;48.0;13.32;0.000;0.17498;0.04096;0.00;0.000;0.332;0.947;0.000;0.557;22.122;0.04;0.44;24469.4;1007.10;9.19;3.08;1.05;218505.40;1838.60;0.00;23973.7;9.11;0.08;0.00;07/09/2024 16:08:51;
08/09/2024;14;2.0TD;3;0.000109332708000000;0.138;0.768407531;27.510821;0.557;2.195;24.758821;-0.04;5.73188;1.16716;0.75;0.25;67.75750;90.68500;101.96000;73.51000;91.63000;1908.9;275.0;234.0;48.0;13.06;0.000;0.17498;0.04096;0.00;0.000;0.326;0.947;0.000;0.557;21.756;0.00;-1.00;24113.2;950.20;8.93;3.08;1.05;218600.40;1591.00;0.00;24651.0;8.87;0.06;0.00;07/09/2024 16:08:51;
08/09/2024;15;2.0TD;3;0.000111842489000000;0.138;0.765362240;27.373123;0.557;2.195;24.621123;-0.08;5.73188;1.16716;0.75;0.25;67.75750;90.68500;101.96000;73.51000;91.63000;1908.9;275.0;234.0;48.0;12.98;0.000;0.17498;0.04096;0.00;0.000;0.325;0.947;0.000;0.557;21.635;0.00;-2.58;24326.4;963.30;8.85;3.08;1.05;218413.68;1595.00;0.00;24867.2;8.78;0.06;0.00;07/09/2024 16:08:51;
08/09/2024;16;2.0TD;3;0.000102121727000000;0.142;0.787909586;29.661441;0.557;2.195;26.909441;-0.04;5.73188;1.16716;0.75;0.25;67.75750;90.68500;101.96000;73.51000;91.63000;1908.9;275.0;234.0;48.0;14.84;0.000;0.17498;0.04096;0.00;0.000;0.353;0.947;0.000;0.557;23.563;0.00;-1.00;24418.9;898.20;10.71;3.08;1.05;256334.20;1718.28;0.00;24105.6;10.63;0.07;0.00;07/09/2024 16:08:51;
08/09/2024;17;2.0TD;3;0.000098023853000000;0.147;0.817838540;29.837755;0.557;2.195;27.085755;-0.05;5.73188;1.16716;0.75;0.25;67.75750;90.68500;101.96000;73.51000;91.63000;1908.9;275.0;234.0;48.0;14.90;0.000;0.17498;0.04096;0.00;0.000;0.354;0.947;0.000;0.557;23.614;0.00;-1.21;24163.9;998.30;10.77;3.08;1.05;256210.00;1719.36;0.00;23958.1;10.69;0.07;0.00;07/09/2024 16:08:51;
08/09/2024;18;2.0TD;3;0.000098967115000000;0.156;0.866210251;30.120801;0.557;2.195;27.368801;-0.02;5.73188;1.16716;0.75;0.25;67.75750;90.68500;101.96000;73.51000;91.63000;1908.9;275.0;234.0;48.0;14.93;0.000;0.17498;0.04096;0.00;0.000;0.355;0.947;0.000;0.557;23.675;0.00;-0.50;24392.3;1085.00;10.80;3.08;1.05;256017.84;7596.80;0.00;24404.9;10.49;0.31;0.00;07/09/2024 16:08:51;
08/09/2024;19;2.0TD;3;0.000102902063000000;0.161;0.896302657;32.361486;0.557;2.195;29.609486;3.32;5.73188;1.16716;0.75;0.25;67.75750;90.68500;101.96000;73.51000;91.63000;1908.9;275.0;234.0;48.0;13.39;0.000;0.17498;0.04096;0.00;0.000;0.383;0.947;0.000;0.557;25.503;3.32;3.32;25153.9;1316.30;9.26;3.08;1.05;217264.60;15783.28;0.00;25164.8;8.63;0.63;0.00;07/09/2024 16:08:51;
08/09/2024;20;2.0TD;3;0.000107712663000000;0.162;0.899468639;121.560031;0.557;2.195;118.808031;76.18;5.73188;1.16716;0.75;0.25;67.75750;90.68500;101.96000;73.51000;91.63000;1908.9;275.0;234.0;48.0;16.12;0.000;0.17498;0.04096;0.00;0.000;1.534;0.947;0.000;0.557;102.244;76.16;76.92;19314.5;635.60;11.99;3.08;1.05;120653.68;173401.80;0.00;24523.0;4.92;7.07;0.00;07/09/2024 16:08:51;
08/09/2024;21;2.0TD;3;0.000123843676000000;0.157;0.874321852;151.459397;0.557;2.195;148.707397;106.58;5.73188;1.16716;0.75;0.25;67.75750;90.68500;101.96000;73.51000;91.63000;1908.9;275.0;234.0;48.0;11.61;0.000;0.17498;0.04096;0.00;0.000;1.928;0.947;0.000;0.557;128.528;106.87;102.36;18023.6;1252.00;7.48;3.08;1.05;151504.84;37726.08;0.00;25283.8;5.99;1.49;0.00;07/09/2024 16:08:51;
08/09/2024;22;2.0TD;3;0.000142185486000000;0.153;0.849154724;161.796166;0.557;2.195;159.044166;116.82;5.73188;1.16716;0.75;0.25;67.75750;90.68500;101.96000;73.51000;91.63000;1908.9;275.0;234.0;48.0;10.64;0.000;0.17498;0.04096;0.00;0.000;2.069;0.947;0.000;0.557;137.939;117.22;112.32;18535.8;1652.60;6.51;3.08;1.05;114005.56;33196.80;24859.38;26412.0;4.32;1.26;0.94;07/09/2024 16:08:51;
08/09/2024;23;2.0TD;3;0.000130076656000000;0.158;0.876643771;161.910338;0.557;2.195;159.158338;116.01;5.73188;1.16716;0.75;0.25;67.75750;90.68500;101.96000;73.51000;91.63000;1908.9;275.0;234.0;48.0;10.96;0.000;0.17498;0.04096;0.00;0.000;2.062;0.947;0.000;0.557;137.442;116.42;111.51;17724.1;1604.50;6.83;3.08;1.05;115365.72;32558.40;24859.38;25281.5;4.56;1.29;0.98;07/09/2024 16:08:51;
08/09/2024;24;2.0TD;3;0.000111965609000000;0.164;0.909920130;156.813724;0.557;2.195;154.061724;109.76;5.73188;1.16716;0.75;0.25;67.75750;90.68500;101.96000;73.51000;91.63000;1908.9;275.0;234.0;48.0;12.20;0.000;0.17498;0.04096;0.00;0.000;1.985;0.947;0.000;0.557;132.355;110.11;106.12;16849.4;1644.90;8.07;3.08;1.05;120069.16;45907.20;24859.38;23651.7;5.08;1.94;1.05;07/09/2024 16:08:51;
*
