pvpcdata;
2024;06;11;12;30;54;
03/05/2024;1;2.0TD;3;0.000084053232000000;0.187;1.036536155;79.383190;0.557;2.195;76.631190;35.19;12.32710;1.05218;0.75;0.25;26.11042;75.41880;101.96000;48.69000;28.32000;1862.8;275.0;154.0;61.0;13.71;0.000;0.17498;0.04096;0.00;0.000;0.968;0.947;0.000;0.557;64.558;35.01;38.00;18371.2;1174.40;9.30;3.16;1.25;152207.40;41942.88;24859.38;23563.3;6.46;1.78;1.06;02/05/2024 16:12:39;
03/05/2024;2;2.0TD;3;0.000070793178000000;0.190;1.057929320;80.084996;0.557;2.195;77.332996;35.08;12.32710;1.05218;0.75;0.25;26.11042;75.41880;101.96000;48.69000;28.32000;1862.8;275.0;154.0;61.0;14.24;0.000;0.17498;0.04096;0.00;0.000;0.975;0.947;0.000;0.557;64.985;35.01;35.95;17553.2;1367.90;9.83;3.16;1.25;150967.52;42453.60;24859.38;22216.3;6.80;1.91;1.12;02/05/2024 16:12:39;
03/05/2024;3;2.0TD;3;0.000062848510000000;0.190;1.058185379;81.184556;0.557;2.195;78.432556;34.92;12.32710;1.05218;0.75;0.25;26.11042;75.41880;101.96000;48.69000;28.32000;1862.8;275.0;154.0;61.0;15.31;0.000;0.17498;0.04096;0.00;0.000;0.989;0.947;0.000;0.557;65.909;35.00;34.00;16747.7;1407.20;10.90;3.16;1.25;167338.84;42772.80;24859.38;21554.6;7.76;1.98;1.15;02/05/2024 16:12:39;
03/05/2024;4;2.0TD;3;0.000059390663000000;0.189;1.051883117;79.886842;0.557;2.195;77.134842;34.90;12.32710;1.05218;0.75;0.25;26.11042;75.41880;101.96000;48.69000;28.32000;1862.8;275.0;154.0;61.0;14.31;0.000;0.17498;0.04096;0.00;0.000;0.973;0.947;0.000;0.557;64.873;35.00;33.70;16282.4;1388.60;9.90;3.16;1.25;166709.64;43028.16;0.00;21189.1;7.87;2.03;0.00;02/05/2024 16:12:39;
03/05/2024;5;2.0TD;3;0.000058022643000000;0.188;1.046132265;79.845728;0.557;2.195;77.093728;34.85;12.32710;1.05218;0.75;0.25;26.11042;75.41880;101.96000;48.69000;28.32000;1862.8;275.0;154.0;61.0;14.38;0.000;0.17498;0.04096;0.00;0.000;0.973;0.947;0.000;0.557;64.893;35.00;33.00;16145.8;1314.80;9.97;3.16;1.25;166688.56;43602.72;0.00;21095.5;7.90;2.07;0.00;02/05/2024 16:12:39;
03/05/2024;6;2.0TD;3;0.000059541850000000;0.185;1.028307749;78.989817;0.557;2.195;76.237817;33.60;12.32710;1.05218;0.75;0.25;26.11042;75.41880;101.96000;48.69000;28.32000;1862.8;275.0;154.0;61.0;15.08;0.000;0.17498;0.04096;0.00;0.000;0.965;0.947;0.000;0.557;64.335;34.43;24.43;16294.0;1478.90;10.67;3.16;1.25;190433.48;43384.00;0.00;21923.7;8.69;1.98;0.00;02/05/2024 16:12:39;
03/05/2024;7;2.0TD;3;0.000066026168000000;0.176;0.977999296;78.924708;0.557;2.195;76.172708;34.85;12.32710;1.05218;0.75;0.25;26.11042;75.41880;101.96000;48.69000;28.32000;1862.8;275.0;154.0;61.0;14.26;0.000;0.17498;0.04096;0.00;0.000;0.972;0.947;0.000;0.557;64.772;35.00;33.00;16966.3;1418.70;9.85;3.16;1.25;167969.32;42453.60;24859.38;23875.1;7.04;1.78;1.04;02/05/2024 16:12:39;
03/05/2024;8;2.0TD;3;0.000078807870000000;0.169;0.938874091;82.399139;0.557;2.195;79.647139;41.46;12.32710;1.05218;0.75;0.25;26.11042;75.41880;101.96000;48.69000;28.32000;1862.8;275.0;154.0;61.0;10.96;0.000;0.17498;0.04096;0.00;0.000;1.022;0.947;0.000;0.557;68.132;41.00;48.23;16280.5;1112.40;6.55;3.16;1.25;113240.04;35239.68;24859.38;26450.8;4.28;1.33;0.94;02/05/2024 16:12:39;
03/05/2024;9;2.0TD;2;0.000091367960000000;0.181;1.110017999;101.298034;19.184;8.779;73.335034;35.00;12.32710;1.05218;0.75;0.25;26.11042;75.41880;101.96000;48.69000;28.32000;1862.8;275.0;154.0;61.0;11.32;0.154;0.17498;0.04096;0.00;0.000;0.931;0.947;0.000;0.557;62.095;35.00;35.00;19652.6;1329.70;6.91;3.16;1.25;121919.32;46552.32;24859.38;27981.4;4.36;1.66;0.89;02/05/2024 16:12:39;
03/05/2024;10;2.0TD;2;0.000096789062000000;0.148;0.910487295;95.263020;19.184;8.779;67.300020;28.73;12.32710;1.05218;0.75;0.25;26.11042;75.41880;101.96000;48.69000;28.32000;1862.8;275.0;154.0;61.0;14.17;0.154;0.17498;0.04096;0.00;0.000;0.879;0.947;0.000;0.557;58.623;28.90;26.12;24822.6;1663.90;9.76;3.16;1.25;173852.44;76868.80;24859.38;28218.5;6.16;2.72;0.88;02/05/2024 16:12:39;
03/05/2024;11;2.0TD;1;0.000100847068000000;0.150;0.896776570;131.925267;33.081;43.893;54.951267;16.20;12.32710;1.05218;0.75;0.25;26.11042;75.41880;101.96000;48.69000;28.32000;1862.8;275.0;154.0;61.0;15.25;0.926;0.17498;0.04096;0.00;0.000;0.717;0.947;0.000;0.557;47.783;16.20;16.20;28448.9;1750.20;10.84;3.16;1.25;220998.72;58752.00;24859.38;28097.7;7.87;2.09;0.88;02/05/2024 16:12:39;
03/05/2024;12;2.0TD;1;0.000101864203000000;0.153;0.915283145;119.859501;33.081;43.893;42.885501;4.99;12.32710;1.05218;0.75;0.25;26.11042;75.41880;101.96000;48.69000;28.32000;1862.8;275.0;154.0;61.0;16.03;0.926;0.17498;0.04096;0.00;0.000;0.558;0.947;0.000;0.557;37.194;4.99;4.99;30141.2;1469.40;11.62;3.16;1.25;246665.64;53904.96;24859.38;28013.0;8.81;1.92;0.89;02/05/2024 16:12:39;
03/05/2024;13;2.0TD;1;0.000105035378000000;0.154;0.921116239;121.572304;33.081;43.893;44.598304;6.10;12.32710;1.05218;0.75;0.25;26.11042;75.41880;101.96000;48.69000;28.32000;1862.8;275.0;154.0;61.0;16.35;0.926;0.17498;0.04096;0.00;0.000;0.580;0.947;0.000;0.557;38.646;6.10;6.10;31165.9;1444.20;11.94;3.16;1.25;254269.60;54933.12;24859.38;27982.9;9.09;1.96;0.89;02/05/2024 16:12:39;
03/05/2024;14;2.0TD;1;0.000111121703000000;0.148;0.888057958;119.637940;33.081;43.893;42.663940;4.95;12.32710;1.05218;0.75;0.25;26.11042;75.41880;101.96000;48.69000;28.32000;1862.8;275.0;154.0;61.0;16.04;0.926;0.17498;0.04096;0.00;0.000;0.557;0.947;0.000;0.557;37.163;5.00;4.00;31487.0;1505.50;11.63;3.16;1.25;246071.64;55006.56;24859.38;28023.7;8.78;1.96;0.89;02/05/2024 16:12:39;
03/05/2024;15;2.0TD;2;0.000111363483000000;0.168;1.031831309;69.233942;19.184;8.779;41.270942;3.19;12.32710;1.05218;0.75;0.25;26.11042;75.41880;101.96000;48.69000;28.32000;1862.8;275.0;154.0;61.0;16.77;0.154;0.17498;0.04096;0.00;0.000;0.530;0.947;0.000;0.557;35.334;3.25;2.00;30727.9;1535.00;12.36;3.16;1.25;259469.08;55520.64;24859.38;27474.9;9.44;2.02;0.90;02/05/2024 16:12:39;
03/05/2024;16;2.0TD;2;0.000102869826000000;0.176;1.080719340;68.955668;19.184;8.779;40.992668;2.43;12.32710;1.05218;0.75;0.25;26.11042;75.41880;101.96000;48.69000;28.32000;1862.8;275.0;154.0;61.0;17.06;0.154;0.17498;0.04096;0.00;0.000;0.523;0.947;0.000;0.557;34.857;2.51;0.87;29902.9;1554.80;12.65;3.16;1.25;260366.32;51701.76;24859.38;26630.9;9.78;1.94;0.93;02/05/2024 16:12:39;
03/05/2024;17;2.0TD;2;0.000096659168000000;0.180;1.101996053;66.974639;19.184;8.779;39.011639;0.42;12.32710;1.05218;0.75;0.25;26.11042;75.41880;101.96000;48.69000;28.32000;1862.8;275.0;154.0;61.0;17.30;0.154;0.17498;0.04096;0.00;0.000;0.496;0.947;0.000;0.557;33.060;0.44;0.01;29248.6;1529.70;12.89;3.16;1.25;251207.52;58935.60;24859.38;26007.0;9.66;2.27;0.96;02/05/2024 16:12:39;
03/05/2024;18;2.0TD;2;0.000095688099000000;0.185;1.133876759;69.701912;19.184;8.779;41.738912;3.18;12.32710;1.05218;0.75;0.25;26.11042;75.41880;101.96000;48.69000;28.32000;1862.8;275.0;154.0;61.0;16.67;0.154;0.17498;0.04096;0.00;0.000;0.528;0.947;0.000;0.557;35.222;3.25;1.70;28965.5;1462.60;12.26;3.16;1.25;237418.12;59237.00;24859.38;26221.7;9.05;2.26;0.95;02/05/2024 16:12:39;
03/05/2024;19;2.0TD;1;0.000095852015000000;0.160;0.959955599;125.066104;33.081;43.893;48.092104;9.08;12.32710;1.05218;0.75;0.25;26.11042;75.41880;101.96000;48.69000;28.32000;1862.8;275.0;154.0;61.0;16.14;0.926;0.17498;0.04096;0.00;0.000;0.622;0.947;0.000;0.557;41.458;9.08;9.08;27836.8;1243.30;11.73;3.16;1.25;225029.16;57548.40;24859.38;26217.3;8.58;2.20;0.95;02/05/2024 16:12:39;
03/05/2024;20;2.0TD;1;0.000097532887000000;0.163;0.975425116;143.798481;33.081;43.893;66.824481;27.94;12.32710;1.05218;0.75;0.25;26.11042;75.41880;101.96000;48.69000;28.32000;1862.8;275.0;154.0;61.0;13.04;0.926;0.17498;0.04096;0.00;0.000;0.862;0.947;0.000;0.557;57.458;27.94;27.94;21125.3;955.60;8.63;3.16;1.25;145724.48;57483.92;24859.38;26424.8;5.51;2.18;0.94;02/05/2024 16:12:39;
03/05/2024;21;2.0TD;1;0.000104612210000000;0.165;0.989199529;157.112848;33.081;43.893;80.138848;40.51;12.32710;1.05218;0.75;0.25;26.11042;75.41880;101.96000;48.69000;28.32000;1862.8;275.0;154.0;61.0;11.63;0.926;0.17498;0.04096;0.00;0.000;1.032;0.947;0.000;0.557;68.788;40.00;52.71;20225.3;842.20;7.22;3.16;1.25;126396.00;43155.84;24859.38;26933.8;4.69;1.60;0.92;02/05/2024 16:12:39;
03/05/2024;22;2.0TD;1;0.000122598113000000;0.169;1.013697407;186.190994;33.081;43.893;109.216994;66.80;12.32710;1.05218;0.75;0.25;26.11042;75.41880;101.96000;48.69000;28.32000;1862.8;275.0;154.0;61.0;9.61;0.926;0.17498;0.04096;0.00;0.000;1.401;0.947;0.000;0.557;93.427;66.52;73.12;19203.7;861.80;5.20;3.16;1.25;94936.08;25376.24;24859.38;27903.1;3.40;0.91;0.89;02/05/2024 16:12:39;
03/05/2024;23;2.0TD;2;0.000121016494000000;0.199;1.222002198;120.285653;19.184;8.779;92.322653;50.29;12.32710;1.05218;0.75;0.25;26.11042;75.41880;101.96000;48.69000;28.32000;1862.8;275.0;154.0;61.0;10.71;0.154;0.17498;0.04096;0.00;0.000;1.155;0.947;0.000;0.557;76.999;50.02;56.01;19213.2;897.20;6.30;3.16;1.25;108536.96;31759.20;24859.38;26246.5;4.14;1.21;0.95;02/05/2024 16:12:39;
03/05/2024;24;2.0TD;2;0.000104830884000000;0.205;1.256049157;110.703976;19.184;8.779;82.740976;42.43;12.32710;1.05218;0.75;0.25;26.11042;75.41880;101.96000;48.69000;28.32000;1862.8;275.0;154.0;61.0;10.36;0.154;0.17498;0.04096;0.00;0.000;1.030;0.947;0.000;0.557;68.664;42.00;51.69;18741.9;878.60;5.95;3.16;1.25;67417.96;49764.00;24859.38;23876.5;2.82;2.08;1.04;02/05/2024 16:12:39;
*
