pvpcdata;
2024;11;12;10;29;09;
10/10/2024;1;2.0TD;3;0.000084627778000000;0.186;1.031541768;75.508141;0.557;2.195;72.756141;40.08;4.23128;1.18532;0.75;0.25;76.18167;93.10680;101.96000;84.74000;75.42000;1754.8;275.0;200.0;45.0;13.61;0.000;0.17498;0.04096;0.00;0.000;0.920;0.947;0.000;0.557;61.345;40.08;40.08;21018.1;1148.60;9.37;3.19;1.05;136159.84;65988.04;24859.38;24231.9;5.62;2.72;1.03;09/10/2024 16:18:48;
10/10/2024;2;2.0TD;3;0.000071677459000000;0.191;1.063098965;76.443718;0.557;2.195;73.691718;39.87;4.23128;1.18532;0.75;0.25;76.18167;93.10680;101.96000;84.74000;75.42000;1754.8;275.0;200.0;45.0;14.34;0.000;0.17498;0.04096;0.00;0.000;0.928;0.947;0.000;0.557;61.873;40.00;36.75;22529.2;923.30;10.10;3.19;1.05;142553.64;66010.56;24859.38;23120.9;6.17;2.86;1.08;09/10/2024 16:18:48;
10/10/2024;3;2.0TD;3;0.000064655635000000;0.197;1.094044718;77.604981;0.557;2.195;74.852981;39.90;4.23128;1.18532;0.75;0.25;76.18167;93.10680;101.96000;84.74000;75.42000;1754.8;275.0;200.0;45.0;14.96;0.000;0.17498;0.04096;0.00;0.000;0.938;0.947;0.000;0.557;62.533;40.00;37.90;21987.3;1055.10;10.72;3.19;1.05;149187.28;66010.56;24859.38;22389.0;6.66;2.95;1.11;09/10/2024 16:18:48;
10/10/2024;4;2.0TD;3;0.000061393086000000;0.200;1.108578701;77.548983;0.557;2.195;74.796983;39.76;4.23128;1.18532;0.75;0.25;76.18167;93.10680;101.96000;84.74000;75.42000;1754.8;275.0;200.0;45.0;14.90;0.000;0.17498;0.04096;0.00;0.000;0.935;0.947;0.000;0.557;62.330;40.00;35.00;21239.1;1057.50;10.66;3.19;1.05;169582.76;65927.84;0.00;22090.5;7.68;2.98;0.00;09/10/2024 16:18:48;
10/10/2024;5;2.0TD;3;0.000060131292000000;0.202;1.119547430;82.993696;0.557;2.195;80.241696;44.26;4.23128;1.18532;0.75;0.25;76.18167;93.10680;101.96000;84.74000;75.42000;1754.8;275.0;200.0;45.0;14.76;0.000;0.17498;0.04096;0.00;0.000;1.001;0.947;0.000;0.557;66.756;44.00;47.99;20078.0;1413.60;10.52;3.19;1.05;163940.40;64229.76;0.00;21690.4;7.56;2.96;0.00;09/10/2024 16:18:48;
10/10/2024;6;2.0TD;3;0.000061306776000000;0.195;1.084147073;93.700844;0.557;2.195;90.948844;54.39;4.23128;1.18532;0.75;0.25;76.18167;93.10680;101.96000;84.74000;75.42000;1754.8;275.0;200.0;45.0;13.84;0.000;0.17498;0.04096;0.00;0.000;1.142;0.947;0.000;0.557;76.107;55.01;44.12;17863.9;1080.70;9.60;3.19;1.05;147186.52;67534.80;0.00;22371.5;6.58;3.02;0.00;09/10/2024 16:18:48;
10/10/2024;7;2.0TD;3;0.000069306695000000;0.178;0.987357949;107.798759;0.557;2.195;105.046759;68.57;4.23128;1.18532;0.75;0.25;76.18167;93.10680;101.96000;84.74000;75.42000;1754.8;275.0;200.0;45.0;12.53;0.000;0.17498;0.04096;0.00;0.000;1.338;0.947;0.000;0.557;89.173;69.00;60.10;19053.6;968.30;8.29;3.19;1.05;125916.24;52701.00;24859.38;24539.6;5.13;2.15;1.01;09/10/2024 16:18:48;
10/10/2024;8;2.0TD;3;0.000088536827000000;0.161;0.896019448;128.300008;0.557;2.195;125.548008;91.32;4.23128;1.18532;0.75;0.25;76.18167;93.10680;101.96000;84.74000;75.42000;1754.8;275.0;200.0;45.0;8.46;0.000;0.17498;0.04096;0.00;0.000;1.622;0.947;0.000;0.557;108.137;91.48;88.15;17980.6;883.10;4.22;3.19;1.05;68603.52;21576.00;24859.38;27250.4;2.52;0.79;0.91;09/10/2024 16:18:48;
10/10/2024;9;2.0TD;2;0.000094325693000000;0.187;1.145894440;175.740724;19.184;8.779;147.777724;108.69;4.23128;1.18532;0.75;0.25;76.18167;93.10680;101.96000;84.74000;75.42000;1754.8;275.0;200.0;45.0;7.05;0.154;0.17498;0.04096;0.00;0.000;1.867;0.947;0.000;0.557;124.496;108.80;106.80;18892.9;1085.30;2.81;3.19;1.05;42215.12;12565.00;24859.38;28352.6;1.49;0.44;0.88;09/10/2024 16:18:48;
10/10/2024;10;2.0TD;2;0.000093088302000000;0.157;0.965791508;158.134546;19.184;8.779;130.171546;91.82;4.23128;1.18532;0.75;0.25;76.18167;93.10680;101.96000;84.74000;75.42000;1754.8;275.0;200.0;45.0;12.11;0.154;0.17498;0.04096;0.00;0.000;1.688;0.947;0.000;0.557;112.507;92.00;87.77;20254.9;919.80;7.87;3.19;1.05;66821.36;135578.56;24859.38;28855.2;2.32;4.70;0.86;09/10/2024 16:18:48;
10/10/2024;11;2.0TD;1;0.000094469421000000;0.162;0.967816224;181.461992;33.081;43.893;104.487992;68.67;4.23128;1.18532;0.75;0.25;76.18167;93.10680;101.96000;84.74000;75.42000;1754.8;275.0;200.0;45.0;12.24;0.926;0.17498;0.04096;0.00;0.000;1.349;0.947;0.000;0.557;89.920;69.00;60.55;24496.1;995.50;8.00;3.19;1.05;94488.68;117250.00;24859.38;29589.6;3.19;3.96;0.84;09/10/2024 16:18:48;
10/10/2024;12;2.0TD;1;0.000094055881000000;0.161;0.965382935;147.237510;33.081;43.893;70.263510;40.16;4.23128;1.18532;0.75;0.25;76.18167;93.10680;101.96000;84.74000;75.42000;1754.8;275.0;200.0;45.0;11.79;0.926;0.17498;0.04096;0.00;0.000;0.908;0.947;0.000;0.557;60.519;40.29;37.79;25398.9;1345.80;7.55;3.19;1.05;126488.08;72775.68;24859.38;29696.1;4.26;2.45;0.84;09/10/2024 16:18:48;
10/10/2024;13;2.0TD;1;0.000096875976000000;0.157;0.941363289;145.655624;33.081;43.893;68.681624;39.43;4.23128;1.18532;0.75;0.25;76.18167;93.10680;101.96000;84.74000;75.42000;1754.8;275.0;200.0;45.0;11.38;0.926;0.17498;0.04096;0.00;0.000;0.890;0.947;0.000;0.557;59.361;39.83;30.83;26085.2;1226.60;7.14;3.19;1.05;128205.80;59280.00;24859.38;29767.8;4.31;1.99;0.84;09/10/2024 16:18:48;
10/10/2024;14;2.0TD;1;0.000103206053000000;0.154;0.923657914;145.794889;33.081;43.893;68.820889;39.69;4.23128;1.18532;0.75;0.25;76.18167;93.10680;101.96000;84.74000;75.42000;1754.8;275.0;200.0;45.0;11.39;0.926;0.17498;0.04096;0.00;0.000;0.895;0.947;0.000;0.557;59.636;40.08;31.08;27886.5;1265.40;7.15;3.19;1.05;128141.68;61194.00;24859.38;29964.5;4.28;2.04;0.83;09/10/2024 16:18:48;
10/10/2024;15;2.0TD;2;0.000102677571000000;0.178;1.091537185;96.957069;19.184;8.779;68.994069;39.35;4.23128;1.18532;0.75;0.25;76.18167;93.10680;101.96000;84.74000;75.42000;1754.8;275.0;200.0;45.0;11.45;0.154;0.17498;0.04096;0.00;0.000;0.879;0.947;0.000;0.557;58.568;39.83;28.86;27532.7;1257.10;7.21;3.19;1.05;128514.68;59083.44;24859.38;29465.3;4.36;2.01;0.84;09/10/2024 16:18:48;
10/10/2024;16;2.0TD;2;0.000095646133000000;0.184;1.130342182;98.414338;19.184;8.779;70.451338;40.20;4.23128;1.18532;0.75;0.25;76.18167;93.10680;101.96000;84.74000;75.42000;1754.8;275.0;200.0;45.0;11.52;0.154;0.17498;0.04096;0.00;0.000;0.893;0.947;0.000;0.557;59.502;40.50;34.39;26563.8;1355.40;7.28;3.19;1.05;126832.36;58250.24;24859.38;28841.6;4.40;2.02;0.86;09/10/2024 16:18:48;
10/10/2024;17;2.0TD;2;0.000092791304000000;0.190;1.164214232;117.230634;19.184;8.779;89.267634;55.02;4.23128;1.18532;0.75;0.25;76.18167;93.10680;101.96000;84.74000;75.42000;1754.8;275.0;200.0;45.0;11.98;0.154;0.17498;0.04096;0.00;0.000;1.125;0.947;0.000;0.557;75.014;55.26;50.26;25612.8;1264.60;7.74;3.19;1.05;110746.04;83988.76;24859.38;28367.7;3.90;2.96;0.88;09/10/2024 16:18:48;
10/10/2024;18;2.0TD;2;0.000096203677000000;0.192;1.180013268;136.586168;19.184;8.779;108.623168;71.59;4.23128;1.18532;0.75;0.25;76.18167;93.10680;101.96000;84.74000;75.42000;1754.8;275.0;200.0;45.0;11.28;0.154;0.17498;0.04096;0.00;0.000;1.367;0.947;0.000;0.557;91.126;71.78;67.50;22927.8;1077.20;7.04;3.19;1.05;87805.96;87944.40;24859.38;28475.0;3.08;3.09;0.87;09/10/2024 16:18:48;
10/10/2024;19;2.0TD;1;0.000101763902000000;0.166;0.994555514;213.534543;33.081;43.893;136.560543;99.88;4.23128;1.18532;0.75;0.25;76.18167;93.10680;101.96000;84.74000;75.42000;1754.8;275.0;200.0;45.0;7.82;0.926;0.17498;0.04096;0.00;0.000;1.757;0.947;0.000;0.557;117.118;100.00;98.00;20547.4;1283.10;3.58;3.19;1.05;33747.40;41333.76;24859.38;27894.9;1.21;1.48;0.89;09/10/2024 16:18:48;
10/10/2024;20;2.0TD;1;0.000115667270000000;0.161;0.965788594;247.637307;33.081;43.893;170.663307;129.22;4.23128;1.18532;0.75;0.25;76.18167;93.10680;101.96000;84.74000;75.42000;1754.8;275.0;200.0;45.0;7.91;0.926;0.17498;0.04096;0.00;0.000;2.205;0.947;0.000;0.557;146.996;129.22;129.22;20321.4;1365.30;3.67;3.19;1.05;8535.08;69455.00;24859.38;28063.4;0.30;2.47;0.89;09/10/2024 16:18:48;
10/10/2024;21;2.0TD;1;0.000140896196000000;0.159;0.951398204;306.834783;33.081;43.893;229.860783;180.81;4.23128;1.18532;0.75;0.25;76.18167;93.10680;101.96000;84.74000;75.42000;1754.8;275.0;200.0;45.0;6.88;0.926;0.17498;0.04096;0.00;0.000;2.975;0.947;0.000;0.557;198.326;180.00;195.00;21737.4;1235.00;2.64;3.19;1.05;-14318.40;66619.92;24859.38;29274.7;-0.49;2.28;0.85;09/10/2024 16:18:48;
10/10/2024;22;2.0TD;1;0.000143166265000000;0.168;1.003051612;300.461244;33.081;43.893;223.487244;173.96;4.23128;1.18532;0.75;0.25;76.18167;93.10680;101.96000;84.74000;75.42000;1754.8;275.0;200.0;45.0;6.85;0.926;0.17498;0.04096;0.00;0.000;2.870;0.947;0.000;0.557;191.341;173.40;183.39;21048.1;1260.50;2.61;3.19;1.05;-12079.88;61827.12;24859.38;28652.0;-0.42;2.16;0.87;09/10/2024 16:18:48;
10/10/2024;23;2.0TD;2;0.000124586561000000;0.199;1.223404539;190.516009;19.184;8.779;162.553009;120.03;4.23128;1.18532;0.75;0.25;76.18167;93.10680;101.96000;84.74000;75.42000;1754.8;275.0;200.0;45.0;6.62;0.154;0.17498;0.04096;0.00;0.000;2.034;0.947;0.000;0.557;135.573;120.00;120.50;19923.0;1224.40;2.38;3.19;1.05;16031.60;21978.00;24859.38;26436.6;0.61;0.83;0.94;09/10/2024 16:18:48;
10/10/2024;24;2.0TD;2;0.000103967359000000;0.206;1.261462447;177.457336;19.184;8.779;149.494336;108.47;4.23128;1.18532;0.75;0.25;76.18167;93.10680;101.96000;84.74000;75.42000;1754.8;275.0;200.0;45.0;6.74;0.154;0.17498;0.04096;0.00;0.000;1.859;0.947;0.000;0.557;123.958;108.80;103.82;17913.2;1268.30;2.50;3.19;1.05;27455.28;8155.92;24859.38;24168.4;1.14;0.34;1.03;09/10/2024 16:18:48;
*
