pvpcdata;
2025;01;13;09;30;30;
15/12/2024;1;2.0TD;3;0.000132048161000000;0.246;1.367563991;177.009225;0.557;2.195;174.257225;125.62;-2.09245;0.73841;0.75;0.25;102.99458;94.62480;101.96000;84.74000;90.60000;2860.2;275.0;200.0;53.0;11.96;0.000;0.17498;0.04096;0.00;0.000;2.098;0.947;0.000;0.557;139.853;125.92;120.92;18518.8;1183.20;7.79;3.25;0.92;108284.92;53560.00;24859.38;23990.0;4.51;2.23;1.04;14/12/2024 16:12:08;
15/12/2024;2;2.0TD;3;0.000111453220000000;0.255;1.418924054;164.380074;0.557;2.195;161.628074;110.71;-2.09245;0.73841;0.75;0.25;102.99458;94.62480;101.96000;84.74000;90.60000;2860.2;275.0;200.0;53.0;15.97;0.000;0.17498;0.04096;0.00;0.000;1.932;0.947;0.000;0.557;128.787;110.89;107.89;16688.4;1056.50;11.80;3.25;0.92;164272.12;97595.56;0.00;22199.8;7.40;4.40;0.00;14/12/2024 16:12:08;
15/12/2024;3;2.0TD;3;0.000096164982000000;0.265;1.469968037;163.599673;0.557;2.195;160.847673;107.79;-2.09245;0.73841;0.75;0.25;102.99458;94.62480;101.96000;84.74000;90.60000;2860.2;275.0;200.0;53.0;17.28;0.000;0.17498;0.04096;0.00;0.000;1.907;0.947;0.000;0.557;127.152;108.00;105.01;16234.2;1215.90;13.11;3.25;0.92;174693.16;101005.96;0.00;21028.5;8.31;4.80;0.00;14/12/2024 16:12:08;
15/12/2024;4;2.0TD;3;0.000087002284000000;0.270;1.498674562;162.495534;0.557;2.195;159.743534;105.28;-2.09245;0.73841;0.75;0.25;102.99458;94.62480;101.96000;84.74000;90.60000;2860.2;275.0;200.0;53.0;18.44;0.000;0.17498;0.04096;0.00;0.000;1.887;0.947;0.000;0.557;125.782;105.65;100.65;15863.6;1251.70;14.27;3.25;0.92;186839.64;102093.60;0.00;20245.7;9.23;5.04;0.00;14/12/2024 16:12:08;
15/12/2024;5;2.0TD;3;0.000082560720000000;0.272;1.512524514;157.930035;0.557;2.195;155.178035;100.16;-2.09245;0.73841;0.75;0.25;102.99458;94.62480;101.96000;84.74000;90.60000;2860.2;275.0;200.0;53.0;19.83;0.000;0.17498;0.04096;0.00;0.000;1.830;0.947;0.000;0.557;121.995;100.45;96.45;15756.0;1243.50;15.66;3.25;0.92;200157.72;112040.00;0.00;19932.5;10.04;5.62;0.00;14/12/2024 16:12:08;
15/12/2024;6;2.0TD;3;0.000081848189000000;0.269;1.495312903;151.212704;0.557;2.195;148.460704;95.46;-2.09245;0.73841;0.75;0.25;102.99458;94.62480;101.96000;84.74000;90.60000;2860.2;275.0;200.0;53.0;19.60;0.000;0.17498;0.04096;0.00;0.000;1.755;0.947;0.000;0.557;116.990;95.70;92.70;15543.7;1361.20;15.43;3.25;0.92;213036.92;95658.40;0.00;20012.4;10.65;4.78;0.00;14/12/2024 16:12:08;
15/12/2024;7;2.0TD;3;0.000083664678000000;0.262;1.453065425;149.150702;0.557;2.195;146.398702;95.37;-2.09245;0.73841;0.75;0.25;102.99458;94.62480;101.96000;84.74000;90.60000;2860.2;275.0;200.0;53.0;18.72;0.000;0.17498;0.04096;0.00;0.000;1.740;0.947;0.000;0.557;116.005;95.70;91.70;15761.0;1427.50;14.55;3.25;0.92;211887.92;88080.00;0.00;20610.4;10.28;4.27;0.00;14/12/2024 16:12:08;
15/12/2024;8;2.0TD;3;0.000088568716000000;0.249;1.381582165;145.766635;0.557;2.195;143.014635;95.20;-2.09245;0.73841;0.75;0.25;102.99458;94.62480;101.96000;84.74000;90.60000;2860.2;275.0;200.0;53.0;17.41;0.000;0.17498;0.04096;0.00;0.000;1.718;0.947;0.000;0.557;114.503;95.30;94.14;16258.2;1564.70;13.24;3.25;0.92;193172.80;91280.00;0.00;21479.9;8.99;4.25;0.00;14/12/2024 16:12:08;
15/12/2024;9;2.0TD;3;0.000097042944000000;0.241;1.339211115;167.125317;0.557;2.195;164.373317;102.92;-2.09245;0.73841;0.75;0.25;102.99458;94.62480;101.96000;84.74000;90.60000;2860.2;275.0;200.0;53.0;27.37;0.000;0.17498;0.04096;0.00;0.000;1.987;0.947;0.000;0.557;132.452;103.33;99.14;16870.1;1827.70;23.20;3.25;0.92;166813.64;357499.56;0.00;22599.2;7.38;15.82;0.00;14/12/2024 16:12:08;
15/12/2024;10;2.0TD;3;0.000118327206000000;0.219;1.213953460;143.927206;0.557;2.195;141.175206;85.18;-2.09245;0.73841;0.75;0.25;102.99458;94.62480;101.96000;84.74000;90.60000;2860.2;275.0;200.0;53.0;28.72;0.000;0.17498;0.04096;0.00;0.000;1.737;0.947;0.000;0.557;115.812;85.18;85.18;20814.4;1348.80;24.55;3.25;0.92;190656.80;416999.76;0.00;24750.0;7.70;16.85;0.00;14/12/2024 16:12:08;
15/12/2024;11;2.0TD;3;0.000137947850000000;0.197;1.094897632;116.115453;0.557;2.195;113.363453;74.57;-2.09245;0.73841;0.75;0.25;102.99458;94.62480;101.96000;84.74000;90.60000;2860.2;275.0;200.0;53.0;18.54;0.000;0.17498;0.04096;0.00;0.000;1.421;0.947;0.000;0.557;94.706;74.57;74.61;22824.9;1323.10;14.37;3.25;0.92;136410.44;244791.56;0.00;26526.1;5.14;9.23;0.00;14/12/2024 16:12:08;
15/12/2024;12;2.0TD;3;0.000145236382000000;0.191;1.060323271;108.533417;0.557;2.195;105.781417;72.69;-2.09245;0.73841;0.75;0.25;102.99458;94.62480;101.96000;84.74000;90.60000;2860.2;275.0;200.0;53.0;14.62;0.000;0.17498;0.04096;0.00;0.000;1.332;0.947;0.000;0.557;88.817;72.69;72.75;25677.9;1251.10;10.45;3.25;0.92;147195.88;133872.00;0.00;26884.6;5.48;4.98;0.00;14/12/2024 16:12:08;
15/12/2024;13;2.0TD;3;0.000145283208000000;0.188;1.043439363;115.033813;0.557;2.195;112.281813;77.87;-2.09245;0.73841;0.75;0.25;102.99458;94.62480;101.96000;84.74000;90.60000;2860.2;275.0;200.0;53.0;15.05;0.000;0.17498;0.04096;0.00;0.000;1.418;0.947;0.000;0.557;94.513;77.87;77.92;24272.3;1198.70;10.88;3.25;0.92;149173.68;142944.00;0.00;26837.2;5.56;5.33;0.00;14/12/2024 16:12:08;
15/12/2024;14;2.0TD;3;0.000152106241000000;0.184;1.021797902;111.866255;0.557;2.195;109.114255;75.82;-2.09245;0.73841;0.75;0.25;102.99458;94.62480;101.96000;84.74000;90.60000;2860.2;275.0;200.0;53.0;14.78;0.000;0.17498;0.04096;0.00;0.000;1.382;0.947;0.000;0.557;92.157;75.82;75.86;26233.3;1271.50;10.61;3.25;0.92;152047.20;140064.00;0.00;27534.0;5.52;5.09;0.00;14/12/2024 16:12:08;
15/12/2024;15;2.0TD;3;0.000153338467000000;0.188;1.047210323;106.916209;0.557;2.195;104.164209;71.89;-2.09245;0.73841;0.75;0.25;102.99458;94.62480;101.96000;84.74000;90.60000;2860.2;275.0;200.0;53.0;14.30;0.000;0.17498;0.04096;0.00;0.000;1.315;0.947;0.000;0.557;87.680;71.89;71.93;26037.2;1323.10;10.13;3.25;0.92;148303.28;133344.00;0.00;27816.9;5.33;4.79;0.00;14/12/2024 16:12:08;
15/12/2024;16;2.0TD;3;0.000140274257000000;0.204;1.135187072;111.289362;0.557;2.195;108.537362;70.47;-2.09245;0.73841;0.75;0.25;102.99458;94.62480;101.96000;84.74000;90.60000;2860.2;275.0;200.0;53.0;18.15;0.000;0.17498;0.04096;0.00;0.000;1.352;0.947;0.000;0.557;90.147;70.47;70.51;23594.7;1230.70;13.98;3.25;0.92;140925.56;236800.00;0.00;27023.4;5.21;8.76;0.00;14/12/2024 16:12:08;
15/12/2024;17;2.0TD;3;0.000134272303000000;0.212;1.177959569;133.704128;0.557;2.195;130.952128;85.21;-2.09245;0.73841;0.75;0.25;102.99458;94.62480;101.96000;84.74000;90.60000;2860.2;275.0;200.0;53.0;21.04;0.000;0.17498;0.04096;0.00;0.000;1.621;0.947;0.000;0.557;108.046;85.18;85.80;23098.4;1116.50;16.87;3.25;0.92;104276.00;341618.40;0.00;26434.5;3.94;12.92;0.00;14/12/2024 16:12:08;
15/12/2024;18;2.0TD;3;0.000140106361000000;0.221;1.226767393;177.379799;0.557;2.195;174.627799;115.74;-2.09245;0.73841;0.75;0.25;102.99458;94.62480;101.96000;84.74000;90.60000;2860.2;275.0;200.0;53.0;24.96;0.000;0.17498;0.04096;0.00;0.000;2.145;0.947;0.000;0.557;143.020;115.90;113.00;20993.2;1193.90;20.79;3.25;0.92;70947.00;480810.00;0.00;26541.1;2.67;18.12;0.00;14/12/2024 16:12:08;
15/12/2024;19;2.0TD;3;0.000162293860000000;0.223;1.237633455;179.566381;0.557;2.195;176.814381;133.89;-2.09245;0.73841;0.75;0.25;102.99458;94.62480;101.96000;84.74000;90.60000;2860.2;275.0;200.0;53.0;8.34;0.000;0.17498;0.04096;0.00;0.000;2.169;0.947;0.000;0.557;144.574;133.95;133.06;21753.7;1611.00;4.17;3.25;0.92;57701.52;61920.00;0.00;28700.6;2.01;2.16;0.00;14/12/2024 16:12:08;
15/12/2024;20;2.0TD;3;0.000173656173000000;0.229;1.271222038;180.233500;0.557;2.195;177.481500;133.88;-2.09245;0.73841;0.75;0.25;102.99458;94.62480;101.96000;84.74000;90.60000;2860.2;275.0;200.0;53.0;8.19;0.000;0.17498;0.04096;0.00;0.000;2.166;0.947;0.000;0.557;144.411;133.95;132.95;21825.2;1583.00;4.02;3.25;0.92;57604.92;61776.00;0.00;29694.4;1.94;2.08;0.00;14/12/2024 16:12:08;
15/12/2024;21;2.0TD;3;0.000185421979000000;0.230;1.275144012;186.010082;0.557;2.195;183.258082;138.72;-2.09245;0.73841;0.75;0.25;102.99458;94.62480;101.96000;84.74000;90.60000;2860.2;275.0;200.0;53.0;7.86;0.000;0.17498;0.04096;0.00;0.000;2.235;0.947;0.000;0.557;148.990;138.84;136.99;22055.7;1582.40;3.69;3.25;0.92;54304.60;58848.00;0.00;30642.3;1.77;1.92;0.00;14/12/2024 16:12:08;
15/12/2024;22;2.0TD;3;0.000189268139000000;0.227;1.259089013;181.527508;0.557;2.195;178.775508;135.02;-2.09245;0.73841;0.75;0.25;102.99458;94.62480;101.96000;84.74000;90.60000;2860.2;275.0;200.0;53.0;8.32;0.000;0.17498;0.04096;0.00;0.000;2.186;0.947;0.000;0.557;145.701;135.07;134.19;21692.3;1439.70;4.15;3.25;0.92;57096.72;43600.00;24859.38;30216.6;1.89;1.44;0.82;14/12/2024 16:12:08;
15/12/2024;23;2.0TD;3;0.000174630855000000;0.229;1.270200641;177.351495;0.557;2.195;174.599495;131.71;-2.09245;0.73841;0.75;0.25;102.99458;94.62480;101.96000;84.74000;90.60000;2860.2;275.0;200.0;53.0;8.05;0.000;0.17498;0.04096;0.00;0.000;2.131;0.947;0.000;0.557;142.066;131.71;131.70;20616.6;1264.60;3.88;3.25;0.92;38901.76;45760.00;24859.38;28205.3;1.38;1.62;0.88;14/12/2024 16:12:08;
15/12/2024;24;2.0TD;3;0.000149095279000000;0.236;1.312416731;175.459900;0.557;2.195;172.707900;127.84;-2.09245;0.73841;0.75;0.25;102.99458;94.62480;101.96000;84.74000;90.60000;2860.2;275.0;200.0;53.0;9.62;0.000;0.17498;0.04096;0.00;0.000;2.096;0.947;0.000;0.557;139.731;127.84;127.84;18761.7;1271.90;5.45;3.25;0.92;44926.32;69920.00;24859.38;25611.9;1.75;2.73;0.97;14/12/2024 16:12:08;
*
