pvpcdata;
2024;04;10;12;05;34;
05/03/2024;1;2.0TD;3;0.000107820034000000;0.205;1.139819536;42.994992;0.557;2.195;40.242992;7.62;15.09642;0.83114;0.75;0.25;33.45292;93.83860;101.96000;97.42000;37.09000;2396.7;275.0;177.0;46.0;11.39;0.000;0.17498;0.04096;0.00;0.000;0.000;0.501;0.565;0.000;0.557;33.396;7.36;14.00;20561.3;838.90;6.58;3.40;1.41;110196.04;28629.60;24859.38;24878.3;4.43;1.15;1.00;04/03/2024 16:10:00;
05/03/2024;2;2.0TD;3;0.000088691997000000;0.210;1.168942715;42.780825;0.557;2.195;40.028825;4.93;15.09642;0.83114;0.75;0.25;33.45292;93.83860;101.96000;97.42000;37.09000;2396.7;275.0;177.0;46.0;13.77;0.000;0.17498;0.04096;0.00;0.000;0.000;0.496;0.565;0.000;0.557;33.081;4.66;10.90;19657.1;884.60;8.96;3.40;1.41;130076.12;53903.08;24859.38;23330.5;5.58;2.31;1.07;04/03/2024 16:10:00;
05/03/2024;3;2.0TD;3;0.000078529999000000;0.215;1.194156867;45.610729;0.557;2.195;42.858729;4.94;15.09642;0.83114;0.75;0.25;33.45292;93.83860;101.96000;97.42000;37.09000;2396.7;275.0;177.0;46.0;15.92;0.000;0.17498;0.04096;0.00;0.000;0.000;0.529;0.565;0.000;0.557;35.274;4.66;10.50;19029.4;950.40;11.11;3.40;1.41;180959.24;42802.80;24859.38;22386.5;8.08;1.91;1.11;04/03/2024 16:10:00;
05/03/2024;4;2.0TD;3;0.000073542889000000;0.218;1.208451643;45.555777;0.557;2.195;42.803777;5.27;15.09642;0.83114;0.75;0.25;33.45292;93.83860;101.96000;97.42000;37.09000;2396.7;275.0;177.0;46.0;15.46;0.000;0.17498;0.04096;0.00;0.000;0.000;0.527;0.565;0.000;0.557;35.142;5.00;10.50;18901.3;989.20;10.65;3.40;1.41;180566.32;52795.68;0.00;21906.7;8.24;2.41;0.00;04/03/2024 16:10:00;
05/03/2024;5;2.0TD;3;0.000071987143000000;0.217;1.208166265;46.805786;0.557;2.195;44.053786;6.26;15.09642;0.83114;0.75;0.25;33.45292;93.83860;101.96000;97.42000;37.09000;2396.7;275.0;177.0;46.0;15.51;0.000;0.17498;0.04096;0.00;0.000;0.000;0.543;0.565;0.000;0.557;36.198;6.00;11.00;18887.0;1019.30;10.70;3.40;1.41;179049.52;54549.00;0.00;21830.6;8.20;2.50;0.00;04/03/2024 16:10:00;
05/03/2024;6;2.0TD;3;0.000074630952000000;0.217;1.204686744;48.695787;0.557;2.195;45.943787;8.52;15.09642;0.83114;0.75;0.25;33.45292;93.83860;101.96000;97.42000;37.09000;2396.7;275.0;177.0;46.0;14.78;0.000;0.17498;0.04096;0.00;0.000;0.000;0.566;0.565;0.000;0.557;37.751;8.23;14.00;18734.9;994.50;9.97;3.40;1.41;178657.40;45773.28;0.00;22500.2;7.94;2.03;0.00;04/03/2024 16:10:00;
05/03/2024;7;2.0TD;3;0.000085777429000000;0.203;1.127932224;64.814378;0.557;2.195;62.062378;24.55;15.09642;0.83114;0.75;0.25;33.45292;93.83860;101.96000;97.42000;37.09000;2396.7;275.0;177.0;46.0;12.38;0.000;0.17498;0.04096;0.00;0.000;0.000;0.774;0.565;0.000;0.557;51.589;24.10;36.00;20847.4;822.10;7.57;3.40;1.41;126190.68;41815.20;24859.38;25490.8;4.95;1.64;0.98;04/03/2024 16:10:00;
05/03/2024;8;2.0TD;3;0.000107437695000000;0.189;1.048759998;91.179920;0.557;2.195;88.427920;50.69;15.09642;0.83114;0.75;0.25;33.45292;93.83860;101.96000;97.42000;37.09000;2396.7;275.0;177.0;46.0;8.68;0.000;0.17498;0.04096;0.00;0.000;0.000;1.116;0.565;0.000;0.557;74.371;50.01;71.62;24153.7;783.80;3.87;3.40;1.41;60055.16;28572.24;24859.38;29380.2;2.04;0.97;0.85;04/03/2024 16:10:00;
05/03/2024;9;2.0TD;2;0.000119222041000000;0.180;1.106466660;130.509335;19.184;8.779;102.546335;61.93;15.09642;0.83114;0.75;0.25;33.45292;93.83860;101.96000;97.42000;37.09000;2396.7;275.0;177.0;46.0;9.63;0.154;0.17498;0.04096;0.00;0.000;0.000;1.304;0.565;0.000;0.557;86.903;61.45;71.62;22105.4;1104.80;4.82;3.40;1.41;54885.72;71848.08;24859.38;31423.5;1.75;2.29;0.79;04/03/2024 16:10:00;
05/03/2024;10;2.0TD;2;0.000123630244000000;0.162;0.996129829;78.429443;19.184;8.779;50.466443;17.72;15.09642;0.83114;0.75;0.25;33.45292;93.83860;101.96000;97.42000;37.09000;2396.7;275.0;177.0;46.0;11.02;0.154;0.17498;0.04096;0.00;0.000;0.000;0.651;0.565;0.000;0.557;43.430;17.63;19.64;29166.6;1327.20;6.21;3.40;1.41;131658.76;41460.16;24859.38;31854.6;4.13;1.30;0.78;04/03/2024 16:10:00;
05/03/2024;11;2.0TD;1;0.000126894188000000;0.165;0.985398675;118.727220;33.081;43.893;41.753220;8.00;15.09642;0.83114;0.75;0.25;33.45292;93.83860;101.96000;97.42000;37.09000;2396.7;275.0;177.0;46.0;12.49;0.926;0.17498;0.04096;0.00;0.000;0.000;0.538;0.565;0.000;0.557;35.839;8.00;8.00;30405.7;1619.20;7.68;3.40;1.41;157525.12;59921.44;24859.38;31561.5;4.99;1.90;0.79;04/03/2024 16:10:00;
05/03/2024;12;2.0TD;1;0.000125398560000000;0.168;1.003092942;114.292387;33.081;43.893;37.318387;4.76;15.09642;0.83114;0.75;0.25;33.45292;93.83860;101.96000;97.42000;37.09000;2396.7;275.0;177.0;46.0;11.90;0.926;0.17498;0.04096;0.00;0.000;0.000;0.479;0.565;0.000;0.557;31.950;4.60;7.90;32260.1;1691.40;7.09;3.40;1.41;167432.52;27741.28;24859.38;31026.8;5.40;0.89;0.80;04/03/2024 16:10:00;
05/03/2024;13;2.0TD;1;0.000125839081000000;0.166;0.995815096;113.945148;33.081;43.893;36.971148;4.13;15.09642;0.83114;0.75;0.25;33.45292;93.83860;101.96000;97.42000;37.09000;2396.7;275.0;177.0;46.0;12.29;0.926;0.17498;0.04096;0.00;0.000;0.000;0.476;0.565;0.000;0.557;31.707;4.00;6.90;32808.8;1581.80;7.48;3.40;1.41;175701.20;28964.16;24859.38;30666.5;5.73;0.94;0.81;04/03/2024 16:10:00;
05/03/2024;14;2.0TD;1;0.000133307296000000;0.164;0.981543241;113.549992;33.081;43.893;36.575992;3.96;15.09642;0.83114;0.75;0.25;33.45292;93.83860;101.96000;97.42000;37.09000;2396.7;275.0;177.0;46.0;12.18;0.926;0.17498;0.04096;0.00;0.000;0.000;0.471;0.565;0.000;0.557;31.422;3.90;5.13;32698.6;1555.30;7.37;3.40;1.41;168769.48;31734.56;24859.38;30556.7;5.52;1.04;0.81;04/03/2024 16:10:00;
05/03/2024;15;2.0TD;2;0.000133182132000000;0.170;1.041926165;63.894488;19.184;8.779;35.931488;3.94;15.09642;0.83114;0.75;0.25;33.45292;93.83860;101.96000;97.42000;37.09000;2396.7;275.0;177.0;46.0;12.27;0.154;0.17498;0.04096;0.00;0.000;0.000;0.461;0.565;0.000;0.557;30.710;3.90;4.90;32409.8;1461.00;7.46;3.40;1.41;168751.04;31616.00;24859.38;30172.7;5.59;1.05;0.82;04/03/2024 16:10:00;
05/03/2024;16;2.0TD;2;0.000125883648000000;0.177;1.088671271;65.065187;19.184;8.779;37.102187;4.04;15.09642;0.83114;0.75;0.25;33.45292;93.83860;101.96000;97.42000;37.09000;2396.7;275.0;177.0;46.0;12.97;0.154;0.17498;0.04096;0.00;0.000;0.000;0.473;0.565;0.000;0.557;31.522;4.00;5.00;31822.8;1415.00;8.16;3.40;1.41;168377.36;47880.00;24859.38;29551.8;5.70;1.62;0.84;04/03/2024 16:10:00;
05/03/2024;17;2.0TD;2;0.000119743697000000;0.184;1.126144706;67.605302;19.184;8.779;39.642302;5.83;15.09642;0.83114;0.75;0.25;33.45292;93.83860;101.96000;97.42000;37.09000;2396.7;275.0;177.0;46.0;13.11;0.154;0.17498;0.04096;0.00;0.000;0.000;0.502;0.565;0.000;0.557;33.481;5.83;5.83;30080.0;1543.20;8.30;3.40;1.41;158791.12;60081.36;24859.38;29393.1;5.40;2.04;0.85;04/03/2024 16:10:00;
05/03/2024;18;2.0TD;2;0.000120734282000000;0.185;1.134566020;79.187793;19.184;8.779;51.224793;16.89;15.09642;0.83114;0.75;0.25;33.45292;93.83860;101.96000;97.42000;37.09000;2396.7;275.0;177.0;46.0;11.65;0.154;0.17498;0.04096;0.00;0.000;0.000;0.648;0.565;0.000;0.557;43.227;17.00;14.51;27584.2;1324.90;6.84;3.40;1.41;122310.96;55982.08;24859.38;29736.4;4.11;1.88;0.84;04/03/2024 16:10:00;
05/03/2024;19;2.0TD;1;0.000128328737000000;0.171;1.023130107;164.283378;33.081;43.893;87.309378;50.73;15.09642;0.83114;0.75;0.25;33.45292;93.83860;101.96000;97.42000;37.09000;2396.7;275.0;177.0;46.0;7.90;0.926;0.17498;0.04096;0.00;0.000;0.000;1.118;0.565;0.000;0.557;74.559;50.51;56.20;25978.3;1053.80;3.09;3.40;1.41;40252.72;26064.00;24859.38;29533.7;1.36;0.88;0.84;04/03/2024 16:10:00;
05/03/2024;20;2.0TD;1;0.000153943071000000;0.171;1.023794944;251.876520;33.081;43.893;174.902520;125.48;15.09642;0.83114;0.75;0.25;33.45292;93.83860;101.96000;97.42000;37.09000;2396.7;275.0;177.0;46.0;6.83;0.926;0.17498;0.04096;0.00;0.000;0.000;2.240;0.565;0.000;0.557;149.361;125.17;129.16;21894.9;1871.80;2.02;3.40;1.41;989.16;37696.00;24859.38;31510.1;0.03;1.20;0.79;04/03/2024 16:10:00;
05/03/2024;21;2.0TD;1;0.000179597837000000;0.174;1.039346750;257.056999;33.081;43.893;180.082999;129.51;15.09642;0.83114;0.75;0.25;33.45292;93.83860;101.96000;97.42000;37.09000;2396.7;275.0;177.0;46.0;6.77;0.926;0.17498;0.04096;0.00;0.000;0.000;2.301;0.565;0.000;0.557;153.392;129.47;129.97;23500.4;1787.70;1.96;3.40;1.41;-1613.12;41100.56;24859.38;32850.2;-0.05;1.25;0.76;04/03/2024 16:10:00;
05/03/2024;22;2.0TD;1;0.000183751483000000;0.175;1.050318787;220.719592;33.081;43.893;143.745592;99.12;15.09642;0.83114;0.75;0.25;33.45292;93.83860;101.96000;97.42000;37.09000;2396.7;275.0;177.0;46.0;6.57;0.926;0.17498;0.04096;0.00;0.000;0.000;1.835;0.565;0.000;0.557;122.336;99.12;99.12;22930.1;1699.60;1.76;3.40;1.41;10466.16;21285.36;24859.38;32080.1;0.33;0.66;0.77;04/03/2024 16:10:00;
05/03/2024;23;2.0TD;2;0.000163748222000000;0.189;1.157481582;156.096386;19.184;8.779;128.133386;85.41;15.09642;0.83114;0.75;0.25;33.45292;93.83860;101.96000;97.42000;37.09000;2396.7;275.0;177.0;46.0;6.70;0.154;0.17498;0.04096;0.00;0.000;0.000;1.616;0.565;0.000;0.557;107.765;85.41;85.41;20225.6;1353.50;1.89;3.40;1.41;15922.72;14336.00;24859.38;29224.6;0.54;0.49;0.85;04/03/2024 16:10:00;
05/03/2024;24;2.0TD;2;0.000134747789000000;0.196;1.204601409;141.661546;19.184;8.779;113.698546;72.86;15.09642;0.83114;0.75;0.25;33.45292;93.83860;101.96000;97.42000;37.09000;2396.7;275.0;177.0;46.0;6.74;0.154;0.17498;0.04096;0.00;0.000;0.000;1.426;0.565;0.000;0.557;95.065;72.86;72.86;17418.7;1174.50;1.93;3.40;1.41;20917.64;5248.00;24859.38;26329.4;0.79;0.20;0.94;04/03/2024 16:10:00;
*
