pvpcdata;
2024;03;11;12;38;37;
20/02/2024;1;2.0TD;3;0.000107768696000000;0.229;1.270467456;86.572673;0.557;2.195;83.820673;42.88;11.02342;0.85826;0.75;0.25;52.86292;96.95660;101.96000;97.42000;68.27000;2330.3;275.0;177.0;48.0;13.50;0.000;0.17498;0.04096;0.00;0.000;0.000;1.023;0.565;0.000;0.557;68.202;43.74;30.20;18853.5;1276.30;8.47;3.48;1.55;154534.04;27323.52;24859.38;24418.7;6.33;1.12;1.02;19/02/2024 16:08:02;
20/02/2024;2;2.0TD;3;0.000088559627000000;0.240;1.334964317;86.504499;0.557;2.195;83.752499;41.05;11.02342;0.85826;0.75;0.25;52.86292;96.95660;101.96000;97.42000;68.27000;2330.3;275.0;177.0;48.0;14.68;0.000;0.17498;0.04096;0.00;0.000;0.000;1.013;0.565;0.000;0.557;67.542;41.43;34.54;18369.9;1064.90;9.65;3.48;1.55;167363.36;28332.00;24859.38;22873.4;7.32;1.24;1.09;19/02/2024 16:08:02;
20/02/2024;3;2.0TD;3;0.000078266266000000;0.244;1.356327601;84.514320;0.557;2.195;81.762320;37.72;11.02342;0.85826;0.75;0.25;52.86292;96.95660;101.96000;97.42000;68.27000;2330.3;275.0;177.0;48.0;16.22;0.000;0.17498;0.04096;0.00;0.000;0.000;0.986;0.565;0.000;0.557;65.725;37.88;34.88;18821.1;1077.00;11.19;3.48;1.55;173963.44;47236.88;24859.38;21989.6;7.91;2.15;1.13;19/02/2024 16:08:02;
20/02/2024;4;2.0TD;3;0.000073281132000000;0.248;1.375891866;83.687717;0.557;2.195;80.935717;36.82;11.02342;0.85826;0.75;0.25;52.86292;96.95660;101.96000;97.42000;68.27000;2330.3;275.0;177.0;48.0;16.26;0.000;0.17498;0.04096;0.00;0.000;0.000;0.973;0.565;0.000;0.557;64.852;37.00;34.00;18497.4;1150.30;11.23;3.48;1.55;195395.56;47812.16;0.00;21648.8;9.03;2.21;0.00;19/02/2024 16:08:02;
20/02/2024;5;2.0TD;3;0.000071608997000000;0.246;1.368767193;84.797783;0.557;2.195;82.045783;37.85;11.02342;0.85826;0.75;0.25;52.86292;96.95660;101.96000;97.42000;68.27000;2330.3;275.0;177.0;48.0;16.21;0.000;0.17498;0.04096;0.00;0.000;0.000;0.988;0.565;0.000;0.557;65.847;38.00;35.12;18262.4;1023.90;11.18;3.48;1.55;193544.24;47172.96;0.00;21523.1;8.99;2.19;0.00;19/02/2024 16:08:02;
20/02/2024;6;2.0TD;3;0.000074166294000000;0.240;1.335309906;86.127539;0.557;2.195;83.375539;40.28;11.02342;0.85826;0.75;0.25;52.86292;96.95660;101.96000;97.42000;68.27000;2330.3;275.0;177.0;48.0;15.15;0.000;0.17498;0.04096;0.00;0.000;0.000;1.009;0.565;0.000;0.557;67.238;41.00;30.00;18121.7;1267.60;10.12;3.48;1.55;196205.04;29047.20;0.00;22267.4;8.81;1.30;0.00;19/02/2024 16:08:02;
20/02/2024;7;2.0TD;3;0.000085766497000000;0.221;1.229255825;92.176010;0.557;2.195;89.424010;47.16;11.02342;0.85826;0.75;0.25;52.86292;96.95660;101.96000;97.42000;68.27000;2330.3;275.0;177.0;48.0;14.18;0.000;0.17498;0.04096;0.00;0.000;0.000;1.099;0.565;0.000;0.557;73.238;47.96;34.96;19585.2;1289.20;9.15;3.48;1.55;183529.44;20939.52;24859.38;25047.0;7.33;0.84;0.99;19/02/2024 16:08:02;
20/02/2024;8;2.0TD;3;0.000110411806000000;0.209;1.161254903;102.503371;0.557;2.195;99.751371;60.60;11.02342;0.85826;0.75;0.25;52.86292;96.95660;101.96000;97.42000;68.27000;2330.3;275.0;177.0;48.0;9.87;0.000;0.17498;0.04096;0.00;0.000;0.000;1.238;0.565;0.000;0.557;82.507;61.00;54.50;17967.0;1165.80;4.84;3.48;1.55;106183.00;8309.60;24859.38;28770.9;3.69;0.29;0.86;19/02/2024 16:08:02;
20/02/2024;9;2.0TD;2;0.000119563537000000;0.197;1.206570209;120.203027;19.184;8.779;92.240027;55.92;11.02342;0.85826;0.75;0.25;52.86292;96.95660;101.96000;97.42000;68.27000;2330.3;275.0;177.0;48.0;9.03;0.154;0.17498;0.04096;0.00;0.000;0.000;1.156;0.565;0.000;0.557;77.059;56.28;50.65;19155.1;1311.60;4.00;3.48;1.55;74302.88;23158.24;24859.38;30577.0;2.43;0.76;0.81;19/02/2024 16:08:02;
20/02/2024;10;2.0TD;2;0.000121832352000000;0.191;1.171401399;110.949900;19.184;8.779;82.986900;47.34;11.02342;0.85826;0.75;0.25;52.86292;96.95660;101.96000;97.42000;68.27000;2330.3;275.0;177.0;48.0;10.34;0.154;0.17498;0.04096;0.00;0.000;0.000;1.045;0.565;0.000;0.557;69.678;47.67;41.67;24530.5;1407.00;5.31;3.48;1.55;119713.52;20561.60;24859.38;31090.2;3.85;0.66;0.80;19/02/2024 16:08:02;
20/02/2024;11;2.0TD;1;0.000124150483000000;0.187;1.122233314;143.078431;33.081;43.893;66.104431;31.95;11.02342;0.85826;0.75;0.25;52.86292;96.95660;101.96000;97.42000;68.27000;2330.3;275.0;177.0;48.0;11.18;0.926;0.17498;0.04096;0.00;0.000;0.000;0.835;0.565;0.000;0.557;55.690;32.20;27.00;28050.1;1431.30;6.15;3.48;1.55;117314.28;47338.20;24859.38;30828.2;3.81;1.54;0.81;19/02/2024 16:08:02;
20/02/2024;12;2.0TD;1;0.000121912841000000;0.191;1.141098644;136.724490;33.081;43.893;59.750490;28.08;11.02342;0.85826;0.75;0.25;52.86292;96.95660;101.96000;97.42000;68.27000;2330.3;275.0;177.0;48.0;9.61;0.926;0.17498;0.04096;0.00;0.000;0.000;0.753;0.565;0.000;0.557;50.168;28.60;18.75;29193.6;1625.00;4.58;3.48;1.55;113236.48;1147.68;24859.38;30401.5;3.72;0.04;0.82;19/02/2024 16:08:02;
20/02/2024;13;2.0TD;1;0.000121226317000000;0.185;1.108936361;137.120260;33.081;43.893;60.146260;28.39;11.02342;0.85826;0.75;0.25;52.86292;96.95660;101.96000;97.42000;68.27000;2330.3;275.0;177.0;48.0;9.88;0.926;0.17498;0.04096;0.00;0.000;0.000;0.761;0.565;0.000;0.557;50.756;28.76;22.06;29219.6;1728.60;4.85;3.48;1.55;119044.96;1020.16;24859.38;29850.6;3.99;0.03;0.83;19/02/2024 16:08:02;
20/02/2024;14;2.0TD;1;0.000127101080000000;0.183;1.098591213;136.887434;33.081;43.893;59.913434;28.45;11.02342;0.85826;0.75;0.25;52.86292;96.95660;101.96000;97.42000;68.27000;2330.3;275.0;177.0;48.0;9.71;0.926;0.17498;0.04096;0.00;0.000;0.000;0.760;0.565;0.000;0.557;50.645;28.76;22.91;29105.3;1644.40;4.68;3.48;1.55;113061.64;1018.88;24859.38;29670.8;3.81;0.03;0.84;19/02/2024 16:08:02;
20/02/2024;15;2.0TD;2;0.000127426279000000;0.185;1.136860751;86.940850;19.184;8.779;58.977850;28.29;11.02342;0.85826;0.75;0.25;52.86292;96.95660;101.96000;97.42000;68.27000;2330.3;275.0;177.0;48.0;9.78;0.154;0.17498;0.04096;0.00;0.000;0.000;0.747;0.565;0.000;0.557;49.770;28.60;22.06;29037.8;1465.20;4.75;3.48;1.55;113397.04;1146.24;24859.38;29369.7;3.86;0.04;0.85;19/02/2024 16:08:02;
20/02/2024;16;2.0TD;2;0.000121527493000000;0.190;1.166475965;91.321382;19.184;8.779;63.358382;29.39;11.02342;0.85826;0.75;0.25;52.86292;96.95660;101.96000;97.42000;68.27000;2330.3;275.0;177.0;48.0;12.10;0.154;0.17498;0.04096;0.00;0.000;0.000;0.799;0.565;0.000;0.557;53.242;29.68;23.83;28346.8;1498.50;7.07;3.48;1.55;119419.04;59216.88;24859.38;28766.3;4.15;2.06;0.86;19/02/2024 16:08:02;
20/02/2024;17;2.0TD;2;0.000117406125000000;0.191;1.173722057;92.607309;19.184;8.779;64.644309;30.57;11.02342;0.85826;0.75;0.25;52.86292;96.95660;101.96000;97.42000;68.27000;2330.3;275.0;177.0;48.0;11.94;0.154;0.17498;0.04096;0.00;0.000;0.000;0.814;0.565;0.000;0.557;54.277;30.62;29.62;27562.8;1412.60;6.91;3.48;1.55;109846.52;62034.76;24859.38;28442.6;3.86;2.18;0.87;19/02/2024 16:08:02;
20/02/2024;18;2.0TD;2;0.000119925873000000;0.193;1.183412739;106.874388;19.184;8.779;78.911388;42.98;11.02342;0.85826;0.75;0.25;52.86292;96.95660;101.96000;97.42000;68.27000;2330.3;275.0;177.0;48.0;11.22;0.154;0.17498;0.04096;0.00;0.000;0.000;0.992;0.565;0.000;0.557;66.145;43.06;41.56;24817.2;1337.80;6.19;3.48;1.55;91490.44;60345.60;24859.38;28565.0;3.20;2.11;0.87;19/02/2024 16:08:02;
20/02/2024;19;2.0TD;1;0.000132266990000000;0.191;1.145052676;188.559192;33.081;43.893;111.585192;72.12;11.02342;0.85826;0.75;0.25;52.86292;96.95660;101.96000;97.42000;68.27000;2330.3;275.0;177.0;48.0;8.44;0.926;0.17498;0.04096;0.00;0.000;0.000;1.405;0.565;0.000;0.557;93.690;72.64;66.64;17316.0;1632.30;3.41;3.48;1.55;64632.80;8309.60;24859.38;28664.8;2.25;0.29;0.87;19/02/2024 16:08:02;
20/02/2024;20;2.0TD;1;0.000161155033000000;0.195;1.166509705;192.962299;33.081;43.893;115.988299;74.81;11.02342;0.85826;0.75;0.25;52.86292;96.95660;101.96000;97.42000;68.27000;2330.3;275.0;177.0;48.0;9.07;0.926;0.17498;0.04096;0.00;0.000;0.000;1.456;0.565;0.000;0.557;97.061;75.44;68.00;17313.4;1604.80;4.04;3.48;1.55;92648.92;8128.00;24859.38;31127.3;2.98;0.26;0.80;19/02/2024 16:08:02;
20/02/2024;21;2.0TD;1;0.000179331474000000;0.195;1.168866128;318.419374;33.081;43.893;241.445374;179.32;11.02342;0.85826;0.75;0.25;52.86292;96.95660;101.96000;97.42000;68.27000;2330.3;275.0;177.0;48.0;7.97;0.926;0.17498;0.04096;0.00;0.000;0.000;3.031;0.565;0.000;0.557;202.046;181.00;166.00;17630.1;2226.90;2.94;3.48;1.55;2531.84;65262.32;24859.38;31551.0;0.08;2.07;0.79;19/02/2024 16:08:02;
20/02/2024;22;2.0TD;1;0.000180968164000000;0.194;1.161036239;245.509891;33.081;43.893;168.535891;117.88;11.02342;0.85826;0.75;0.25;52.86292;96.95660;101.96000;97.42000;68.27000;2330.3;275.0;177.0;48.0;9.43;0.926;0.17498;0.04096;0.00;0.000;0.000;2.117;0.565;0.000;0.557;141.152;119.47;104.47;17180.2;2034.90;4.40;3.48;1.55;56768.48;53696.00;24859.38;30755.6;1.85;1.75;0.81;19/02/2024 16:08:02;
20/02/2024;23;2.0TD;2;0.000163119505000000;0.199;1.220279565;129.218955;19.184;8.779;101.255955;62.78;11.02342;0.85826;0.75;0.25;52.86292;96.95660;101.96000;97.42000;68.27000;2330.3;275.0;177.0;48.0;9.45;0.154;0.17498;0.04096;0.00;0.000;0.000;1.267;0.565;0.000;0.557;84.450;63.16;58.16;15200.7;1261.70;4.42;3.48;1.55;87973.20;11186.00;24859.38;28083.6;3.13;0.40;0.89;19/02/2024 16:08:02;
20/02/2024;24;2.0TD;2;0.000134851880000000;0.205;1.254912906;119.155397;19.184;8.779;91.192397;54.45;11.02342;0.85826;0.75;0.25;52.86292;96.95660;101.96000;97.42000;68.27000;2330.3;275.0;177.0;48.0;9.14;0.154;0.17498;0.04096;0.00;0.000;0.000;1.135;0.565;0.000;0.557;75.678;54.76;50.61;13797.1;1096.90;4.11;3.48;1.55;60425.36;19176.00;24859.38;25393.3;2.38;0.76;0.98;19/02/2024 16:08:02;
*
