pvpcdata;
2024;03;11;12;38;30;
12/02/2024;1;2.0TD;3;0.000108191285000000;0.236;1.309294083;83.069012;0.557;2.195;80.317012;38.84;12.77561;0.79777;0.75;0.25;45.85417;96.95660;101.96000;97.42000;68.27000;2507.0;275.0;177.0;48.0;13.64;0.000;0.17498;0.03702;0.00;0.000;0.000;0.975;0.565;0.000;0.557;64.981;39.23;30.00;18485.1;823.00;8.61;3.48;1.55;102841.32;74734.80;24859.38;23532.9;4.37;3.18;1.06;11/02/2024 16:09:33;
12/02/2024;2;2.0TD;3;0.000089119278000000;0.250;1.388395503;81.161252;0.557;2.195;78.409252;37.90;12.77561;0.79777;0.75;0.25;45.85417;96.95660;101.96000;97.42000;68.27000;2507.0;275.0;177.0;48.0;12.36;0.000;0.17498;0.03702;0.00;0.000;0.000;0.941;0.565;0.000;0.557;62.727;38.12;31.76;18831.2;685.00;7.33;3.48;1.55;103157.92;59445.60;0.00;22177.4;4.65;2.68;0.00;11/02/2024 16:09:33;
12/02/2024;3;2.0TD;3;0.000078581624000000;0.251;1.397183232;78.352934;0.557;2.195;75.600934;35.00;12.77561;0.79777;0.75;0.25;45.85417;96.95660;101.96000;97.42000;68.27000;2507.0;275.0;177.0;48.0;13.00;0.000;0.17498;0.03702;0.00;0.000;0.000;0.906;0.565;0.000;0.557;60.432;35.00;35.00;19165.6;690.70;7.97;3.48;1.55;111128.16;59445.60;0.00;21400.0;5.19;2.78;0.00;11/02/2024 16:09:33;
12/02/2024;4;2.0TD;3;0.000073616442000000;0.254;1.410922213;78.420117;0.557;2.195;75.668117;33.64;12.77561;0.79777;0.75;0.25;45.85417;96.95660;101.96000;97.42000;68.27000;2507.0;275.0;177.0;48.0;14.27;0.000;0.17498;0.03702;0.00;0.000;0.000;0.905;0.565;0.000;0.557;60.341;33.76;30.00;19137.0;651.60;9.24;3.48;1.55;135163.80;59371.20;0.00;21061.8;6.42;2.82;0.00;11/02/2024 16:09:33;
12/02/2024;5;2.0TD;3;0.000071756621000000;0.252;1.399213093;78.261874;0.557;2.195;75.509874;33.64;12.77561;0.79777;0.75;0.25;45.85417;96.95660;101.96000;97.42000;68.27000;2507.0;275.0;177.0;48.0;14.24;0.000;0.17498;0.03702;0.00;0.000;0.000;0.905;0.565;0.000;0.557;60.311;33.76;30.00;19288.7;621.30;9.21;3.48;1.55;135211.84;59445.60;0.00;21125.6;6.40;2.81;0.00;11/02/2024 16:09:33;
12/02/2024;6;2.0TD;3;0.000074337273000000;0.245;1.362122340;79.078470;0.557;2.195;76.326470;35.06;12.77561;0.79777;0.75;0.25;45.85417;96.95660;101.96000;97.42000;68.27000;2507.0;275.0;177.0;48.0;13.80;0.000;0.17498;0.03702;0.00;0.000;0.000;0.920;0.565;0.000;0.557;61.306;35.10;34.10;19203.9;789.30;8.77;3.48;1.55;133235.84;59445.60;0.00;21958.6;6.07;2.71;0.00;11/02/2024 16:09:33;
12/02/2024;7;2.0TD;3;0.000085464929000000;0.224;1.243135353;77.765331;0.557;2.195;75.013331;37.17;12.77561;0.79777;0.75;0.25;45.85417;96.95660;101.96000;97.42000;68.27000;2507.0;275.0;177.0;48.0;11.67;0.000;0.17498;0.03702;0.00;0.000;0.000;0.919;0.565;0.000;0.557;61.285;37.40;30.40;19074.7;659.60;6.64;3.48;1.55;92430.20;49837.44;24859.38;25160.8;3.67;1.98;0.99;11/02/2024 16:09:33;
12/02/2024;8;2.0TD;3;0.000109625057000000;0.213;1.182722969;76.770960;0.557;2.195;74.018960;39.79;12.77561;0.79777;0.75;0.25;45.85417;96.95660;101.96000;97.42000;68.27000;2507.0;275.0;177.0;48.0;8.79;0.000;0.17498;0.03702;0.00;0.000;0.000;0.915;0.565;0.000;0.557;61.021;39.88;37.08;19189.2;644.80;3.76;3.48;1.55;50666.20;36283.84;24859.38;29726.8;1.70;1.22;0.84;11/02/2024 16:09:33;
12/02/2024;9;2.0TD;2;0.000120956375000000;0.198;1.215637639;114.394389;19.184;8.779;86.431389;50.26;12.77561;0.79777;0.75;0.25;45.85417;96.95660;101.96000;97.42000;68.27000;2507.0;275.0;177.0;48.0;9.10;0.178;0.17498;0.03702;0.00;0.000;0.000;1.082;0.565;0.000;0.557;72.146;50.50;45.52;19414.2;995.20;4.07;3.48;1.55;66076.44;39102.72;24859.38;31948.8;2.07;1.22;0.78;11/02/2024 16:09:33;
12/02/2024;10;2.0TD;2;0.000126594360000000;0.189;1.159233013;109.544334;19.184;8.779;81.581334;46.43;12.77561;0.79777;0.75;0.25;45.85417;96.95660;101.96000;97.42000;68.27000;2507.0;275.0;177.0;48.0;9.45;0.178;0.17498;0.03702;0.00;0.000;0.000;1.029;0.565;0.000;0.557;68.613;46.78;39.76;21140.0;1116.20;4.42;3.48;1.55;74729.40;43846.80;24859.38;32455.1;2.30;1.35;0.77;11/02/2024 16:09:33;
12/02/2024;11;2.0TD;1;0.000131210792000000;0.185;1.107455177;152.758780;33.081;43.893;75.784780;39.55;12.77561;0.79777;0.75;0.25;45.85417;96.95660;101.96000;97.42000;68.27000;2507.0;275.0;177.0;48.0;10.85;1.068;0.17498;0.03702;0.00;0.000;0.000;0.959;0.565;0.000;0.557;63.953;40.00;31.22;22740.9;1226.00;5.82;3.48;1.55;106193.08;58190.40;24859.38;32510.8;3.27;1.79;0.76;11/02/2024 16:09:33;
12/02/2024;12;2.0TD;1;0.000129707743000000;0.184;1.102481174;147.598891;33.081;43.893;70.624891;35.29;12.77561;0.79777;0.75;0.25;45.85417;96.95660;101.96000;97.42000;68.27000;2507.0;275.0;177.0;48.0;10.87;1.068;0.17498;0.03702;0.00;0.000;0.000;0.895;0.565;0.000;0.557;59.649;35.60;28.57;26226.0;1201.40;5.84;3.48;1.55;113163.64;49213.44;24859.38;32059.2;3.53;1.54;0.78;11/02/2024 16:09:33;
12/02/2024;13;2.0TD;1;0.000129066575000000;0.183;1.097139664;146.734802;33.081;43.893;69.760802;33.39;12.77561;0.79777;0.75;0.25;45.85417;96.95660;101.96000;97.42000;68.27000;2507.0;275.0;177.0;48.0;12.10;1.068;0.17498;0.03702;0.00;0.000;0.000;0.885;0.565;0.000;0.557;58.969;33.76;25.24;27237.1;1219.20;7.07;3.48;1.55;147618.56;52476.48;24859.38;31807.3;4.64;1.65;0.78;11/02/2024 16:09:33;
12/02/2024;14;2.0TD;1;0.000135877734000000;0.179;1.073952319;148.701296;33.081;43.893;71.727296;35.52;12.77561;0.79777;0.75;0.25;45.85417;96.95660;101.96000;97.42000;68.27000;2507.0;275.0;177.0;48.0;11.81;1.068;0.17498;0.03702;0.00;0.000;0.000;0.913;0.565;0.000;0.557;60.837;35.60;33.61;27892.3;1117.30;6.78;3.48;1.55;138320.96;51391.20;24859.38;31654.6;4.37;1.62;0.79;11/02/2024 16:09:33;
12/02/2024;15;2.0TD;2;0.000135719884000000;0.181;1.109620694;98.840008;19.184;8.779;70.877008;34.93;12.77561;0.79777;0.75;0.25;45.85417;96.95660;101.96000;97.42000;68.27000;2507.0;275.0;177.0;48.0;12.48;0.178;0.17498;0.03702;0.00;0.000;0.000;0.900;0.565;0.000;0.557;60.014;35.00;33.01;28098.8;1057.90;7.45;3.48;1.55;138439.52;69242.88;24859.38;31216.4;4.43;2.22;0.80;11/02/2024 16:09:33;
12/02/2024;16;2.0TD;2;0.000128910927000000;0.186;1.141574763;99.079594;19.184;8.779;71.116594;34.93;12.77561;0.79777;0.75;0.25;45.85417;96.95660;101.96000;97.42000;68.27000;2507.0;275.0;177.0;48.0;12.43;0.178;0.17498;0.03702;0.00;0.000;0.000;0.899;0.565;0.000;0.557;59.963;35.00;33.01;27834.7;999.70;7.40;3.48;1.55;131855.52;69391.92;24859.38;30531.7;4.32;2.27;0.81;11/02/2024 16:09:33;
12/02/2024;17;2.0TD;2;0.000123698133000000;0.188;1.154263434;93.073005;19.184;8.779;65.110005;30.08;12.77561;0.79777;0.75;0.25;45.85417;96.95660;101.96000;97.42000;68.27000;2507.0;275.0;177.0;48.0;12.20;0.178;0.17498;0.03702;0.00;0.000;0.000;0.822;0.565;0.000;0.557;54.806;30.00;32.21;25786.8;990.60;7.17;3.48;1.55;131353.68;60776.64;24859.38;30262.2;4.34;2.01;0.82;11/02/2024 16:09:33;
12/02/2024;18;2.0TD;2;0.000125280278000000;0.190;1.166247925;102.509837;19.184;8.779;74.546837;39.92;12.77561;0.79777;0.75;0.25;45.85417;96.95660;101.96000;97.42000;68.27000;2507.0;275.0;177.0;48.0;10.08;0.178;0.17498;0.03702;0.00;0.000;0.000;0.940;0.565;0.000;0.557;62.644;40.00;38.01;22340.4;958.20;5.05;3.48;1.55;90412.00;38240.16;24859.38;30429.1;2.97;1.26;0.82;11/02/2024 16:09:33;
12/02/2024;19;2.0TD;1;0.000137142408000000;0.191;1.140872818;173.275165;33.081;43.893;96.301165;59.03;12.77561;0.79777;0.75;0.25;45.85417;96.95660;101.96000;97.42000;68.27000;2507.0;275.0;177.0;48.0;8.02;1.068;0.17498;0.03702;0.00;0.000;0.000;1.213;0.565;0.000;0.557;80.857;59.34;54.00;19265.0;1191.30;2.99;3.48;1.55;52774.92;14310.00;24859.38;30797.9;1.71;0.46;0.81;11/02/2024 16:09:33;
12/02/2024;20;2.0TD;1;0.000166442043000000;0.194;1.162112863;207.458381;33.081;43.893;130.484381;88.06;12.77561;0.79777;0.75;0.25;45.85417;96.95660;101.96000;97.42000;68.27000;2507.0;275.0;177.0;48.0;6.99;1.068;0.17498;0.03702;0.00;0.000;0.000;1.639;0.565;0.000;0.557;109.283;88.21;85.24;19619.3;1038.80;1.96;3.48;1.55;23554.16;14190.24;24859.38;31953.6;0.74;0.44;0.78;11/02/2024 16:09:33;
12/02/2024;21;2.0TD;1;0.000184310694000000;0.195;1.166220460;196.175729;33.081;43.893;119.201729;78.27;12.77561;0.79777;0.75;0.25;45.85417;96.95660;101.96000;97.42000;68.27000;2507.0;275.0;177.0;48.0;7.39;1.068;0.17498;0.03702;0.00;0.000;0.000;1.496;0.565;0.000;0.557;99.750;79.15;70.00;18267.2;1942.30;2.36;3.48;1.55;43392.92;11186.00;24859.38;33747.1;1.29;0.33;0.74;11/02/2024 16:09:33;
12/02/2024;22;2.0TD;1;0.000186314213000000;0.195;1.167130748;187.586069;33.081;43.893;110.612069;70.88;12.77561;0.79777;0.75;0.25;45.85417;96.95660;101.96000;97.42000;68.27000;2507.0;275.0;177.0;48.0;7.70;1.068;0.17498;0.03702;0.00;0.000;0.000;1.388;0.565;0.000;0.557;92.562;71.54;64.00;17674.7;1689.80;2.67;3.48;1.55;47870.72;14382.00;24859.38;32606.8;1.47;0.44;0.76;11/02/2024 16:09:33;
12/02/2024;23;2.0TD;2;0.000167095700000000;0.200;1.229944346;131.728681;19.184;8.779;103.765681;65.40;12.77561;0.79777;0.75;0.25;45.85417;96.95660;101.96000;97.42000;68.27000;2507.0;275.0;177.0;48.0;8.07;0.178;0.17498;0.03702;0.00;0.000;0.000;1.297;0.565;0.000;0.557;86.471;65.87;60.00;15500.9;1360.50;3.04;3.48;1.55;50802.68;14190.24;24859.38;29560.3;1.72;0.48;0.84;11/02/2024 16:09:33;
12/02/2024;24;2.0TD;2;0.000137283160000000;0.206;1.263857146;127.214872;19.184;8.779;99.251872;61.38;12.77561;0.79777;0.75;0.25;45.85417;96.95660;101.96000;97.42000;68.27000;2507.0;275.0;177.0;48.0;7.98;0.178;0.17498;0.03702;0.00;0.000;0.000;1.234;0.565;0.000;0.557;82.298;61.90;55.00;15248.1;1242.00;2.95;3.48;1.55;29493.84;22896.00;24859.38;26244.3;1.12;0.87;0.95;11/02/2024 16:09:33;
*
