pvpcdata;
2024;09;10;12;18;58;
11/08/2024;1;2.0TD;3;0.000114666246000000;0.188;1.044730375;162.257608;0.557;2.195;159.505608;119.25;4.95788;0.83293;0.75;0.25;69.22250;89.05400;101.96000;73.51000;75.32000;2718.1;275.0;234.0;57.0;7.15;0.000;0.17498;0.04096;0.00;0.000;2.014;0.947;0.000;0.557;134.264;119.20;120.04;18738.2;1172.50;3.02;3.08;1.05;38184.68;15872.00;24859.38;26112.5;1.46;0.61;0.95;10/08/2024 16:12:27;
11/08/2024;2;2.0TD;3;0.000102387058000000;0.187;1.037478734;158.303578;0.557;2.195;155.551578;116.63;4.95788;0.83293;0.75;0.25;69.22250;89.05400;101.96000;73.51000;75.32000;2718.1;275.0;234.0;57.0;6.60;0.000;0.17498;0.04096;0.00;0.000;1.966;0.947;0.000;0.557;131.046;116.70;115.53;17588.8;1100.00;2.47;3.08;1.05;40672.48;20236.80;0.00;24636.2;1.65;0.82;0.00;10/08/2024 16:12:27;
11/08/2024;3;2.0TD;3;0.000091925009000000;0.185;1.030043085;144.867841;0.557;2.195;142.115841;104.85;4.95788;0.83293;0.75;0.25;69.22250;89.05400;101.96000;73.51000;75.32000;2718.1;275.0;234.0;57.0;7.43;0.000;0.17498;0.04096;0.00;0.000;1.799;0.947;0.000;0.557;119.929;105.00;101.64;16799.5;790.20;3.30;3.08;1.05;53012.40;24000.00;0.00;23332.0;2.27;1.03;0.00;10/08/2024 16:12:27;
11/08/2024;4;2.0TD;3;0.000084935049000000;0.184;1.023623871;152.176328;0.557;2.195;149.424328;109.19;4.95788;0.83293;0.75;0.25;69.22250;89.05400;101.96000;73.51000;75.32000;2718.1;275.0;234.0;57.0;9.27;0.000;0.17498;0.04096;0.00;0.000;1.893;0.947;0.000;0.557;126.203;109.74;99.67;15732.4;906.40;5.14;3.08;1.05;66833.16;48477.76;0.00;22435.9;2.98;2.16;0.00;10/08/2024 16:12:27;
11/08/2024;5;2.0TD;3;0.000080766232000000;0.182;1.010745196;150.747832;0.557;2.195;147.995832;107.56;4.95788;0.83293;0.75;0.25;69.22250;89.05400;101.96000;73.51000;75.32000;2718.1;275.0;234.0;57.0;9.92;0.000;0.17498;0.04096;0.00;0.000;1.878;0.947;0.000;0.557;125.208;108.11;98.12;15330.9;901.00;5.79;3.08;1.05;70198.16;55930.00;0.00;21788.8;3.22;2.57;0.00;10/08/2024 16:12:27;
11/08/2024;6;2.0TD;3;0.000078264351000000;0.180;1.002486614;152.318156;0.557;2.195;149.566156;109.59;4.95788;0.83293;0.75;0.25;69.22250;89.05400;101.96000;73.51000;75.32000;2718.1;275.0;234.0;57.0;9.41;0.000;0.17498;0.04096;0.00;0.000;1.901;0.947;0.000;0.557;126.751;110.00;102.50;14894.5;858.00;5.28;3.08;1.05;67842.72;44800.00;0.00;21345.8;3.18;2.10;0.00;10/08/2024 16:12:27;
11/08/2024;7;2.0TD;3;0.000076817865000000;0.179;0.996801952;158.212558;0.557;2.195;155.460558;113.02;4.95788;0.83293;0.75;0.25;69.22250;89.05400;101.96000;73.51000;75.32000;2718.1;275.0;234.0;57.0;11.01;0.000;0.17498;0.04096;0.00;0.000;1.978;0.947;0.000;0.557;131.858;113.20;110.00;14909.0;897.80;6.88;3.08;1.05;111129.56;35456.00;0.00;21293.1;5.22;1.67;0.00;10/08/2024 16:12:27;
11/08/2024;8;2.0TD;3;0.000071865825000000;0.177;0.981088242;155.738436;0.557;2.195;152.986436;109.78;4.95788;0.83293;0.75;0.25;69.22250;89.05400;101.96000;73.51000;75.32000;2718.1;275.0;234.0;57.0;12.40;0.000;0.17498;0.04096;0.00;0.000;1.950;0.947;0.000;0.557;129.980;110.00;106.07;14971.9;907.30;8.27;3.08;1.05;129259.64;45584.00;0.00;21130.4;6.12;2.16;0.00;10/08/2024 16:12:27;
11/08/2024;9;2.0TD;3;0.000075090091000000;0.169;0.938193090;144.527127;0.557;2.195;141.775127;93.93;4.95788;0.83293;0.75;0.25;69.22250;89.05400;101.96000;73.51000;75.32000;2718.1;275.0;234.0;57.0;19.68;0.000;0.17498;0.04096;0.00;0.000;1.819;0.947;0.000;0.557;121.279;94.50;84.40;15966.7;952.70;15.55;3.08;1.05;191678.88;144000.00;0.00;21582.7;8.88;6.67;0.00;10/08/2024 16:12:27;
11/08/2024;10;2.0TD;3;0.000085605744000000;0.159;0.882008214;88.812362;0.557;2.195;86.060362;49.29;4.95788;0.83293;0.75;0.25;69.22250;89.05400;101.96000;73.51000;75.32000;2718.1;275.0;234.0;57.0;18.00;0.000;0.17498;0.04096;0.00;0.000;1.114;0.947;0.000;0.557;74.254;50.00;30.00;21720.1;797.30;13.87;3.08;1.05;222948.24;97948.48;0.00;23130.1;9.64;4.23;0.00;10/08/2024 16:12:27;
11/08/2024;11;2.0TD;3;0.000095636708000000;0.154;0.857305611;27.050600;0.557;2.195;24.298600;-0.21;4.95788;0.83293;0.75;0.25;69.22250;89.05400;101.96000;73.51000;75.32000;2718.1;275.0;234.0;57.0;15.10;0.000;0.17498;0.04096;0.00;0.000;0.316;0.947;0.000;0.557;21.056;0.00;-5.25;24435.5;1297.70;10.97;3.08;1.05;263626.80;5726.40;0.00;24555.6;10.74;0.23;0.00;10/08/2024 16:12:27;
11/08/2024;12;2.0TD;3;0.000101917421000000;0.152;0.842208943;25.921000;0.557;2.195;23.169000;-0.63;4.95788;0.83293;0.75;0.25;69.22250;89.05400;101.96000;73.51000;75.32000;2718.1;275.0;234.0;57.0;14.59;0.000;0.17498;0.04096;0.00;0.000;0.302;0.947;0.000;0.557;20.112;0.00;-15.00;25198.6;1355.10;10.46;3.08;1.05;264082.92;1669.68;0.00;25414.5;10.39;0.07;0.00;10/08/2024 16:12:27;
11/08/2024;13;2.0TD;3;0.000107017017000000;0.152;0.846335034;25.101928;0.557;2.195;22.349928;-0.89;4.95788;0.83293;0.75;0.25;69.22250;89.05400;101.96000;73.51000;75.32000;2718.1;275.0;234.0;57.0;14.15;0.000;0.17498;0.04096;0.00;0.000;0.291;0.947;0.000;0.557;19.401;0.00;-20.00;26069.0;1219.10;10.02;3.08;1.05;264016.08;1578.72;0.00;26518.8;9.96;0.06;0.00;10/08/2024 16:12:27;
11/08/2024;14;2.0TD;3;0.000115761635000000;0.150;0.834906421;24.666376;0.557;2.195;21.914376;-0.83;4.95788;0.83293;0.75;0.25;69.22250;89.05400;101.96000;73.51000;75.32000;2718.1;275.0;234.0;57.0;13.75;0.000;0.17498;0.04096;0.00;0.000;0.286;0.947;0.000;0.557;19.056;0.00;-20.00;27053.1;1182.00;9.62;3.08;1.05;263906.68;1534.00;0.00;27598.7;9.56;0.06;0.00;10/08/2024 16:12:27;
11/08/2024;15;2.0TD;3;0.000121432456000000;0.148;0.823597259;24.686812;0.557;2.195;21.934812;-0.50;4.95788;0.83293;0.75;0.25;69.22250;89.05400;101.96000;73.51000;75.32000;2718.1;275.0;234.0;57.0;13.47;0.000;0.17498;0.04096;0.00;0.000;0.287;0.947;0.000;0.557;19.107;0.00;-13.00;27870.8;1124.00;9.34;3.08;1.05;263741.76;1557.00;0.00;28408.9;9.28;0.05;0.00;10/08/2024 16:12:27;
11/08/2024;16;2.0TD;3;0.000117761761000000;0.150;0.832881744;24.677876;0.557;2.195;21.925876;-0.61;4.95788;0.83293;0.75;0.25;69.22250;89.05400;101.96000;73.51000;75.32000;2718.1;275.0;234.0;57.0;13.54;0.000;0.17498;0.04096;0.00;0.000;0.286;0.947;0.000;0.557;19.066;0.00;-15.00;27460.1;1159.10;9.41;3.08;1.05;263691.32;1861.44;0.00;28209.6;9.35;0.07;0.00;10/08/2024 16:12:27;
11/08/2024;17;2.0TD;3;0.000115115905000000;0.151;0.838152225;26.940241;0.557;2.195;24.188241;-0.20;4.95788;0.83293;0.75;0.25;69.22250;89.05400;101.96000;73.51000;75.32000;2718.1;275.0;234.0;57.0;15.05;0.000;0.17498;0.04096;0.00;0.000;0.315;0.947;0.000;0.557;21.015;0.00;-4.99;26889.8;1437.70;10.92;3.08;1.05;303163.52;1862.56;0.00;27938.1;10.85;0.07;0.00;10/08/2024 16:12:27;
11/08/2024;18;2.0TD;3;0.000115411711000000;0.154;0.857415625;31.678140;0.557;2.195;28.926140;3.93;4.95788;0.83293;0.75;0.25;69.22250;89.05400;101.96000;73.51000;75.32000;2718.1;275.0;234.0;57.0;14.91;0.000;0.17498;0.04096;0.00;0.000;0.376;0.947;0.000;0.557;25.066;4.12;0.30;26915.7;1387.00;10.78;3.08;1.05;299677.04;4480.00;0.00;28214.3;10.62;0.16;0.00;10/08/2024 16:12:27;
11/08/2024;19;2.0TD;3;0.000117202548000000;0.164;0.910500573;69.271084;0.557;2.195;66.519084;36.30;4.95788;0.83293;0.75;0.25;69.22250;89.05400;101.96000;73.51000;75.32000;2718.1;275.0;234.0;57.0;14.14;0.000;0.17498;0.04096;0.00;0.000;0.857;0.947;0.000;0.557;57.147;36.42;32.27;27522.2;822.30;10.01;3.08;1.05;220648.96;64052.00;0.00;28453.3;7.75;2.25;0.00;10/08/2024 16:12:27;
11/08/2024;20;2.0TD;3;0.000119195071000000;0.173;0.961605789;121.575703;0.557;2.195;118.823703;80.52;4.95788;0.83293;0.75;0.25;69.22250;89.05400;101.96000;73.51000;75.32000;2718.1;275.0;234.0;57.0;13.41;0.000;0.17498;0.04096;0.00;0.000;1.519;0.947;0.000;0.557;101.299;80.54;79.73;22334.7;564.30;9.28;3.08;1.05;119559.76;146795.52;0.00;28695.8;4.17;5.12;0.00;10/08/2024 16:12:27;
11/08/2024;21;2.0TD;3;0.000123648892000000;0.179;0.994951397;163.383652;0.557;2.195;160.631652;116.27;4.95788;0.83293;0.75;0.25;69.22250;89.05400;101.96000;73.51000;75.32000;2718.1;275.0;234.0;57.0;12.08;0.000;0.17498;0.04096;0.00;0.000;2.044;0.947;0.000;0.557;136.244;116.34;114.64;19555.9;815.70;7.95;3.08;1.05;68857.64;160186.40;0.00;28808.0;2.39;5.56;0.00;10/08/2024 16:12:27;
11/08/2024;22;2.0TD;3;0.000140189464000000;0.182;1.012618554;175.840510;0.557;2.195;173.088510;128.42;4.95788;0.83293;0.75;0.25;69.22250;89.05400;101.96000;73.51000;75.32000;2718.1;275.0;234.0;57.0;9.97;0.000;0.17498;0.04096;0.00;0.000;2.197;0.947;0.000;0.557;146.437;128.58;124.91;19395.1;908.40;5.84;3.08;1.05;136565.12;11328.00;24859.38;29580.1;4.62;0.38;0.84;10/08/2024 16:12:27;
11/08/2024;23;2.0TD;3;0.000142712681000000;0.182;1.013141811;184.887538;0.557;2.195;182.135538;136.19;4.95788;0.83293;0.75;0.25;69.22250;89.05400;101.96000;73.51000;75.32000;2718.1;275.0;234.0;57.0;9.74;0.000;0.17498;0.04096;0.00;0.000;2.311;0.947;0.000;0.557;154.091;136.29;134.59;19274.1;1165.40;5.61;3.08;1.05;124818.84;15872.00;24859.38;29469.8;4.24;0.54;0.84;10/08/2024 16:12:27;
11/08/2024;24;2.0TD;3;0.000128856800000000;0.183;1.016321865;169.753720;0.557;2.195;167.001720;122.47;4.95788;0.83293;0.75;0.25;69.22250;89.05400;101.96000;73.51000;75.32000;2718.1;275.0;234.0;57.0;10.73;0.000;0.17498;0.04096;0.00;0.000;2.118;0.947;0.000;0.557;141.168;122.60;119.97;18728.4;979.20;6.60;3.08;1.05;145985.20;11200.00;24859.38;27559.4;5.30;0.41;0.90;10/08/2024 16:12:27;
*
