pvpcdata;
2024;04;10;12;05;37;
09/03/2024;1;2.0TD;3;0.000117242890000000;0.225;1.247728292;44.984899;0.557;2.195;42.232899;-0.04;23.31194;0.83393;0.75;0.25;0.59083;93.83860;101.96000;97.42000;37.09000;2388.7;275.0;177.0;46.0;13.22;0.000;0.17498;0.04096;0.00;0.000;0.000;0.517;0.565;0.000;0.557;34.475;0.01;-0.50;21143.0;2696.40;8.41;3.40;1.41;175752.96;10188.80;24859.38;25069.1;7.01;0.41;0.99;08/03/2024 16:10:21;
09/03/2024;2;2.0TD;3;0.000097344196000000;0.232;1.286674561;46.139142;0.557;2.195;43.387142;-0.16;23.31194;0.83393;0.75;0.25;0.59083;93.83860;101.96000;97.42000;37.09000;2388.7;275.0;177.0;46.0;14.07;0.000;0.17498;0.04096;0.00;0.000;0.000;0.528;0.565;0.000;0.557;35.216;0.00;-1.50;19764.2;2805.30;9.26;3.40;1.41;175758.04;15920.00;24859.38;23382.8;7.52;0.68;1.06;08/03/2024 16:10:21;
09/03/2024;3;2.0TD;3;0.000084634653000000;0.238;1.322405881;46.752793;0.557;2.195;44.000793;-0.33;23.31194;0.83393;0.75;0.25;0.59083;93.83860;101.96000;97.42000;37.09000;2388.7;275.0;177.0;46.0;14.56;0.000;0.17498;0.04096;0.00;0.000;0.000;0.533;0.565;0.000;0.557;35.541;0.00;-3.21;19314.7;2972.90;9.75;3.40;1.41;175755.64;15890.00;24859.38;22207.8;7.91;0.72;1.12;08/03/2024 16:10:21;
09/03/2024;4;2.0TD;3;0.000077975630000000;0.240;1.334330716;45.716556;0.557;2.195;42.964556;-0.55;23.31194;0.83393;0.75;0.25;0.59083;93.83860;101.96000;97.42000;37.09000;2388.7;275.0;177.0;46.0;13.90;0.000;0.17498;0.04096;0.00;0.000;0.000;0.520;0.565;0.000;0.557;34.648;0.00;-5.00;18701.8;3062.00;9.09;3.40;1.41;175755.96;20250.12;0.00;21566.0;8.15;0.94;0.00;08/03/2024 16:10:21;
09/03/2024;5;2.0TD;3;0.000074970161000000;0.242;1.341926343;45.949798;0.557;2.195;43.197798;-0.57;23.31194;0.83393;0.75;0.25;0.59083;93.83860;101.96000;97.42000;37.09000;2388.7;275.0;177.0;46.0;14.05;0.000;0.17498;0.04096;0.00;0.000;0.000;0.522;0.565;0.000;0.557;34.780;0.00;-5.00;18161.1;3122.00;9.24;3.40;1.41;175756.08;20224.60;0.00;21220.4;8.28;0.95;0.00;08/03/2024 16:10:21;
09/03/2024;6;2.0TD;3;0.000075513755000000;0.240;1.334185820;45.892636;0.557;2.195;43.140636;-0.41;23.31194;0.83393;0.75;0.25;0.59083;93.83860;101.96000;97.42000;37.09000;2388.7;275.0;177.0;46.0;13.90;0.000;0.17498;0.04096;0.00;0.000;0.000;0.522;0.565;0.000;0.557;34.790;0.00;-3.84;18034.7;3053.90;9.09;3.40;1.41;175755.92;15880.00;0.00;21077.9;8.34;0.75;0.00;08/03/2024 16:10:21;
09/03/2024;7;2.0TD;3;0.000078672734000000;0.236;1.311681487;45.301097;0.557;2.195;42.549097;-0.29;23.31194;0.83393;0.75;0.25;0.59083;93.83860;101.96000;97.42000;37.09000;2388.7;275.0;177.0;46.0;13.42;0.000;0.17498;0.04096;0.00;0.000;0.000;0.516;0.565;0.000;0.557;34.424;0.00;-2.59;18488.5;2818.40;8.61;3.40;1.41;175755.48;11320.80;0.00;21730.9;8.09;0.52;0.00;08/03/2024 16:10:21;
09/03/2024;8;2.0TD;3;0.000083911621000000;0.225;1.252748239;45.035124;0.557;2.195;42.283124;-0.15;23.31194;0.83393;0.75;0.25;0.59083;93.83860;101.96000;97.42000;37.09000;2388.7;275.0;177.0;46.0;13.37;0.000;0.17498;0.04096;0.00;0.000;0.000;0.518;0.565;0.000;0.557;34.516;0.00;-1.50;19253.7;2453.00;8.56;3.40;1.41;175756.04;20237.36;0.00;22903.5;7.67;0.88;0.00;08/03/2024 16:10:21;
09/03/2024;9;2.0TD;3;0.000100853868000000;0.199;1.107303307;42.250460;0.557;2.195;39.498460;-0.08;23.31194;0.83393;0.75;0.25;0.59083;93.83860;101.96000;97.42000;37.09000;2388.7;275.0;177.0;46.0;11.75;0.000;0.17498;0.04096;0.00;0.000;0.000;0.494;0.565;0.000;0.557;32.942;0.01;-1.00;20361.1;2363.80;6.94;3.40;1.41;143229.36;22977.92;0.00;23960.5;5.98;0.96;0.00;08/03/2024 16:10:21;
09/03/2024;10;2.0TD;3;0.000123959581000000;0.176;0.979989639;44.919639;0.557;2.195;42.167639;0.13;23.31194;0.83393;0.75;0.25;0.59083;93.83860;101.96000;97.42000;37.09000;2388.7;275.0;177.0;46.0;14.41;0.000;0.17498;0.04096;0.00;0.000;0.000;0.538;0.565;0.000;0.557;35.856;0.13;0.10;22071.7;2416.70;9.60;3.40;1.41;211520.40;35251.84;0.00;25693.2;8.23;1.37;0.00;08/03/2024 16:10:21;
09/03/2024;11;2.0TD;3;0.000136173974000000;0.169;0.939116470;44.205717;0.557;2.195;41.453717;0.41;23.31194;0.83393;0.75;0.25;0.59083;93.83860;101.96000;97.42000;37.09000;2388.7;275.0;177.0;46.0;13.74;0.000;0.17498;0.04096;0.00;0.000;0.000;0.532;0.565;0.000;0.557;35.460;0.43;0.28;24129.1;2723.00;8.93;3.40;1.41;211368.32;27892.80;0.00;26801.5;7.89;1.04;0.00;08/03/2024 16:10:21;
09/03/2024;12;2.0TD;3;0.000135969400000000;0.166;0.924869878;42.833058;0.557;2.195;40.081058;0.09;23.31194;0.83393;0.75;0.25;0.59083;93.83860;101.96000;97.42000;37.09000;2388.7;275.0;177.0;46.0;12.99;0.000;0.17498;0.04096;0.00;0.000;0.000;0.516;0.565;0.000;0.557;34.374;0.10;0.00;24440.5;2726.50;8.18;3.40;1.41;211547.48;10607.52;0.00;27154.9;7.79;0.39;0.00;08/03/2024 16:10:21;
09/03/2024;13;2.0TD;3;0.000134319221000000;0.166;0.919554015;42.679146;0.557;2.195;39.927146;-0.01;23.31194;0.83393;0.75;0.25;0.59083;93.83860;101.96000;97.42000;37.09000;2388.7;275.0;177.0;46.0;12.96;0.000;0.17498;0.04096;0.00;0.000;0.000;0.514;0.565;0.000;0.557;34.242;0.00;-0.10;24488.8;2784.80;8.15;3.40;1.41;211599.16;9685.44;0.00;27162.5;7.79;0.36;0.00;08/03/2024 16:10:21;
09/03/2024;14;2.0TD;3;0.000140667131000000;0.160;0.891391632;42.143089;0.557;2.195;39.391089;-0.24;23.31194;0.83393;0.75;0.25;0.59083;93.83860;101.96000;97.42000;37.09000;2388.7;275.0;177.0;46.0;12.91;0.000;0.17498;0.04096;0.00;0.000;0.000;0.509;0.565;0.000;0.557;33.957;0.00;-2.59;24428.9;2994.10;8.10;3.40;1.41;211600.72;10654.60;0.00;27432.3;7.71;0.39;0.00;08/03/2024 16:10:21;
09/03/2024;15;2.0TD;3;0.000139743304000000;0.163;0.906966781;42.375219;0.557;2.195;39.623219;-0.29;23.31194;0.83393;0.75;0.25;0.59083;93.83860;101.96000;97.42000;37.09000;2388.7;275.0;177.0;46.0;13.07;0.000;0.17498;0.04096;0.00;0.000;0.000;0.511;0.565;0.000;0.557;34.069;0.00;-3.21;24058.6;3287.80;8.26;3.40;1.41;211600.84;11306.56;0.00;27000.2;7.84;0.42;0.00;08/03/2024 16:10:21;
09/03/2024;16;2.0TD;3;0.000125238894000000;0.178;0.990120222;43.041762;0.557;2.195;40.289762;-0.48;23.31194;0.83393;0.75;0.25;0.59083;93.83860;101.96000;97.42000;37.09000;2388.7;275.0;177.0;46.0;13.39;0.000;0.17498;0.04096;0.00;0.000;0.000;0.513;0.565;0.000;0.557;34.201;0.00;-5.00;23471.6;3271.10;8.58;3.40;1.41;211600.80;12497.68;0.00;26113.2;8.10;0.48;0.00;08/03/2024 16:10:21;
09/03/2024;17;2.0TD;3;0.000116344573000000;0.189;1.048180526;43.949466;0.557;2.195;41.197466;-0.47;23.31194;0.83393;0.75;0.25;0.59083;93.83860;101.96000;97.42000;37.09000;2388.7;275.0;177.0;46.0;13.82;0.000;0.17498;0.04096;0.00;0.000;0.000;0.520;0.565;0.000;0.557;34.648;0.00;-5.00;23019.8;3020.60;9.01;3.40;1.41;211600.80;18390.92;0.00;25513.8;8.29;0.72;0.00;08/03/2024 16:10:21;
09/03/2024;18;2.0TD;3;0.000114327050000000;0.193;1.074803669;44.717965;0.557;2.195;41.965965;-0.28;23.31194;0.83393;0.75;0.25;0.59083;93.83860;101.96000;97.42000;37.09000;2388.7;275.0;177.0;46.0;14.15;0.000;0.17498;0.04096;0.00;0.000;0.000;0.528;0.565;0.000;0.557;35.176;0.00;-3.21;22753.6;3041.10;9.34;3.40;1.41;211600.60;26287.56;0.00;25473.1;8.31;1.03;0.00;08/03/2024 16:10:21;
09/03/2024;19;2.0TD;3;0.000119508523000000;0.205;1.141127319;44.613502;0.557;2.195;41.861502;0.18;23.31194;0.83393;0.75;0.25;0.59083;93.83860;101.96000;97.42000;37.09000;2388.7;275.0;177.0;46.0;13.26;0.000;0.17498;0.04096;0.00;0.000;0.000;0.521;0.565;0.000;0.557;34.739;0.20;0.00;22791.2;2338.00;8.45;3.40;1.41;187630.32;36312.00;0.00;26487.1;7.08;1.37;0.00;08/03/2024 16:10:21;
09/03/2024;20;2.0TD;3;0.000139440120000000;0.216;1.197755449;46.428088;0.557;2.195;43.676088;3.00;23.31194;0.83393;0.75;0.25;0.59083;93.83860;101.96000;97.42000;37.09000;2388.7;275.0;177.0;46.0;11.60;0.000;0.17498;0.04096;0.00;0.000;0.000;0.539;0.565;0.000;0.557;35.917;3.20;1.00;24208.2;2390.60;6.79;3.40;1.41;185594.36;8533.12;0.00;28571.4;6.50;0.30;0.00;08/03/2024 16:10:21;
09/03/2024;21;2.0TD;3;0.000159710840000000;0.217;1.204506567;46.809634;0.557;2.195;44.057634;3.50;23.31194;0.83393;0.75;0.25;0.59083;93.83860;101.96000;97.42000;37.09000;2388.7;275.0;177.0;46.0;11.38;0.000;0.17498;0.04096;0.00;0.000;0.000;0.543;0.565;0.000;0.557;36.201;3.50;3.50;25014.9;2585.90;6.57;3.40;1.41;185606.16;9340.80;0.00;29692.6;6.25;0.31;0.00;08/03/2024 16:10:21;
09/03/2024;22;2.0TD;3;0.000166793858000000;0.215;1.192717850;43.974320;0.557;2.195;41.222320;3.20;23.31194;0.83393;0.75;0.25;0.59083;93.83860;101.96000;97.42000;37.09000;2388.7;275.0;177.0;46.0;9.44;0.000;0.17498;0.04096;0.00;0.000;0.000;0.509;0.565;0.000;0.557;33.927;3.20;3.20;24764.7;2707.00;4.63;3.40;1.41;101486.24;9052.16;24859.38;29250.9;3.47;0.31;0.85;08/03/2024 16:10:21;
09/03/2024;23;2.0TD;3;0.000156541875000000;0.217;1.206143949;44.054346;0.557;2.195;41.302346;2.87;23.31194;0.83393;0.75;0.25;0.59083;93.83860;101.96000;97.42000;37.09000;2388.7;275.0;177.0;46.0;9.78;0.000;0.17498;0.04096;0.00;0.000;0.000;0.509;0.565;0.000;0.557;33.937;3.20;0.00;22589.8;2591.40;4.97;3.40;1.41;101663.20;8707.72;24859.38;27177.5;3.74;0.32;0.91;08/03/2024 16:10:21;
09/03/2024;24;2.0TD;3;0.000137744014000000;0.223;1.240715731;41.936719;0.557;2.195;39.184719;0.17;23.31194;0.83393;0.75;0.25;0.59083;93.83860;101.96000;97.42000;37.09000;2388.7;275.0;177.0;46.0;10.61;0.000;0.17498;0.04096;0.00;0.000;0.000;0.481;0.565;0.000;0.557;32.039;0.20;-0.10;20921.6;2316.60;5.80;3.40;1.41;103271.64;15920.00;24859.38;24856.2;4.15;0.64;1.00;08/03/2024 16:10:21;
*
