pvpcdata;
2024;08;09;11;56;34;
06/07/2024;1;2.0TD;3;0.000112601099000000;0.178;0.988340868;154.012845;0.557;2.195;151.260845;100.10;13.73840;1.18707;0.75;0.25;33.97542;88.92900;101.96000;73.51000;74.07000;1920.7;275.0;234.0;61.0;8.35;0.000;0.17498;0.04096;0.00;0.000;1.926;0.947;0.000;0.557;128.404;101.00;91.08;17647.1;1767.60;4.13;3.13;1.09;64957.20;15990.00;24859.38;25622.5;2.54;0.62;0.97;05/07/2024 16:07:05;
06/07/2024;2;2.0TD;3;0.000098682164000000;0.175;0.973862365;149.512781;0.557;2.195;146.760781;96.04;13.73840;1.18707;0.75;0.25;33.97542;88.92900;101.96000;73.51000;74.07000;1920.7;275.0;234.0;61.0;8.96;0.000;0.17498;0.04096;0.00;0.000;1.874;0.947;0.000;0.557;124.902;96.96;86.39;16256.6;1542.90;4.74;3.13;1.09;71417.16;18372.64;24859.38;24191.0;2.95;0.76;1.03;05/07/2024 16:07:05;
06/07/2024;3;2.0TD;3;0.000087727208000000;0.175;0.970633181;132.382456;0.557;2.195;129.630456;79.51;13.73840;1.18707;0.75;0.25;33.97542;88.92900;101.96000;73.51000;74.07000;1920.7;275.0;234.0;61.0;11.13;0.000;0.17498;0.04096;0.00;0.000;1.655;0.947;0.000;0.557;110.323;79.74;76.45;15414.9;1184.10;6.91;3.13;1.09;94097.40;39847.08;24859.38;22987.9;4.09;1.73;1.08;05/07/2024 16:07:05;
06/07/2024;4;2.0TD;3;0.000080831897000000;0.172;0.958266349;124.091261;0.557;2.195;121.339261;72.27;13.73840;1.18707;0.75;0.25;33.97542;88.92900;101.96000;73.51000;74.07000;1920.7;275.0;234.0;61.0;11.68;0.000;0.17498;0.04096;0.00;0.000;1.553;0.947;0.000;0.557;103.531;71.91;78.33;15153.1;897.90;7.46;3.13;1.09;117669.96;48000.00;0.00;22196.7;5.30;2.16;0.00;05/07/2024 16:07:05;
06/07/2024;5;2.0TD;3;0.000076724580000000;0.171;0.950305651;130.122598;0.557;2.195;127.370598;77.60;13.73840;1.18707;0.75;0.25;33.97542;88.92900;101.96000;73.51000;74.07000;1920.7;275.0;234.0;61.0;11.51;0.000;0.17498;0.04096;0.00;0.000;1.632;0.947;0.000;0.557;108.770;77.25;82.75;14478.1;980.00;7.29;3.13;1.09;110117.08;47340.00;0.00;21593.3;5.10;2.19;0.00;05/07/2024 16:07:05;
06/07/2024;6;2.0TD;3;0.000074880085000000;0.172;0.953756538;123.484165;0.557;2.195;120.732165;71.24;13.73840;1.18707;0.75;0.25;33.97542;88.92900;101.96000;73.51000;74.07000;1920.7;275.0;234.0;61.0;12.20;0.000;0.17498;0.04096;0.00;0.000;1.545;0.947;0.000;0.557;103.013;70.66;80.17;14342.4;935.80;7.98;3.13;1.09;121521.00;48993.36;0.00;21372.9;5.69;2.29;0.00;05/07/2024 16:07:05;
06/07/2024;7;2.0TD;3;0.000072992803000000;0.170;0.945299271;123.135397;0.557;2.195;120.383397;71.29;13.73840;1.18707;0.75;0.25;33.97542;88.92900;101.96000;73.51000;74.07000;1920.7;275.0;234.0;61.0;12.03;0.000;0.17498;0.04096;0.00;0.000;1.543;0.947;0.000;0.557;102.891;70.66;80.00;14447.2;1051.10;7.81;3.13;1.09;119824.12;47970.00;0.00;21488.2;5.58;2.23;0.00;05/07/2024 16:07:05;
06/07/2024;8;2.0TD;3;0.000072198125000000;0.166;0.923141247;120.049026;0.557;2.195;117.297026;65.50;13.73840;1.18707;0.75;0.25;33.97542;88.92900;101.96000;73.51000;74.07000;1920.7;275.0;234.0;61.0;15.56;0.000;0.17498;0.04096;0.00;0.000;1.509;0.947;0.000;0.557;100.597;65.50;65.45;15797.4;1081.90;11.34;3.13;1.09;115883.40;133513.44;0.00;21990.5;5.27;6.07;0.00;05/07/2024 16:07:05;
06/07/2024;9;2.0TD;3;0.000082986677000000;0.159;0.884301043;87.516383;0.557;2.195;84.764383;31.13;13.73840;1.18707;0.75;0.25;33.97542;88.92900;101.96000;73.51000;74.07000;1920.7;275.0;234.0;61.0;22.88;0.000;0.17498;0.04096;0.00;0.000;1.097;0.947;0.000;0.557;73.135;30.87;35.00;19652.9;1300.50;18.66;3.13;1.09;163372.20;274000.32;0.00;23441.5;6.97;11.69;0.00;05/07/2024 16:07:05;
06/07/2024;10;2.0TD;3;0.000098505344000000;0.155;0.862544815;43.134025;0.557;2.195;40.382025;0.03;13.73840;1.18707;0.75;0.25;33.97542;88.92900;101.96000;73.51000;74.07000;1920.7;275.0;234.0;61.0;16.38;0.000;0.17498;0.04096;0.00;0.000;0.524;0.947;0.000;0.557;34.962;0.00;0.50;23847.8;1612.10;12.16;3.13;1.09;193493.56;110724.96;0.00;25009.7;7.74;4.43;0.00;05/07/2024 16:07:05;
06/07/2024;11;2.0TD;3;0.000111616921000000;0.156;0.865024422;37.899940;0.557;2.195;35.147940;0.00;13.73840;1.18707;0.75;0.25;33.97542;88.92900;101.96000;73.51000;74.07000;1920.7;275.0;234.0;61.0;11.92;0.000;0.17498;0.04096;0.00;0.000;0.456;0.947;0.000;0.557;30.404;0.00;0.00;25557.3;1466.80;7.70;3.13;1.09;194000.52;6286.24;0.00;26022.4;7.46;0.24;0.00;05/07/2024 16:07:05;
06/07/2024;12;2.0TD;3;0.000118571252000000;0.156;0.869276185;37.735788;0.557;2.195;34.983788;-0.01;13.73840;1.18707;0.75;0.25;33.97542;88.92900;101.96000;73.51000;74.07000;1920.7;275.0;234.0;61.0;11.79;0.000;0.17498;0.04096;0.00;0.000;0.454;0.947;0.000;0.557;30.262;-0.01;0.00;25850.7;1310.70;7.57;3.13;1.09;194208.48;3602.96;0.00;26119.9;7.44;0.14;0.00;05/07/2024 16:07:05;
06/07/2024;13;2.0TD;3;0.000124373390000000;0.157;0.873977422;37.132015;0.557;2.195;34.380015;-0.51;13.73840;1.18707;0.75;0.25;33.97542;88.92900;101.96000;73.51000;74.07000;1920.7;275.0;234.0;61.0;11.75;0.000;0.17498;0.04096;0.00;0.000;0.446;0.947;0.000;0.557;29.714;-0.51;-0.51;26023.6;1483.30;7.53;3.13;1.09;194453.04;2915.88;0.00;26221.6;7.42;0.11;0.00;05/07/2024 16:07:05;
06/07/2024;14;2.0TD;3;0.000133801269000000;0.154;0.855987107;36.608966;0.557;2.195;33.856966;-0.77;13.73840;1.18707;0.75;0.25;33.97542;88.92900;101.96000;73.51000;74.07000;1920.7;275.0;234.0;61.0;11.64;0.000;0.17498;0.04096;0.00;0.000;0.440;0.947;0.000;0.557;29.338;-0.76;-0.86;26321.0;1506.20;7.42;3.13;1.09;194374.72;2624.16;0.00;26566.1;7.32;0.10;0.00;05/07/2024 16:07:05;
06/07/2024;15;2.0TD;3;0.000137652381000000;0.151;0.840562936;37.398012;0.557;2.195;34.646012;-0.95;13.73840;1.18707;0.75;0.25;33.97542;88.92900;101.96000;73.51000;74.07000;1920.7;275.0;234.0;61.0;12.57;0.000;0.17498;0.04096;0.00;0.000;0.452;0.947;0.000;0.557;30.100;-0.95;-1.00;25348.5;1548.80;8.35;3.13;1.09;216689.08;2531.20;0.00;26250.4;8.25;0.10;0.00;05/07/2024 16:07:05;
06/07/2024;16;2.0TD;3;0.000130539354000000;0.153;0.852088562;37.563137;0.557;2.195;34.811137;-1.18;13.73840;1.18707;0.75;0.25;33.97542;88.92900;101.96000;73.51000;74.07000;1920.7;275.0;234.0;61.0;12.89;0.000;0.17498;0.04096;0.00;0.000;0.453;0.947;0.000;0.557;30.191;-1.00;-3.86;24119.9;1665.40;8.67;3.13;1.09;216663.48;2526.40;0.00;25296.0;8.57;0.10;0.00;05/07/2024 16:07:05;
06/07/2024;17;2.0TD;3;0.000124500472000000;0.155;0.858813126;37.869535;0.557;2.195;35.117535;-1.19;13.73840;1.18707;0.75;0.25;33.97542;88.92900;101.96000;73.51000;74.07000;1920.7;275.0;234.0;61.0;13.11;0.000;0.17498;0.04096;0.00;0.000;0.456;0.947;0.000;0.557;30.404;-1.01;-3.86;23438.7;1567.20;8.89;3.13;1.09;216798.96;2833.20;0.00;24705.0;8.78;0.11;0.00;05/07/2024 16:07:05;
06/07/2024;18;2.0TD;3;0.000122367817000000;0.161;0.896506577;36.861939;0.557;2.195;34.109939;-1.00;13.73840;1.18707;0.75;0.25;33.97542;88.92900;101.96000;73.51000;74.07000;1920.7;275.0;234.0;61.0;11.91;0.000;0.17498;0.04096;0.00;0.000;0.441;0.947;0.000;0.557;29.379;-1.00;-1.00;23046.3;1558.60;7.69;3.13;1.09;187829.96;2844.00;0.00;24782.0;7.58;0.11;0.00;05/07/2024 16:07:05;
06/07/2024;19;2.0TD;3;0.000121068007000000;0.169;0.940607340;40.253277;0.557;2.195;37.501277;-0.83;13.73840;1.18707;0.75;0.25;33.97542;88.92900;101.96000;73.51000;74.07000;1920.7;275.0;234.0;61.0;14.40;0.000;0.17498;0.04096;0.00;0.000;0.481;0.947;0.000;0.557;32.079;-0.82;-1.00;24304.1;1336.70;10.18;3.13;1.09;247805.52;10194.96;0.00;25352.1;9.77;0.40;0.00;05/07/2024 16:07:05;
06/07/2024;20;2.0TD;3;0.000119258792000000;0.178;0.987779143;46.354247;0.557;2.195;43.602247;0.12;13.73840;1.18707;0.75;0.25;33.97542;88.92900;101.96000;73.51000;74.07000;1920.7;275.0;234.0;61.0;18.31;0.000;0.17498;0.04096;0.00;0.000;0.555;0.947;0.000;0.557;37.013;0.00;2.39;24811.7;1363.90;14.09;3.13;1.09;244948.92;127423.84;0.00;26436.7;9.27;4.82;0.00;05/07/2024 16:07:05;
06/07/2024;21;2.0TD;3;0.000119729422000000;0.186;1.030948300;64.687046;0.557;2.195;61.935046;9.28;13.73840;1.18707;0.75;0.25;33.97542;88.92900;101.96000;73.51000;74.07000;1920.7;275.0;234.0;61.0;24.13;0.000;0.17498;0.04096;0.00;0.000;0.783;0.947;0.000;0.557;52.221;9.23;10.15;23694.3;1245.80;19.91;3.13;1.09;259430.48;283148.24;0.00;27250.3;9.52;10.39;0.00;05/07/2024 16:07:05;
06/07/2024;22;2.0TD;3;0.000126630118000000;0.188;1.044506669;88.829481;0.557;2.195;86.077481;41.61;13.73840;1.18707;0.75;0.25;33.97542;88.92900;101.96000;73.51000;74.07000;1920.7;275.0;234.0;61.0;11.73;0.000;0.17498;0.04096;0.00;0.000;1.087;0.947;0.000;0.557;72.455;41.10;50.88;21569.1;1183.20;7.51;3.13;1.09;126917.52;53120.00;24859.38;27259.5;4.66;1.95;0.91;05/07/2024 16:07:05;
06/07/2024;23;2.0TD;3;0.000133992535000000;0.188;1.043677687;110.756397;0.557;2.195;108.004397;59.98;13.73840;1.18707;0.75;0.25;33.97542;88.92900;101.96000;73.51000;74.07000;1920.7;275.0;234.0;61.0;11.54;0.000;0.17498;0.04096;0.00;0.000;1.364;0.947;0.000;0.557;90.912;59.70;65.35;21399.6;1105.70;7.32;3.13;1.09;109674.72;60928.00;24859.38;26706.9;4.11;2.28;0.93;05/07/2024 16:07:05;
06/07/2024;24;2.0TD;3;0.000125683102000000;0.188;1.044487219;96.451689;0.557;2.195;93.699689;47.25;13.73840;1.18707;0.75;0.25;33.97542;88.92900;101.96000;73.51000;74.07000;1920.7;275.0;234.0;61.0;12.41;0.000;0.17498;0.04096;0.00;0.000;1.183;0.947;0.000;0.557;78.871;46.89;53.89;20593.1;1102.50;8.19;3.13;1.09;121868.44;59253.84;24859.38;25172.0;4.84;2.35;0.99;05/07/2024 16:07:05;
*
