pvpcdata;
2024;09;10;12;18;59;
12/08/2024;1;2.0TD;3;0.000113304964000000;0.182;1.012220131;146.348176;0.557;2.195;143.596176;114.70;-4.18879;0.85386;0.75;0.25;105.80917;89.05400;101.96000;73.51000;75.32000;2651.5;275.0;234.0;57.0;6.82;0.000;0.17498;0.04096;0.00;0.000;1.822;0.947;0.000;0.557;121.485;114.70;114.70;18258.6;1096.50;2.69;3.08;1.05;33612.12;11200.00;24859.38;25894.7;1.30;0.43;0.96;11/08/2024 16:10:21;
12/08/2024;2;2.0TD;3;0.000096571889000000;0.182;1.008702572;137.372068;0.557;2.195;134.620068;107.00;-4.18879;0.85386;0.75;0.25;105.80917;89.05400;101.96000;73.51000;75.32000;2651.5;275.0;234.0;57.0;7.04;0.000;0.17498;0.04096;0.00;0.000;1.708;0.947;0.000;0.557;113.891;107.00;107.00;16826.5;819.60;2.91;3.08;1.05;55539.20;14784.00;0.00;24170.4;2.30;0.61;0.00;11/08/2024 16:10:21;
12/08/2024;3;2.0TD;3;0.000086393877000000;0.181;1.003674388;134.165138;0.557;2.195;131.413138;103.96;-4.18879;0.85386;0.75;0.25;105.80917;89.05400;101.96000;73.51000;75.32000;2651.5;275.0;234.0;57.0;7.50;0.000;0.17498;0.04096;0.00;0.000;1.669;0.947;0.000;0.557;111.272;104.00;103.06;16020.7;741.50;3.37;3.08;1.05;60605.76;15980.00;0.00;22753.3;2.66;0.70;0.00;11/08/2024 16:10:21;
12/08/2024;4;2.0TD;3;0.000080512992000000;0.179;0.995879864;141.435137;0.557;2.195;138.683137;109.68;-4.18879;0.85386;0.75;0.25;105.80917;89.05400;101.96000;73.51000;75.32000;2651.5;275.0;234.0;57.0;8.04;0.000;0.17498;0.04096;0.00;0.000;1.764;0.947;0.000;0.557;117.627;110.00;105.00;15112.3;1022.20;3.91;3.08;1.05;69992.72;16000.00;0.00;22008.2;3.18;0.73;0.00;11/08/2024 16:10:21;
12/08/2024;5;2.0TD;3;0.000076905987000000;0.176;0.980076893;141.285702;0.557;2.195;138.533702;109.88;-4.18879;0.85386;0.75;0.25;105.80917;89.05400;101.96000;73.51000;75.32000;2651.5;275.0;234.0;57.0;8.01;0.000;0.17498;0.04096;0.00;0.000;1.767;0.947;0.000;0.557;117.800;110.10;106.34;14976.3;949.60;3.88;3.08;1.05;67607.76;15872.00;0.00;21498.3;3.14;0.74;0.00;11/08/2024 16:10:21;
12/08/2024;6;2.0TD;3;0.000075117385000000;0.172;0.953085094;151.142163;0.557;2.195;148.390163;119.16;-4.18879;0.85386;0.75;0.25;105.80917;89.05400;101.96000;73.51000;75.32000;2651.5;275.0;234.0;57.0;7.41;0.000;0.17498;0.04096;0.00;0.000;1.899;0.947;0.000;0.557;126.612;119.26;117.69;14751.6;1031.00;3.28;3.08;1.05;54965.04;15872.00;0.00;21594.4;2.55;0.74;0.00;11/08/2024 16:10:21;
12/08/2024;7;2.0TD;3;0.000075697678000000;0.166;0.919992708;152.406662;0.557;2.195;149.654662;120.34;-4.18879;0.85386;0.75;0.25;105.80917;89.05400;101.96000;73.51000;75.32000;2651.5;275.0;234.0;57.0;7.94;0.000;0.17498;0.04096;0.00;0.000;1.925;0.947;0.000;0.557;128.348;120.34;120.34;15476.8;1222.20;3.81;3.08;1.05;55170.48;8192.00;24859.38;23145.7;2.38;0.35;1.07;11/08/2024 16:10:21;
12/08/2024;8;2.0TD;3;0.000075670012000000;0.163;0.908074987;160.346370;0.557;2.195;157.594370;128.37;-4.18879;0.85386;0.75;0.25;105.80917;89.05400;101.96000;73.51000;75.32000;2651.5;275.0;234.0;57.0;6.96;0.000;0.17498;0.04096;0.00;0.000;2.033;0.947;0.000;0.557;135.506;128.22;130.86;16374.3;971.30;2.83;3.08;1.05;32863.04;12751.20;24859.38;24948.6;1.32;0.51;1.00;11/08/2024 16:10:21;
12/08/2024;9;2.0TD;2;0.000081409534000000;0.147;0.902919539;174.647975;19.184;8.779;146.684975;120.82;-4.18879;0.85386;0.75;0.25;105.80917;89.05400;101.96000;73.51000;75.32000;2651.5;275.0;234.0;57.0;6.85;0.154;0.17498;0.04096;0.00;0.000;1.918;0.947;0.000;0.557;127.885;120.82;120.82;17574.4;1241.40;2.72;3.08;1.05;30059.48;16800.00;24859.38;26388.8;1.14;0.64;0.94;11/08/2024 16:10:21;
12/08/2024;10;2.0TD;2;0.000092179974000000;0.140;0.858609530;169.367194;19.184;8.779;141.404194;116.27;-4.18879;0.85386;0.75;0.25;105.80917;89.05400;101.96000;73.51000;75.32000;2651.5;275.0;234.0;57.0;7.61;0.154;0.17498;0.04096;0.00;0.000;1.861;0.947;0.000;0.557;124.038;116.45;112.45;20560.4;950.30;3.48;3.08;1.05;40007.12;31968.00;24859.38;27810.2;1.44;1.15;0.89;11/08/2024 16:10:21;
12/08/2024;11;2.0TD;1;0.000100004811000000;0.147;0.879307494;203.690852;33.081;43.893;126.716852;97.46;-4.18879;0.85386;0.75;0.25;105.80917;89.05400;101.96000;73.51000;75.32000;2651.5;275.0;234.0;57.0;12.29;0.926;0.17498;0.04096;0.00;0.000;1.657;0.947;0.000;0.557;110.476;97.50;96.53;22898.3;916.90;8.16;3.08;1.05;63521.72;150468.80;24859.38;29290.4;2.17;5.14;0.85;11/08/2024 16:10:21;
12/08/2024;12;2.0TD;1;0.000104083492000000;0.147;0.879149988;184.535952;33.081;43.893;107.561952;83.22;-4.18879;0.85386;0.75;0.25;105.80917;89.05400;101.96000;73.51000;75.32000;2651.5;275.0;234.0;57.0;10.08;0.926;0.17498;0.04096;0.00;0.000;1.407;0.947;0.000;0.557;93.776;83.18;84.18;24145.2;1022.30;5.95;3.08;1.05;74816.56;79031.68;24859.38;30058.3;2.49;2.63;0.83;11/08/2024 16:10:21;
12/08/2024;13;2.0TD;1;0.000109608969000000;0.146;0.874703087;182.836629;33.081;43.893;105.862629;82.02;-4.18879;0.85386;0.75;0.25;105.80917;89.05400;101.96000;73.51000;75.32000;2651.5;275.0;234.0;57.0;9.90;0.926;0.17498;0.04096;0.00;0.000;1.386;0.947;0.000;0.557;92.375;81.99;82.99;25004.3;837.90;5.77;3.08;1.05;76067.28;76741.92;24859.38;30834.2;2.47;2.49;0.81;11/08/2024 16:10:21;
12/08/2024;14;2.0TD;1;0.000119523992000000;0.142;0.851894348;181.875570;33.081;43.893;104.901570;82.03;-4.18879;0.85386;0.75;0.25;105.80917;89.05400;101.96000;73.51000;75.32000;2651.5;275.0;234.0;57.0;9.38;0.926;0.17498;0.04096;0.00;0.000;1.378;0.947;0.000;0.557;91.857;82.00;83.00;25488.2;860.90;5.25;3.08;1.05;76056.80;66304.96;24859.38;31843.6;2.39;2.08;0.78;11/08/2024 16:10:21;
12/08/2024;15;2.0TD;2;0.000125483124000000;0.143;0.879715957;132.327777;19.184;8.779;104.364777;81.83;-4.18879;0.85386;0.75;0.25;105.80917;89.05400;101.96000;73.51000;75.32000;2651.5;275.0;234.0;57.0;9.81;0.154;0.17498;0.04096;0.00;0.000;1.370;0.947;0.000;0.557;91.307;81.80;82.80;25821.8;820.20;5.68;3.08;1.05;76266.56;82392.88;24859.38;32323.4;2.36;2.55;0.77;11/08/2024 16:10:21;
12/08/2024;16;2.0TD;2;0.000121684044000000;0.143;0.877072464;131.422521;19.184;8.779;103.459521;81.31;-4.18879;0.85386;0.75;0.25;105.80917;89.05400;101.96000;73.51000;75.32000;2651.5;275.0;234.0;57.0;9.55;0.154;0.17498;0.04096;0.00;0.000;1.358;0.947;0.000;0.557;90.515;81.28;82.28;26019.9;746.50;5.42;3.08;1.05;72376.36;76051.44;24859.38;31980.9;2.26;2.38;0.78;11/08/2024 16:10:21;
12/08/2024;17;2.0TD;2;0.000119577992000000;0.145;0.891039822;129.720028;19.184;8.779;101.757028;80.01;-4.18879;0.85386;0.75;0.25;105.80917;89.05400;101.96000;73.51000;75.32000;2651.5;275.0;234.0;57.0;9.23;0.154;0.17498;0.04096;0.00;0.000;1.333;0.947;0.000;0.557;88.870;80.10;77.00;26067.8;780.90;5.10;3.08;1.05;70465.24;66899.52;24859.38;31766.4;2.22;2.11;0.78;11/08/2024 16:10:21;
12/08/2024;18;2.0TD;2;0.000120593091000000;0.151;0.926273754;133.233192;19.184;8.779;105.270192;82.17;-4.18879;0.85386;0.75;0.25;105.80917;89.05400;101.96000;73.51000;75.32000;2651.5;275.0;234.0;57.0;9.62;0.154;0.17498;0.04096;0.00;0.000;1.372;0.947;0.000;0.557;91.459;82.10;84.10;24520.0;830.10;5.49;3.08;1.05;67098.48;82176.00;24859.38;31708.3;2.12;2.59;0.78;11/08/2024 16:10:21;
12/08/2024;19;2.0TD;1;0.000121547261000000;0.151;0.906969481;194.831528;33.081;43.893;117.857528;90.57;-4.18879;0.85386;0.75;0.25;105.80917;89.05400;101.96000;73.51000;75.32000;2651.5;275.0;234.0;57.0;11.22;0.926;0.17498;0.04096;0.00;0.000;1.536;0.947;0.000;0.557;102.395;90.57;90.57;23304.3;778.20;7.09;3.08;1.05;57678.08;141105.60;24859.38;31539.3;1.83;4.47;0.79;11/08/2024 16:10:21;
12/08/2024;20;2.0TD;1;0.000121768048000000;0.155;0.930727310;221.131591;33.081;43.893;144.157591;117.15;-4.18879;0.85386;0.75;0.25;105.80917;89.05400;101.96000;73.51000;75.32000;2651.5;275.0;234.0;57.0;6.72;0.926;0.17498;0.04096;0.00;0.000;1.872;0.947;0.000;0.557;124.811;117.15;117.15;22121.6;963.90;2.59;3.08;1.05;31044.44;23808.00;24859.38;30834.4;1.01;0.77;0.81;11/08/2024 16:10:21;
12/08/2024;21;2.0TD;1;0.000125391604000000;0.159;0.953914140;230.843729;33.081;43.893;153.869729;124.95;-4.18879;0.85386;0.75;0.25;105.80917;89.05400;101.96000;73.51000;75.32000;2651.5;275.0;234.0;57.0;6.75;0.926;0.17498;0.04096;0.00;0.000;1.991;0.947;0.000;0.557;132.760;124.95;124.95;20678.8;993.80;2.62;3.08;1.05;38442.84;16786.00;24859.38;30573.3;1.26;0.55;0.81;11/08/2024 16:10:21;
12/08/2024;22;2.0TD;1;0.000142986463000000;0.158;0.947972947;248.533746;33.081;43.893;171.559746;136.07;-4.18879;0.85386;0.75;0.25;105.80917;89.05400;101.96000;73.51000;75.32000;2651.5;275.0;234.0;57.0;10.79;0.926;0.17498;0.04096;0.00;0.000;2.222;0.947;0.000;0.557;148.151;136.13;135.05;20694.6;1266.50;6.66;3.08;1.05;172386.28;8000.00;24859.38;30848.6;5.59;0.26;0.81;11/08/2024 16:10:21;
12/08/2024;23;2.0TD;2;0.000142573342000000;0.163;1.002750738;191.288634;19.184;8.779;163.325634;128.50;-4.18879;0.85386;0.75;0.25;105.80917;89.05400;101.96000;73.51000;75.32000;2651.5;275.0;234.0;57.0;11.53;0.154;0.17498;0.04096;0.00;0.000;2.107;0.947;0.000;0.557;140.434;128.72;124.71;20050.8;1138.30;7.40;3.08;1.05;189781.32;7082.84;24859.38;29944.4;6.34;0.24;0.83;11/08/2024 16:10:21;
12/08/2024;24;2.0TD;2;0.000126172931000000;0.164;1.003801251;183.569741;19.184;8.779;155.606741;120.75;-4.18879;0.85386;0.75;0.25;105.80917;89.05400;101.96000;73.51000;75.32000;2651.5;275.0;234.0;57.0;12.63;0.154;0.17498;0.04096;0.00;0.000;2.005;0.947;0.000;0.557;133.682;121.06;116.06;18616.9;1212.20;8.50;3.08;1.05;205209.68;4561.92;24859.38;27591.6;7.44;0.17;0.90;11/08/2024 16:10:21;
*
