pvpcdata;
2024;07;09;11;17;54;
01/06/2024;1;2.0TD;3;0.000094792623000000;0.172;0.958193781;52.872291;0.557;2.195;50.120291;4.99;19.01155;1.08688;0.75;0.25;1.75958;77.80580;101.96000;48.69000;52.19000;1807.0;275.0;154.0;62.0;14.75;0.000;0.17498;0.04096;0.00;0.000;0.641;0.947;0.000;0.557;42.764;4.99;4.99;21125.1;1606.60;10.41;3.20;1.14;219572.08;8864.80;24859.38;24336.5;9.02;0.36;1.02;31/05/2024 18:31:49;
01/06/2024;2;2.0TD;3;0.000081835416000000;0.172;0.958115702;51.777643;0.557;2.195;49.025643;3.25;19.01155;1.08688;0.75;0.25;1.75958;77.80580;101.96000;48.69000;52.19000;1807.0;275.0;154.0;62.0;15.57;0.000;0.17498;0.04096;0.00;0.000;0.627;0.947;0.000;0.557;41.830;3.25;3.25;19679.7;1754.90;11.23;3.20;1.14;222074.40;9552.00;24859.38;22834.7;9.73;0.42;1.09;31/05/2024 18:31:49;
01/06/2024;3;2.0TD;3;0.000072284007000000;0.173;0.962284783;52.463451;0.557;2.195;49.711451;3.25;19.01155;1.08688;0.75;0.25;1.75958;77.80580;101.96000;48.69000;52.19000;1807.0;275.0;154.0;62.0;16.11;0.000;0.17498;0.04096;0.00;0.000;0.636;0.947;0.000;0.557;42.379;3.25;3.25;18395.2;1741.20;11.77;3.20;1.14;221801.84;10074.08;24859.38;21822.6;10.16;0.46;1.14;31/05/2024 18:31:49;
01/06/2024;4;2.0TD;3;0.000066942042000000;0.173;0.962651741;49.937982;0.557;2.195;47.185982;1.41;19.01155;1.08688;0.75;0.25;1.75958;77.80580;101.96000;48.69000;52.19000;1807.0;275.0;154.0;62.0;15.83;0.000;0.17498;0.04096;0.00;0.000;0.603;0.947;0.000;0.557;40.226;1.23;3.25;17066.9;1649.00;11.49;3.20;1.14;225594.72;14646.40;0.00;20903.8;10.79;0.70;0.00;31/05/2024 18:31:49;
01/06/2024;5;2.0TD;3;0.000064109240000000;0.173;0.959697035;48.997236;0.557;2.195;46.245236;0.17;19.01155;1.08688;0.75;0.25;1.75958;77.80580;101.96000;48.69000;52.19000;1807.0;275.0;154.0;62.0;16.28;0.000;0.17498;0.04096;0.00;0.000;0.591;0.947;0.000;0.557;39.424;0.09;1.00;16709.2;1551.90;11.94;3.20;1.14;228024.12;17957.76;0.00;20608.6;11.06;0.87;0.00;31/05/2024 18:31:49;
01/06/2024;6;2.0TD;3;0.000063284423000000;0.173;0.963557240;51.867567;0.557;2.195;49.115567;3.19;19.01155;1.08688;0.75;0.25;1.75958;77.80580;101.96000;48.69000;52.19000;1807.0;275.0;154.0;62.0;15.67;0.000;0.17498;0.04096;0.00;0.000;0.628;0.947;0.000;0.557;41.871;3.25;2.50;17926.5;1673.30;11.33;3.20;1.14;221841.20;13057.28;0.00;20732.5;10.70;0.63;0.00;31/05/2024 18:31:49;
01/06/2024;7;2.0TD;3;0.000061955296000000;0.171;0.950638793;51.665552;0.557;2.195;48.913552;3.19;19.01155;1.08688;0.75;0.25;1.75958;77.80580;101.96000;48.69000;52.19000;1807.0;275.0;154.0;62.0;15.57;0.000;0.17498;0.04096;0.00;0.000;0.627;0.947;0.000;0.557;41.770;3.25;2.50;18311.8;1644.20;11.23;3.20;1.14;222469.08;13038.00;0.00;20965.5;10.61;0.62;0.00;31/05/2024 18:31:49;
01/06/2024;8;2.0TD;3;0.000062924916000000;0.162;0.901205194;58.461480;0.557;2.195;55.709480;3.25;19.01155;1.08688;0.75;0.25;1.75958;77.80580;101.96000;48.69000;52.19000;1807.0;275.0;154.0;62.0;21.59;0.000;0.17498;0.04096;0.00;0.000;0.719;0.947;0.000;0.557;47.942;3.25;3.25;19147.1;1438.50;17.25;3.20;1.14;257547.80;110562.92;0.00;21343.8;12.07;5.18;0.00;31/05/2024 18:31:49;
01/06/2024;9;2.0TD;3;0.000075691110000000;0.149;0.828000687;58.164540;0.557;2.195;55.412540;0.06;19.01155;1.08688;0.75;0.25;1.75958;77.80580;101.96000;48.69000;52.19000;1807.0;275.0;154.0;62.0;25.06;0.000;0.17498;0.04096;0.00;0.000;0.723;0.947;0.000;0.557;48.226;0.00;0.88;21898.8;1466.20;20.72;3.20;1.14;341781.36;122955.84;0.00;22424.3;15.24;5.48;0.00;31/05/2024 18:31:49;
01/06/2024;10;2.0TD;3;0.000092752744000000;0.145;0.806128685;55.298058;0.557;2.195;52.546058;-0.09;19.01155;1.08688;0.75;0.25;1.75958;77.80580;101.96000;48.69000;52.19000;1807.0;275.0;154.0;62.0;22.91;0.000;0.17498;0.04096;0.00;0.000;0.688;0.947;0.000;0.557;45.891;0.00;-1.37;23157.9;1770.80;18.57;3.20;1.14;350627.20;93036.48;0.00;23892.0;14.68;3.89;0.00;31/05/2024 18:31:49;
01/06/2024;11;2.0TD;3;0.000104922074000000;0.145;0.804188933;52.834018;0.557;2.195;50.082018;-0.13;19.01155;1.08688;0.75;0.25;1.75958;77.80580;101.96000;48.69000;52.19000;1807.0;275.0;154.0;62.0;20.83;0.000;0.17498;0.04096;0.00;0.000;0.656;0.947;0.000;0.557;43.739;-0.01;-2.00;24170.4;1521.30;16.49;3.20;1.14;382364.64;19996.20;0.00;24398.1;15.67;0.82;0.00;31/05/2024 18:31:49;
01/06/2024;12;2.0TD;3;0.000109845638000000;0.144;0.800202923;52.360134;0.557;2.195;49.608134;-0.46;19.01155;1.08688;0.75;0.25;1.75958;77.80580;101.96000;48.69000;52.19000;1807.0;275.0;154.0;62.0;20.79;0.000;0.17498;0.04096;0.00;0.000;0.650;0.947;0.000;0.557;43.363;-0.36;-2.00;24784.6;1631.50;16.45;3.20;1.14;383498.84;19116.00;0.00;24475.1;15.67;0.78;0.00;31/05/2024 18:31:49;
01/06/2024;13;2.0TD;3;0.000113820064000000;0.145;0.807916013;52.252358;0.557;2.195;49.500358;-0.59;19.01155;1.08688;0.75;0.25;1.75958;77.80580;101.96000;48.69000;52.19000;1807.0;275.0;154.0;62.0;20.79;0.000;0.17498;0.04096;0.00;0.000;0.648;0.947;0.000;0.557;43.231;-0.50;-2.00;25209.1;1589.80;16.45;3.20;1.14;384033.28;19116.00;0.00;24504.1;15.67;0.78;0.00;31/05/2024 18:31:49;
01/06/2024;14;2.0TD;3;0.000122081967000000;0.142;0.788991041;52.135224;0.557;2.195;49.383224;-0.46;19.01155;1.08688;0.75;0.25;1.75958;77.80580;101.96000;48.69000;52.19000;1807.0;275.0;154.0;62.0;20.67;0.000;0.17498;0.04096;0.00;0.000;0.649;0.947;0.000;0.557;43.242;-0.36;-2.00;25583.1;1644.40;16.33;3.20;1.14;383977.80;19284.00;0.00;24691.6;15.55;0.78;0.00;31/05/2024 18:31:49;
01/06/2024;15;2.0TD;3;0.000121804171000000;0.142;0.789278245;52.320228;0.557;2.195;49.568228;-0.68;19.01155;1.08688;0.75;0.25;1.75958;77.80580;101.96000;48.69000;52.19000;1807.0;275.0;154.0;62.0;21.05;0.000;0.17498;0.04096;0.00;0.000;0.651;0.947;0.000;0.557;43.404;-0.60;-2.00;25244.8;1599.70;16.71;3.20;1.14;385447.36;19044.00;0.00;24200.3;15.93;0.79;0.00;31/05/2024 18:31:49;
01/06/2024;16;2.0TD;3;0.000109014092000000;0.147;0.818296305;53.410119;0.557;2.195;50.658119;-0.71;19.01155;1.08688;0.75;0.25;1.75958;77.80580;101.96000;48.69000;52.19000;1807.0;275.0;154.0;62.0;21.83;0.000;0.17498;0.04096;0.00;0.000;0.662;0.947;0.000;0.557;44.165;-0.62;-2.00;22105.1;1558.20;17.49;3.20;1.14;385834.36;19032.00;0.00;23147.5;16.67;0.82;0.00;31/05/2024 18:31:49;
01/06/2024;17;2.0TD;3;0.000100315473000000;0.153;0.852695308;54.401504;0.557;2.195;51.649504;-0.75;19.01155;1.08688;0.75;0.25;1.75958;77.80580;101.96000;48.69000;52.19000;1807.0;275.0;154.0;62.0;22.49;0.000;0.17498;0.04096;0.00;0.000;0.672;0.947;0.000;0.557;44.795;-0.66;-2.00;21394.2;1539.40;18.15;3.20;1.14;385862.32;23865.00;0.00;22579.6;17.09;1.06;0.00;31/05/2024 18:31:49;
01/06/2024;18;2.0TD;3;0.000096886533000000;0.161;0.892281754;54.877131;0.557;2.195;52.125131;-0.72;19.01155;1.08688;0.75;0.25;1.75958;77.80580;101.96000;48.69000;52.19000;1807.0;275.0;154.0;62.0;22.56;0.000;0.17498;0.04096;0.00;0.000;0.673;0.947;0.000;0.557;44.896;-0.60;-2.60;23756.3;1547.50;18.22;3.20;1.14;385199.80;28710.00;0.00;22718.9;16.96;1.26;0.00;31/05/2024 18:31:49;
01/06/2024;19;2.0TD;3;0.000096151093000000;0.165;0.918025799;59.185478;0.557;2.195;56.433478;-0.12;19.01155;1.08688;0.75;0.25;1.75958;77.80580;101.96000;48.69000;52.19000;1807.0;275.0;154.0;62.0;25.45;0.000;0.17498;0.04096;0.00;0.000;0.727;0.947;0.000;0.557;48.440;-0.01;-2.00;24466.3;1488.80;21.11;3.20;1.14;382738.44;108490.00;0.00;23271.2;16.45;4.66;0.00;31/05/2024 18:31:49;
01/06/2024;20;2.0TD;3;0.000096198810000000;0.174;0.964129743;57.296925;0.557;2.195;54.544925;0.02;19.01155;1.08688;0.75;0.25;1.75958;77.80580;101.96000;48.69000;52.19000;1807.0;275.0;154.0;62.0;23.36;0.000;0.17498;0.04096;0.00;0.000;0.697;0.947;0.000;0.557;46.460;0.00;0.44;25805.8;1427.10;19.02;3.20;1.14;345796.16;108324.40;0.00;23880.9;14.48;4.54;0.00;31/05/2024 18:31:49;
01/06/2024;21;2.0TD;3;0.000099865027000000;0.181;1.005257609;56.554526;0.557;2.195;53.802526;3.25;19.01155;1.08688;0.75;0.25;1.75958;77.80580;101.96000;48.69000;52.19000;1807.0;275.0;154.0;62.0;19.24;0.000;0.17498;0.04096;0.00;0.000;0.683;0.947;0.000;0.557;45.556;3.25;3.25;23715.9;1658.40;14.90;3.20;1.14;283148.52;87650.64;0.00;24892.5;11.37;3.52;0.00;31/05/2024 18:31:49;
01/06/2024;22;2.0TD;3;0.000110124627000000;0.184;1.023879914;56.716060;0.557;2.195;53.964060;7.20;19.01155;1.08688;0.75;0.25;1.75958;77.80580;101.96000;48.69000;52.19000;1807.0;275.0;154.0;62.0;15.31;0.000;0.17498;0.04096;0.00;0.000;0.684;0.947;0.000;0.557;45.577;7.20;7.20;23172.0;1642.30;10.97;3.20;1.14;251142.16;7660.00;24859.38;25856.3;9.71;0.30;0.96;31/05/2024 18:31:49;
01/06/2024;23;2.0TD;3;0.000117428032000000;0.183;1.017770033;58.303022;0.557;2.195;55.551022;8.44;19.01155;1.08688;0.75;0.25;1.75958;77.80580;101.96000;48.69000;52.19000;1807.0;275.0;154.0;62.0;15.43;0.000;0.17498;0.04096;0.00;0.000;0.704;0.947;0.000;0.557;46.957;8.44;8.40;22706.1;1551.80;11.09;3.20;1.14;248154.72;9418.68;24859.38;25489.0;9.74;0.37;0.98;31/05/2024 18:31:49;
01/06/2024;24;2.0TD;3;0.000106573425000000;0.182;1.013272177;54.980743;0.557;2.195;52.228743;4.53;19.01155;1.08688;0.75;0.25;1.75958;77.80580;101.96000;48.69000;52.19000;1807.0;275.0;154.0;62.0;16.61;0.000;0.17498;0.04096;0.00;0.000;0.663;0.947;0.000;0.557;44.186;4.50;5.00;21679.4;1484.90;12.27;3.20;1.14;256409.32;7396.80;24859.38;23533.1;10.90;0.31;1.06;31/05/2024 18:31:49;
*
