pvpcdata;
2025;01;13;09;30;23;
08/12/2024;1;2.0TD;3;0.000133173990000000;0.235;1.307496496;83.634545;0.557;2.195;80.882545;18.51;18.10912;0.87302;0.75;0.25;22.18833;94.62480;101.96000;84.74000;90.60000;2419.2;275.0;200.0;53.0;28.47;0.000;0.17498;0.04096;0.00;0.000;0.982;0.947;0.000;0.557;65.492;18.64;16.41;22650.0;1408.80;24.30;3.25;0.92;445653.16;88538.40;24859.38;23006.3;19.37;3.85;1.08;07/12/2024 16:09:24;
08/12/2024;2;2.0TD;3;0.000112510164000000;0.245;1.362231355;80.321649;0.557;2.195;77.569649;13.72;18.10912;0.87302;0.75;0.25;22.18833;94.62480;101.96000;84.74000;90.60000;2419.2;275.0;200.0;53.0;30.12;0.000;0.17498;0.04096;0.00;0.000;0.935;0.947;0.000;0.557;62.305;13.90;10.90;22271.1;1433.10;25.95;3.25;0.92;466483.08;85080.00;0.00;21251.1;21.95;4.00;0.00;07/12/2024 16:09:24;
08/12/2024;3;2.0TD;3;0.000097331510000000;0.251;1.397080106;75.957942;0.557;2.195;73.205942;7.82;18.10912;0.87302;0.75;0.25;22.18833;94.62480;101.96000;84.74000;90.60000;2419.2;275.0;200.0;53.0;32.29;0.000;0.17498;0.04096;0.00;0.000;0.878;0.947;0.000;0.557;58.518;8.19;0.00;22023.1;1055.20;28.12;3.25;0.92;478681.48;90000.00;0.00;20225.0;23.67;4.45;0.00;07/12/2024 16:09:24;
08/12/2024;4;2.0TD;3;0.000088280375000000;0.256;1.420542903;72.221284;0.557;2.195;69.469284;3.18;18.10912;0.87302;0.75;0.25;22.18833;94.62480;101.96000;84.74000;90.60000;2419.2;275.0;200.0;53.0;33.77;0.000;0.17498;0.04096;0.00;0.000;0.830;0.947;0.000;0.557;55.310;3.60;-5.40;21214.9;1052.80;29.60;3.25;0.92;487618.04;90760.00;0.00;19538.1;24.96;4.65;0.00;07/12/2024 16:09:24;
08/12/2024;5;2.0TD;3;0.000084017738000000;0.257;1.427886587;72.824646;0.557;2.195;70.072646;3.13;18.10912;0.87302;0.75;0.25;22.18833;94.62480;101.96000;84.74000;90.60000;2419.2;275.0;200.0;53.0;34.25;0.000;0.17498;0.04096;0.00;0.000;0.836;0.947;0.000;0.557;55.746;3.32;-0.71;20781.8;1019.00;30.08;3.25;0.92;487926.96;90800.00;0.00;19238.9;25.36;4.72;0.00;07/12/2024 16:09:24;
08/12/2024;6;2.0TD;3;0.000083523001000000;0.254;1.409716787;72.593454;0.557;2.195;69.841454;3.13;18.10912;0.87302;0.75;0.25;22.18833;94.62480;101.96000;84.74000;90.60000;2419.2;275.0;200.0;53.0;34.20;0.000;0.17498;0.04096;0.00;0.000;0.835;0.947;0.000;0.557;55.695;3.32;-0.71;20680.7;1040.70;30.03;3.25;0.92;487785.20;90800.00;0.00;19265.8;25.32;4.71;0.00;07/12/2024 16:09:24;
08/12/2024;7;2.0TD;3;0.000085767072000000;0.244;1.357633363;70.673080;0.557;2.195;67.921080;3.13;18.10912;0.87302;0.75;0.25;22.18833;94.62480;101.96000;84.74000;90.60000;2419.2;275.0;200.0;53.0;33.12;0.000;0.17498;0.04096;0.00;0.000;0.819;0.947;0.000;0.557;54.599;3.32;-0.71;21110.7;1047.40;28.95;3.25;0.92;488121.16;86160.00;0.00;19834.6;24.61;4.34;0.00;07/12/2024 16:09:24;
08/12/2024;8;2.0TD;3;0.000091653083000000;0.232;1.287549578;71.931189;0.557;2.195;69.179189;4.73;18.10912;0.87302;0.75;0.25;22.18833;94.62480;101.96000;84.74000;90.60000;2419.2;275.0;200.0;53.0;33.05;0.000;0.17498;0.04096;0.00;0.000;0.842;0.947;0.000;0.557;56.152;5.00;-0.50;22070.1;1152.30;28.88;3.25;0.92;517155.72;85920.00;0.00;20883.1;24.76;4.11;0.00;07/12/2024 16:09:24;
08/12/2024;9;2.0TD;3;0.000100814628000000;0.227;1.262816667;90.498377;0.557;2.195;87.746377;4.74;18.10912;0.87302;0.75;0.25;22.18833;94.62480;101.96000;84.74000;90.60000;2419.2;275.0;200.0;53.0;48.17;0.000;0.17498;0.04096;0.00;0.000;1.073;0.947;0.000;0.557;71.513;5.00;-0.71;22613.5;1066.90;44.00;3.25;0.92;439912.84;518851.12;0.00;21788.9;20.19;23.81;0.00;07/12/2024 16:09:24;
08/12/2024;10;2.0TD;3;0.000122850364000000;0.215;1.193154863;75.010406;0.557;2.195;72.258406;3.13;18.10912;0.87302;0.75;0.25;22.18833;94.62480;101.96000;84.74000;90.60000;2419.2;275.0;200.0;53.0;37.92;0.000;0.17498;0.04096;0.00;0.000;0.892;0.947;0.000;0.557;59.472;3.32;-1.01;24419.9;1143.40;33.75;3.25;0.92;347084.00;446400.00;0.00;23511.1;14.76;18.99;0.00;07/12/2024 16:09:24;
08/12/2024;11;2.0TD;3;0.000141837702000000;0.202;1.120230809;53.565275;0.557;2.195;50.813275;2.88;18.10912;0.87302;0.75;0.25;22.18833;94.62480;101.96000;84.74000;90.60000;2419.2;275.0;200.0;53.0;21.23;0.000;0.17498;0.04096;0.00;0.000;0.634;0.947;0.000;0.557;42.274;3.04;-0.71;26213.6;1169.50;17.06;3.25;0.92;356541.00;72264.52;0.00;25133.4;14.19;2.88;0.00;07/12/2024 16:09:24;
08/12/2024;12;2.0TD;3;0.000147987139000000;0.197;1.097137338;48.202017;0.557;2.195;45.450017;0.39;18.10912;0.87302;0.75;0.25;22.18833;94.62480;101.96000;84.74000;90.60000;2419.2;275.0;200.0;53.0;19.48;0.000;0.17498;0.04096;0.00;0.000;0.570;0.947;0.000;0.557;37.970;0.44;-0.71;27080.5;1180.90;15.31;3.25;0.92;374293.28;14400.00;0.00;25385.3;14.74;0.57;0.00;07/12/2024 16:09:24;
08/12/2024;13;2.0TD;3;0.000147522738000000;0.199;1.105625431;48.873860;0.557;2.195;46.121860;0.40;18.10912;0.87302;0.75;0.25;22.18833;94.62480;101.96000;84.74000;90.60000;2419.2;275.0;200.0;53.0;19.96;0.000;0.17498;0.04096;0.00;0.000;0.577;0.947;0.000;0.557;38.467;0.44;-0.56;27324.3;1215.40;15.79;3.25;0.92;388245.88;14016.00;0.00;25481.8;15.24;0.55;0.00;07/12/2024 16:09:24;
08/12/2024;14;2.0TD;3;0.000153542723000000;0.198;1.102507829;47.728441;0.557;2.195;44.976441;0.42;18.10912;0.87302;0.75;0.25;22.18833;94.62480;101.96000;84.74000;90.60000;2419.2;275.0;200.0;53.0;19.03;0.000;0.17498;0.04096;0.00;0.000;0.563;0.947;0.000;0.557;37.543;0.44;0.00;28105.3;1255.80;14.86;3.25;0.92;374156.60;14400.00;0.00;26141.9;14.31;0.55;0.00;07/12/2024 16:09:24;
08/12/2024;15;2.0TD;3;0.000153897830000000;0.202;1.121324221;46.902589;0.557;2.195;44.150589;0.42;18.10912;0.87302;0.75;0.25;22.18833;94.62480;101.96000;84.74000;90.60000;2419.2;275.0;200.0;53.0;18.23;0.000;0.17498;0.04096;0.00;0.000;0.551;0.947;0.000;0.557;36.731;0.44;-0.06;28078.6;1182.60;14.06;3.25;0.92;358169.08;12000.00;0.00;26332.5;13.60;0.46;0.00;07/12/2024 16:09:24;
08/12/2024;16;2.0TD;3;0.000140819204000000;0.212;1.176067475;49.299998;0.557;2.195;46.547998;0.39;18.10912;0.87302;0.75;0.25;22.18833;94.62480;101.96000;84.74000;90.60000;2419.2;275.0;200.0;53.0;19.91;0.000;0.17498;0.04096;0.00;0.000;0.576;0.947;0.000;0.557;38.406;0.44;-0.71;27375.9;1142.40;15.74;3.25;0.92;358239.68;41984.00;0.00;25429.4;14.09;1.65;0.00;07/12/2024 16:09:24;
08/12/2024;17;2.0TD;3;0.000134949586000000;0.215;1.195583342;69.755531;0.557;2.195;67.003531;3.17;18.10912;0.87302;0.75;0.25;22.18833;94.62480;101.96000;84.74000;90.60000;2419.2;275.0;200.0;53.0;33.62;0.000;0.17498;0.04096;0.00;0.000;0.827;0.947;0.000;0.557;55.147;3.32;0.00;26892.8;1280.60;29.45;3.25;0.92;327017.92;411035.52;0.00;25060.1;13.05;16.40;0.00;07/12/2024 16:09:24;
08/12/2024;18;2.0TD;3;0.000140833133000000;0.218;1.209961593;116.044196;0.557;2.195;113.292196;41.24;18.10912;0.87302;0.75;0.25;22.18833;94.62480;101.96000;84.74000;90.60000;2419.2;275.0;200.0;53.0;32.85;0.000;0.17498;0.04096;0.00;0.000;1.395;0.947;0.000;0.557;93.015;41.24;41.24;26172.5;955.80;28.68;3.25;0.92;230268.64;507188.20;0.00;25717.3;8.95;19.72;0.00;07/12/2024 16:09:24;
08/12/2024;19;2.0TD;3;0.000162157477000000;0.215;1.193674531;139.423631;0.557;2.195;136.671631;75.03;18.10912;0.87302;0.75;0.25;22.18833;94.62480;101.96000;84.74000;90.60000;2419.2;275.0;200.0;53.0;18.24;0.000;0.17498;0.04096;0.00;0.000;1.687;0.947;0.000;0.557;112.487;74.97;76.77;25278.6;917.70;14.07;3.25;0.92;226870.44;158557.68;0.00;27394.3;8.28;5.79;0.00;07/12/2024 16:09:24;
08/12/2024;20;2.0TD;3;0.000172512373000000;0.219;1.214177177;136.829736;0.557;2.195;134.077736;72.56;18.10912;0.87302;0.75;0.25;22.18833;94.62480;101.96000;84.74000;90.60000;2419.2;275.0;200.0;53.0;18.25;0.000;0.17498;0.04096;0.00;0.000;1.650;0.947;0.000;0.557;109.990;72.50;74.30;24861.9;887.30;14.08;3.25;0.92;231188.32;167765.76;0.00;28329.4;8.16;5.92;0.00;07/12/2024 16:09:24;
08/12/2024;21;2.0TD;3;0.000183378349000000;0.220;1.220359702;133.706726;0.557;2.195;130.954726;71.81;18.10912;0.87302;0.75;0.25;22.18833;94.62480;101.96000;84.74000;90.60000;2419.2;275.0;200.0;53.0;16.39;0.000;0.17498;0.04096;0.00;0.000;1.610;0.947;0.000;0.557;107.340;71.68;75.68;24241.8;821.80;12.22;3.25;0.92;243908.92;111650.16;0.00;29089.8;8.38;3.84;0.00;07/12/2024 16:09:24;
08/12/2024;22;2.0TD;3;0.000187141357000000;0.219;1.219137155;132.028095;0.557;2.195;129.276095;72.51;18.10912;0.87302;0.75;0.25;22.18833;94.62480;101.96000;84.74000;90.60000;2419.2;275.0;200.0;53.0;14.42;0.000;0.17498;0.04096;0.00;0.000;1.591;0.947;0.000;0.557;106.051;72.40;75.70;24126.2;805.90;10.25;3.25;0.92;192360.04;75720.00;24859.38;28577.7;6.73;2.65;0.87;07/12/2024 16:09:24;
08/12/2024;23;2.0TD;3;0.000173028446000000;0.223;1.239837884;129.758030;0.557;2.195;127.006030;68.66;18.10912;0.87302;0.75;0.25;22.18833;94.62480;101.96000;84.74000;90.60000;2419.2;275.0;200.0;53.0;16.10;0.000;0.17498;0.04096;0.00;0.000;1.558;0.947;0.000;0.557;103.848;68.50;73.50;23458.3;795.20;11.93;3.25;0.92;197834.68;95014.40;24859.38;26617.2;7.43;3.57;0.93;07/12/2024 16:09:24;
08/12/2024;24;2.0TD;3;0.000148850160000000;0.229;1.271376724;110.092785;0.557;2.195;107.340785;55.06;18.10912;0.87302;0.75;0.25;22.18833;94.62480;101.96000;84.74000;90.60000;2419.2;275.0;200.0;53.0;13.44;0.000;0.17498;0.04096;0.00;0.000;1.310;0.947;0.000;0.557;87.340;55.06;55.06;23077.2;878.70;9.27;3.25;0.92;107505.44;94078.08;24859.38;24433.3;4.40;3.85;1.02;07/12/2024 16:09:24;
*
