pvpcdata;
2024;09;10;12;19;00;
13/08/2024;1;2.0TD;3;0.000108209046000000;0.167;0.927160625;145.855052;0.557;2.195;143.103052;116.08;-4.32942;0.88572;0.75;0.25;106.37167;89.05400;101.96000;73.51000;75.32000;2556.1;275.0;234.0;57.0;6.82;0.000;0.17498;0.04096;0.00;0.000;1.839;0.947;0.000;0.557;122.624;116.10;115.92;17655.5;1632.90;2.69;3.08;1.05;32835.80;12032.00;24859.38;25981.9;1.26;0.46;0.96;12/08/2024 16:05:53;
13/08/2024;2;2.0TD;3;0.000093237374000000;0.167;0.928090279;145.026482;0.557;2.195;142.274482;114.95;-4.32942;0.88572;0.75;0.25;106.37167;89.05400;101.96000;73.51000;75.32000;2556.1;275.0;234.0;57.0;7.25;0.000;0.17498;0.04096;0.00;0.000;1.829;0.947;0.000;0.557;121.914;115.00;114.33;16114.4;1430.40;3.12;3.08;1.05;35048.72;15872.00;24859.38;24259.0;1.44;0.65;1.02;12/08/2024 16:05:53;
13/08/2024;3;2.0TD;3;0.000083500281000000;0.167;0.925472620;139.647779;0.557;2.195;136.895779;110.04;-4.32942;0.88572;0.75;0.25;106.37167;89.05400;101.96000;73.51000;75.32000;2556.1;275.0;234.0;57.0;7.62;0.000;0.17498;0.04096;0.00;0.000;1.760;0.947;0.000;0.557;117.305;110.00;110.61;15426.6;1211.50;3.49;3.08;1.05;39517.28;15872.00;24859.38;22958.2;1.72;0.69;1.08;12/08/2024 16:05:53;
13/08/2024;4;2.0TD;3;0.000077797830000000;0.169;0.938016877;145.590617;0.557;2.195;142.838617;115.77;-4.32942;0.88572;0.75;0.25;106.37167;89.05400;101.96000;73.51000;75.32000;2556.1;275.0;234.0;57.0;6.70;0.000;0.17498;0.04096;0.00;0.000;1.833;0.947;0.000;0.557;122.188;115.92;114.20;14377.1;1335.90;2.57;3.08;1.05;41186.40;15872.00;0.00;22168.4;1.86;0.72;0.00;12/08/2024 16:05:53;
13/08/2024;5;2.0TD;3;0.000074531880000000;0.169;0.937130068;142.730074;0.557;2.195;139.978074;113.18;-4.32942;0.88572;0.75;0.25;106.37167;89.05400;101.96000;73.51000;75.32000;2556.1;275.0;234.0;57.0;6.88;0.000;0.17498;0.04096;0.00;0.000;1.796;0.947;0.000;0.557;119.741;113.20;112.95;14397.0;1303.40;2.75;3.08;1.05;44114.08;15872.00;0.00;21839.9;2.02;0.73;0.00;12/08/2024 16:05:53;
13/08/2024;6;2.0TD;3;0.000073253048000000;0.165;0.916071795;138.466023;0.557;2.195;135.714023;110.00;-4.32942;0.88572;0.75;0.25;106.37167;89.05400;101.96000;73.51000;75.32000;2556.1;275.0;234.0;57.0;6.86;0.000;0.17498;0.04096;0.00;0.000;1.747;0.947;0.000;0.557;116.492;110.00;110.00;14366.3;1212.30;2.73;3.08;1.05;47951.28;12032.00;0.00;21987.7;2.18;0.55;0.00;12/08/2024 16:05:53;
13/08/2024;7;2.0TD;3;0.000074598260000000;0.162;0.897645548;145.985608;0.557;2.195;143.233608;116.04;-4.32942;0.88572;0.75;0.25;106.37167;89.05400;101.96000;73.51000;75.32000;2556.1;275.0;234.0;57.0;7.49;0.000;0.17498;0.04096;0.00;0.000;1.849;0.947;0.000;0.557;123.264;116.10;115.34;14825.3;1254.10;3.36;3.08;1.05;42145.76;12032.00;24859.38;23555.7;1.79;0.51;1.06;12/08/2024 16:05:53;
13/08/2024;8;2.0TD;3;0.000075391884000000;0.161;0.895902967;156.399580;0.557;2.195;153.647580;125.81;-4.32942;0.88572;0.75;0.25;106.37167;89.05400;101.96000;73.51000;75.32000;2556.1;275.0;234.0;57.0;6.66;0.000;0.17498;0.04096;0.00;0.000;1.985;0.947;0.000;0.557;132.340;125.50;130.57;15872.0;1039.90;2.53;3.08;1.05;24714.72;12784.00;24859.38;24689.1;1.00;0.52;1.01;12/08/2024 16:05:53;
13/08/2024;9;2.0TD;2;0.000082236986000000;0.152;0.929621926;172.179257;19.184;8.779;144.216257;117.89;-4.32942;0.88572;0.75;0.25;106.37167;89.05400;101.96000;73.51000;75.32000;2556.1;275.0;234.0;57.0;7.38;0.154;0.17498;0.04096;0.00;0.000;1.878;0.947;0.000;0.557;125.187;117.89;117.89;16990.9;1140.10;3.25;3.08;1.05;28082.20;32229.12;24859.38;26241.9;1.07;1.23;0.95;12/08/2024 16:05:53;
13/08/2024;10;2.0TD;2;0.000093336828000000;0.141;0.866045191;157.411416;19.184;8.779;129.448416;104.70;-4.32942;0.88572;0.75;0.25;106.37167;89.05400;101.96000;73.51000;75.32000;2556.1;275.0;234.0;57.0;9.01;0.154;0.17498;0.04096;0.00;0.000;1.702;0.947;0.000;0.557;113.451;104.88;102.00;18759.8;1253.10;4.88;3.08;1.05;53400.32;57552.00;24859.38;27783.9;1.92;2.07;0.89;12/08/2024 16:05:53;
13/08/2024;11;2.0TD;1;0.000101047738000000;0.147;0.878647102;213.334778;33.081;43.893;136.360778;106.39;-4.32942;0.88572;0.75;0.25;106.37167;89.05400;101.96000;73.51000;75.32000;2556.1;275.0;234.0;57.0;11.90;0.926;0.17498;0.04096;0.00;0.000;1.783;0.947;0.000;0.557;118.884;106.51;104.20;22061.6;1208.00;7.77;3.08;1.05;55003.64;144903.84;24859.38;28942.7;1.90;5.01;0.86;12/08/2024 16:05:53;
13/08/2024;12;2.0TD;1;0.000105055960000000;0.150;0.898433502;198.128482;33.081;43.893;121.154482;95.65;-4.32942;0.88572;0.75;0.25;106.37167;89.05400;101.96000;73.51000;75.32000;2556.1;275.0;234.0;57.0;9.31;0.926;0.17498;0.04096;0.00;0.000;1.580;0.947;0.000;0.557;105.351;96.00;87.84;22986.2;1018.20;5.18;3.08;1.05;67056.40;64606.08;24859.38;30231.1;2.22;2.14;0.82;12/08/2024 16:05:53;
13/08/2024;13;2.0TD;1;0.000110131861000000;0.151;0.901884149;191.795139;33.081;43.893;114.821139;89.76;-4.32942;0.88572;0.75;0.25;106.37167;89.05400;101.96000;73.51000;75.32000;2556.1;275.0;234.0;57.0;9.69;0.926;0.17498;0.04096;0.00;0.000;1.496;0.947;0.000;0.557;99.757;90.00;85.00;23725.0;1175.60;5.56;3.08;1.05;73200.96;74418.72;24859.38;31042.1;2.36;2.40;0.80;12/08/2024 16:05:53;
13/08/2024;14;2.0TD;1;0.000119557386000000;0.147;0.881426816;189.090639;33.081;43.893;112.116639;87.85;-4.32942;0.88572;0.75;0.25;106.37167;89.05400;101.96000;73.51000;75.32000;2556.1;275.0;234.0;57.0;9.62;0.926;0.17498;0.04096;0.00;0.000;1.466;0.947;0.000;0.557;97.747;88.00;85.00;24146.8;1270.10;5.49;3.08;1.05;74163.44;76480.32;24859.38;31953.0;2.32;2.39;0.78;12/08/2024 16:05:53;
13/08/2024;15;2.0TD;2;0.000124000452000000;0.149;0.914496868;135.828504;19.184;8.779;107.865504;84.90;-4.32942;0.88572;0.75;0.25;106.37167;89.05400;101.96000;73.51000;75.32000;2556.1;275.0;234.0;57.0;9.53;0.154;0.17498;0.04096;0.00;0.000;1.408;0.947;0.000;0.557;93.877;85.00;83.00;24318.7;1220.70;5.40;3.08;1.05;77003.88;74275.04;24859.38;32571.9;2.36;2.28;0.76;12/08/2024 16:05:53;
13/08/2024;16;2.0TD;2;0.000119491848000000;0.147;0.902401719;131.192683;19.184;8.779;103.229683;81.31;-4.32942;0.88572;0.75;0.25;106.37167;89.05400;101.96000;73.51000;75.32000;2556.1;275.0;234.0;57.0;9.30;0.154;0.17498;0.04096;0.00;0.000;1.350;0.947;0.000;0.557;89.999;81.39;79.39;24437.4;1029.90;5.17;3.08;1.05;74286.08;67361.28;24859.38;32194.5;2.31;2.09;0.77;12/08/2024 16:05:53;
13/08/2024;17;2.0TD;2;0.000117835099000000;0.148;0.909477607;129.755842;19.184;8.779;101.792842;79.97;-4.32942;0.88572;0.75;0.25;106.37167;89.05400;101.96000;73.51000;75.32000;2556.1;275.0;234.0;57.0;9.33;0.154;0.17498;0.04096;0.00;0.000;1.330;0.947;0.000;0.557;88.669;80.05;78.05;23956.9;1022.40;5.20;3.08;1.05;70558.28;70734.72;24859.38;31931.7;2.21;2.22;0.78;12/08/2024 16:05:53;
13/08/2024;18;2.0TD;2;0.000119319395000000;0.152;0.935076909;135.712697;19.184;8.779;107.749697;84.40;-4.32942;0.88572;0.75;0.25;106.37167;89.05400;101.96000;73.51000;75.32000;2556.1;275.0;234.0;57.0;9.69;0.154;0.17498;0.04096;0.00;0.000;1.403;0.947;0.000;0.557;93.532;84.50;82.50;22791.6;1160.20;5.56;3.08;1.05;66925.16;85739.04;24859.38;31961.1;2.09;2.68;0.78;12/08/2024 16:05:53;
13/08/2024;19;2.0TD;1;0.000120909750000000;0.152;0.909830633;200.971505;33.081;43.893;123.997505;95.93;-4.32942;0.88572;0.75;0.25;106.37167;89.05400;101.96000;73.51000;75.32000;2556.1;275.0;234.0;57.0;11.28;0.926;0.17498;0.04096;0.00;0.000;1.615;0.947;0.000;0.557;107.636;96.02;94.03;21904.6;1012.80;7.15;3.08;1.05;51762.56;147593.60;24859.38;31358.5;1.65;4.71;0.79;12/08/2024 16:05:53;
13/08/2024;20;2.0TD;1;0.000121248012000000;0.156;0.933542589;204.124432;33.081;43.893;127.150432;101.51;-4.32942;0.88572;0.75;0.25;106.37167;89.05400;101.96000;73.51000;75.32000;2556.1;275.0;234.0;57.0;8.02;0.926;0.17498;0.04096;0.00;0.000;1.650;0.947;0.000;0.557;109.991;101.51;101.51;20074.2;953.30;3.89;3.08;1.05;46645.12;48247.76;24859.38;30782.7;1.52;1.57;0.81;12/08/2024 16:05:53;
13/08/2024;21;2.0TD;1;0.000124369339000000;0.158;0.947117590;224.059366;33.081;43.893;147.085366;118.70;-4.32942;0.88572;0.75;0.25;106.37167;89.05400;101.96000;73.51000;75.32000;2556.1;275.0;234.0;57.0;7.60;0.926;0.17498;0.04096;0.00;0.000;1.905;0.947;0.000;0.557;127.016;118.71;118.54;20154.0;1087.40;3.47;3.08;1.05;53662.40;27218.56;24859.38;30473.1;1.76;0.89;0.82;12/08/2024 16:05:53;
13/08/2024;22;2.0TD;1;0.000141886069000000;0.158;0.948065405;240.118510;33.081;43.893;163.144510;130.47;-4.32942;0.88572;0.75;0.25;106.37167;89.05400;101.96000;73.51000;75.32000;2556.1;275.0;234.0;57.0;9.49;0.926;0.17498;0.04096;0.00;0.000;2.113;0.947;0.000;0.557;140.884;130.48;130.31;19922.0;1149.30;5.36;3.08;1.05;128055.60;9524.08;24859.38;30317.5;4.22;0.31;0.82;12/08/2024 16:05:53;
13/08/2024;23;2.0TD;2;0.000141802305000000;0.163;0.999039966;189.909265;19.184;8.779;161.946265;129.08;-4.32942;0.88572;0.75;0.25;106.37167;89.05400;101.96000;73.51000;75.32000;2556.1;275.0;234.0;57.0;10.04;0.154;0.17498;0.04096;0.00;0.000;2.089;0.947;0.000;0.557;139.248;129.20;127.20;19220.3;1183.40;5.91;3.08;1.05;134361.88;14062.40;24859.38;29348.2;4.58;0.48;0.85;12/08/2024 16:05:53;
13/08/2024;24;2.0TD;2;0.000125594582000000;0.160;0.984534041;180.552559;19.184;8.779;152.589559;120.76;-4.32942;0.88572;0.75;0.25;106.37167;89.05400;101.96000;73.51000;75.32000;2556.1;275.0;234.0;57.0;10.77;0.154;0.17498;0.04096;0.00;0.000;1.973;0.947;0.000;0.557;131.542;120.96;117.83;17765.0;1234.70;6.64;3.08;1.05;146220.32;9715.84;24859.38;27202.3;5.38;0.36;0.91;12/08/2024 16:05:53;
*
