pvpcdata;
2024;08;09;11;56;36;
08/07/2024;1;2.0TD;3;0.000111613876000000;0.176;0.980315626;140.625687;0.557;2.195;137.873687;98.70;3.93558;1.22984;0.75;0.25;73.18667;88.92900;101.96000;73.51000;74.07000;1853.9;275.0;234.0;61.0;10.22;0.000;0.17498;0.04096;0.00;0.000;1.759;0.947;0.000;0.557;117.239;98.70;0.00;16358.0;0.00;6.00;3.13;1.09;76392.48;36521.16;24859.38;22949.7;3.33;1.59;1.08;07/07/2024 16:10:16;
08/07/2024;2;2.0TD;3;0.000096354836000000;0.177;0.981842178;128.303214;0.557;2.195;125.551214;86.66;3.93558;1.22984;0.75;0.25;73.18667;88.92900;101.96000;73.51000;74.07000;1853.9;275.0;234.0;61.0;11.85;0.000;0.17498;0.04096;0.00;0.000;1.600;0.947;0.000;0.557;106.670;86.66;0.00;15428.1;0.00;7.63;3.13;1.09;114994.92;50496.00;0.00;21703.6;5.30;2.33;0.00;07/07/2024 16:10:16;
08/07/2024;3;2.0TD;3;0.000085456341000000;0.176;0.975625890;128.555223;0.557;2.195;125.803223;85.94;3.93558;1.22984;0.75;0.25;73.18667;88.92900;101.96000;73.51000;74.07000;1853.9;275.0;234.0;61.0;12.87;0.000;0.17498;0.04096;0.00;0.000;1.605;0.947;0.000;0.557;106.975;85.94;0.00;14808.5;0.00;8.65;3.13;1.09;115984.08;64000.00;0.00;20810.3;5.57;3.08;0.00;07/07/2024 16:10:16;
08/07/2024;4;2.0TD;3;0.000079591511000000;0.173;0.960939977;128.151014;0.557;2.195;125.399014;85.70;3.93558;1.22984;0.75;0.25;73.18667;88.92900;101.96000;73.51000;74.07000;1853.9;275.0;234.0;61.0;13.04;0.000;0.17498;0.04096;0.00;0.000;1.604;0.947;0.000;0.557;106.904;85.70;0.00;14493.7;0.00;8.82;3.13;1.09;116060.76;64000.00;0.00;20412.4;5.69;3.14;0.00;07/07/2024 16:10:16;
08/07/2024;5;2.0TD;3;0.000076279293000000;0.170;0.945633566;125.038680;0.557;2.195;122.286680;83.43;3.93558;1.22984;0.75;0.25;73.18667;88.92900;101.96000;73.51000;74.07000;1853.9;275.0;234.0;61.0;12.96;0.000;0.17498;0.04096;0.00;0.000;1.568;0.947;0.000;0.557;104.518;83.43;0.00;14452.7;0.00;8.74;3.13;1.09;120220.64;57664.00;0.00;20361.4;5.90;2.83;0.00;07/07/2024 16:10:16;
08/07/2024;6;2.0TD;3;0.000075222602000000;0.166;0.924793070;126.383598;0.557;2.195;123.631598;85.94;3.93558;1.22984;0.75;0.25;73.18667;88.92900;101.96000;73.51000;74.07000;1853.9;275.0;234.0;61.0;11.94;0.000;0.17498;0.04096;0.00;0.000;1.590;0.947;0.000;0.557;106.030;85.94;0.00;14584.5;0.00;7.72;3.13;1.09;116562.16;44416.00;0.00;20850.2;5.59;2.13;0.00;07/07/2024 16:10:16;
08/07/2024;7;2.0TD;3;0.000076513663000000;0.160;0.888667278;129.728535;0.557;2.195;126.976535;89.72;3.93558;1.22984;0.75;0.25;73.18667;88.92900;101.96000;73.51000;74.07000;1853.9;275.0;234.0;61.0;11.54;0.000;0.17498;0.04096;0.00;0.000;1.642;0.947;0.000;0.557;109.462;89.72;0.00;15334.1;0.00;7.32;3.13;1.09;109880.68;34048.00;24859.38;23053.4;4.77;1.48;1.08;07/07/2024 16:10:16;
08/07/2024;8;2.0TD;3;0.000080469742000000;0.159;0.882521905;151.693386;0.557;2.195;148.941386;103.21;3.93558;1.22984;0.75;0.25;73.18667;88.92900;101.96000;73.51000;74.07000;1853.9;275.0;234.0;61.0;16.81;0.000;0.17498;0.04096;0.00;0.000;1.928;0.947;0.000;0.557;128.508;103.21;0.00;17622.0;0.00;12.59;3.13;1.09;49098.84;245986.08;24859.38;25423.4;1.93;9.68;0.98;07/07/2024 16:10:16;
08/07/2024;9;2.0TD;2;0.000092501899000000;0.141;0.864594452;170.517863;19.184;8.779;142.554863;100.61;3.93558;1.22984;0.75;0.25;73.18667;88.92900;101.96000;73.51000;74.07000;1853.9;275.0;234.0;61.0;15.74;0.154;0.17498;0.04096;0.00;0.000;1.874;0.947;0.000;0.557;124.938;100.61;0.00;19878.4;0.00;11.52;3.13;1.09;52008.84;234779.40;24859.38;27066.2;1.92;8.67;0.92;07/07/2024 16:10:16;
08/07/2024;10;2.0TD;2;0.000105228285000000;0.139;0.852788477;143.556158;19.184;8.779;115.593158;78.22;3.93558;1.22984;0.75;0.25;73.18667;88.92900;101.96000;73.51000;74.07000;1853.9;275.0;234.0;61.0;15.03;0.154;0.17498;0.04096;0.00;0.000;1.522;0.947;0.000;0.557;101.486;78.22;0.00;24174.0;0.00;10.81;3.13;1.09;69450.08;214971.20;24859.38;28623.9;2.43;7.51;0.87;07/07/2024 16:10:16;
08/07/2024;11;2.0TD;1;0.000115278926000000;0.144;0.860885043;161.416678;33.081;43.893;84.442678;54.60;3.93558;1.22984;0.75;0.25;73.18667;88.92900;101.96000;73.51000;74.07000;1853.9;275.0;234.0;61.0;10.62;0.926;0.17498;0.04096;0.00;0.000;1.107;0.947;0.000;0.557;73.813;54.60;0.00;25964.8;0.00;6.40;3.13;1.09;102992.56;58953.60;24859.38;29194.4;3.53;2.02;0.85;07/07/2024 16:10:16;
08/07/2024;12;2.0TD;1;0.000121065873000000;0.146;0.873011565;144.985123;33.081;43.893;68.011123;40.88;3.93558;1.22984;0.75;0.25;73.18667;88.92900;101.96000;73.51000;74.07000;1853.9;275.0;234.0;61.0;10.09;0.926;0.17498;0.04096;0.00;0.000;0.890;0.947;0.000;0.557;59.346;40.88;0.00;27855.3;0.00;5.87;3.13;1.09;106838.28;41808.00;24859.38;29563.6;3.61;1.41;0.84;07/07/2024 16:10:16;
08/07/2024;13;2.0TD;1;0.000128438429000000;0.146;0.875034086;138.214555;33.081;43.893;61.240555;35.00;3.93558;1.22984;0.75;0.25;73.18667;88.92900;101.96000;73.51000;74.07000;1853.9;275.0;234.0;61.0;10.15;0.926;0.17498;0.04096;0.00;0.000;0.802;0.947;0.000;0.557;53.438;35.00;0.00;28978.9;0.00;5.93;3.13;1.09;112223.72;42224.68;24859.38;30195.6;3.72;1.40;0.82;07/07/2024 16:10:16;
08/07/2024;14;2.0TD;1;0.000139855889000000;0.142;0.850287432;135.125245;33.081;43.893;58.151245;32.65;3.93558;1.22984;0.75;0.25;73.18667;88.92900;101.96000;73.51000;74.07000;1853.9;275.0;234.0;61.0;10.02;0.926;0.17498;0.04096;0.00;0.000;0.764;0.947;0.000;0.557;50.920;32.65;0.00;29156.3;0.00;5.80;3.13;1.09;115983.16;36673.76;24859.38;30597.6;3.79;1.20;0.81;07/07/2024 16:10:16;
08/07/2024;15;2.0TD;2;0.000145771853000000;0.143;0.876158771;86.057724;19.184;8.779;58.094724;31.98;3.93558;1.22984;0.75;0.25;73.18667;88.92900;101.96000;73.51000;74.07000;1853.9;275.0;234.0;61.0;11.37;0.154;0.17498;0.04096;0.00;0.000;0.762;0.947;0.000;0.557;50.826;31.98;0.00;29858.5;0.00;7.15;3.13;1.09;160174.04;32551.12;24859.38;30458.8;5.26;1.07;0.82;07/07/2024 16:10:16;
08/07/2024;16;2.0TD;2;0.000141571623000000;0.141;0.864952043;92.037601;19.184;8.779;64.074601;35.00;3.93558;1.22984;0.75;0.25;73.18667;88.92900;101.96000;73.51000;74.07000;1853.9;275.0;234.0;61.0;13.60;0.154;0.17498;0.04096;0.00;0.000;0.842;0.947;0.000;0.557;56.156;35.00;0.00;30253.9;0.00;9.38;3.13;1.09;213469.80;38776.80;24859.38;29528.3;7.23;1.31;0.84;07/07/2024 16:10:16;
08/07/2024;17;2.0TD;2;0.000138296547000000;0.141;0.867001910;92.003371;19.184;8.779;64.040371;35.00;3.93558;1.22984;0.75;0.25;73.18667;88.92900;101.96000;73.51000;74.07000;1853.9;275.0;234.0;61.0;13.57;0.154;0.17498;0.04096;0.00;0.000;0.842;0.947;0.000;0.557;56.126;35.00;0.00;30069.2;0.00;9.35;3.13;1.09;213484.40;34603.20;24859.38;29194.8;7.31;1.19;0.85;07/07/2024 16:10:16;
08/07/2024;18;2.0TD;2;0.000138476576000000;0.144;0.880420518;100.174030;19.184;8.779;72.211030;41.99;3.93558;1.22984;0.75;0.25;73.18667;88.92900;101.96000;73.51000;74.07000;1853.9;275.0;234.0;61.0;13.47;0.154;0.17498;0.04096;0.00;0.000;0.947;0.947;0.000;0.557;63.121;41.99;0.00;29287.0;0.00;9.25;3.13;1.09;203503.92;43223.04;24859.38;29364.2;6.93;1.47;0.85;07/07/2024 16:10:16;
08/07/2024;19;2.0TD;1;0.000137514081000000;0.142;0.852430197;155.321515;33.081;43.893;78.347515;44.88;3.93558;1.22984;0.75;0.25;73.18667;88.92900;101.96000;73.51000;74.07000;1853.9;275.0;234.0;61.0;15.21;0.926;0.17498;0.04096;0.00;0.000;1.029;0.947;0.000;0.557;68.605;44.88;0.00;28267.8;0.00;10.99;3.13;1.09;210860.16;85475.60;24859.38;29223.5;7.22;2.92;0.85;07/07/2024 16:10:16;
08/07/2024;20;2.0TD;1;0.000135148356000000;0.146;0.873176424;198.515929;33.081;43.893;121.541929;81.00;3.93558;1.22984;0.75;0.25;73.18667;88.92900;101.96000;73.51000;74.07000;1853.9;275.0;234.0;61.0;15.98;0.926;0.17498;0.04096;0.00;0.000;1.591;0.947;0.000;0.557;106.057;81.00;0.00;23519.6;0.00;11.76;3.13;1.09;156724.24;162220.52;24859.38;29223.6;5.36;5.55;0.85;07/07/2024 16:10:16;
08/07/2024;21;2.0TD;1;0.000136314013000000;0.147;0.878200225;221.492020;33.081;43.893;144.518020;103.21;3.93558;1.22984;0.75;0.25;73.18667;88.92900;101.96000;73.51000;74.07000;1853.9;275.0;234.0;61.0;13.41;0.926;0.17498;0.04096;0.00;0.000;1.890;0.947;0.000;0.557;125.996;103.21;0.00;22419.6;0.00;9.19;3.13;1.09;69096.12;174835.00;24859.38;29248.7;2.36;5.98;0.85;07/07/2024 16:10:16;
08/07/2024;22;2.0TD;1;0.000145533405000000;0.145;0.869687579;231.120232;33.081;43.893;154.146232;115.15;3.93558;1.22984;0.75;0.25;73.18667;88.92900;101.96000;73.51000;74.07000;1853.9;275.0;234.0;61.0;9.97;0.926;0.17498;0.04096;0.00;0.000;2.019;0.947;0.000;0.557;134.625;115.15;0.00;20396.6;0.00;5.75;3.13;1.09;110385.60;31980.00;24859.38;29075.5;3.80;1.10;0.85;07/07/2024 16:10:16;
08/07/2024;23;2.0TD;2;0.000151896106000000;0.151;0.925162872;175.600078;19.184;8.779;147.637078;109.00;3.93558;1.22984;0.75;0.25;73.18667;88.92900;101.96000;73.51000;74.07000;1853.9;275.0;234.0;61.0;10.63;0.154;0.17498;0.04096;0.00;0.000;1.924;0.947;0.000;0.557;128.268;109.00;0.00;19889.4;0.00;6.41;3.13;1.09;123498.20;31980.00;24859.38;28092.3;4.40;1.14;0.88;07/07/2024 16:10:16;
08/07/2024;24;2.0TD;2;0.000134802945000000;0.148;0.910798713;165.716720;19.184;8.779;137.753720;98.01;3.93558;1.22984;0.75;0.25;73.18667;88.92900;101.96000;73.51000;74.07000;1853.9;275.0;234.0;61.0;13.47;0.154;0.17498;0.04096;0.00;0.000;1.800;0.947;0.000;0.557;119.994;98.01;0.00;18562.0;0.00;9.25;3.13;1.09;143333.96;70759.44;24859.38;25820.3;5.55;2.74;0.96;07/07/2024 16:10:16;
*
