pvpcdata;
2024;05;13;12;31;19;
11/04/2024;1;2.0TD;3;0.000097942091000000;0.191;1.059074616;49.513703;0.557;2.195;46.761703;3.25;15.83801;1.00916;0.75;0.25;12.02875;75.38080;101.96000;48.69000;27.94000;1898.6;275.0;154.0;50.0;17.72;0.000;0.17498;0.04096;0.00;0.000;0.589;0.947;0.000;0.557;39.262;3.25;3.25;17997.3;1654.00;12.95;3.35;1.42;262738.96;13165.20;24859.38;23232.3;11.31;0.57;1.07;10/04/2024 16:12:37;
11/04/2024;2;2.0TD;3;0.000080986292000000;0.196;1.091303605;48.228172;0.557;2.195;45.476172;1.01;15.83801;1.00916;0.75;0.25;12.02875;75.38080;101.96000;48.69000;27.94000;1898.6;275.0;154.0;50.0;18.74;0.000;0.17498;0.04096;0.00;0.000;0.570;0.947;0.000;0.557;38.023;1.00;1.10;16925.0;1564.30;13.97;3.35;1.42;266304.16;13572.36;24859.38;21818.8;12.21;0.62;1.14;10/04/2024 16:12:37;
11/04/2024;3;2.0TD;3;0.000071614941000000;0.199;1.105621473;48.257114;0.557;2.195;45.505114;0.12;15.83801;1.00916;0.75;0.25;12.02875;75.38080;101.96000;48.69000;27.94000;1898.6;275.0;154.0;50.0;19.56;0.000;0.17498;0.04096;0.00;0.000;0.569;0.947;0.000;0.557;37.952;0.04;1.00;16189.4;1563.90;14.79;3.35;1.42;268071.16;16408.80;24859.38;20910.6;12.82;0.78;1.19;10/04/2024 16:12:37;
11/04/2024;4;2.0TD;3;0.000067148898000000;0.200;1.111232801;47.138266;0.557;2.195;44.386266;0.00;15.83801;1.00916;0.75;0.25;12.02875;75.38080;101.96000;48.69000;27.94000;1898.6;275.0;154.0;50.0;18.73;0.000;0.17498;0.04096;0.00;0.000;0.555;0.947;0.000;0.557;36.988;0.00;0.01;15558.1;1688.80;13.96;3.35;1.42;269244.68;17172.00;0.00;20521.7;13.12;0.84;0.00;10/04/2024 16:12:37;
11/04/2024;5;2.0TD;3;0.000065410769000000;0.198;1.099502089;47.416501;0.557;2.195;44.664501;0.00;15.83801;1.00916;0.75;0.25;12.02875;75.38080;101.96000;48.69000;27.94000;1898.6;275.0;154.0;50.0;19.02;0.000;0.17498;0.04096;0.00;0.000;0.559;0.947;0.000;0.557;37.282;0.00;0.00;14809.5;1645.80;14.25;3.35;1.42;269942.32;23835.00;0.00;20616.0;13.09;1.16;0.00;10/04/2024 16:12:37;
11/04/2024;6;2.0TD;3;0.000067320490000000;0.194;1.077550654;48.079291;0.557;2.195;45.327291;1.47;15.83801;1.00916;0.75;0.25;12.02875;75.38080;101.96000;48.69000;27.94000;1898.6;275.0;154.0;50.0;18.22;0.000;0.17498;0.04096;0.00;0.000;0.569;0.947;0.000;0.557;37.962;1.47;1.47;16605.6;1653.90;13.45;3.35;1.42;266291.80;19815.20;0.00;21265.7;12.52;0.93;0.00;10/04/2024 16:12:37;
11/04/2024;7;2.0TD;3;0.000075677610000000;0.185;1.027453421;49.313678;0.557;2.195;46.561678;3.60;15.83801;1.00916;0.75;0.25;12.02875;75.38080;101.96000;48.69000;27.94000;1898.6;275.0;154.0;50.0;17.40;0.000;0.17498;0.04096;0.00;0.000;0.589;0.947;0.000;0.557;39.292;3.60;3.60;18153.1;1864.10;12.63;3.35;1.42;261877.60;14582.72;24859.38;23852.6;10.98;0.61;1.04;10/04/2024 16:12:37;
11/04/2024;8;2.0TD;3;0.000093077041000000;0.173;0.958651935;67.598437;0.557;2.195;64.846437;22.42;15.83801;1.00916;0.75;0.25;12.02875;75.38080;101.96000;48.69000;27.94000;1898.6;275.0;154.0;50.0;14.33;0.000;0.17498;0.04096;0.00;0.000;0.829;0.947;0.000;0.557;55.282;22.42;22.42;21242.5;1312.60;9.56;3.35;1.42;202133.64;34387.20;24859.38;27348.8;7.39;1.26;0.91;10/04/2024 16:12:37;
11/04/2024;9;2.0TD;2;0.000105362721000000;0.187;1.148636186;87.310098;19.184;8.779;59.347098;17.04;15.83801;1.00916;0.75;0.25;12.02875;75.38080;101.96000;48.69000;27.94000;1898.6;275.0;154.0;50.0;14.35;0.154;0.17498;0.04096;0.00;0.000;0.750;0.947;0.000;0.557;49.997;17.04;17.04;22693.2;1274.10;9.58;3.35;1.42;188012.64;60727.36;24859.38;28545.1;6.59;2.13;0.87;10/04/2024 16:12:37;
11/04/2024;10;2.0TD;2;0.000113717283000000;0.151;0.928703195;67.187417;19.184;8.779;39.224417;0.04;15.83801;1.00916;0.75;0.25;12.02875;75.38080;101.96000;48.69000;27.94000;1898.6;275.0;154.0;50.0;15.67;0.154;0.17498;0.04096;0.00;0.000;0.511;0.947;0.000;0.557;34.078;0.01;0.44;22062.7;1549.80;10.90;3.35;1.42;231570.00;47455.20;24859.38;27874.1;8.31;1.70;0.89;10/04/2024 16:12:37;
11/04/2024;11;2.0TD;1;0.000120158275000000;0.157;0.940315611;117.814428;33.081;43.893;40.840428;0.00;15.83801;1.00916;0.75;0.25;12.02875;75.38080;101.96000;48.69000;27.94000;1898.6;275.0;154.0;50.0;16.14;0.926;0.17498;0.04096;0.00;0.000;0.529;0.947;0.000;0.557;35.298;0.00;0.00;24556.4;1837.40;11.37;3.35;1.42;241691.80;43127.28;24859.38;27227.4;8.88;1.58;0.91;10/04/2024 16:12:37;
11/04/2024;12;2.0TD;1;0.000121940630000000;0.160;0.957647816;117.684844;33.081;43.893;40.710844;-0.01;15.83801;1.00916;0.75;0.25;12.02875;75.38080;101.96000;48.69000;27.94000;1898.6;275.0;154.0;50.0;15.95;0.926;0.17498;0.04096;0.00;0.000;0.526;0.947;0.000;0.557;35.095;-0.01;-0.01;24334.4;1877.00;11.18;3.35;1.42;250121.12;23940.00;24859.38;26731.0;9.36;0.90;0.93;10/04/2024 16:12:37;
11/04/2024;13;2.0TD;1;0.000125252947000000;0.159;0.953251468;117.461991;33.081;43.893;40.487991;-0.01;15.83801;1.00916;0.75;0.25;12.02875;75.38080;101.96000;48.69000;27.94000;1898.6;275.0;154.0;50.0;15.79;0.926;0.17498;0.04096;0.00;0.000;0.524;0.947;0.000;0.557;34.933;-0.01;-0.01;24642.9;1875.10;11.02;3.35;1.42;234506.24;32604.16;24859.38;26499.3;8.85;1.23;0.94;10/04/2024 16:12:37;
11/04/2024;14;2.0TD;1;0.000132352540000000;0.154;0.919196785;116.866113;33.081;43.893;39.892113;-0.01;15.83801;1.00916;0.75;0.25;12.02875;75.38080;101.96000;48.69000;27.94000;1898.6;275.0;154.0;50.0;15.43;0.926;0.17498;0.04096;0.00;0.000;0.519;0.947;0.000;0.557;34.568;-0.01;-0.01;24489.1;1875.80;10.66;3.35;1.42;224793.36;32624.64;24859.38;26496.8;8.48;1.23;0.94;10/04/2024 16:12:37;
11/04/2024;15;2.0TD;2;0.000131770253000000;0.174;1.067077186;67.459360;19.184;8.779;39.496360;-0.02;15.83801;1.00916;0.75;0.25;12.02875;75.38080;101.96000;48.69000;27.94000;1898.6;275.0;154.0;50.0;15.30;0.154;0.17498;0.04096;0.00;0.000;0.505;0.947;0.000;0.557;33.642;-0.02;-0.02;24203.4;1782.90;10.53;3.35;1.42;215033.96;34792.80;24859.38;26087.6;8.24;1.33;0.95;10/04/2024 16:12:37;
11/04/2024;16;2.0TD;2;0.000121718276000000;0.182;1.113594189;68.183570;19.184;8.779;40.220570;-0.01;15.83801;1.00916;0.75;0.25;12.02875;75.38080;101.96000;48.69000;27.94000;1898.6;275.0;154.0;50.0;15.67;0.154;0.17498;0.04096;0.00;0.000;0.510;0.947;0.000;0.557;34.027;-0.01;-0.01;24236.5;1711.00;10.90;3.35;1.42;204621.56;47790.00;24859.38;25446.6;8.04;1.88;0.98;10/04/2024 16:12:37;
11/04/2024;17;2.0TD;2;0.000114288595000000;0.186;1.141481155;67.477621;19.184;8.779;39.514621;-0.01;15.83801;1.00916;0.75;0.25;12.02875;75.38080;101.96000;48.69000;27.94000;1898.6;275.0;154.0;50.0;14.97;0.154;0.17498;0.04096;0.00;0.000;0.500;0.947;0.000;0.557;33.317;-0.01;-0.01;23869.2;1760.20;10.20;3.35;1.42;194458.28;35945.52;24859.38;25008.7;7.78;1.44;0.99;10/04/2024 16:12:37;
11/04/2024;18;2.0TD;2;0.000112517758000000;0.191;1.169845255;66.978439;19.184;8.779;39.015439;-0.01;15.83801;1.00916;0.75;0.25;12.02875;75.38080;101.96000;48.69000;27.94000;1898.6;275.0;154.0;50.0;14.42;0.154;0.17498;0.04096;0.00;0.000;0.491;0.947;0.000;0.557;32.758;-0.01;0.00;23135.5;1865.90;9.65;3.35;1.42;163595.20;53850.00;24859.38;25119.6;6.51;2.14;0.99;10/04/2024 16:12:37;
11/04/2024;19;2.0TD;1;0.000113754975000000;0.166;0.995039358;115.114507;33.081;43.893;38.140507;0.00;15.83801;1.00916;0.75;0.25;12.02875;75.38080;101.96000;48.69000;27.94000;1898.6;275.0;154.0;50.0;13.59;0.926;0.17498;0.04096;0.00;0.000;0.491;0.947;0.000;0.557;32.710;0.00;0.00;23298.1;1651.60;8.82;3.35;1.42;164361.12;36710.24;24859.38;25615.8;6.42;1.43;0.97;10/04/2024 16:12:37;
11/04/2024;20;2.0TD;1;0.000120684255000000;0.167;1.002967757;121.094250;33.081;43.893;44.120250;5.10;15.83801;1.00916;0.75;0.25;12.02875;75.38080;101.96000;48.69000;27.94000;1898.6;275.0;154.0;50.0;13.51;0.926;0.17498;0.04096;0.00;0.000;0.567;0.947;0.000;0.557;37.806;4.90;8.45;22238.1;1325.30;8.74;3.35;1.42;139005.60;73134.32;24859.38;27119.1;5.13;2.70;0.92;10/04/2024 16:12:37;
11/04/2024;21;2.0TD;1;0.000140075781000000;0.170;1.019351032;181.549250;33.081;43.893;104.575250;60.28;15.83801;1.00916;0.75;0.25;12.02875;75.38080;101.96000;48.69000;27.94000;1898.6;275.0;154.0;50.0;9.13;0.926;0.17498;0.04096;0.00;0.000;1.341;0.947;0.000;0.557;89.380;60.00;64.21;21149.7;1508.80;4.36;3.35;1.42;45748.64;54912.00;24859.38;28792.5;1.59;1.91;0.86;10/04/2024 16:12:37;
11/04/2024;22;2.0TD;1;0.000162873733000000;0.170;1.020166185;194.187590;33.081;43.893;117.213590;71.15;15.83801;1.00916;0.75;0.25;12.02875;75.38080;101.96000;48.69000;27.94000;1898.6;275.0;154.0;50.0;8.90;0.926;0.17498;0.04096;0.00;0.000;1.503;0.947;0.000;0.557;100.182;70.95;73.95;21660.2;1576.20;4.13;3.35;1.42;41376.24;54843.36;24859.38;29340.1;1.41;1.87;0.85;10/04/2024 16:12:37;
11/04/2024;23;2.0TD;2;0.000146948199000000;0.199;1.219896658;146.241419;19.184;8.779;118.278419;70.04;15.83801;1.00916;0.75;0.25;12.02875;75.38080;101.96000;48.69000;27.94000;1898.6;275.0;154.0;50.0;9.27;0.154;0.17498;0.04096;0.00;0.000;1.480;0.947;0.000;0.557;98.647;70.01;70.51;19770.2;1457.90;4.50;3.35;1.42;41802.00;54843.36;24859.38;27004.0;1.55;2.03;0.92;10/04/2024 16:12:37;
11/04/2024;24;2.0TD;2;0.000121890260000000;0.207;1.269293300;105.220119;19.184;8.779;77.257119;34.08;15.83801;1.00916;0.75;0.25;12.02875;75.38080;101.96000;48.69000;27.94000;1898.6;275.0;154.0;50.0;11.11;0.154;0.17498;0.04096;0.00;0.000;0.960;0.947;0.000;0.557;64.007;34.08;34.08;18436.8;1259.80;6.34;3.35;1.42;80441.84;48960.00;24859.38;24338.5;3.31;2.01;1.02;10/04/2024 16:12:37;
*
