pvpcdata;
2024;08;09;11;56;41;
14/07/2024;1;2.0TD;3;0.000112300250000000;0.185;1.025412826;156.704176;0.557;2.195;153.952176;107.23;9.16173;1.11421;0.75;0.25;52.28208;88.92900;101.96000;73.51000;74.07000;2046.3;275.0;234.0;61.0;8.81;0.000;0.17498;0.04096;0.00;0.000;1.949;0.947;0.000;0.557;129.917;107.51;103.67;17719.2;1392.90;4.59;3.13;1.09;76097.44;9920.00;24859.38;24175.4;3.15;0.41;1.03;13/07/2024 16:08:49;
14/07/2024;2;2.0TD;3;0.000099541439000000;0.183;1.015299753;146.752022;0.557;2.195;144.000022;98.99;9.16173;1.11421;0.75;0.25;52.28208;88.92900;101.96000;73.51000;74.07000;2046.3;275.0;234.0;61.0;8.98;0.000;0.17498;0.04096;0.00;0.000;1.826;0.947;0.000;0.557;121.724;99.22;96.27;16309.5;1388.90;4.76;3.13;1.09;92195.12;15488.00;0.00;22604.4;4.08;0.69;0.00;13/07/2024 16:08:49;
14/07/2024;3;2.0TD;3;0.000089060881000000;0.180;0.999734401;145.452288;0.557;2.195;142.700288;97.71;9.16173;1.11421;0.75;0.25;52.28208;88.92900;101.96000;73.51000;74.07000;2046.3;275.0;234.0;61.0;9.48;0.000;0.17498;0.04096;0.00;0.000;1.814;0.947;0.000;0.557;120.932;97.94;95.14;15899.0;1394.90;5.26;3.13;1.09;94880.52;18304.00;0.00;21499.5;4.41;0.85;0.00;13/07/2024 16:08:49;
14/07/2024;4;2.0TD;3;0.000082014450000000;0.181;1.003451290;144.518588;0.557;2.195;141.766588;96.39;9.16173;1.11421;0.75;0.25;52.28208;88.92900;101.96000;73.51000;74.07000;2046.3;275.0;234.0;61.0;9.92;0.000;0.17498;0.04096;0.00;0.000;1.801;0.947;0.000;0.557;120.039;96.71;92.95;15716.7;1455.70;5.70;3.13;1.09;97514.36;21376.00;0.00;20843.9;4.68;1.03;0.00;13/07/2024 16:08:49;
14/07/2024;5;2.0TD;3;0.000077624933000000;0.179;0.994379285;144.397588;0.557;2.195;141.645588;96.37;9.16173;1.11421;0.75;0.25;52.28208;88.92900;101.96000;73.51000;74.07000;2046.3;275.0;234.0;61.0;10.04;0.000;0.17498;0.04096;0.00;0.000;1.802;0.947;0.000;0.557;120.140;96.71;92.72;15725.0;1462.10;5.82;3.13;1.09;97533.52;21376.00;0.00;20435.8;4.77;1.05;0.00;13/07/2024 16:08:49;
14/07/2024;6;2.0TD;3;0.000075376235000000;0.178;0.987450943;142.806125;0.557;2.195;140.054125;95.07;9.16173;1.11421;0.75;0.25;52.28208;88.92900;101.96000;73.51000;74.07000;2046.3;275.0;234.0;61.0;10.11;0.000;0.17498;0.04096;0.00;0.000;1.783;0.947;0.000;0.557;118.891;95.41;91.32;15644.2;1428.20;5.89;3.13;1.09;100324.12;18752.00;0.00;20224.9;4.96;0.93;0.00;13/07/2024 16:08:49;
14/07/2024;7;2.0TD;3;0.000072937025000000;0.175;0.971694839;143.821851;0.557;2.195;141.069851;96.29;9.16173;1.11421;0.75;0.25;52.28208;88.92900;101.96000;73.51000;74.07000;2046.3;275.0;234.0;61.0;10.04;0.000;0.17498;0.04096;0.00;0.000;1.801;0.947;0.000;0.557;120.059;96.80;90.81;15639.4;1463.80;5.82;3.13;1.09;96285.52;21184.00;0.00;20193.1;4.77;1.05;0.00;13/07/2024 16:08:49;
14/07/2024;8;2.0TD;3;0.000069952717000000;0.173;0.959035155;136.698568;0.557;2.195;133.946568;85.77;9.16173;1.11421;0.75;0.25;52.28208;88.92900;101.96000;73.51000;74.07000;2046.3;275.0;234.0;61.0;14.78;0.000;0.17498;0.04096;0.00;0.000;1.713;0.947;0.000;0.557;114.191;86.32;78.79;15987.2;1268.40;10.56;3.13;1.09;119812.08;92198.08;0.00;20081.0;5.97;4.59;0.00;13/07/2024 16:08:49;
14/07/2024;9;2.0TD;3;0.000077777056000000;0.164;0.911076601;92.384013;0.557;2.195;89.632013;45.80;9.16173;1.11421;0.75;0.25;52.28208;88.92900;101.96000;73.51000;74.07000;2046.3;275.0;234.0;61.0;18.12;0.000;0.17498;0.04096;0.00;0.000;1.155;0.947;0.000;0.557;77.003;46.00;43.00;19949.3;1401.30;13.90;3.13;1.09;199773.36;94604.60;0.00;21183.4;9.43;4.47;0.00;13/07/2024 16:08:49;
14/07/2024;10;2.0TD;3;0.000091195606000000;0.156;0.866052354;38.697182;0.557;2.195;35.945182;0.31;9.16173;1.11421;0.75;0.25;52.28208;88.92900;101.96000;73.51000;74.07000;2046.3;275.0;234.0;61.0;18.39;0.000;0.17498;0.04096;0.00;0.000;0.466;0.947;0.000;0.557;31.094;0.44;-2.56;24007.8;1456.70;14.17;3.13;1.09;292942.72;26482.68;0.00;22546.9;12.99;1.17;0.00;13/07/2024 16:08:49;
14/07/2024;11;2.0TD;3;0.000104231608000000;0.152;0.846897503;31.041028;0.557;2.195;28.289028;-0.12;9.16173;1.11421;0.75;0.25;52.28208;88.92900;101.96000;73.51000;74.07000;2046.3;275.0;234.0;61.0;12.38;0.000;0.17498;0.04096;0.00;0.000;0.368;0.947;0.000;0.557;24.556;-0.01;-2.89;25063.2;1050.00;8.16;3.13;1.09;185036.24;5698.80;0.00;23370.9;7.92;0.24;0.00;13/07/2024 16:08:49;
14/07/2024;12;2.0TD;3;0.000113115630000000;0.152;0.845621949;28.713988;0.557;2.195;25.961988;-0.62;9.16173;1.11421;0.75;0.25;52.28208;88.92900;101.96000;73.51000;74.07000;2046.3;275.0;234.0;61.0;10.89;0.000;0.17498;0.04096;0.00;0.000;0.338;0.947;0.000;0.557;22.536;-0.62;-0.72;25221.1;977.70;6.67;3.13;1.09;154094.60;5094.40;0.00;23871.0;6.46;0.21;0.00;13/07/2024 16:08:49;
14/07/2024;13;2.0TD;3;0.000119662899000000;0.154;0.853911416;28.360931;0.557;2.195;25.608931;-0.80;9.16173;1.11421;0.75;0.25;52.28208;88.92900;101.96000;73.51000;74.07000;2046.3;275.0;234.0;61.0;10.73;0.000;0.17498;0.04096;0.00;0.000;0.333;0.947;0.000;0.557;22.191;-0.80;-0.90;25546.9;1033.00;6.51;3.13;1.09;153583.04;4992.00;0.00;24356.4;6.31;0.20;0.00;13/07/2024 16:08:49;
14/07/2024;14;2.0TD;3;0.000129418411000000;0.151;0.837526479;28.294356;0.557;2.195;25.542356;-0.62;9.16173;1.11421;0.75;0.25;52.28208;88.92900;101.96000;73.51000;74.07000;2046.3;275.0;234.0;61.0;10.55;0.000;0.17498;0.04096;0.00;0.000;0.333;0.947;0.000;0.557;22.191;-0.62;-0.62;26285.1;985.40;6.33;3.13;1.09;153322.76;5104.00;0.00;25011.7;6.13;0.20;0.00;13/07/2024 16:08:49;
14/07/2024;15;2.0TD;3;0.000134883677000000;0.150;0.832897809;28.202015;0.557;2.195;25.450015;-0.62;9.16173;1.11421;0.75;0.25;52.28208;88.92900;101.96000;73.51000;74.07000;2046.3;275.0;234.0;61.0;10.49;0.000;0.17498;0.04096;0.00;0.000;0.332;0.947;0.000;0.557;22.130;-0.62;-0.62;26391.5;1015.70;6.27;3.13;1.09;153324.60;4721.20;0.00;25201.5;6.08;0.19;0.00;13/07/2024 16:08:49;
14/07/2024;16;2.0TD;3;0.000128634975000000;0.151;0.839009990;28.095233;0.557;2.195;25.343233;-0.95;9.16173;1.11421;0.75;0.25;52.28208;88.92900;101.96000;73.51000;74.07000;2046.3;275.0;234.0;61.0;10.71;0.000;0.17498;0.04096;0.00;0.000;0.330;0.947;0.000;0.557;22.018;-0.95;-0.96;25510.2;1021.80;6.49;3.13;1.09;153920.72;4833.60;0.00;24452.3;6.29;0.20;0.00;13/07/2024 16:08:49;
14/07/2024;17;2.0TD;3;0.000123456157000000;0.152;0.843822973;28.210564;0.557;2.195;25.458564;-1.03;9.16173;1.11421;0.75;0.25;52.28208;88.92900;101.96000;73.51000;74.07000;2046.3;275.0;234.0;61.0;10.87;0.000;0.17498;0.04096;0.00;0.000;0.331;0.947;0.000;0.557;22.099;-0.95;-2.95;24665.2;1044.30;6.65;3.13;1.09;154408.40;4827.52;0.00;23950.1;6.45;0.20;0.00;13/07/2024 16:08:49;
14/07/2024;18;2.0TD;3;0.000121432345000000;0.158;0.875614207;31.729153;0.557;2.195;28.977153;-0.01;9.16173;1.11421;0.75;0.25;52.28208;88.92900;101.96000;73.51000;74.07000;2046.3;275.0;234.0;61.0;12.73;0.000;0.17498;0.04096;0.00;0.000;0.375;0.947;0.000;0.557;25.023;0.00;-0.15;25890.9;1061.70;8.51;3.13;1.09;200485.68;5116.80;0.00;24165.0;8.30;0.21;0.00;13/07/2024 16:08:49;
14/07/2024;19;2.0TD;3;0.000121448612000000;0.164;0.910101034;43.697385;0.557;2.195;40.945385;9.79;9.16173;1.11421;0.75;0.25;52.28208;88.92900;101.96000;73.51000;74.07000;2046.3;275.0;234.0;61.0;12.93;0.000;0.17498;0.04096;0.00;0.000;0.528;0.947;0.000;0.557;35.176;9.79;9.79;27316.5;1161.10;8.71;3.13;1.09;189327.68;26779.20;0.00;24824.2;7.63;1.08;0.00;13/07/2024 16:08:49;
14/07/2024;20;2.0TD;3;0.000121777265000000;0.172;0.954748849;87.633453;0.557;2.195;84.881453;45.06;9.16173;1.11421;0.75;0.25;52.28208;88.92900;101.96000;73.51000;74.07000;2046.3;275.0;234.0;61.0;14.35;0.000;0.17498;0.04096;0.00;0.000;1.086;0.947;0.000;0.557;72.424;44.81;49.81;25057.4;1343.60;10.13;3.13;1.09;148335.48;109209.60;0.00;25431.0;5.83;4.29;0.00;13/07/2024 16:08:49;
14/07/2024;21;2.0TD;3;0.000125504428000000;0.176;0.976800706;120.505407;0.557;2.195;117.753407;74.68;9.16173;1.11421;0.75;0.25;52.28208;88.92900;101.96000;73.51000;74.07000;2046.3;275.0;234.0;61.0;12.02;0.000;0.17498;0.04096;0.00;0.000;1.502;0.947;0.000;0.557;100.130;74.57;76.49;19633.3;1219.20;7.80;3.13;1.09;68638.60;134344.80;0.00;26014.6;2.64;5.16;0.00;13/07/2024 16:08:49;
14/07/2024;22;2.0TD;3;0.000136021838000000;0.177;0.981213625;145.483786;0.557;2.195;142.731786;99.02;9.16173;1.11421;0.75;0.25;52.28208;88.92900;101.96000;73.51000;74.07000;2046.3;275.0;234.0;61.0;8.50;0.000;0.17498;0.04096;0.00;0.000;1.819;0.947;0.000;0.557;121.267;99.31;94.71;18909.9;1249.00;4.28;3.13;1.09;82669.16;7793.36;24859.38;26940.9;3.07;0.29;0.92;13/07/2024 16:08:49;
14/07/2024;23;2.0TD;3;0.000144581292000000;0.178;0.991289180;157.815023;0.557;2.195;155.063023;109.62;9.16173;1.11421;0.75;0.25;52.28208;88.92900;101.96000;73.51000;74.07000;2046.3;275.0;234.0;61.0;8.11;0.000;0.17498;0.04096;0.00;0.000;1.974;0.947;0.000;0.557;131.632;109.91;105.09;19641.6;1264.40;3.89;3.13;1.09;66170.92;16000.00;24859.38;27488.7;2.41;0.58;0.90;13/07/2024 16:08:49;
14/07/2024;24;2.0TD;3;0.000131820598000000;0.178;0.991555679;144.325745;0.557;2.195;141.573745;97.56;9.16173;1.11421;0.75;0.25;52.28208;88.92900;101.96000;73.51000;74.07000;2046.3;275.0;234.0;61.0;8.89;0.000;0.17498;0.04096;0.00;0.000;1.803;0.947;0.000;0.557;120.181;97.89;92.89;17969.3;1264.00;4.67;3.13;1.09;84839.16;10546.80;24859.38;25757.0;3.29;0.41;0.97;13/07/2024 16:08:49;
*
