pvpcdata;
2024;07;09;11;17;57;
04/06/2024;1;2.0TD;3;0.000090268251000000;0.167;0.929425735;129.149915;0.557;2.195;126.397915;99.04;-2.45855;1.08815;0.75;0.25;87.64000;77.80580;101.96000;48.69000;52.19000;1804.9;275.0;154.0;62.0;8.60;0.000;0.17498;0.04096;0.00;0.000;1.625;0.947;0.000;0.557;108.310;99.20;96.00;20039.4;1070.80;4.26;3.20;1.14;69871.44;7419.36;24859.38;23981.2;2.91;0.31;1.04;03/06/2024 16:11:34;
04/06/2024;2;2.0TD;3;0.000076432255000000;0.169;0.939567350;122.945218;0.557;2.195;120.193218;92.60;-2.45855;1.08815;0.75;0.25;87.64000;77.80580;101.96000;48.69000;52.19000;1804.9;275.0;154.0;62.0;9.63;0.000;0.17498;0.04096;0.00;0.000;1.542;0.947;0.000;0.557;102.817;92.72;90.44;19294.6;1042.50;5.29;3.20;1.14;80688.48;14720.00;24859.38;22708.4;3.55;0.65;1.09;03/06/2024 16:11:34;
04/06/2024;3;2.0TD;3;0.000068153712000000;0.171;0.947557935;127.728292;0.557;2.195;124.976292;94.60;-2.45855;1.08815;0.75;0.25;87.64000;77.80580;101.96000;48.69000;52.19000;1804.9;275.0;154.0;62.0;11.48;0.000;0.17498;0.04096;0.00;0.000;1.601;0.947;0.000;0.557;106.726;94.88;89.55;18526.8;1044.80;7.14;3.20;1.14;111405.80;20608.00;24859.38;21958.5;5.07;0.94;1.13;03/06/2024 16:11:34;
04/06/2024;4;2.0TD;3;0.000063910221000000;0.170;0.943768276;117.062316;0.557;2.195;114.310316;84.52;-2.45855;1.08815;0.75;0.25;87.64000;77.80580;101.96000;48.69000;52.19000;1804.9;275.0;154.0;62.0;12.67;0.000;0.17498;0.04096;0.00;0.000;1.466;0.947;0.000;0.557;97.701;84.82;79.82;15909.6;1006.30;8.33;3.20;1.14;147103.80;32064.00;0.00;21499.2;6.84;1.49;0.00;03/06/2024 16:11:34;
04/06/2024;5;2.0TD;3;0.000062173015000000;0.170;0.943326651;127.075176;0.557;2.195;124.323176;94.55;-2.45855;1.08815;0.75;0.25;87.64000;77.80580;101.96000;48.69000;52.19000;1804.9;275.0;154.0;62.0;11.07;0.000;0.17498;0.04096;0.00;0.000;1.594;0.947;0.000;0.557;106.259;94.88;89.88;15097.3;1067.30;6.73;3.20;1.14;127715.64;15872.00;0.00;21322.1;5.99;0.74;0.00;03/06/2024 16:11:34;
04/06/2024;6;2.0TD;3;0.000062443868000000;0.167;0.925210812;127.004969;0.557;2.195;124.252969;95.10;-2.45855;1.08815;0.75;0.25;87.64000;77.80580;101.96000;48.69000;52.19000;1804.9;275.0;154.0;62.0;10.73;0.000;0.17498;0.04096;0.00;0.000;1.597;0.947;0.000;0.557;106.472;95.40;90.40;15259.0;989.30;6.39;3.20;1.14;126826.96;12992.00;0.00;21868.1;5.80;0.59;0.00;03/06/2024 16:11:34;
04/06/2024;7;2.0TD;3;0.000065139861000000;0.162;0.900973050;186.754845;0.557;2.195;184.002845;149.10;-2.45855;1.08815;0.75;0.25;87.64000;77.80580;101.96000;48.69000;52.19000;1804.9;275.0;154.0;62.0;7.83;0.000;0.17498;0.04096;0.00;0.000;2.375;0.947;0.000;0.557;158.350;150.00;139.57;15543.4;1475.20;3.49;3.20;1.14;27431.80;30080.00;24859.38;23570.7;1.16;1.28;1.05;03/06/2024 16:11:34;
04/06/2024;8;2.0TD;3;0.000073703726000000;0.160;0.887163954;217.587624;0.557;2.195;214.835624;174.70;-2.45855;1.08815;0.75;0.25;87.64000;77.80580;101.96000;48.69000;52.19000;1804.9;275.0;154.0;62.0;8.68;0.000;0.17498;0.04096;0.00;0.000;2.778;0.947;0.000;0.557;185.203;175.55;165.75;17054.1;1621.30;4.34;3.20;1.14;-31229.72;117600.00;24859.38;25657.9;-1.22;4.58;0.97;03/06/2024 16:11:34;
04/06/2024;9;2.0TD;2;0.000085270502000000;0.149;0.913426128;170.100188;19.184;8.779;142.137188;112.78;-2.45855;1.08815;0.75;0.25;87.64000;77.80580;101.96000;48.69000;52.19000;1804.9;275.0;154.0;62.0;9.87;0.154;0.17498;0.04096;0.00;0.000;1.856;0.947;0.000;0.557;123.705;113.22;108.00;17990.9;1665.20;5.53;3.20;1.14;35391.92;90720.00;24859.38;27319.1;1.30;3.32;0.91;03/06/2024 16:11:34;
04/06/2024;10;2.0TD;2;0.000091709834000000;0.145;0.890010118;136.882412;19.184;8.779;108.919412;81.94;-2.45855;1.08815;0.75;0.25;87.64000;77.80580;101.96000;48.69000;52.19000;1804.9;275.0;154.0;62.0;12.56;0.154;0.17498;0.04096;0.00;0.000;1.427;0.947;0.000;0.557;95.126;81.82;84.32;21249.1;1024.70;8.22;3.20;1.14;58308.00;145624.96;24859.38;27831.6;2.10;5.23;0.89;03/06/2024 16:11:34;
04/06/2024;11;2.0TD;1;0.000096853801000000;0.145;0.868967323;169.795857;33.081;43.893;92.821857;70.23;-2.45855;1.08815;0.75;0.25;87.64000;77.80580;101.96000;48.69000;52.19000;1804.9;275.0;154.0;62.0;9.65;0.926;0.17498;0.04096;0.00;0.000;1.216;0.947;0.000;0.557;81.067;70.00;75.01;24073.1;1146.10;5.31;3.20;1.14;74449.64;48609.60;24859.38;27831.8;2.67;1.75;0.89;03/06/2024 16:11:34;
04/06/2024;12;2.0TD;1;0.000100217958000000;0.147;0.883202996;134.069509;33.081;43.893;57.095509;38.11;-2.45855;1.08815;0.75;0.25;87.64000;77.80580;101.96000;48.69000;52.19000;1804.9;275.0;154.0;62.0;10.95;0.926;0.17498;0.04096;0.00;0.000;0.747;0.947;0.000;0.557;49.778;37.30;58.81;24843.3;969.20;6.61;3.20;1.14;103678.52;57420.00;24859.38;28123.8;3.69;2.04;0.88;03/06/2024 16:11:34;
04/06/2024;13;2.0TD;1;0.000105643556000000;0.147;0.882742918;131.437144;33.081;43.893;54.463144;35.66;-2.45855;1.08815;0.75;0.25;87.64000;77.80580;101.96000;48.69000;52.19000;1804.9;275.0;154.0;62.0;11.14;0.926;0.17498;0.04096;0.00;0.000;0.712;0.947;0.000;0.557;47.483;35.01;49.01;25453.6;1249.30;6.80;3.20;1.14;114162.80;55340.40;24859.38;28569.7;4.00;1.94;0.87;03/06/2024 16:11:34;
04/06/2024;14;2.0TD;1;0.000114683681000000;0.143;0.856936271;131.316934;33.081;43.893;54.342934;35.69;-2.45855;1.08815;0.75;0.25;87.64000;77.80580;101.96000;48.69000;52.19000;1804.9;275.0;154.0;62.0;11.17;0.926;0.17498;0.04096;0.00;0.000;0.713;0.947;0.000;0.557;47.544;35.00;49.00;25716.8;1333.20;6.83;3.20;1.14;116016.04;56000.00;24859.38;28817.0;4.03;1.94;0.86;03/06/2024 16:11:34;
04/06/2024;15;2.0TD;2;0.000115756597000000;0.145;0.888221186;81.573187;19.184;8.779;53.610187;35.34;-2.45855;1.08815;0.75;0.25;87.64000;77.80580;101.96000;48.69000;52.19000;1804.9;275.0;154.0;62.0;11.58;0.154;0.17498;0.04096;0.00;0.000;0.702;0.947;0.000;0.557;46.821;35.00;41.01;25224.1;1535.60;7.24;3.20;1.14;123549.44;58788.72;24859.38;28611.8;4.32;2.05;0.87;03/06/2024 16:11:34;
04/06/2024;16;2.0TD;2;0.000107735954000000;0.147;0.904734716;73.679122;19.184;8.779;45.716122;28.00;-2.45855;1.08815;0.75;0.25;87.64000;77.80580;101.96000;48.69000;52.19000;1804.9;275.0;154.0;62.0;12.06;0.154;0.17498;0.04096;0.00;0.000;0.598;0.947;0.000;0.557;39.857;27.50;36.50;24960.2;1463.20;7.72;3.20;1.14;135126.12;55030.08;24859.38;27829.1;4.86;1.98;0.89;03/06/2024 16:11:34;
04/06/2024;17;2.0TD;2;0.000103534631000000;0.147;0.903002071;76.531711;19.184;8.779;48.568711;30.29;-2.45855;1.08815;0.75;0.25;87.64000;77.80580;101.96000;48.69000;52.19000;1804.9;275.0;154.0;62.0;12.22;0.154;0.17498;0.04096;0.00;0.000;0.635;0.947;0.000;0.557;42.344;30.00;35.00;24594.4;1526.40;7.88;3.20;1.14;129791.08;63201.60;24859.38;27655.2;4.69;2.29;0.90;03/06/2024 16:11:34;
04/06/2024;18;2.0TD;2;0.000103684054000000;0.149;0.914561391;81.434156;19.184;8.779;53.471156;35.73;-2.45855;1.08815;0.75;0.25;87.64000;77.80580;101.96000;48.69000;52.19000;1804.9;275.0;154.0;62.0;10.91;0.154;0.17498;0.04096;0.00;0.000;0.698;0.947;0.000;0.557;46.537;35.01;49.01;25231.6;1364.80;6.57;3.20;1.14;101903.84;56175.00;24859.38;27807.9;3.66;2.02;0.89;03/06/2024 16:11:34;
04/06/2024;19;2.0TD;1;0.000103777928000000;0.149;0.890132466;162.339098;33.081;43.893;85.365098;60.33;-2.45855;1.08815;0.75;0.25;87.64000;77.80580;101.96000;48.69000;52.19000;1804.9;275.0;154.0;62.0;12.88;0.926;0.17498;0.04096;0.00;0.000;1.114;0.947;0.000;0.557;74.295;59.48;77.34;24617.5;1228.20;8.54;3.20;1.14;77527.08;135472.80;24859.38;27835.2;2.79;4.87;0.89;03/06/2024 16:11:34;
04/06/2024;20;2.0TD;1;0.000104685793000000;0.152;0.910098930;171.193919;33.081;43.893;94.219919;68.09;-2.45855;1.08815;0.75;0.25;87.64000;77.80580;101.96000;48.69000;52.19000;1804.9;275.0;154.0;62.0;12.50;0.926;0.17498;0.04096;0.00;0.000;1.227;0.947;0.000;0.557;81.788;67.18;85.00;22622.9;1223.30;8.16;3.20;1.14;70410.24;135277.20;24859.38;28245.2;2.49;4.79;0.88;03/06/2024 16:11:34;
04/06/2024;21;2.0TD;1;0.000110709270000000;0.152;0.908457325;222.899135;33.081;43.893;145.925135;116.12;-2.45855;1.08815;0.75;0.25;87.64000;77.80580;101.96000;48.69000;52.19000;1804.9;275.0;154.0;62.0;8.68;0.926;0.17498;0.04096;0.00;0.000;1.900;0.947;0.000;0.557;126.671;116.24;114.00;19884.6;1154.40;4.34;3.20;1.14;28611.48;71933.96;24859.38;28891.8;0.99;2.49;0.86;03/06/2024 16:11:34;
04/06/2024;22;2.0TD;1;0.000121196399000000;0.149;0.892381660;284.495033;33.081;43.893;207.521033;171.15;-2.45855;1.08815;0.75;0.25;87.64000;77.80580;101.96000;48.69000;52.19000;1804.9;275.0;154.0;62.0;6.78;0.926;0.17498;0.04096;0.00;0.000;2.709;0.947;0.000;0.557;180.610;171.15;171.15;19569.9;1338.00;2.44;3.20;1.14;-8286.48;52352.00;24859.38;28250.3;-0.29;1.85;0.88;03/06/2024 16:11:34;
04/06/2024;23;2.0TD;2;0.000124566122000000;0.153;0.938562577;218.528677;19.184;8.779;190.565677;156.87;-2.45855;1.08815;0.75;0.25;87.64000;77.80580;101.96000;48.69000;52.19000;1804.9;275.0;154.0;62.0;6.73;0.154;0.17498;0.04096;0.00;0.000;2.479;0.947;0.000;0.557;165.278;157.00;155.00;18388.3;1329.50;2.39;3.20;1.14;-280.68;39488.00;24859.38;26851.7;-0.01;1.47;0.93;03/06/2024 16:11:34;
04/06/2024;24;2.0TD;2;0.000108160079000000;0.155;0.948714657;204.718569;19.184;8.779;176.755569;144.71;-2.45855;1.08815;0.75;0.25;87.64000;77.80580;101.96000;48.69000;52.19000;1804.9;275.0;154.0;62.0;6.83;0.154;0.17498;0.04096;0.00;0.000;2.296;0.947;0.000;0.557;153.035;145.00;141.00;16879.8;1331.30;2.49;3.20;1.14;6560.40;30272.00;24859.38;24749.4;0.27;1.22;1.00;03/06/2024 16:11:34;
*
