pvpcdata;
2024;08;09;11;56;43;
16/07/2024;1;2.0TD;3;0.000114804388000000;0.166;0.923437699;139.797877;0.557;2.195;137.045877;105.32;0.42121;1.04857;0.75;0.25;87.24417;88.92900;101.96000;73.51000;74.07000;2174.4;275.0;234.0;61.0;8.29;0.000;0.17498;0.04096;0.00;0.000;1.763;0.947;0.000;0.557;117.535;105.48;103.48;19760.4;1686.30;4.07;3.13;1.09;50706.88;32195.52;24859.38;26457.6;1.92;1.22;0.94;15/07/2024 16:10:31;
16/07/2024;2;2.0TD;3;0.000097652089000000;0.166;0.923816814;131.724493;0.557;2.195;128.972493;96.84;0.42121;1.04857;0.75;0.25;87.24417;88.92900;101.96000;73.51000;74.07000;2174.4;275.0;234.0;61.0;9.95;0.000;0.17498;0.04096;0.00;0.000;1.659;0.947;0.000;0.557;110.611;97.15;93.37;18221.0;1634.00;5.73;3.13;1.09;67923.84;49954.16;24859.38;24934.5;2.72;2.00;1.00;15/07/2024 16:10:31;
16/07/2024;3;2.0TD;3;0.000086778953000000;0.167;0.927945525;132.664841;0.557;2.195;129.912841;96.76;0.42121;1.04857;0.75;0.25;87.24417;88.92900;101.96000;73.51000;74.07000;2174.4;275.0;234.0;61.0;10.73;0.000;0.17498;0.04096;0.00;0.000;1.670;0.947;0.000;0.557;111.322;97.15;92.29;18014.3;1576.70;6.51;3.13;1.09;72717.04;57009.12;24859.38;23764.8;3.06;2.40;1.05;15/07/2024 16:10:31;
16/07/2024;4;2.0TD;3;0.000080803774000000;0.167;0.926500972;132.368423;0.557;2.195;129.616423;96.51;0.42121;1.04857;0.75;0.25;87.24417;88.92900;101.96000;73.51000;74.07000;2174.4;275.0;234.0;61.0;10.73;0.000;0.17498;0.04096;0.00;0.000;1.666;0.947;0.000;0.557;111.068;97.00;91.11;17468.8;1581.60;6.51;3.13;1.09;89488.20;61541.76;0.00;23216.3;3.85;2.65;0.00;15/07/2024 16:10:31;
16/07/2024;5;2.0TD;3;0.000077399643000000;0.167;0.930518094;132.653171;0.557;2.195;129.901171;96.91;0.42121;1.04857;0.75;0.25;87.24417;88.92900;101.96000;73.51000;74.07000;2174.4;275.0;234.0;61.0;10.57;0.000;0.17498;0.04096;0.00;0.000;1.670;0.947;0.000;0.557;111.312;97.15;94.20;17449.3;1543.70;6.35;3.13;1.09;82177.48;63880.00;0.00;22984.9;3.58;2.78;0.00;15/07/2024 16:10:31;
16/07/2024;6;2.0TD;3;0.000076347929000000;0.166;0.921442026;134.849373;0.557;2.195;132.097373;99.87;0.42121;1.04857;0.75;0.25;87.24417;88.92900;101.96000;73.51000;74.07000;2174.4;275.0;234.0;61.0;9.56;0.000;0.17498;0.04096;0.00;0.000;1.699;0.947;0.000;0.557;113.291;100.10;97.32;17105.1;1519.30;5.34;3.13;1.09;75680.64;48743.20;0.00;23319.7;3.25;2.09;0.00;15/07/2024 16:10:31;
16/07/2024;7;2.0TD;3;0.000077963069000000;0.161;0.896669583;135.367292;0.557;2.195;132.615292;98.52;0.42121;1.04857;0.75;0.25;87.24417;88.92900;101.96000;73.51000;74.07000;2174.4;275.0;234.0;61.0;11.83;0.000;0.17498;0.04096;0.00;0.000;1.713;0.947;0.000;0.557;114.225;98.70;96.20;18083.7;1436.30;7.61;3.13;1.09;70622.36;96206.88;24859.38;25211.3;2.80;3.82;0.99;15/07/2024 16:10:31;
16/07/2024;8;2.0TD;3;0.000082022718000000;0.159;0.883521082;159.507975;0.557;2.195;156.755975;108.08;0.42121;1.04857;0.75;0.25;87.24417;88.92900;101.96000;73.51000;74.07000;2174.4;275.0;234.0;61.0;22.98;0.000;0.17498;0.04096;0.00;0.000;2.029;0.947;0.000;0.557;135.251;108.00;109.10;19495.1;1545.50;18.76;3.13;1.09;23776.88;461244.00;24859.38;27169.7;0.88;16.98;0.91;15/07/2024 16:10:31;
16/07/2024;9;2.0TD;2;0.000094022644000000;0.140;0.860711772;157.883165;19.184;8.779;129.920165;98.24;0.42121;1.04857;0.75;0.25;87.24417;88.92900;101.96000;73.51000;74.07000;2174.4;275.0;234.0;61.0;11.70;0.154;0.17498;0.04096;0.00;0.000;1.709;0.947;0.000;0.557;113.965;98.45;95.45;21280.4;1634.20;7.48;3.13;1.09;39748.84;150885.00;24859.38;28795.1;1.38;5.24;0.86;15/07/2024 16:10:31;
16/07/2024;10;2.0TD;2;0.000106601829000000;0.139;0.854324317;144.737901;19.184;8.779;116.774901;86.25;0.42121;1.04857;0.75;0.25;87.24417;88.92900;101.96000;73.51000;74.07000;2174.4;275.0;234.0;61.0;12.42;0.154;0.17498;0.04096;0.00;0.000;1.538;0.947;0.000;0.557;102.524;86.75;77.40;24751.2;1400.80;8.20;3.13;1.09;57880.28;163506.40;24859.38;30037.1;1.93;5.44;0.83;15/07/2024 16:10:31;
16/07/2024;11;2.0TD;1;0.000116434975000000;0.147;0.879197749;176.836474;33.081;43.893;99.862474;72.72;0.42121;1.04857;0.75;0.25;87.24417;88.92900;101.96000;73.51000;74.07000;2174.4;275.0;234.0;61.0;9.95;0.926;0.17498;0.04096;0.00;0.000;1.306;0.947;0.000;0.557;87.064;73.28;59.26;26903.9;1122.70;5.73;3.13;1.09;72013.72;80864.24;24859.38;31020.5;2.32;2.61;0.80;15/07/2024 16:10:31;
16/07/2024;12;2.0TD;1;0.000122096388000000;0.149;0.889594554;164.762262;33.081;43.893;87.788262;61.72;0.42121;1.04857;0.75;0.25;87.24417;88.92900;101.96000;73.51000;74.07000;2174.4;275.0;234.0;61.0;10.45;0.926;0.17498;0.04096;0.00;0.000;1.146;0.947;0.000;0.557;76.404;61.59;64.99;27620.3;1133.80;6.23;3.13;1.09;98504.44;72365.20;24859.38;31399.2;3.14;2.30;0.79;15/07/2024 16:10:31;
16/07/2024;13;2.0TD;1;0.000129587960000000;0.150;0.901134564;164.476416;33.081;43.893;87.502416;61.51;0.42121;1.04857;0.75;0.25;87.24417;88.92900;101.96000;73.51000;74.07000;2174.4;275.0;234.0;61.0;10.35;0.926;0.17498;0.04096;0.00;0.000;1.141;0.947;0.000;0.557;76.089;61.38;64.99;28103.3;1052.70;6.13;3.13;1.09;93718.48;76907.60;24859.38;31874.0;2.94;2.41;0.78;15/07/2024 16:10:31;
16/07/2024;14;2.0TD;1;0.000140878855000000;0.147;0.882780537;163.748057;33.081;43.893;86.774057;61.51;0.42121;1.04857;0.75;0.25;87.24417;88.92900;101.96000;73.51000;74.07000;2174.4;275.0;234.0;61.0;9.92;0.926;0.17498;0.04096;0.00;0.000;1.135;0.947;0.000;0.557;75.653;61.38;64.99;28401.5;1051.60;5.70;3.13;1.09;93730.88;66883.44;24859.38;32533.2;2.88;2.06;0.76;15/07/2024 16:10:31;
16/07/2024;15;2.0TD;2;0.000146164995000000;0.147;0.903614954;112.743571;19.184;8.779;84.780571;60.48;0.42121;1.04857;0.75;0.25;87.24417;88.92900;101.96000;73.51000;74.07000;2174.4;275.0;234.0;61.0;10.01;0.154;0.17498;0.04096;0.00;0.000;1.109;0.947;0.000;0.557;73.915;60.31;64.99;28506.1;1058.20;5.79;3.13;1.09;95045.96;68736.00;24859.38;32531.9;2.92;2.11;0.76;15/07/2024 16:10:31;
16/07/2024;16;2.0TD;2;0.000142081866000000;0.145;0.890453227;112.257966;19.184;8.779;84.294966;60.03;0.42121;1.04857;0.75;0.25;87.24417;88.92900;101.96000;73.51000;74.07000;2174.4;275.0;234.0;61.0;10.17;0.154;0.17498;0.04096;0.00;0.000;1.104;0.947;0.000;0.557;73.620;59.92;62.92;28684.2;1051.60;5.95;3.13;1.09;95605.32;69478.20;24859.38;31951.1;2.99;2.17;0.78;15/07/2024 16:10:31;
16/07/2024;17;2.0TD;2;0.000139090941000000;0.147;0.900378240;111.869557;19.184;8.779;83.906557;59.90;0.42121;1.04857;0.75;0.25;87.24417;88.92900;101.96000;73.51000;74.07000;2174.4;275.0;234.0;61.0;9.84;0.154;0.17498;0.04096;0.00;0.000;1.097;0.947;0.000;0.557;73.153;59.79;62.81;28614.2;1080.40;5.62;3.13;1.09;85433.08;68117.40;24859.38;31724.2;2.69;2.15;0.78;15/07/2024 16:10:31;
16/07/2024;18;2.0TD;2;0.000139109933000000;0.149;0.911539470;112.470867;19.184;8.779;84.507867;60.36;0.42121;1.04857;0.75;0.25;87.24417;88.92900;101.96000;73.51000;74.07000;2174.4;275.0;234.0;61.0;9.77;0.154;0.17498;0.04096;0.00;0.000;1.103;0.947;0.000;0.557;73.549;60.18;64.99;28279.8;1129.80;5.55;3.13;1.09;84972.92;67585.60;24859.38;32015.8;2.65;2.11;0.78;15/07/2024 16:10:31;
16/07/2024;19;2.0TD;1;0.000138027025000000;0.149;0.894464786;172.892586;33.081;43.893;95.918586;67.86;0.42121;1.04857;0.75;0.25;87.24417;88.92900;101.96000;73.51000;74.07000;2174.4;275.0;234.0;61.0;11.28;0.926;0.17498;0.04096;0.00;0.000;1.252;0.947;0.000;0.557;83.480;67.77;69.77;27256.8;1244.80;7.06;3.13;1.09;73110.52;127675.20;24859.38;31973.6;2.29;3.99;0.78;15/07/2024 16:10:31;
16/07/2024;20;2.0TD;1;0.000135490908000000;0.152;0.910970192;208.358514;33.081;43.893;131.384514;94.50;0.42121;1.04857;0.75;0.25;87.24417;88.92900;101.96000;73.51000;74.07000;2174.4;275.0;234.0;61.0;14.75;0.926;0.17498;0.04096;0.00;0.000;1.711;0.947;0.000;0.557;114.049;94.50;94.50;24679.8;1383.40;10.53;3.13;1.09;41688.24;267261.68;24859.38;31698.2;1.32;8.43;0.78;15/07/2024 16:10:31;
16/07/2024;21;2.0TD;1;0.000135933168000000;0.152;0.909686737;219.527154;33.081;43.893;142.553154;109.12;0.42121;1.04857;0.75;0.25;87.24417;88.92900;101.96000;73.51000;74.07000;2174.4;275.0;234.0;61.0;9.68;0.926;0.17498;0.04096;0.00;0.000;1.856;0.947;0.000;0.557;123.744;109.11;109.28;22832.1;1530.40;5.46;3.13;1.09;20470.28;127371.36;24859.38;31661.0;0.65;4.02;0.79;15/07/2024 16:10:31;
16/07/2024;22;2.0TD;1;0.000145115013000000;0.151;0.901649135;235.050104;33.081;43.893;158.076104;124.96;0.42121;1.04857;0.75;0.25;87.24417;88.92900;101.96000;73.51000;74.07000;2174.4;275.0;234.0;61.0;7.23;0.926;0.17498;0.04096;0.00;0.000;2.060;0.947;0.000;0.557;137.338;125.02;124.02;22585.1;1507.70;3.01;3.13;1.09;31496.80;37224.72;24859.38;31076.3;1.01;1.20;0.80;15/07/2024 16:10:31;
16/07/2024;23;2.0TD;2;0.000151443786000000;0.157;0.963203226;176.524180;19.184;8.779;148.561180;114.94;0.42121;1.04857;0.75;0.25;87.24417;88.92900;101.96000;73.51000;74.07000;2174.4;275.0;234.0;61.0;9.22;0.154;0.17498;0.04096;0.00;0.000;1.926;0.947;0.000;0.557;128.402;115.00;114.00;22062.8;1506.30;5.00;3.13;1.09;43509.96;82034.40;24859.38;30091.0;1.45;2.73;0.83;15/07/2024 16:10:31;
16/07/2024;24;2.0TD;2;0.000136236135000000;0.156;0.955264718;159.836078;19.184;8.779;131.873078;98.64;0.42121;1.04857;0.75;0.25;87.24417;88.92900;101.96000;73.51000;74.07000;2174.4;275.0;234.0;61.0;11.41;0.154;0.17498;0.04096;0.00;0.000;1.711;0.947;0.000;0.557;114.077;98.70;97.70;20394.3;1254.50;7.19;3.13;1.09;75022.40;100674.00;24859.38;27904.3;2.69;3.61;0.89;15/07/2024 16:10:31;
*
