pvpcdata;
2024;07;09;11;18;00;
07/06/2024;1;2.0TD;3;0.000092642086000000;0.171;0.947826214;130.501895;0.557;2.195;127.749895;98.88;-0.33178;1.06002;0.75;0.25;79.13292;77.80580;101.96000;48.69000;52.19000;1852.8;275.0;154.0;62.0;7.21;0.000;0.17498;0.04096;0.00;0.000;1.636;0.947;0.000;0.557;109.094;98.98;97.68;17767.6;1440.80;2.87;3.20;1.14;37130.32;7749.44;24859.38;24293.5;1.53;0.32;1.02;06/06/2024 16:12:07;
07/06/2024;2;2.0TD;3;0.000078944512000000;0.171;0.951176213;130.621337;0.557;2.195;127.869337;97.85;-0.33178;1.06002;0.75;0.25;79.13292;77.80580;101.96000;48.69000;52.19000;1852.8;275.0;154.0;62.0;8.34;0.000;0.17498;0.04096;0.00;0.000;1.638;0.947;0.000;0.557;109.196;98.00;96.01;16516.9;1356.80;4.00;3.20;1.14;60104.44;7140.96;24859.38;23011.0;2.61;0.31;1.08;06/06/2024 16:12:07;
07/06/2024;3;2.0TD;3;0.000070279108000000;0.172;0.954432210;128.196670;0.557;2.195;125.444670;94.85;-0.33178;1.06002;0.75;0.25;79.13292;77.80580;101.96000;48.69000;52.19000;1852.8;275.0;154.0;62.0;9.21;0.000;0.17498;0.04096;0.00;0.000;1.606;0.947;0.000;0.557;107.034;95.00;93.08;16035.8;1320.00;4.87;3.20;1.14;69934.68;12656.16;24859.38;22073.0;3.17;0.57;1.13;06/06/2024 16:12:07;
07/06/2024;4;2.0TD;3;0.000065738170000000;0.169;0.939704007;130.391254;0.557;2.195;127.639254;97.49;-0.33178;1.06002;0.75;0.25;79.13292;77.80580;101.96000;48.69000;52.19000;1852.8;275.0;154.0;62.0;8.69;0.000;0.17498;0.04096;0.00;0.000;1.638;0.947;0.000;0.557;109.186;97.79;94.79;15273.3;1703.40;4.35;3.20;1.14;81937.80;11569.52;0.00;21476.2;3.82;0.54;0.00;06/06/2024 16:12:07;
07/06/2024;5;2.0TD;3;0.000063829687000000;0.168;0.934343533;130.162931;0.557;2.195;127.410931;97.50;-0.33178;1.06002;0.75;0.25;79.13292;77.80580;101.96000;48.69000;52.19000;1852.8;275.0;154.0;62.0;8.58;0.000;0.17498;0.04096;0.00;0.000;1.636;0.947;0.000;0.557;109.084;97.79;94.98;15017.6;1699.10;4.24;3.20;1.14;81993.76;7990.00;0.00;21208.4;3.87;0.38;0.00;06/06/2024 16:12:07;
07/06/2024;6;2.0TD;3;0.000064018027000000;0.167;0.926270329;130.125033;0.557;2.195;127.373033;97.88;-0.33178;1.06002;0.75;0.25;79.13292;77.80580;101.96000;48.69000;52.19000;1852.8;275.0;154.0;62.0;8.26;0.000;0.17498;0.04096;0.00;0.000;1.637;0.947;0.000;0.557;109.145;98.00;96.69;14994.7;1580.90;3.92;3.20;1.14;81576.60;3196.00;0.00;21609.9;3.77;0.15;0.00;06/06/2024 16:12:07;
07/06/2024;7;2.0TD;3;0.000066812985000000;0.161;0.895768579;130.295630;0.557;2.195;127.543630;97.80;-0.33178;1.06002;0.75;0.25;79.13292;77.80580;101.96000;48.69000;52.19000;1852.8;275.0;154.0;62.0;9.04;0.000;0.17498;0.04096;0.00;0.000;1.648;0.947;0.000;0.557;109.856;98.00;95.90;15752.0;1629.80;4.70;3.20;1.14;82026.56;3196.00;24859.38;23444.3;3.50;0.14;1.06;06/06/2024 16:12:07;
07/06/2024;8;2.0TD;3;0.000075276012000000;0.160;0.888400646;131.763374;0.557;2.195;129.011374;99.82;-0.33178;1.06002;0.75;0.25;79.13292;77.80580;101.96000;48.69000;52.19000;1852.8;275.0;154.0;62.0;8.36;0.000;0.17498;0.04096;0.00;0.000;1.668;0.947;0.000;0.557;111.216;99.82;99.83;17039.4;1419.80;4.02;3.20;1.14;42445.36;36000.00;24859.38;25677.9;1.65;1.40;0.97;06/06/2024 16:12:07;
07/06/2024;9;2.0TD;2;0.000087222861000000;0.147;0.899011321;159.702489;19.184;8.779;131.739489;103.26;-0.33178;1.06002;0.75;0.25;79.13292;77.80580;101.96000;48.69000;52.19000;1852.8;275.0;154.0;62.0;8.35;0.154;0.17498;0.04096;0.00;0.000;1.723;0.947;0.000;0.557;114.855;103.49;100.49;19328.9;1610.50;4.01;3.20;1.14;34669.92;48000.00;24859.38;26854.9;1.29;1.79;0.93;06/06/2024 16:12:07;
07/06/2024;10;2.0TD;2;0.000094567563000000;0.140;0.861234329;156.722240;19.184;8.779;128.759240;97.50;-0.33178;1.06002;0.75;0.25;79.13292;77.80580;101.96000;48.69000;52.19000;1852.8;275.0;154.0;62.0;12.23;0.154;0.17498;0.04096;0.00;0.000;1.694;0.947;0.000;0.557;112.946;97.65;94.65;21557.0;1096.40;7.89;3.20;1.14;40190.20;155770.80;24859.38;28011.7;1.43;5.56;0.89;06/06/2024 16:12:07;
07/06/2024;11;2.0TD;1;0.000100386117000000;0.146;0.875612669;181.666488;33.081;43.893;104.692488;78.00;-0.33178;1.06002;0.75;0.25;79.13292;77.80580;101.96000;48.69000;52.19000;1852.8;275.0;154.0;62.0;9.69;0.926;0.17498;0.04096;0.00;0.000;1.370;0.947;0.000;0.557;91.354;78.20;73.22;22830.4;980.00;5.35;3.20;1.14;65177.60;64064.28;24859.38;28780.7;2.26;2.23;0.86;06/06/2024 16:12:07;
07/06/2024;12;2.0TD;1;0.000103965928000000;0.148;0.884005137;152.514353;33.081;43.893;75.540353;52.40;-0.33178;1.06002;0.75;0.25;79.13292;77.80580;101.96000;48.69000;52.19000;1852.8;275.0;154.0;62.0;10.12;0.926;0.17498;0.04096;0.00;0.000;0.987;0.947;0.000;0.557;65.801;52.40;52.40;25397.3;1269.00;5.78;3.20;1.14;88748.96;56195.64;24859.38;29405.8;3.02;1.91;0.85;06/06/2024 16:12:07;
07/06/2024;13;2.0TD;1;0.000109303980000000;0.147;0.878487296;150.364452;33.081;43.893;73.390452;50.67;-0.33178;1.06002;0.75;0.25;79.13292;77.80580;101.96000;48.69000;52.19000;1852.8;275.0;154.0;62.0;10.06;0.926;0.17498;0.04096;0.00;0.000;0.960;0.947;0.000;0.557;63.984;50.69;50.22;27176.1;1333.00;5.72;3.20;1.14;91934.92;54749.76;24859.38;29992.6;3.07;1.83;0.83;06/06/2024 16:12:07;
07/06/2024;14;2.0TD;1;0.000117758118000000;0.143;0.853512294;143.575126;33.081;43.893;66.601126;45.01;-0.33178;1.06002;0.75;0.25;79.13292;77.80580;101.96000;48.69000;52.19000;1852.8;275.0;154.0;62.0;10.09;0.926;0.17498;0.04096;0.00;0.000;0.874;0.947;0.000;0.557;58.268;45.10;43.10;27877.5;1265.20;5.75;3.20;1.14;97130.00;52906.40;24859.38;30430.8;3.19;1.74;0.82;06/06/2024 16:12:07;
07/06/2024;15;2.0TD;2;0.000119198395000000;0.143;0.875597099;87.274072;19.184;8.779;59.311072;39.35;-0.33178;1.06002;0.75;0.25;79.13292;77.80580;101.96000;48.69000;52.19000;1852.8;275.0;154.0;62.0;10.24;0.154;0.17498;0.04096;0.00;0.000;0.778;0.947;0.000;0.557;51.890;39.50;35.50;28418.8;1080.50;5.90;3.20;1.14;102978.24;49740.00;24859.38;30115.0;3.42;1.65;0.83;06/06/2024 16:12:07;
07/06/2024;16;2.0TD;2;0.000111570349000000;0.145;0.890612863;86.657648;19.184;8.779;58.694648;37.92;-0.33178;1.06002;0.75;0.25;79.13292;77.80580;101.96000;48.69000;52.19000;1852.8;275.0;154.0;62.0;11.05;0.154;0.17498;0.04096;0.00;0.000;0.769;0.947;0.000;0.557;51.261;38.10;33.12;27960.5;1047.10;6.71;3.20;1.14;119107.52;52740.00;24859.38;29335.2;4.06;1.80;0.85;06/06/2024 16:12:07;
07/06/2024;17;2.0TD;2;0.000107012019000000;0.147;0.901520256;86.724614;19.184;8.779;58.761614;37.95;-0.33178;1.06002;0.75;0.25;79.13292;77.80580;101.96000;48.69000;52.19000;1852.8;275.0;154.0;62.0;10.99;0.154;0.17498;0.04096;0.00;0.000;0.768;0.947;0.000;0.557;51.230;38.10;33.95;27618.8;1017.20;6.65;3.20;1.14;118791.60;48308.48;24859.38;28873.3;4.11;1.67;0.86;06/06/2024 16:12:07;
07/06/2024;18;2.0TD;2;0.000106152889000000;0.148;0.905088171;89.107433;19.184;8.779;61.144433;39.87;-0.33178;1.06002;0.75;0.25;79.13292;77.80580;101.96000;48.69000;52.19000;1852.8;275.0;154.0;62.0;11.07;0.154;0.17498;0.04096;0.00;0.000;0.799;0.947;0.000;0.557;53.261;40.00;37.00;26846.0;1201.50;6.73;3.20;1.14;117053.96;51936.44;24859.38;28789.5;4.07;1.80;0.86;06/06/2024 16:12:07;
07/06/2024;19;2.0TD;1;0.000105068532000000;0.148;0.884030058;159.972909;33.081;43.893;82.998909;56.20;-0.33178;1.06002;0.75;0.25;79.13292;77.80580;101.96000;48.69000;52.19000;1852.8;275.0;154.0;62.0;12.72;0.926;0.17498;0.04096;0.00;0.000;1.084;0.947;0.000;0.557;72.298;56.20;56.20;25276.3;1075.70;8.38;3.20;1.14;98465.12;116192.80;24859.38;28582.3;3.44;4.07;0.87;06/06/2024 16:12:07;
07/06/2024;20;2.0TD;1;0.000104145491000000;0.153;0.914646749;191.295912;33.081;43.893;114.321912;82.80;-0.33178;1.06002;0.75;0.25;79.13292;77.80580;101.96000;48.69000;52.19000;1852.8;275.0;154.0;62.0;12.57;0.926;0.17498;0.04096;0.00;0.000;1.487;0.947;0.000;0.557;99.151;82.84;81.84;24231.4;995.70;8.23;3.20;1.14;70257.92;139322.16;24859.38;28491.8;2.47;4.89;0.87;06/06/2024 16:12:07;
07/06/2024;21;2.0TD;1;0.000106227458000000;0.160;0.957407918;201.317534;33.081;43.893;124.343534;93.90;-0.33178;1.06002;0.75;0.25;79.13292;77.80580;101.96000;48.69000;52.19000;1852.8;275.0;154.0;62.0;9.39;0.926;0.17498;0.04096;0.00;0.000;1.608;0.947;0.000;0.557;107.192;94.20;89.20;21274.8;1363.50;5.05;3.20;1.14;71009.92;48960.00;24859.38;28676.1;2.48;1.71;0.87;06/06/2024 16:12:07;
07/06/2024;22;2.0TD;1;0.000114721984000000;0.160;0.955469568;207.641854;33.081;43.893;130.667854;99.68;-0.33178;1.06002;0.75;0.25;79.13292;77.80580;101.96000;48.69000;52.19000;1852.8;275.0;154.0;62.0;8.98;0.926;0.17498;0.04096;0.00;0.000;1.690;0.947;0.000;0.557;112.644;100.00;95.00;20213.2;1399.70;4.64;3.20;1.14;101239.32;4602.24;24859.38;28140.5;3.60;0.16;0.88;06/06/2024 16:12:07;
07/06/2024;23;2.0TD;2;0.000121155834000000;0.165;1.012132299;158.340132;19.184;8.779;130.377132;99.52;-0.33178;1.06002;0.75;0.25;79.13292;77.80580;101.96000;48.69000;52.19000;1852.8;275.0;154.0;62.0;9.19;0.154;0.17498;0.04096;0.00;0.000;1.679;0.947;0.000;0.557;111.911;99.94;94.53;19282.6;1642.20;4.85;3.20;1.14;101781.16;4602.24;24859.38;27071.8;3.76;0.17;0.92;06/06/2024 16:12:07;
07/06/2024;24;2.0TD;2;0.000109039017000000;0.164;1.006840490;158.026848;19.184;8.779;130.063848;98.92;-0.33178;1.06002;0.75;0.25;79.13292;77.80580;101.96000;48.69000;52.19000;1852.8;275.0;154.0;62.0;9.62;0.154;0.17498;0.04096;0.00;0.000;1.676;0.947;0.000;0.557;111.738;99.40;93.40;18028.8;1577.10;5.28;3.20;1.14;103022.20;4602.24;24859.38;25116.0;4.10;0.18;0.99;06/06/2024 16:12:07;
*
