pvpcdata;
2024;03;11;12;38;23;
05/02/2024;1;2.0TD;3;0.000109384066000000;0.236;1.309294083;116.091864;0.557;2.195;113.339864;71.66;4.00998;0.98241;0.75;0.25;80.91667;96.95660;101.96000;97.42000;68.27000;2035.8;275.0;177.0;48.0;13.39;0.000;0.17498;0.03702;0.00;0.000;0.000;1.375;0.565;0.000;0.557;91.698;71.66;71.66;11721.0;1055.30;8.36;3.48;1.55;125354.88;18426.64;24859.38;20176.6;6.21;0.91;1.23;04/02/2024 16:36:03;
05/02/2024;2;2.0TD;3;0.000089994019000000;0.250;1.388395503;118.873149;0.557;2.195;116.121149;72.71;4.00998;0.98241;0.75;0.25;80.91667;96.95660;101.96000;97.42000;68.27000;2035.8;275.0;177.0;48.0;13.52;0.000;0.17498;0.03702;0.00;0.000;0.000;1.393;0.565;0.000;0.557;92.896;73.00;70.16;11135.8;1260.30;8.49;3.48;1.55;143551.44;19188.00;0.00;19164.3;7.49;1.00;0.00;04/02/2024 16:36:03;
05/02/2024;3;2.0TD;3;0.000079338120000000;0.251;1.397183232;118.319279;0.557;2.195;115.567279;69.01;4.00998;0.98241;0.75;0.25;80.91667;96.95660;101.96000;97.42000;68.27000;2035.8;275.0;177.0;48.0;16.71;0.000;0.17498;0.03702;0.00;0.000;0.000;1.386;0.565;0.000;0.557;92.379;69.10;68.10;10909.4;1088.80;11.68;3.48;1.55;195228.48;20569.36;0.00;18479.8;10.56;1.11;0.00;04/02/2024 16:36:03;
05/02/2024;4;2.0TD;3;0.000074272065000000;0.254;1.410922213;118.404556;0.557;2.195;115.652556;67.50;4.00998;0.98241;0.75;0.25;80.91667;96.95660;101.96000;97.42000;68.27000;2035.8;275.0;177.0;48.0;18.07;0.000;0.17498;0.03702;0.00;0.000;0.000;1.383;0.565;0.000;0.557;92.226;67.87;64.00;10868.7;1146.20;13.04;3.48;1.55;215474.76;22358.00;0.00;18232.7;11.82;1.23;0.00;04/02/2024 16:36:03;
05/02/2024;5;2.0TD;3;0.000072339885000000;0.252;1.399213093;118.258914;0.557;2.195;115.506914;67.58;4.00998;0.98241;0.75;0.25;80.91667;96.95660;101.96000;97.42000;68.27000;2035.8;275.0;177.0;48.0;18.02;0.000;0.17498;0.03702;0.00;0.000;0.000;1.384;0.565;0.000;0.557;92.257;67.87;64.88;10781.5;1148.60;12.99;3.48;1.55;215436.56;22372.00;0.00;18302.5;11.77;1.22;0.00;04/02/2024 16:36:03;
05/02/2024;6;2.0TD;3;0.000074767243000000;0.245;1.362122340;118.876784;0.557;2.195;116.124784;69.42;4.00998;0.98241;0.75;0.25;80.91667;96.95660;101.96000;97.42000;68.27000;2035.8;275.0;177.0;48.0;17.18;0.000;0.17498;0.03702;0.00;0.000;0.000;1.399;0.565;0.000;0.557;93.272;69.78;66.00;11067.7;1160.20;12.15;3.48;1.55;211994.96;20761.00;0.00;19159.3;11.06;1.08;0.00;04/02/2024 16:36:03;
05/02/2024;7;2.0TD;3;0.000086020528000000;0.224;1.243135353;116.184877;0.557;2.195;113.432877;73.00;4.00998;0.98241;0.75;0.25;80.91667;96.95660;101.96000;97.42000;68.27000;2035.8;275.0;177.0;48.0;13.01;0.000;0.17498;0.03702;0.00;0.000;0.000;1.390;0.565;0.000;0.557;92.673;73.22;70.27;12820.6;1056.30;7.98;3.48;1.55;131885.60;19176.00;24859.38;22044.0;5.98;0.87;1.13;04/02/2024 16:36:03;
05/02/2024;8;2.0TD;3;0.000110736572000000;0.213;1.182722969;120.153320;0.557;2.195;117.401320;83.14;4.00998;0.98241;0.75;0.25;80.91667;96.95660;101.96000;97.42000;68.27000;2035.8;275.0;177.0;48.0;6.92;0.000;0.17498;0.03702;0.00;0.000;0.000;1.452;0.565;0.000;0.557;96.785;83.15;83.00;15790.4;1238.10;1.89;3.48;1.55;15656.76;8831.20;24859.38;26098.1;0.60;0.34;0.95;04/02/2024 16:36:03;
05/02/2024;9;2.0TD;2;0.000122714799000000;0.198;1.215637639;159.927395;19.184;8.779;131.964395;99.28;4.00998;0.98241;0.75;0.25;80.91667;96.95660;101.96000;97.42000;68.27000;2035.8;275.0;177.0;48.0;3.77;0.178;0.17498;0.03702;0.00;0.000;0.000;1.652;0.565;0.000;0.557;110.153;98.59;108.19;17494.3;1351.20;-1.26;3.48;1.55;-68096.84;8309.60;24859.38;27840.5;-2.45;0.30;0.89;04/02/2024 16:36:03;
05/02/2024;10;2.0TD;2;0.000127580095000000;0.189;1.159233013;145.646557;19.184;8.779;117.683557;87.68;4.00998;0.98241;0.75;0.25;80.91667;96.95660;101.96000;97.42000;68.27000;2035.8;275.0;177.0;48.0;4.36;0.178;0.17498;0.03702;0.00;0.000;0.000;1.485;0.565;0.000;0.557;98.976;87.36;92.36;17214.9;1187.70;-0.67;3.48;1.55;-68226.40;24439.20;24859.38;28160.3;-2.42;0.87;0.88;04/02/2024 16:36:03;
05/02/2024;11;2.0TD;1;0.000131794489000000;0.185;1.107455177;183.157014;33.081;43.893;106.183014;77.12;4.00998;0.98241;0.75;0.25;80.91667;96.95660;101.96000;97.42000;68.27000;2035.8;275.0;177.0;48.0;4.80;1.068;0.17498;0.03702;0.00;0.000;0.000;1.344;0.565;0.000;0.557;89.605;76.68;83.43;16966.7;1187.30;-0.23;3.48;1.55;-52036.48;20701.44;24859.38;28115.9;-1.85;0.74;0.88;04/02/2024 16:36:03;
05/02/2024;12;2.0TD;1;0.000130233038000000;0.184;1.102481174;177.418544;33.081;43.893;100.444544;70.27;4.00998;0.98241;0.75;0.25;80.91667;96.95660;101.96000;97.42000;68.27000;2035.8;275.0;177.0;48.0;6.95;1.068;0.17498;0.03702;0.00;0.000;0.000;1.273;0.565;0.000;0.557;84.834;69.74;80.74;17647.1;890.60;1.92;3.48;1.55;5819.44;22245.60;24859.38;27614.0;0.21;0.81;0.90;04/02/2024 16:36:03;
05/02/2024;13;2.0TD;1;0.000129160155000000;0.183;1.097139664;167.676880;33.081;43.893;90.702880;60.47;4.00998;0.98241;0.75;0.25;80.91667;96.95660;101.96000;97.42000;68.27000;2035.8;275.0;177.0;48.0;8.71;1.068;0.17498;0.03702;0.00;0.000;0.000;1.150;0.565;0.000;0.557;76.671;60.00;71.00;18565.0;822.90;3.68;3.48;1.55;14793.56;61184.20;24859.38;27444.4;0.54;2.23;0.91;04/02/2024 16:36:03;
05/02/2024;14;2.0TD;1;0.000135326020000000;0.179;1.073952319;155.544822;33.081;43.893;78.570822;50.38;4.00998;0.98241;0.75;0.25;80.91667;96.95660;101.96000;97.42000;68.27000;2035.8;275.0;177.0;48.0;8.92;1.068;0.17498;0.03702;0.00;0.000;0.000;1.000;0.565;0.000;0.557;66.641;50.00;58.40;18978.2;909.40;3.89;3.48;1.55;19541.52;62332.60;24859.38;27435.9;0.71;2.27;0.91;04/02/2024 16:36:03;
05/02/2024;15;2.0TD;2;0.000136035601000000;0.181;1.109620694;106.858428;19.184;8.779;78.895428;51.39;4.00998;0.98241;0.75;0.25;80.91667;96.95660;101.96000;97.42000;68.27000;2035.8;275.0;177.0;48.0;8.96;0.178;0.17498;0.03702;0.00;0.000;0.000;1.002;0.565;0.000;0.557;66.803;51.00;60.00;18668.8;851.90;3.93;3.48;1.55;14264.96;67245.20;24859.38;27088.4;0.53;2.48;0.92;04/02/2024 16:36:03;
05/02/2024;16;2.0TD;2;0.000129053527000000;0.186;1.141574763;118.535352;19.184;8.779;90.572352;60.18;4.00998;0.98241;0.75;0.25;80.91667;96.95660;101.96000;97.42000;68.27000;2035.8;275.0;177.0;48.0;9.59;0.178;0.17498;0.03702;0.00;0.000;0.000;1.146;0.565;0.000;0.557;76.367;59.71;70.71;17970.7;796.70;4.56;3.48;1.55;14917.12;80775.00;24859.38;26411.9;0.56;3.06;0.94;04/02/2024 16:36:03;
05/02/2024;17;2.0TD;2;0.000124140964000000;0.188;1.154263434;126.840144;19.184;8.779;98.877144;69.26;4.00998;0.98241;0.75;0.25;80.91667;96.95660;101.96000;97.42000;68.27000;2035.8;275.0;177.0;48.0;7.27;0.178;0.17498;0.03702;0.00;0.000;0.000;1.248;0.565;0.000;0.557;83.229;68.80;77.50;17125.0;958.20;2.24;3.48;1.55;-1314.32;35286.24;24859.38;26302.4;-0.05;1.34;0.95;04/02/2024 16:36:03;
05/02/2024;18;2.0TD;2;0.000126349268000000;0.190;1.166247925;133.095833;19.184;8.779;105.132833;76.78;4.00998;0.98241;0.75;0.25;80.91667;96.95660;101.96000;97.42000;68.27000;2035.8;275.0;177.0;48.0;4.79;0.178;0.17498;0.03702;0.00;0.000;0.000;1.325;0.565;0.000;0.557;88.346;76.44;81.87;16722.9;1126.30;-0.24;3.48;1.55;-54495.72;23335.00;24859.38;26481.1;-2.06;0.88;0.94;04/02/2024 16:36:03;
05/02/2024;19;2.0TD;1;0.000139559042000000;0.191;1.140872818;197.878268;33.081;43.893;120.904268;89.50;4.00998;0.98241;0.75;0.25;80.91667;96.95660;101.96000;97.42000;68.27000;2035.8;275.0;177.0;48.0;4.15;1.068;0.17498;0.03702;0.00;0.000;0.000;1.523;0.565;0.000;0.557;101.514;89.13;94.13;17543.6;1408.20;-0.88;3.48;1.55;-58999.96;10035.44;24859.38;27363.1;-2.16;0.37;0.91;04/02/2024 16:36:03;
05/02/2024;20;2.0TD;1;0.000168390535000000;0.194;1.162112863;247.142783;33.081;43.893;170.168783;129.47;4.00998;0.98241;0.75;0.25;80.91667;96.95660;101.96000;97.42000;68.27000;2035.8;275.0;177.0;48.0;4.57;1.068;0.17498;0.03702;0.00;0.000;0.000;2.138;0.565;0.000;0.557;142.519;129.47;129.47;18207.7;1723.70;-0.46;3.48;1.55;-59009.28;21349.28;24859.38;28421.6;-2.08;0.75;0.87;04/02/2024 16:36:03;
05/02/2024;21;2.0TD;1;0.000185996374000000;0.195;1.166220460;311.438878;33.081;43.893;234.464878;181.26;4.00998;0.98241;0.75;0.25;80.91667;96.95660;101.96000;97.42000;68.27000;2035.8;275.0;177.0;48.0;5.66;1.068;0.17498;0.03702;0.00;0.000;0.000;2.943;0.565;0.000;0.557;196.204;181.26;181.26;18477.2;1684.80;0.63;3.48;1.55;-59033.96;52140.00;24859.38;28622.6;-2.06;1.82;0.87;04/02/2024 16:36:03;
05/02/2024;22;2.0TD;1;0.000187845587000000;0.195;1.167130748;224.864713;33.081;43.893;147.890713;111.27;4.00998;0.98241;0.75;0.25;80.91667;96.95660;101.96000;97.42000;68.27000;2035.8;275.0;177.0;48.0;4.29;1.068;0.17498;0.03702;0.00;0.000;0.000;1.856;0.565;0.000;0.557;123.757;111.36;110.36;18163.1;1751.20;-0.74;3.48;1.55;-58986.68;13423.20;24859.38;28023.8;-2.10;0.48;0.89;04/02/2024 16:36:03;
05/02/2024;23;2.0TD;2;0.000168393570000000;0.200;1.229944346;138.547703;19.184;8.779;110.584703;81.06;4.00998;0.98241;0.75;0.25;80.91667;96.95660;101.96000;97.42000;68.27000;2035.8;275.0;177.0;48.0;4.26;0.178;0.17498;0.03702;0.00;0.000;0.000;1.382;0.565;0.000;0.557;92.153;81.06;81.06;15955.2;1188.20;-0.77;3.48;1.55;-52127.00;7985.00;24859.38;25292.2;-2.06;0.32;0.98;04/02/2024 16:36:03;
05/02/2024;24;2.0TD;2;0.000138333819000000;0.206;1.263857146;132.807718;19.184;8.779;104.844718;76.14;4.00998;0.98241;0.75;0.25;80.91667;96.95660;101.96000;97.42000;68.27000;2035.8;275.0;177.0;48.0;4.04;0.178;0.17498;0.03702;0.00;0.000;0.000;1.304;0.565;0.000;0.557;86.935;75.75;82.40;13594.8;852.70;-0.99;3.48;1.55;-55566.40;8437.44;24859.38;22556.3;-2.46;0.37;1.10;04/02/2024 16:36:03;
*
