pvpcdata;
2024;07;09;11;18;09;
17/06/2024;1;2.0TD;3;0.000092486517000000;0.176;0.978840255;90.431022;0.557;2.195;87.679022;41.50;12.13291;1.15130;0.75;0.25;29.27417;77.80580;101.96000;48.69000;52.19000;1705.9;275.0;154.0;62.0;16.25;0.000;0.17498;0.04096;0.00;0.000;1.118;0.947;0.000;0.557;74.557;41.49;41.59;14769.2;821.60;11.91;3.20;1.14;181872.48;52094.80;24859.38;21729.0;8.37;2.40;1.14;16/06/2024 16:21:02;
17/06/2024;2;2.0TD;3;0.000079698490000000;0.175;0.974696426;85.477865;0.557;2.195;82.725865;34.63;12.13291;1.15130;0.75;0.25;29.27417;77.80580;101.96000;48.69000;52.19000;1705.9;275.0;154.0;62.0;19.03;0.000;0.17498;0.04096;0.00;0.000;1.056;0.947;0.000;0.557;70.405;35.01;30.00;15276.0;1268.20;14.69;3.20;1.14;242516.92;64047.84;0.00;20869.7;11.62;3.07;0.00;16/06/2024 16:21:02;
17/06/2024;3;2.0TD;3;0.000070922232000000;0.177;0.985462199;87.219395;0.557;2.195;84.467395;33.95;12.13291;1.15130;0.75;0.25;29.27417;77.80580;101.96000;48.69000;52.19000;1705.9;275.0;154.0;62.0;21.05;0.000;0.17498;0.04096;0.00;0.000;1.076;0.947;0.000;0.557;71.765;35.00;23.01;14699.9;1404.10;16.71;3.20;1.14;272513.24;64687.04;0.00;20177.3;13.51;3.21;0.00;16/06/2024 16:21:02;
17/06/2024;4;2.0TD;3;0.000066476096000000;0.176;0.979047095;87.232302;0.557;2.195;84.480302;33.77;12.13291;1.15130;0.75;0.25;29.27417;77.80580;101.96000;48.69000;52.19000;1705.9;275.0;154.0;62.0;21.30;0.000;0.17498;0.04096;0.00;0.000;1.078;0.947;0.000;0.557;71.837;35.00;20.01;14307.2;1280.40;16.96;3.20;1.14;271077.24;64687.04;0.00;19799.9;13.69;3.27;0.00;16/06/2024 16:21:02;
17/06/2024;5;2.0TD;3;0.000064321188000000;0.174;0.965782926;83.404616;0.557;2.195;80.652616;31.45;12.13291;1.15130;0.75;0.25;29.27417;77.80580;101.96000;48.69000;52.19000;1705.9;275.0;154.0;62.0;20.53;0.000;0.17498;0.04096;0.00;0.000;1.030;0.947;0.000;0.557;68.699;32.00;25.15;14581.0;1267.10;16.19;3.20;1.14;251906.84;67074.00;0.00;19705.4;12.78;3.40;0.00;16/06/2024 16:21:02;
17/06/2024;6;2.0TD;3;0.000064393981000000;0.169;0.941448571;85.470430;0.557;2.195;82.718430;34.41;12.13291;1.15130;0.75;0.25;29.27417;77.80580;101.96000;48.69000;52.19000;1705.9;275.0;154.0;62.0;19.60;0.000;0.17498;0.04096;0.00;0.000;1.061;0.947;0.000;0.557;70.760;35.00;28.00;14644.2;1358.40;15.26;3.20;1.14;246742.24;64687.04;0.00;20412.9;12.09;3.17;0.00;16/06/2024 16:21:02;
17/06/2024;7;2.0TD;3;0.000067364856000000;0.162;0.899812727;84.869368;0.557;2.195;82.117368;35.01;12.13291;1.15130;0.75;0.25;29.27417;77.80580;101.96000;48.69000;52.19000;1705.9;275.0;154.0;62.0;18.91;0.000;0.17498;0.04096;0.00;0.000;1.060;0.947;0.000;0.557;70.669;35.01;35.01;14442.0;1477.20;14.57;3.20;1.14;263428.80;42991.24;24859.38;22731.3;11.59;1.89;1.09;16/06/2024 16:21:02;
17/06/2024;8;2.0TD;3;0.000073978383000000;0.157;0.871457422;93.865740;0.557;2.195;91.113740;47.11;12.13291;1.15130;0.75;0.25;29.27417;77.80580;101.96000;48.69000;52.19000;1705.9;275.0;154.0;62.0;14.77;0.000;0.17498;0.04096;0.00;0.000;1.181;0.947;0.000;0.557;78.750;46.50;59.01;16461.2;838.00;10.43;3.20;1.14;149853.16;88630.08;24859.38;25242.7;5.94;3.51;0.98;16/06/2024 16:21:02;
17/06/2024;9;2.0TD;2;0.000085305201000000;0.145;0.889843355;115.462745;19.184;8.779;87.499745;46.67;12.13291;1.15130;0.75;0.25;29.27417;77.80580;101.96000;48.69000;52.19000;1705.9;275.0;154.0;62.0;12.76;0.154;0.17498;0.04096;0.00;0.000;1.146;0.947;0.000;0.557;76.419;46.50;49.27;21016.8;1411.80;8.42;3.20;1.14;93280.36;109924.32;24859.38;27091.7;3.44;4.06;0.92;16/06/2024 16:21:02;
17/06/2024;10;2.0TD;2;0.000093273297000000;0.138;0.844050831;101.006658;19.184;8.779;73.043658;35.01;12.13291;1.15130;0.75;0.25;29.27417;77.80580;101.96000;48.69000;52.19000;1705.9;275.0;154.0;62.0;12.37;0.154;0.17498;0.04096;0.00;0.000;0.963;0.947;0.000;0.557;64.186;35.01;35.01;22634.4;1525.70;8.03;3.20;1.14;106869.76;91546.48;24859.38;27807.6;3.84;3.29;0.89;16/06/2024 16:21:02;
17/06/2024;11;2.0TD;1;0.000099501965000000;0.143;0.858426315;137.355251;33.081;43.893;60.381251;22.28;12.13291;1.15130;0.75;0.25;29.27417;77.80580;101.96000;48.69000;52.19000;1705.9;275.0;154.0;62.0;13.14;0.926;0.17498;0.04096;0.00;0.000;0.792;0.947;0.000;0.557;52.827;22.28;22.28;25956.3;1512.30;8.80;3.20;1.14;193047.56;29188.72;24859.38;28083.2;6.87;1.04;0.89;16/06/2024 16:21:02;
17/06/2024;12;2.0TD;1;0.000103035820000000;0.147;0.882706063;116.979056;33.081;43.893;40.005056;2.85;12.13291;1.15130;0.75;0.25;29.27417;77.80580;101.96000;48.69000;52.19000;1705.9;275.0;154.0;62.0;14.89;0.926;0.17498;0.04096;0.00;0.000;0.523;0.947;0.000;0.557;34.878;3.25;-2.75;26895.5;1903.70;10.55;3.20;1.14;264255.52;12598.88;24859.38;28594.1;9.24;0.44;0.87;16/06/2024 16:21:02;
17/06/2024;13;2.0TD;1;0.000108813864000000;0.146;0.872388224;114.850436;33.081;43.893;37.876436;1.04;12.13291;1.15130;0.75;0.25;29.27417;77.80580;101.96000;48.69000;52.19000;1705.9;275.0;154.0;62.0;14.90;0.926;0.17498;0.04096;0.00;0.000;0.496;0.947;0.000;0.557;33.051;1.50;-5.15;26679.8;1969.20;10.56;3.20;1.14;266636.20;12881.12;24859.38;28802.1;9.26;0.45;0.86;16/06/2024 16:21:02;
17/06/2024;14;2.0TD;1;0.000118521857000000;0.140;0.836378011;113.412950;33.081;43.893;36.438950;0.00;12.13291;1.15130;0.75;0.25;29.27417;77.80580;101.96000;48.69000;52.19000;1705.9;275.0;154.0;62.0;14.87;0.926;0.17498;0.04096;0.00;0.000;0.479;0.947;0.000;0.557;31.964;0.44;-5.57;26868.6;2122.90;10.53;3.20;1.14;267573.80;12709.20;24859.38;28975.4;9.23;0.44;0.86;16/06/2024 16:21:02;
17/06/2024;15;2.0TD;2;0.000120579930000000;0.140;0.860203636;63.092090;19.184;8.779;35.129090;-0.47;12.13291;1.15130;0.75;0.25;29.27417;77.80580;101.96000;48.69000;52.19000;1705.9;275.0;154.0;62.0;14.98;0.154;0.17498;0.04096;0.00;0.000;0.462;0.947;0.000;0.557;30.815;0.00;-5.98;26463.8;2264.80;10.64;3.20;1.14;267963.32;11437.92;24859.38;28606.1;9.37;0.40;0.87;16/06/2024 16:21:02;
17/06/2024;16;2.0TD;2;0.000112092804000000;0.141;0.866758629;63.088675;19.184;8.779;35.125675;-0.45;12.13291;1.15130;0.75;0.25;29.27417;77.80580;101.96000;48.69000;52.19000;1705.9;275.0;154.0;62.0;14.93;0.154;0.17498;0.04096;0.00;0.000;0.462;0.947;0.000;0.557;30.785;0.00;-6.00;26587.5;2267.80;10.59;3.20;1.14;256907.12;11430.40;24859.38;27689.8;9.28;0.41;0.90;16/06/2024 16:21:02;
17/06/2024;17;2.0TD;2;0.000107271954000000;0.144;0.883979346;63.215350;19.184;8.779;35.252350;-0.55;12.13291;1.15130;0.75;0.25;29.27417;77.80580;101.96000;48.69000;52.19000;1705.9;275.0;154.0;62.0;15.06;0.154;0.17498;0.04096;0.00;0.000;0.462;0.947;0.000;0.557;30.815;0.00;-7.00;26317.4;2333.10;10.72;3.20;1.14;256907.12;11460.48;24859.38;27349.8;9.39;0.42;0.91;16/06/2024 16:21:02;
17/06/2024;18;2.0TD;2;0.000106967960000000;0.146;0.895223337;64.033340;19.184;8.779;36.070340;0.10;12.13291;1.15130;0.75;0.25;29.27417;77.80580;101.96000;48.69000;52.19000;1705.9;275.0;154.0;62.0;15.06;0.154;0.17498;0.04096;0.00;0.000;0.472;0.947;0.000;0.557;31.475;0.44;-4.55;26734.4;2024.00;10.72;3.20;1.14;256556.84;12022.56;24859.38;27373.0;9.37;0.44;0.91;16/06/2024 16:21:02;
17/06/2024;19;2.0TD;1;0.000107181605000000;0.145;0.867581625;121.256865;33.081;43.893;44.282865;2.90;12.13291;1.15130;0.75;0.25;29.27417;77.80580;101.96000;48.69000;52.19000;1705.9;275.0;154.0;62.0;18.58;0.926;0.17498;0.04096;0.00;0.000;0.580;0.947;0.000;0.557;38.675;3.25;-1.74;27608.6;2137.40;14.24;3.20;1.14;288848.72;78257.72;24859.38;27518.8;10.50;2.84;0.90;16/06/2024 16:21:02;
17/06/2024;20;2.0TD;1;0.000108443548000000;0.149;0.891159822;141.708650;33.081;43.893;64.734650;21.43;12.13291;1.15130;0.75;0.25;29.27417;77.80580;101.96000;48.69000;52.19000;1705.9;275.0;154.0;62.0;17.45;0.926;0.17498;0.04096;0.00;0.000;0.845;0.947;0.000;0.557;56.340;21.72;18.17;23111.7;2053.70;13.11;3.20;1.14;236875.84;105063.40;24859.38;27974.1;8.47;3.76;0.89;16/06/2024 16:21:02;
17/06/2024;21;2.0TD;1;0.000114342631000000;0.151;0.906075337;164.619187;33.081;43.893;87.645187;46.66;12.13291;1.15130;0.75;0.25;29.27417;77.80580;101.96000;48.69000;52.19000;1705.9;275.0;154.0;62.0;11.73;0.926;0.17498;0.04096;0.00;0.000;1.142;0.947;0.000;0.557;76.147;46.38;53.37;23545.6;972.90;7.39;3.20;1.14;107913.92;76632.08;24859.38;28339.9;3.81;2.70;0.88;16/06/2024 16:21:02;
17/06/2024;22;2.0TD;1;0.000124293711000000;0.149;0.894949767;191.320172;33.081;43.893;114.346172;72.75;12.13291;1.15130;0.75;0.25;29.27417;77.80580;101.96000;48.69000;52.19000;1705.9;275.0;154.0;62.0;8.66;0.926;0.17498;0.04096;0.00;0.000;1.493;0.947;0.000;0.557;99.518;72.75;72.75;18971.0;908.80;4.32;3.20;1.14;86349.88;11207.00;24859.38;28372.3;3.04;0.39;0.88;16/06/2024 16:21:02;
17/06/2024;23;2.0TD;2;0.000128535453000000;0.153;0.939462700;162.007311;19.184;8.779;134.044311;91.15;12.13291;1.15130;0.75;0.25;29.27417;77.80580;101.96000;48.69000;52.19000;1705.9;275.0;154.0;62.0;7.52;0.154;0.17498;0.04096;0.00;0.000;1.744;0.947;0.000;0.557;116.257;91.27;89.52;17879.7;1367.20;3.18;3.20;1.14;45054.84;16010.00;24859.38;27079.7;1.66;0.59;0.92;16/06/2024 16:21:02;
17/06/2024;24;2.0TD;2;0.000111276904000000;0.151;0.928381630;129.757430;19.184;8.779;101.794430;62.78;12.13291;1.15130;0.75;0.25;29.27417;77.80580;101.96000;48.69000;52.19000;1705.9;275.0;154.0;62.0;8.49;0.154;0.17498;0.04096;0.00;0.000;1.327;0.947;0.000;0.557;88.440;62.78;62.78;16506.7;1069.00;4.15;3.20;1.14;62104.96;16000.00;24859.38;24795.4;2.50;0.65;1.00;16/06/2024 16:21:02;
*
