pvpcdata;
2024;06;11;12;30;59;
09/05/2024;1;2.0TD;3;0.000085523489000000;0.187;1.040250203;77.380340;0.557;2.195;74.628340;35.31;10.47001;1.10391;0.75;0.25;33.53875;75.41880;101.96000;48.69000;28.32000;1775.5;275.0;154.0;61.0;13.34;0.000;0.17498;0.04096;0.00;0.000;0.943;0.947;0.000;0.557;62.871;35.01;41.02;20007.8;1062.40;8.93;3.16;1.25;125074.48;54068.48;24859.38;22864.2;5.47;2.36;1.09;08/05/2024 16:10:28;
09/05/2024;2;2.0TD;3;0.000071633257000000;0.193;1.070430567;78.665442;0.557;2.195;75.913442;35.11;10.47001;1.10391;0.75;0.25;33.53875;75.41880;101.96000;48.69000;28.32000;1775.5;275.0;154.0;61.0;14.29;0.000;0.17498;0.04096;0.00;0.000;0.954;0.947;0.000;0.557;63.632;35.01;37.12;19203.0;960.40;9.88;3.16;1.25;133948.48;56185.68;24859.38;21760.2;6.16;2.58;1.14;08/05/2024 16:10:28;
09/05/2024;3;2.0TD;3;0.000064048721000000;0.194;1.075342853;79.784570;0.557;2.195;77.032570;35.00;10.47001;1.10391;0.75;0.25;33.53875;75.41880;101.96000;48.69000;28.32000;1775.5;275.0;154.0;61.0;15.27;0.000;0.17498;0.04096;0.00;0.000;0.968;0.947;0.000;0.557;64.516;35.00;35.00;18323.6;1030.00;10.86;3.16;1.25;147700.96;55993.92;24859.38;21043.5;7.02;2.66;1.18;08/05/2024 16:10:28;
09/05/2024;4;2.0TD;3;0.000060420932000000;0.194;1.078035220;81.796460;0.557;2.195;79.044460;35.00;10.47001;1.10391;0.75;0.25;33.53875;75.41880;101.96000;48.69000;28.32000;1775.5;275.0;154.0;61.0;16.93;0.000;0.17498;0.04096;0.00;0.000;0.993;0.947;0.000;0.557;66.201;35.00;35.00;17580.7;1099.70;12.52;3.16;1.25;203786.60;54843.36;0.00;20650.3;9.87;2.66;0.00;08/05/2024 16:10:28;
09/05/2024;5;2.0TD;3;0.000059107675000000;0.193;1.073054475;81.803032;0.557;2.195;79.051032;35.01;10.47001;1.10391;0.75;0.25;33.53875;75.41880;101.96000;48.69000;28.32000;1775.5;275.0;154.0;61.0;16.98;0.000;0.17498;0.04096;0.00;0.000;0.994;0.947;0.000;0.557;66.262;35.01;35.01;16988.0;1057.90;12.57;3.16;1.25;203130.40;55738.24;0.00;20598.5;9.86;2.71;0.00;08/05/2024 16:10:28;
09/05/2024;6;2.0TD;3;0.000060392175000000;0.189;1.051533668;80.645043;0.557;2.195;77.893043;35.46;10.47001;1.10391;0.75;0.25;33.53875;75.41880;101.96000;48.69000;28.32000;1775.5;275.0;154.0;61.0;15.79;0.000;0.17498;0.04096;0.00;0.000;0.983;0.947;0.000;0.557;65.511;35.01;45.02;17429.3;818.90;11.38;3.16;1.25;188772.76;50177.20;0.00;21005.2;8.99;2.39;0.00;08/05/2024 16:10:28;
09/05/2024;7;2.0TD;3;0.000066321412000000;0.175;0.970419413;92.610584;0.557;2.195;89.858584;47.33;10.47001;1.10391;0.75;0.25;33.53875;75.41880;101.96000;48.69000;28.32000;1775.5;275.0;154.0;61.0;14.72;0.000;0.17498;0.04096;0.00;0.000;1.147;0.947;0.000;0.557;76.475;47.33;47.43;17546.2;810.10;10.31;3.16;1.25;170466.40;46725.52;24859.38;23489.7;7.26;1.99;1.06;08/05/2024 16:10:28;
09/05/2024;8;2.0TD;3;0.000078922262000000;0.165;0.915479820;110.403115;0.557;2.195;107.651115;68.78;10.47001;1.10391;0.75;0.25;33.53875;75.41880;101.96000;48.69000;28.32000;1775.5;275.0;154.0;61.0;8.96;0.000;0.17498;0.04096;0.00;0.000;1.386;0.947;0.000;0.557;92.404;68.78;68.78;20289.1;1064.50;4.55;3.16;1.25;59910.64;34388.96;24859.38;26170.2;2.29;1.31;0.95;08/05/2024 16:10:28;
09/05/2024;9;2.0TD;2;0.000091137164000000;0.178;1.089719850;104.864478;19.184;8.779;76.901478;40.34;10.47001;1.10391;0.75;0.25;33.53875;75.41880;101.96000;48.69000;28.32000;1775.5;275.0;154.0;61.0;10.53;0.154;0.17498;0.04096;0.00;0.000;0.979;0.947;0.000;0.557;65.281;40.15;44.81;22536.6;944.20;6.12;3.16;1.25;72594.72;70945.56;24859.38;27478.7;2.64;2.58;0.90;08/05/2024 16:10:28;
09/05/2024;10;2.0TD;2;0.000096122728000000;0.146;0.896052702;93.165117;19.184;8.779;65.202117;30.05;10.47001;1.10391;0.75;0.25;33.53875;75.41880;101.96000;48.69000;28.32000;1775.5;275.0;154.0;61.0;12.56;0.154;0.17498;0.04096;0.00;0.000;0.853;0.947;0.000;0.557;56.895;29.90;32.91;26480.5;1423.70;8.15;3.16;1.25;120403.24;80980.08;24859.38;27773.9;4.34;2.92;0.90;08/05/2024 16:10:28;
09/05/2024;11;2.0TD;1;0.000100642633000000;0.149;0.889233247;122.449571;33.081;43.893;45.475571;11.13;10.47001;1.10391;0.75;0.25;33.53875;75.41880;101.96000;48.69000;28.32000;1775.5;275.0;154.0;61.0;13.65;0.926;0.17498;0.04096;0.00;0.000;0.594;0.947;0.000;0.557;39.578;10.99;14.00;29269.2;1386.50;9.24;3.16;1.25;167330.20;64787.20;24859.38;27806.6;6.02;2.33;0.89;08/05/2024 16:10:28;
09/05/2024;12;2.0TD;1;0.000102355845000000;0.148;0.887934748;113.866576;33.081;43.893;36.892576;3.25;10.47001;1.10391;0.75;0.25;33.53875;75.41880;101.96000;48.69000;28.32000;1775.5;275.0;154.0;61.0;14.20;0.926;0.17498;0.04096;0.00;0.000;0.482;0.947;0.000;0.557;32.136;3.25;3.25;30003.8;1801.00;9.79;3.16;1.25;192127.24;52616.48;24859.38;27527.2;6.98;1.91;0.90;08/05/2024 16:10:28;
09/05/2024;13;2.0TD;1;0.000106406054000000;0.146;0.876963199;111.312045;33.081;43.893;34.338045;0.44;10.47001;1.10391;0.75;0.25;33.53875;75.41880;101.96000;48.69000;28.32000;1775.5;275.0;154.0;61.0;14.87;0.926;0.17498;0.04096;0.00;0.000;0.449;0.947;0.000;0.557;29.963;0.44;0.44;30242.0;1463.00;10.46;3.16;1.25;204114.44;57687.12;24859.38;27428.1;7.44;2.10;0.91;08/05/2024 16:10:28;
09/05/2024;14;2.0TD;1;0.000113406004000000;0.144;0.859417027;110.764775;33.081;43.893;33.790775;0.44;10.47001;1.10391;0.75;0.25;33.53875;75.41880;101.96000;48.69000;28.32000;1775.5;275.0;154.0;61.0;14.45;0.926;0.17498;0.04096;0.00;0.000;0.443;0.947;0.000;0.557;29.537;0.44;0.44;30180.6;1672.40;10.04;3.16;1.25;195744.96;55980.04;24859.38;27533.1;7.11;2.03;0.90;08/05/2024 16:10:28;
09/05/2024;15;2.0TD;2;0.000112571590000000;0.162;0.996002243;61.115314;19.184;8.779;33.152314;0.44;10.47001;1.10391;0.75;0.25;33.53875;75.41880;101.96000;48.69000;28.32000;1775.5;275.0;154.0;61.0;14.23;0.154;0.17498;0.04096;0.00;0.000;0.428;0.947;0.000;0.557;28.530;0.44;0.44;29896.6;1721.10;9.82;3.16;1.25;187380.28;54746.52;24859.38;27186.1;6.89;2.01;0.91;08/05/2024 16:10:28;
09/05/2024;16;2.0TD;2;0.000102870419000000;0.169;1.038709642;61.658712;19.184;8.779;33.695712;0.44;10.47001;1.10391;0.75;0.25;33.53875;75.41880;101.96000;48.69000;28.32000;1775.5;275.0;154.0;61.0;14.52;0.154;0.17498;0.04096;0.00;0.000;0.432;0.947;0.000;0.557;28.824;0.44;0.44;29107.1;1708.80;10.11;3.16;1.25;187386.52;54933.12;24859.38;26422.7;7.09;2.08;0.94;08/05/2024 16:10:28;
09/05/2024;17;2.0TD;2;0.000096637152000000;0.177;1.087520294;63.730136;19.184;8.779;35.767136;1.82;10.47001;1.10391;0.75;0.25;33.53875;75.41880;101.96000;48.69000;28.32000;1775.5;275.0;154.0;61.0;14.68;0.154;0.17498;0.04096;0.00;0.000;0.456;0.947;0.000;0.557;30.388;1.74;3.25;28308.1;1649.60;10.27;3.16;1.25;177369.60;63287.84;24859.38;25856.7;6.86;2.45;0.96;08/05/2024 16:10:28;
09/05/2024;18;2.0TD;2;0.000096544840000000;0.182;1.118054992;68.657358;19.184;8.779;40.694358;6.03;10.47001;1.10391;0.75;0.25;33.53875;75.41880;101.96000;48.69000;28.32000;1775.5;275.0;154.0;61.0;14.45;0.154;0.17498;0.04096;0.00;0.000;0.516;0.947;0.000;0.557;34.428;5.89;8.90;28444.2;1439.20;10.04;3.16;1.25;171271.96;65676.16;24859.38;26062.5;6.57;2.52;0.95;08/05/2024 16:10:28;
09/05/2024;19;2.0TD;1;0.000098458196000000;0.161;0.966544915;129.277503;33.081;43.893;52.303503;14.99;10.47001;1.10391;0.75;0.25;33.53875;75.41880;101.96000;48.69000;28.32000;1775.5;275.0;154.0;61.0;15.18;0.926;0.17498;0.04096;0.00;0.000;0.676;0.947;0.000;0.557;45.050;14.99;14.99;26902.5;1338.80;10.77;3.16;1.25;162417.24;93848.40;24859.38;26099.9;6.22;3.60;0.95;08/05/2024 16:10:28;
09/05/2024;20;2.0TD;1;0.000103588800000000;0.161;0.964927928;149.409243;33.081;43.893;72.435243;35.00;10.47001;1.10391;0.75;0.25;33.53875;75.41880;101.96000;48.69000;28.32000;1775.5;275.0;154.0;61.0;12.25;0.926;0.17498;0.04096;0.00;0.000;0.936;0.947;0.000;0.557;62.390;35.00;35.00;24214.9;1258.50;7.84;3.16;1.25;105952.68;78594.64;24859.38;26718.0;3.97;2.94;0.93;08/05/2024 16:10:28;
09/05/2024;21;2.0TD;1;0.000115959494000000;0.162;0.970352762;191.221132;33.081;43.893;114.247132;72.94;10.47001;1.10391;0.75;0.25;33.53875;75.41880;101.96000;48.69000;28.32000;1775.5;275.0;154.0;61.0;9.70;0.926;0.17498;0.04096;0.00;0.000;1.475;0.947;0.000;0.557;98.319;72.94;72.94;23086.9;1207.50;5.29;3.16;1.25;63968.04;57328.32;24859.38;27656.9;2.31;2.07;0.90;08/05/2024 16:10:28;
09/05/2024;22;2.0TD;1;0.000134058732000000;0.168;1.005672016;227.242328;33.081;43.893;150.268328;104.32;10.47001;1.10391;0.75;0.25;33.53875;75.41880;101.96000;48.69000;28.32000;1775.5;275.0;154.0;61.0;8.20;0.926;0.17498;0.04096;0.00;0.000;1.930;0.947;0.000;0.557;128.654;104.62;100.00;21213.1;1449.30;3.79;3.16;1.25;45958.56;37992.24;24859.38;28735.4;1.60;1.32;0.87;08/05/2024 16:10:28;
09/05/2024;23;2.0TD;2;0.000126646595000000;0.197;1.209246970;165.310838;19.184;8.779;137.347838;91.57;10.47001;1.10391;0.75;0.25;33.53875;75.41880;101.96000;48.69000;28.32000;1775.5;275.0;154.0;61.0;8.02;0.154;0.17498;0.04096;0.00;0.000;1.721;0.947;0.000;0.557;114.743;91.83;88.00;19758.3;1453.20;3.61;3.16;1.25;54436.60;17397.12;24859.38;26837.5;2.03;0.65;0.93;08/05/2024 16:10:28;
09/05/2024;24;2.0TD;2;0.000104822843000000;0.202;1.239831329;136.512483;19.184;8.779;108.549483;65.72;10.47001;1.10391;0.75;0.25;33.53875;75.41880;101.96000;48.69000;28.32000;1775.5;275.0;154.0;61.0;9.80;0.154;0.17498;0.04096;0.00;0.000;1.355;0.947;0.000;0.557;90.307;65.72;65.72;20038.0;1036.40;5.39;3.16;1.25;72985.64;32343.52;24859.38;24177.0;3.02;1.34;1.03;08/05/2024 16:10:28;
*
