pvpcdata;
2024;04;10;12;05;48;
21/03/2024;1;2.0TD;3;0.000103766861000000;0.212;1.175189499;80.276777;0.557;2.195;77.524777;34.72;14.48361;1.01266;0.75;0.25;35.90417;93.83860;101.96000;97.42000;37.09000;1967.1;275.0;177.0;46.0;12.28;0.000;0.17498;0.04096;0.00;0.000;0.000;0.959;0.565;0.000;0.557;63.964;35.00;30.00;19097.5;1135.10;7.47;3.40;1.41;103858.20;46214.16;24859.38;23420.4;4.43;1.97;1.06;20/03/2024 16:08:15;
21/03/2024;2;2.0TD;3;0.000085730957000000;0.218;1.208907933;82.169665;0.557;2.195;79.417665;33.77;14.48361;1.01266;0.75;0.25;35.90417;93.83860;101.96000;97.42000;37.09000;1967.1;275.0;177.0;46.0;14.45;0.000;0.17498;0.04096;0.00;0.000;0.000;0.978;0.565;0.000;0.557;65.203;34.47;24.38;18410.4;1367.80;9.64;3.40;1.41;143363.68;46214.16;24859.38;22257.6;6.44;2.08;1.12;20/03/2024 16:08:15;
21/03/2024;3;2.0TD;3;0.000075970623000000;0.223;1.236258878;82.880926;0.557;2.195;80.128926;33.10;14.48361;1.01266;0.75;0.25;35.90417;93.83860;101.96000;97.42000;37.09000;1967.1;275.0;177.0;46.0;15.43;0.000;0.17498;0.04096;0.00;0.000;0.000;0.983;0.565;0.000;0.557;65.518;33.97;21.15;17873.2;1299.70;10.62;3.40;1.41;150065.60;52542.24;24859.38;21426.1;7.00;2.45;1.16;20/03/2024 16:08:15;
21/03/2024;4;2.0TD;3;0.000071222397000000;0.225;1.248632877;83.658763;0.557;2.195;80.906763;33.28;14.48361;1.01266;0.75;0.25;35.90417;93.83860;101.96000;97.42000;37.09000;1967.1;275.0;177.0;46.0;15.77;0.000;0.17498;0.04096;0.00;0.000;0.000;0.991;0.565;0.000;0.557;66.046;34.17;21.15;17621.1;1300.40;10.96;3.40;1.41;175813.60;55270.88;0.00;21082.1;8.34;2.62;0.00;20/03/2024 16:08:15;
21/03/2024;5;2.0TD;3;0.000069768867000000;0.224;1.246559494;83.306301;0.557;2.195;80.554301;33.13;14.48361;1.01266;0.75;0.25;35.90417;93.83860;101.96000;97.42000;37.09000;1967.1;275.0;177.0;46.0;15.69;0.000;0.17498;0.04096;0.00;0.000;0.000;0.987;0.565;0.000;0.557;65.812;34.07;21.15;17660.6;1381.20;10.88;3.40;1.41;175995.60;52542.24;0.00;21011.1;8.38;2.50;0.00;20/03/2024 16:08:15;
21/03/2024;6;2.0TD;3;0.000072305226000000;0.221;1.226365546;83.356727;0.557;2.195;80.604727;34.03;14.48361;1.01266;0.75;0.25;35.90417;93.83860;101.96000;97.42000;37.09000;1967.1;275.0;177.0;46.0;14.99;0.000;0.17498;0.04096;0.00;0.000;0.000;0.990;0.565;0.000;0.557;66.015;35.00;21.15;18116.6;1371.10;10.18;3.40;1.41;173537.40;46981.20;0.00;21656.6;8.01;2.17;0.00;20/03/2024 16:08:15;
21/03/2024;7;2.0TD;3;0.000082356946000000;0.205;1.138472391;80.844841;0.557;2.195;78.092841;34.17;14.48361;1.01266;0.75;0.25;35.90417;93.83860;101.96000;97.42000;37.09000;1967.1;275.0;177.0;46.0;13.66;0.000;0.17498;0.04096;0.00;0.000;0.000;0.972;0.565;0.000;0.557;64.807;35.00;21.62;19304.8;1271.70;8.85;3.40;1.41;144399.92;46214.16;24859.38;24353.1;5.93;1.90;1.02;20/03/2024 16:08:15;
21/03/2024;8;2.0TD;3;0.000100337717000000;0.192;1.064144782;101.676482;0.557;2.195;98.924482;55.62;14.48361;1.01266;0.75;0.25;35.90417;93.83860;101.96000;97.42000;37.09000;1967.1;275.0;177.0;46.0;10.12;0.000;0.17498;0.04096;0.00;0.000;0.000;1.245;0.565;0.000;0.557;82.990;55.96;50.96;18724.2;1367.90;5.31;3.40;1.41;73637.20;46214.16;24859.38;27212.4;2.71;1.70;0.91;20/03/2024 16:08:15;
21/03/2024;9;2.0TD;2;0.000110407312000000;0.183;1.123753318;113.954486;19.184;8.779;85.991486;44.89;14.48361;1.01266;0.75;0.25;35.90417;93.83860;101.96000;97.42000;37.09000;1967.1;275.0;177.0;46.0;10.55;0.154;0.17498;0.04096;0.00;0.000;0.000;1.090;0.565;0.000;0.557;72.689;45.02;43.02;19795.4;1349.00;5.74;3.40;1.41;80086.60;59334.00;24859.38;28608.5;2.80;2.07;0.87;20/03/2024 16:08:15;
21/03/2024;10;2.0TD;2;0.000113888537000000;0.167;1.026220668;103.337589;19.184;8.779;75.374589;34.63;14.48361;1.01266;0.75;0.25;35.90417;93.83860;101.96000;97.42000;37.09000;1967.1;275.0;177.0;46.0;12.83;0.154;0.17498;0.04096;0.00;0.000;0.000;0.969;0.565;0.000;0.557;64.588;35.00;28.40;22482.9;1321.30;8.02;3.40;1.41;144280.60;62500.80;24859.38;28868.7;5.00;2.17;0.86;20/03/2024 16:08:15;
21/03/2024;11;2.0TD;1;0.000116678296000000;0.167;1.002940731;148.607187;33.081;43.893;71.633187;29.48;14.48361;1.01266;0.75;0.25;35.90417;93.83860;101.96000;97.42000;37.09000;1967.1;275.0;177.0;46.0;14.05;0.926;0.17498;0.04096;0.00;0.000;0.000;0.921;0.565;0.000;0.557;61.382;30.00;21.05;23436.7;1460.30;9.24;3.40;1.41;170963.68;67061.28;24859.38;28435.1;6.01;2.36;0.87;20/03/2024 16:08:15;
21/03/2024;12;2.0TD;1;0.000115306442000000;0.168;1.006663913;134.841786;33.081;43.893;57.867786;16.95;14.48361;1.01266;0.75;0.25;35.90417;93.83860;101.96000;97.42000;37.09000;1967.1;275.0;177.0;46.0;14.92;0.926;0.17498;0.04096;0.00;0.000;0.000;0.743;0.565;0.000;0.557;49.544;17.27;12.27;24604.2;1664.80;10.11;3.40;1.41;204686.36;56064.00;24859.38;28263.3;7.24;1.98;0.88;20/03/2024 16:08:15;
21/03/2024;13;2.0TD;1;0.000116212574000000;0.167;1.002922393;134.957955;33.081;43.893;57.983955;15.51;14.48361;1.01266;0.75;0.25;35.90417;93.83860;101.96000;97.42000;37.09000;1967.1;275.0;177.0;46.0;16.50;0.926;0.17498;0.04096;0.00;0.000;0.000;0.745;0.565;0.000;0.557;49.686;15.99;8.49;25684.0;1764.50;11.69;3.40;1.41;251385.12;57052.32;24859.38;28507.0;8.82;2.00;0.87;20/03/2024 16:08:15;
21/03/2024;14;2.0TD;1;0.000123354622000000;0.163;0.978643190;132.362267;33.081;43.893;55.388267;13.30;14.48361;1.01266;0.75;0.25;35.90417;93.83860;101.96000;97.42000;37.09000;1967.1;275.0;177.0;46.0;16.68;0.926;0.17498;0.04096;0.00;0.000;0.000;0.714;0.565;0.000;0.557;47.625;14.00;4.16;25973.3;1982.30;11.87;3.40;1.41;255282.24;58825.44;24859.38;28559.8;8.94;2.06;0.87;20/03/2024 16:08:15;
21/03/2024;15;2.0TD;2;0.000123815209000000;0.168;1.032705695;80.065538;19.184;8.779;52.102538;10.50;14.48361;1.01266;0.75;0.25;35.90417;93.83860;101.96000;97.42000;37.09000;1967.1;275.0;177.0;46.0;17.28;0.154;0.17498;0.04096;0.00;0.000;0.000;0.669;0.565;0.000;0.557;44.608;10.83;5.80;26033.9;1837.20;12.47;3.40;1.41;264486.12;61171.44;24859.38;28107.5;9.41;2.18;0.88;20/03/2024 16:08:15;
21/03/2024;16;2.0TD;2;0.000116689033000000;0.174;1.067344351;78.748288;19.184;8.779;50.785288;10.29;14.48361;1.01266;0.75;0.25;35.90417;93.83860;101.96000;97.42000;37.09000;1967.1;275.0;177.0;46.0;16.16;0.154;0.17498;0.04096;0.00;0.000;0.000;0.649;0.565;0.000;0.557;43.258;10.61;5.61;25427.1;1748.90;11.35;3.40;1.41;226613.72;61324.80;24859.38;27542.4;8.23;2.23;0.90;20/03/2024 16:08:15;
21/03/2024;17;2.0TD;2;0.000111623243000000;0.178;1.091243120;84.529779;19.184;8.779;56.566779;15.67;14.48361;1.01266;0.75;0.25;35.90417;93.83860;101.96000;97.42000;37.09000;1967.1;275.0;177.0;46.0;15.47;0.154;0.17498;0.04096;0.00;0.000;0.000;0.720;0.565;0.000;0.557;48.019;15.98;11.00;23827.5;1587.50;10.66;3.40;1.41;199788.24;65376.00;24859.38;27208.7;7.34;2.40;0.91;20/03/2024 16:08:15;
21/03/2024;18;2.0TD;2;0.000113113989000000;0.181;1.107757457;94.170258;19.184;8.779;66.207258;25.93;14.48361;1.01266;0.75;0.25;35.90417;93.83860;101.96000;97.42000;37.09000;1967.1;275.0;177.0;46.0;13.13;0.154;0.17498;0.04096;0.00;0.000;0.000;0.841;0.565;0.000;0.557;56.060;26.10;22.75;22598.4;1239.30;8.32;3.40;1.41;133646.04;68301.20;24859.38;27235.3;4.91;2.51;0.91;20/03/2024 16:08:15;
21/03/2024;19;2.0TD;1;0.000120409356000000;0.176;1.053389300;150.520260;33.081;43.893;73.546260;34.70;14.48361;1.01266;0.75;0.25;35.90417;93.83860;101.96000;97.42000;37.09000;1967.1;275.0;177.0;46.0;9.97;0.926;0.17498;0.04096;0.00;0.000;0.000;0.938;0.565;0.000;0.557;62.539;35.00;30.00;21397.3;1382.10;5.16;3.40;1.41;64156.68;52027.08;24859.38;27315.9;2.35;1.90;0.91;20/03/2024 16:08:15;
21/03/2024;20;2.0TD;1;0.000143622602000000;0.184;1.099059896;193.031263;33.081;43.893;116.057263;70.05;14.48361;1.01266;0.75;0.25;35.90417;93.83860;101.96000;97.42000;37.09000;1967.1;275.0;177.0;46.0;9.57;0.926;0.17498;0.04096;0.00;0.000;0.000;1.470;0.565;0.000;0.557;98.021;70.40;65.24;19973.7;1437.30;4.76;3.40;1.41;65402.08;46214.16;24859.38;28721.5;2.28;1.61;0.87;20/03/2024 16:08:15;
21/03/2024;21;2.0TD;1;0.000170333569000000;0.187;1.118333366;209.063760;33.081;43.893;132.089760;83.69;14.48361;1.01266;0.75;0.25;35.90417;93.83860;101.96000;97.42000;37.09000;1967.1;275.0;177.0;46.0;8.99;0.926;0.17498;0.04096;0.00;0.000;0.000;1.669;0.565;0.000;0.557;111.280;84.00;79.00;20197.7;1327.40;4.18;3.40;1.41;53922.28;46272.00;24859.38;29929.4;1.80;1.55;0.83;20/03/2024 16:08:15;
21/03/2024;22;2.0TD;1;0.000174886652000000;0.189;1.134108325;187.788012;33.081;43.893;110.814012;65.47;14.48361;1.01266;0.75;0.25;35.90417;93.83860;101.96000;97.42000;37.09000;1967.1;275.0;177.0;46.0;9.40;0.926;0.17498;0.04096;0.00;0.000;0.000;1.398;0.565;0.000;0.557;93.199;65.86;60.70;18546.6;1497.40;4.59;3.40;1.41;64784.04;46214.16;24859.38;29593.6;2.19;1.56;0.84;20/03/2024 16:08:15;
21/03/2024;23;2.0TD;2;0.000156133908000000;0.202;1.240640873;118.899513;19.184;8.779;90.936513;47.96;14.48361;1.01266;0.75;0.25;35.90417;93.83860;101.96000;97.42000;37.09000;1967.1;275.0;177.0;46.0;10.40;0.154;0.17498;0.04096;0.00;0.000;0.000;1.135;0.565;0.000;0.557;75.654;48.00;47.00;21054.4;945.40;5.59;3.40;1.41;79490.88;46329.84;24859.38;26918.7;2.95;1.72;0.92;20/03/2024 16:08:15;
21/03/2024;24;2.0TD;2;0.000128321942000000;0.207;1.269846442;108.898792;19.184;8.779;80.935792;40.00;14.48361;1.01266;0.75;0.25;35.90417;93.83860;101.96000;97.42000;37.09000;1967.1;275.0;177.0;46.0;9.89;0.154;0.17498;0.04096;0.00;0.000;0.000;1.006;0.565;0.000;0.557;67.055;40.00;40.00;19724.5;660.00;5.08;3.40;1.41;54077.68;46214.16;24859.38;24639.0;2.19;1.88;1.01;20/03/2024 16:08:15;
*
