pvpcdata;
2024;12;11;12;05;23;
04/11/2024;1;2.0TD;3;0.000095406401000000;0.223;1.237318860;140.443987;0.557;2.195;137.691987;92.11;-3.94070;1.08457;0.75;0.25;108.87958;93.11680;101.96000;84.74000;75.52000;1921.5;275.0;200.0;46.0;21.34;0.000;0.17498;0.04096;0.00;0.000;1.689;0.947;0.000;0.557;112.585;92.04;93.09;14611.3;1026.70;17.10;3.21;1.03;302115.00;26724.48;24859.38;20685.6;14.61;1.29;1.20;03/11/2024 16:12:05;
04/11/2024;2;2.0TD;3;0.000079530003000000;0.234;1.301197356;141.181423;0.557;2.195;138.429423;89.95;-3.94070;1.08457;0.75;0.25;108.87958;93.11680;101.96000;84.74000;75.52000;1921.5;275.0;200.0;46.0;23.10;0.000;0.17498;0.04096;0.00;0.000;1.683;0.947;0.000;0.557;112.179;89.96;89.72;14212.8;933.00;18.86;3.21;1.03;347731.68;23365.44;0.00;19676.4;17.67;1.19;0.00;03/11/2024 16:12:05;
04/11/2024;3;2.0TD;3;0.000070901755000000;0.240;1.332916053;143.528500;0.557;2.195;140.776500;89.95;-3.94070;1.08457;0.75;0.25;108.87958;93.11680;101.96000;84.74000;75.52000;1921.5;275.0;200.0;46.0;24.43;0.000;0.17498;0.04096;0.00;0.000;1.703;0.947;0.000;0.557;113.529;90.07;88.19;12249.5;865.60;20.19;3.21;1.03;363550.92;23237.76;0.00;19154.4;18.98;1.21;0.00;03/11/2024 16:12:05;
04/11/2024;4;2.0TD;3;0.000066847436000000;0.242;1.346509886;138.749056;0.557;2.195;135.997056;83.72;-3.94070;1.08457;0.75;0.25;108.87958;93.11680;101.96000;84.74000;75.52000;1921.5;275.0;200.0;46.0;26.69;0.000;0.17498;0.04096;0.00;0.000;1.642;0.947;0.000;0.557;109.498;83.82;82.14;13103.3;831.50;22.45;3.21;1.03;392040.76;30324.00;0.00;18816.6;20.83;1.61;0.00;03/11/2024 16:12:05;
04/11/2024;5;2.0TD;3;0.000065711900000000;0.244;1.353514864;140.294157;0.557;2.195;137.542157;85.22;-3.94070;1.08457;0.75;0.25;108.87958;93.11680;101.96000;84.74000;75.52000;1921.5;275.0;200.0;46.0;26.24;0.000;0.17498;0.04096;0.00;0.000;1.658;0.947;0.000;0.557;110.564;85.36;83.16;13023.9;858.20;22.00;3.21;1.03;389201.72;29111.04;0.00;19012.0;20.47;1.53;0.00;03/11/2024 16:12:05;
04/11/2024;6;2.0TD;3;0.000067979766000000;0.233;1.296810107;142.896549;0.557;2.195;140.144549;89.66;-3.94070;1.08457;0.75;0.25;108.87958;93.11680;101.96000;84.74000;75.52000;1921.5;275.0;200.0;46.0;24.85;0.000;0.17498;0.04096;0.00;0.000;1.705;0.947;0.000;0.557;113.661;89.89;86.40;12505.4;873.80;20.61;3.21;1.03;379851.64;25536.00;0.00;19672.6;19.31;1.30;0.00;03/11/2024 16:12:05;
04/11/2024;7;2.0TD;3;0.000078399924000000;0.209;1.163077597;148.858967;0.557;2.195;146.106967;103.63;-3.94070;1.08457;0.75;0.25;108.87958;93.11680;101.96000;84.74000;75.52000;1921.5;275.0;200.0;46.0;17.96;0.000;0.17498;0.04096;0.00;0.000;1.813;0.947;0.000;0.557;120.849;104.14;99.14;13500.1;1540.30;13.72;3.21;1.03;259170.04;20598.72;24859.38;22207.1;11.67;0.93;1.12;03/11/2024 16:12:05;
04/11/2024;8;2.0TD;3;0.000099887488000000;0.191;1.058811537;157.626585;0.557;2.195;154.874585;120.99;-3.94070;1.08457;0.75;0.25;108.87958;93.11680;101.96000;84.74000;75.52000;1921.5;275.0;200.0;46.0;9.65;0.000;0.17498;0.04096;0.00;0.000;1.951;0.947;0.000;0.557;130.037;121.54;115.46;16175.0;1613.00;5.41;3.21;1.03;70593.40;42744.64;24859.38;25507.0;2.77;1.68;0.97;03/11/2024 16:12:05;
04/11/2024;9;2.0TD;2;0.000107229920000000;0.183;1.124306279;183.687720;19.184;8.779;155.724720;123.82;-3.94070;1.08457;0.75;0.25;108.87958;93.11680;101.96000;84.74000;75.52000;1921.5;275.0;200.0;46.0;8.24;0.154;0.17498;0.04096;0.00;0.000;1.975;0.947;0.000;0.557;131.635;124.08;121.08;18926.0;1803.20;4.00;3.21;1.03;18401.32;64638.00;24859.38;26974.0;0.68;2.40;0.92;03/11/2024 16:12:05;
04/11/2024;10;2.0TD;2;0.000108971142000000;0.167;1.022497654;174.448849;19.184;8.779;146.485849;117.60;-3.94070;1.08457;0.75;0.25;108.87958;93.11680;101.96000;84.74000;75.52000;1921.5;275.0;200.0;46.0;8.44;0.154;0.17498;0.04096;0.00;0.000;1.883;0.947;0.000;0.557;125.523;118.04;113.04;18948.0;1810.00;4.20;3.21;1.03;57200.36;33516.00;24859.38;27524.5;2.08;1.22;0.90;03/11/2024 16:12:05;
04/11/2024;11;2.0TD;1;0.000111444863000000;0.162;0.970538736;204.219316;33.081;43.893;127.245316;99.88;-3.94070;1.08457;0.75;0.25;108.87958;93.11680;101.96000;84.74000;75.52000;1921.5;275.0;200.0;46.0;9.61;0.926;0.17498;0.04096;0.00;0.000;1.643;0.947;0.000;0.557;109.505;99.88;99.89;18051.1;1292.00;5.37;3.21;1.03;90515.72;33488.00;24859.38;27768.0;3.26;1.21;0.90;03/11/2024 16:12:05;
04/11/2024;12;2.0TD;1;0.000110782768000000;0.164;0.979269059;198.316850;33.081;43.893;121.342850;93.30;-3.94070;1.08457;0.75;0.25;108.87958;93.11680;101.96000;84.74000;75.52000;1921.5;275.0;200.0;46.0;11.01;0.926;0.17498;0.04096;0.00;0.000;1.564;0.947;0.000;0.557;104.246;93.32;93.04;18776.4;1341.90;6.77;3.21;1.03;103102.32;58677.12;24859.38;27577.4;3.74;2.13;0.90;03/11/2024 16:12:05;
04/11/2024;13;2.0TD;1;0.000112646773000000;0.162;0.971272091;195.241704;33.081;43.893;118.267704;91.39;-3.94070;1.08457;0.75;0.25;108.87958;93.11680;101.96000;84.74000;75.52000;1921.5;275.0;200.0;46.0;10.49;0.926;0.17498;0.04096;0.00;0.000;1.527;0.947;0.000;0.557;101.779;91.39;91.39;19399.3;1358.70;6.25;3.21;1.03;105907.80;42113.28;24859.38;27665.6;3.83;1.52;0.90;03/11/2024 16:12:05;
04/11/2024;14;2.0TD;1;0.000120091513000000;0.161;0.966683199;192.134095;33.081;43.893;115.160095;89.91;-3.94070;1.08457;0.75;0.25;108.87958;93.11680;101.96000;84.74000;75.52000;1921.5;275.0;200.0;46.0;9.42;0.926;0.17498;0.04096;0.00;0.000;1.488;0.947;0.000;0.557;99.190;90.10;87.10;19441.7;1283.80;5.18;3.21;1.03;76433.60;43868.00;24859.38;28050.7;2.72;1.56;0.89;03/11/2024 16:12:05;
04/11/2024;15;2.0TD;2;0.000122217893000000;0.165;1.014470349;145.138042;19.184;8.779;117.175042;92.20;-3.94070;1.08457;0.75;0.25;108.87958;93.11680;101.96000;84.74000;75.52000;1921.5;275.0;200.0;46.0;9.27;0.154;0.17498;0.04096;0.00;0.000;1.509;0.947;0.000;0.557;100.579;92.40;89.40;18881.4;1327.40;5.03;3.21;1.03;73332.76;41235.92;24859.38;27724.5;2.65;1.49;0.90;03/11/2024 16:12:05;
04/11/2024;16;2.0TD;2;0.000116335712000000;0.170;1.045297332;166.486829;19.184;8.779;138.523829;109.42;-3.94070;1.08457;0.75;0.25;108.87958;93.11680;101.96000;84.74000;75.52000;1921.5;275.0;200.0;46.0;9.60;0.154;0.17498;0.04096;0.00;0.000;1.776;0.947;0.000;0.557;118.396;109.64;106.60;18521.9;1477.50;5.36;3.21;1.03;41986.92;78296.40;24859.38;27103.1;1.55;2.89;0.92;03/11/2024 16:12:05;
04/11/2024;17;2.0TD;2;0.000112593706000000;0.174;1.067635340;178.330605;19.184;8.779;150.367605;120.89;-3.94070;1.08457;0.75;0.25;108.87958;93.11680;101.96000;84.74000;75.52000;1921.5;275.0;200.0;46.0;7.67;0.154;0.17498;0.04096;0.00;0.000;1.921;0.947;0.000;0.557;128.081;120.94;120.27;18101.1;1371.70;3.43;3.21;1.03;28117.12;38974.32;24859.38;26787.5;1.05;1.45;0.93;03/11/2024 16:12:05;
04/11/2024;18;2.0TD;2;0.000118623343000000;0.179;1.100073064;199.056456;19.184;8.779;171.093456;135.04;-3.94070;1.08457;0.75;0.25;108.87958;93.11680;101.96000;84.74000;75.52000;1921.5;275.0;200.0;46.0;10.30;0.154;0.17498;0.04096;0.00;0.000;2.177;0.947;0.000;0.557;145.117;135.24;132.64;19296.2;1642.70;6.06;3.21;1.03;6618.32;133856.32;24859.38;27270.4;0.24;4.91;0.91;03/11/2024 16:12:05;
04/11/2024;19;2.0TD;1;0.000139808870000000;0.180;1.077485345;278.079553;33.081;43.893;201.105553;161.05;-3.94070;1.08457;0.75;0.25;108.87958;93.11680;101.96000;84.74000;75.52000;1921.5;275.0;200.0;46.0;8.45;0.926;0.17498;0.04096;0.00;0.000;2.556;0.947;0.000;0.557;170.428;160.54;170.00;20738.7;1185.60;4.21;3.21;1.03;-3540.80;95482.88;24859.38;27775.6;-0.13;3.44;0.90;03/11/2024 16:12:05;
04/11/2024;20;2.0TD;1;0.000155436578000000;0.180;1.079555005;265.190413;33.081;43.893;188.216413;151.85;-3.94070;1.08457;0.75;0.25;108.87958;93.11680;101.96000;84.74000;75.52000;1921.5;275.0;200.0;46.0;6.89;0.926;0.17498;0.04096;0.00;0.000;2.393;0.947;0.000;0.557;159.505;151.52;157.85;20556.0;1128.20;2.65;3.21;1.03;36.76;51736.32;24859.38;28865.4;0.00;1.79;0.86;03/11/2024 16:12:05;
04/11/2024;21;2.0TD;1;0.000167237390000000;0.183;1.098372043;230.538562;33.081;43.893;153.564562;123.24;-3.94070;1.08457;0.75;0.25;108.87958;93.11680;101.96000;84.74000;75.52000;1921.5;275.0;200.0;46.0;6.25;0.926;0.17498;0.04096;0.00;0.000;1.947;0.947;0.000;0.557;129.809;123.00;127.24;20579.0;1239.80;2.01;3.21;1.03;14029.84;21654.40;24859.38;30119.4;0.47;0.72;0.83;03/11/2024 16:12:05;
04/11/2024;22;2.0TD;1;0.000167497361000000;0.187;1.122591123;225.767340;33.081;43.893;148.793340;118.47;-3.94070;1.08457;0.75;0.25;108.87958;93.11680;101.96000;84.74000;75.52000;1921.5;275.0;200.0;46.0;6.63;0.926;0.17498;0.04096;0.00;0.000;1.880;0.947;0.000;0.557;125.352;118.28;121.65;19913.7;1193.90;2.39;3.21;1.03;20284.28;23976.00;24859.38;28970.7;0.70;0.83;0.86;03/11/2024 16:12:05;
04/11/2024;23;2.0TD;2;0.000148480738000000;0.201;1.230335161;179.570557;19.184;8.779;151.607557;118.28;-3.94070;1.08457;0.75;0.25;108.87958;93.11680;101.96000;84.74000;75.52000;1921.5;275.0;200.0;46.0;8.46;0.154;0.17498;0.04096;0.00;0.000;1.894;0.947;0.000;0.557;126.234;118.28;118.28;17415.0;1587.50;4.22;3.21;1.03;52943.00;33532.80;24859.38;26381.9;2.01;1.27;0.94;03/11/2024 16:12:05;
04/11/2024;24;2.0TD;2;0.000121661599000000;0.211;1.295737075;170.394081;19.184;8.779;142.431081;109.52;-3.94070;1.08457;0.75;0.25;108.87958;93.11680;101.96000;84.74000;75.52000;1921.5;275.0;200.0;46.0;8.73;0.154;0.17498;0.04096;0.00;0.000;1.764;0.947;0.000;0.557;117.614;109.64;107.81;15662.1;1135.60;4.49;3.21;1.03;54740.00;27972.00;24859.38;23945.0;2.29;1.17;1.04;03/11/2024 16:12:05;
*
