pvpcdata;
2024;02;09;12;01;34;
08/01/2024;1;2.0TD;3;0.000125640733000000;0.252;1.402298156;130.528558;0.557;2.195;127.776558;87.03;-1.80414;0.66929;0.75;0.25;105.50917;98.29260;101.96000;97.42000;81.63000;3071.9;275.0;177.0;62.0;13.37;0.000;0.17498;0.03702;0.00;0.000;0.000;1.531;0.565;0.000;0.557;102.058;86.97;88.36;15849.4;682.20;8.23;3.56;1.58;151734.68;22400.00;24859.38;24174.6;6.28;0.93;1.03;07/01/2024 16:07:45;
08/01/2024;2;2.0TD;3;0.000102670313000000;0.266;1.477470562;128.242925;0.557;2.195;125.490925;84.37;-1.80414;0.66929;0.75;0.25;105.50917;98.29260;101.96000;97.42000;81.63000;3071.9;275.0;177.0;62.0;13.14;0.000;0.17498;0.03702;0.00;0.000;0.000;1.487;0.565;0.000;0.557;99.124;84.18;88.18;15445.1;755.40;8.00;3.56;1.58;155407.88;24192.00;0.00;22439.0;6.93;1.08;0.00;07/01/2024 16:07:45;
08/01/2024;3;2.0TD;3;0.000090209441000000;0.271;1.507124760;126.221965;0.557;2.195;123.469965;81.78;-1.80414;0.66929;0.75;0.25;105.50917;98.29260;101.96000;97.42000;81.63000;3071.9;275.0;177.0;62.0;13.78;0.000;0.17498;0.03702;0.00;0.000;0.000;1.457;0.565;0.000;0.557;97.144;81.53;86.53;15369.5;808.40;8.64;3.56;1.58;157958.36;26974.24;0.00;21396.1;7.38;1.26;0.00;07/01/2024 16:07:45;
08/01/2024;4;2.0TD;3;0.000083753667000000;0.274;1.519937624;123.319478;0.557;2.195;120.567478;78.79;-1.80414;0.66929;0.75;0.25;105.50917;98.29260;101.96000;97.42000;81.63000;3071.9;275.0;177.0;62.0;14.30;0.000;0.17498;0.03702;0.00;0.000;0.000;1.420;0.565;0.000;0.557;94.637;78.79;78.79;15902.3;702.50;9.16;3.56;1.58;163913.88;29914.56;0.00;21161.5;7.75;1.41;0.00;07/01/2024 16:07:45;
08/01/2024;5;2.0TD;3;0.000081322755000000;0.273;1.514208685;122.811117;0.557;2.195;120.059117;78.43;-1.80414;0.66929;0.75;0.25;105.50917;98.29260;101.96000;97.42000;81.63000;3071.9;275.0;177.0;62.0;14.34;0.000;0.17498;0.03702;0.00;0.000;0.000;1.415;0.565;0.000;0.557;94.312;78.43;78.43;15787.7;693.20;9.20;3.56;1.58;164467.00;30234.16;0.00;21163.4;7.77;1.43;0.00;07/01/2024 16:07:45;
08/01/2024;6;2.0TD;3;0.000083304887000000;0.266;1.476257412;126.135035;0.557;2.195;123.383035;82.37;-1.80414;0.66929;0.75;0.25;105.50917;98.29260;101.96000;97.42000;81.63000;3071.9;275.0;177.0;62.0;13.50;0.000;0.17498;0.03702;0.00;0.000;0.000;1.462;0.565;0.000;0.557;97.459;82.10;86.13;15216.1;1085.80;8.36;3.56;1.58;157032.28;26015.44;0.00;21889.4;7.17;1.19;0.00;07/01/2024 16:07:45;
08/01/2024;7;2.0TD;3;0.000094804241000000;0.241;1.338082823;137.544398;0.557;2.195;134.792398;94.08;-1.80414;0.66929;0.75;0.25;105.50917;98.29260;101.96000;97.42000;81.63000;3071.9;275.0;177.0;62.0;12.78;0.000;0.17498;0.03702;0.00;0.000;0.000;1.629;0.565;0.000;0.557;108.616;94.30;90.33;15413.2;922.60;7.64;3.56;1.58;145133.96;22372.00;24859.38;25200.1;5.76;0.89;0.99;07/01/2024 16:07:45;
08/01/2024;8;2.0TD;3;0.000121644536000000;0.220;1.219905487;152.442283;0.557;2.195;149.690283;110.99;-1.80414;0.66929;0.75;0.25;105.50917;98.29260;101.96000;97.42000;81.63000;3071.9;275.0;177.0;62.0;9.74;0.000;0.17498;0.03702;0.00;0.000;0.000;1.840;0.565;0.000;0.557;122.697;111.07;109.56;16733.3;914.10;4.60;3.56;1.58;86462.12;24192.00;24859.38;29434.8;2.94;0.82;0.84;07/01/2024 16:07:45;
08/01/2024;9;2.0TD;2;0.000137129392000000;0.203;1.248179244;184.994143;19.184;8.779;157.031143;120.69;-1.80414;0.66929;0.75;0.25;105.50917;98.29260;101.96000;97.42000;81.63000;3071.9;275.0;177.0;62.0;7.58;0.178;0.17498;0.03702;0.00;0.000;0.000;1.958;0.565;0.000;0.557;130.533;120.40;125.70;19412.6;1104.40;2.44;3.56;1.58;17969.92;35240.80;24859.38;32016.2;0.56;1.10;0.78;07/01/2024 16:07:45;
08/01/2024;10;2.0TD;2;0.000142775274000000;0.193;1.185552027;179.135132;19.184;8.779;151.172132;117.08;-1.80414;0.66929;0.75;0.25;105.50917;98.29260;101.96000;97.42000;81.63000;3071.9;275.0;177.0;62.0;7.43;0.178;0.17498;0.03702;0.00;0.000;0.000;1.901;0.565;0.000;0.557;126.716;116.98;118.71;20451.7;1259.20;2.29;3.56;1.58;19349.24;31921.44;24859.38;33316.6;0.58;0.96;0.75;07/01/2024 16:07:45;
08/01/2024;11;2.0TD;1;0.000149935191000000;0.187;1.121459775;220.878703;33.081;43.893;143.904703;110.57;-1.80414;0.66929;0.75;0.25;105.50917;98.29260;101.96000;97.42000;81.63000;3071.9;275.0;177.0;62.0;7.65;1.068;0.17498;0.03702;0.00;0.000;0.000;1.819;0.565;0.000;0.557;121.234;110.57;110.57;21681.1;1219.00;2.51;3.56;1.58;22091.64;37542.24;24859.38;33641.7;0.66;1.12;0.74;07/01/2024 16:07:45;
08/01/2024;12;2.0TD;1;0.000149183355000000;0.183;1.093632235;211.722377;33.081;43.893;134.748377;102.89;-1.80414;0.66929;0.75;0.25;105.50917;98.29260;101.96000;97.42000;81.63000;3071.9;275.0;177.0;62.0;8.11;1.068;0.17498;0.03702;0.00;0.000;0.000;1.709;0.565;0.000;0.557;113.904;103.00;100.42;21632.5;949.20;2.97;3.56;1.58;37780.52;36224.00;24859.38;33326.0;1.13;1.09;0.75;07/01/2024 16:07:45;
08/01/2024;13;2.0TD;1;0.000148812591000000;0.181;1.084570411;202.526055;33.081;43.893;125.552055;95.46;-1.80414;0.66929;0.75;0.25;105.50917;98.29260;101.96000;97.42000;81.63000;3071.9;275.0;177.0;62.0;8.06;1.068;0.17498;0.03702;0.00;0.000;0.000;1.595;0.565;0.000;0.557;106.310;95.46;95.46;21959.0;945.40;2.92;3.56;1.58;47795.40;24000.00;24859.38;33155.1;1.44;0.72;0.75;07/01/2024 16:07:45;
08/01/2024;14;2.0TD;1;0.000155626534000000;0.182;1.088377036;200.748257;33.081;43.893;123.774257;93.68;-1.80414;0.66929;0.75;0.25;105.50917;98.29260;101.96000;97.42000;81.63000;3071.9;275.0;177.0;62.0;8.27;1.068;0.17498;0.03702;0.00;0.000;0.000;1.571;0.565;0.000;0.557;104.716;93.88;89.26;21967.5;1006.40;3.13;3.56;1.58;45244.28;35411.68;24859.38;33714.4;1.34;1.05;0.74;07/01/2024 16:07:45;
08/01/2024;15;2.0TD;2;0.000157836373000000;0.184;1.128032620;158.472897;19.184;8.779;130.509897;99.85;-1.80414;0.66929;0.75;0.25;105.50917;98.29260;101.96000;97.42000;81.63000;3071.9;275.0;177.0;62.0;8.42;0.178;0.17498;0.03702;0.00;0.000;0.000;1.653;0.565;0.000;0.557;110.228;100.00;97.00;21107.2;1097.70;3.28;3.56;1.58;40984.88;44260.32;24859.38;33564.7;1.22;1.32;0.74;07/01/2024 16:07:45;
08/01/2024;16;2.0TD;2;0.000152373070000000;0.191;1.168795140;168.748672;19.184;8.779;140.785672;107.83;-1.80414;0.66929;0.75;0.25;105.50917;98.29260;101.96000;97.42000;81.63000;3071.9;275.0;177.0;62.0;8.30;0.178;0.17498;0.03702;0.00;0.000;0.000;1.773;0.565;0.000;0.557;118.208;107.98;104.97;21174.3;1094.80;3.16;3.56;1.58;34654.08;45440.60;24859.38;33251.2;1.04;1.37;0.75;07/01/2024 16:07:45;
08/01/2024;17;2.0TD;2;0.000147919349000000;0.196;1.199424065;177.656696;19.184;8.779;149.693696;115.27;-1.80414;0.66929;0.75;0.25;105.50917;98.29260;101.96000;97.42000;81.63000;3071.9;275.0;177.0;62.0;7.71;0.178;0.17498;0.03702;0.00;0.000;0.000;1.877;0.565;0.000;0.557;125.162;115.27;115.27;20602.5;1175.20;2.57;3.56;1.58;19840.32;39627.00;24859.38;32796.8;0.60;1.21;0.76;07/01/2024 16:07:45;
08/01/2024;18;2.0TD;2;0.000153450265000000;0.198;1.213144164;189.169418;19.184;8.779;161.206418;125.17;-1.80414;0.66929;0.75;0.25;105.50917;98.29260;101.96000;97.42000;81.63000;3071.9;275.0;177.0;62.0;7.07;0.178;0.17498;0.03702;0.00;0.000;0.000;2.018;0.565;0.000;0.557;134.563;125.17;125.17;20159.6;1006.70;1.93;3.56;1.58;16320.84;22510.96;24859.38;33019.8;0.49;0.68;0.75;07/01/2024 16:07:45;
08/01/2024;19;2.0TD;1;0.000175398116000000;0.200;1.195352800;244.845544;33.081;43.893;167.871544;129.99;-1.80414;0.66929;0.75;0.25;105.50917;98.29260;101.96000;97.42000;81.63000;3071.9;275.0;177.0;62.0;6.61;1.068;0.17498;0.03702;0.00;0.000;0.000;2.098;0.565;0.000;0.557;139.893;129.99;129.99;19275.9;1415.20;1.47;3.56;1.58;14240.48;11186.00;24859.38;34199.4;0.42;0.33;0.73;07/01/2024 16:07:45;
08/01/2024;20;2.0TD;1;0.000196304082000000;0.204;1.219918524;245.368996;33.081;43.893;168.394996;130.00;-1.80414;0.66929;0.75;0.25;105.50917;98.29260;101.96000;97.42000;81.63000;3071.9;275.0;177.0;62.0;6.57;1.068;0.17498;0.03702;0.00;0.000;0.000;2.098;0.565;0.000;0.557;139.863;130.00;130.00;20581.2;1374.00;1.43;3.56;1.58;14258.76;11172.00;24859.38;35187.3;0.41;0.32;0.71;07/01/2024 16:07:45;
08/01/2024;21;2.0TD;1;0.000210631713000000;0.205;1.225456789;249.460054;33.081;43.893;172.486054;133.28;-1.80414;0.66929;0.75;0.25;105.50917;98.29260;101.96000;97.42000;81.63000;3071.9;275.0;177.0;62.0;6.52;1.068;0.17498;0.03702;0.00;0.000;0.000;2.147;0.565;0.000;0.557;143.142;133.28;133.28;21026.5;1293.90;1.38;3.56;1.58;12985.60;11186.00;24859.38;35599.0;0.36;0.31;0.70;07/01/2024 16:07:45;
08/01/2024;22;2.0TD;1;0.000213269629000000;0.206;1.236352544;245.048134;33.081;43.893;168.074134;129.47;-1.80414;0.66929;0.75;0.25;105.50917;98.29260;101.96000;97.42000;81.63000;3071.9;275.0;177.0;62.0;6.61;1.068;0.17498;0.03702;0.00;0.000;0.000;2.090;0.565;0.000;0.557;139.365;129.47;129.47;20181.5;1021.90;1.47;3.56;1.58;14555.00;11505.60;24859.38;34649.9;0.42;0.33;0.72;07/01/2024 16:07:45;
08/01/2024;23;2.0TD;2;0.000192773709000000;0.214;1.313457771;179.516275;19.184;8.779;151.553275;115.45;-1.80414;0.66929;0.75;0.25;105.50917;98.29260;101.96000;97.42000;81.63000;3071.9;275.0;177.0;62.0;7.21;0.178;0.17498;0.03702;0.00;0.000;0.000;1.873;0.565;0.000;0.557;124.838;115.42;115.94;17605.4;982.40;2.07;3.56;1.58;20609.64;19699.68;24859.38;31556.3;0.65;0.62;0.79;07/01/2024 16:07:45;
08/01/2024;24;2.0TD;2;0.000159266226000000;0.221;1.357657023;171.315669;19.184;8.779;143.352669;107.64;-1.80414;0.66929;0.75;0.25;105.50917;98.29260;101.96000;97.42000;81.63000;3071.9;275.0;177.0;62.0;7.70;0.178;0.17498;0.03702;0.00;0.000;0.000;1.761;0.565;0.000;0.557;117.406;107.98;102.58;15330.4;1014.80;2.56;3.56;1.58;17456.76;30226.88;24859.38;28325.6;0.62;1.07;0.88;07/01/2024 16:07:45;
*
