pvpcdata;
2024;09;10;12;19;16;
30/08/2024;1;2.0TD;3;0.000115419610000000;0.173;0.962591094;149.141976;0.557;2.195;146.389976;122.16;-6.62869;1.01721;0.75;0.25;115.56875;89.05400;101.96000;73.51000;75.32000;2225.7;275.0;234.0;57.0;5.79;0.000;0.17498;0.04096;0.00;0.000;1.872;0.947;0.000;0.557;124.799;122.00;125.00;20881.9;1210.30;1.66;3.08;1.05;5729.88;14318.08;24859.38;27164.9;0.21;0.53;0.92;29/08/2024 16:10:22;
30/08/2024;2;2.0TD;3;0.000100153310000000;0.173;0.960454548;147.581886;0.557;2.195;144.829886;120.23;-6.62869;1.01721;0.75;0.25;115.56875;89.05400;101.96000;73.51000;75.32000;2225.7;275.0;234.0;57.0;6.41;0.000;0.17498;0.04096;0.00;0.000;1.852;0.947;0.000;0.557;123.469;120.16;121.36;19838.3;1166.10;2.28;3.08;1.05;18132.56;15852.16;24859.38;25772.6;0.70;0.62;0.96;29/08/2024 16:10:22;
30/08/2024;3;2.0TD;3;0.000089787051000000;0.173;0.963129247;137.067114;0.557;2.195;134.315114;111.17;-6.62869;1.01721;0.75;0.25;115.56875;89.05400;101.96000;73.51000;75.32000;2225.7;275.0;234.0;57.0;6.64;0.000;0.17498;0.04096;0.00;0.000;1.718;0.947;0.000;0.557;114.505;111.17;111.17;19022.5;1161.10;2.51;3.08;1.05;21287.36;15852.16;24859.38;24694.7;0.86;0.64;1.01;29/08/2024 16:10:22;
30/08/2024;4;2.0TD;3;0.000083724373000000;0.173;0.961569999;147.581886;0.557;2.195;144.829886;120.07;-6.62869;1.01721;0.75;0.25;115.56875;89.05400;101.96000;73.51000;75.32000;2225.7;275.0;234.0;57.0;6.57;0.000;0.17498;0.04096;0.00;0.000;1.852;0.947;0.000;0.557;123.469;120.16;118.66;18086.1;1160.60;2.44;3.08;1.05;33654.32;24417.44;0.00;23819.3;1.41;1.03;0.00;29/08/2024 16:10:22;
30/08/2024;5;2.0TD;3;0.000080285360000000;0.171;0.950911892;146.312664;0.557;2.195;143.560664;119.22;-6.62869;1.01721;0.75;0.25;115.56875;89.05400;101.96000;73.51000;75.32000;2225.7;275.0;234.0;57.0;6.56;0.000;0.17498;0.04096;0.00;0.000;1.839;0.947;0.000;0.557;122.596;119.46;115.46;17789.7;1158.50;2.43;3.08;1.05;34299.88;22691.60;0.00;23452.7;1.46;0.97;0.00;29/08/2024 16:10:22;
30/08/2024;6;2.0TD;3;0.000078917800000000;0.169;0.936427182;142.246010;0.557;2.195;139.494010;116.02;-6.62869;1.01721;0.75;0.25;115.56875;89.05400;101.96000;73.51000;75.32000;2225.7;275.0;234.0;57.0;6.54;0.000;0.17498;0.04096;0.00;0.000;1.790;0.947;0.000;0.557;119.327;116.20;113.19;17590.1;1130.60;2.41;3.08;1.05;36931.48;19815.20;0.00;23594.1;1.57;0.84;0.00;29/08/2024 16:10:22;
30/08/2024;7;2.0TD;3;0.000081270521000000;0.164;0.913026707;150.335139;0.557;2.195;147.583139;123.17;-6.62869;1.01721;0.75;0.25;115.56875;89.05400;101.96000;73.51000;75.32000;2225.7;275.0;234.0;57.0;6.74;0.000;0.17498;0.04096;0.00;0.000;1.902;0.947;0.000;0.557;126.789;123.16;123.26;18613.4;1278.90;2.61;3.08;1.05;21037.28;19495.60;24859.38;25061.2;0.84;0.78;0.99;29/08/2024 16:10:22;
30/08/2024;8;2.0TD;3;0.000083882024000000;0.163;0.906795616;156.312937;0.557;2.195;153.560937;129.11;-6.62869;1.01721;0.75;0.25;115.56875;89.05400;101.96000;73.51000;75.32000;2225.7;275.0;234.0;57.0;5.97;0.000;0.17498;0.04096;0.00;0.000;1.981;0.947;0.000;0.557;132.038;129.00;130.54;19612.4;1461.00;1.84;3.08;1.05;13329.48;11186.00;24859.38;26839.7;0.50;0.42;0.93;29/08/2024 16:10:22;
30/08/2024;9;2.0TD;2;0.000091231494000000;0.151;0.926102823;178.155423;19.184;8.779;150.192423;126.27;-6.62869;1.01721;0.75;0.25;115.56875;89.05400;101.96000;73.51000;75.32000;2225.7;275.0;234.0;57.0;7.13;0.154;0.17498;0.04096;0.00;0.000;1.957;0.947;0.000;0.557;130.488;126.00;130.40;20433.1;1358.40;3.00;3.08;1.05;17371.48;40574.16;24859.38;27631.7;0.63;1.47;0.90;29/08/2024 16:10:22;
30/08/2024;10;2.0TD;2;0.000102689747000000;0.145;0.890383186;177.291196;19.184;8.779;149.328196;125.73;-6.62869;1.01721;0.75;0.25;115.56875;89.05400;101.96000;73.51000;75.32000;2225.7;275.0;234.0;57.0;7.60;0.154;0.17498;0.04096;0.00;0.000;1.956;0.947;0.000;0.557;130.417;125.50;130.20;21930.5;1139.80;3.47;3.08;1.05;22793.92;52276.40;24859.38;28759.3;0.79;1.82;0.86;29/08/2024 16:10:22;
30/08/2024;11;2.0TD;1;0.000111086017000000;0.154;0.919231913;219.512201;33.081;43.893;142.538201;116.13;-6.62869;1.01721;0.75;0.25;115.56875;89.05400;101.96000;73.51000;75.32000;2225.7;275.0;234.0;57.0;9.63;0.926;0.17498;0.04096;0.00;0.000;1.853;0.947;0.000;0.557;123.516;116.66;107.66;23431.1;1476.90;5.50;3.08;1.05;36729.60;104378.40;24859.38;30136.3;1.22;3.46;0.82;29/08/2024 16:10:22;
30/08/2024;12;2.0TD;1;0.000115587807000000;0.153;0.918435848;198.623154;33.081;43.893;121.649154;99.29;-6.62869;1.01721;0.75;0.25;115.56875;89.05400;101.96000;73.51000;75.32000;2225.7;275.0;234.0;57.0;8.73;0.926;0.17498;0.04096;0.00;0.000;1.583;0.947;0.000;0.557;105.506;99.54;95.00;24000.5;1416.90;4.60;3.08;1.05;52783.76;63880.00;24859.38;30807.9;1.71;2.07;0.81;29/08/2024 16:10:22;
30/08/2024;13;2.0TD;1;0.000121248526000000;0.154;0.919763634;190.902233;33.081;43.893;113.928233;92.32;-6.62869;1.01721;0.75;0.25;115.56875;89.05400;101.96000;73.51000;75.32000;2225.7;275.0;234.0;57.0;9.02;0.926;0.17498;0.04096;0.00;0.000;1.481;0.947;0.000;0.557;98.724;92.29;92.94;24867.1;1352.90;4.89;3.08;1.05;57673.40;71270.80;24859.38;31432.1;1.83;2.27;0.79;29/08/2024 16:10:22;
30/08/2024;14;2.0TD;1;0.000131120347000000;0.152;0.911081566;190.611472;33.081;43.893;113.637472;92.32;-6.62869;1.01721;0.75;0.25;115.56875;89.05400;101.96000;73.51000;75.32000;2225.7;275.0;234.0;57.0;8.94;0.926;0.17498;0.04096;0.00;0.000;1.480;0.947;0.000;0.557;98.643;92.29;92.81;25282.8;1361.60;4.81;3.08;1.05;57676.16;71270.80;24859.38;32000.8;1.80;2.23;0.78;29/08/2024 16:10:22;
30/08/2024;15;2.0TD;2;0.000136388904000000;0.154;0.942888052;140.412959;19.184;8.779;112.449959;91.90;-6.62869;1.01721;0.75;0.25;115.56875;89.05400;101.96000;73.51000;75.32000;2225.7;275.0;234.0;57.0;8.95;0.154;0.17498;0.04096;0.00;0.000;1.462;0.947;0.000;0.557;97.443;91.94;90.98;25395.9;1213.20;4.82;3.08;1.05;58210.12;70862.40;24859.38;31969.4;1.82;2.22;0.78;29/08/2024 16:10:22;
30/08/2024;16;2.0TD;2;0.000133421111000000;0.151;0.928727389;139.828274;19.184;8.779;111.865274;91.73;-6.62869;1.01721;0.75;0.25;115.56875;89.05400;101.96000;73.51000;75.32000;2225.7;275.0;234.0;57.0;8.87;0.154;0.17498;0.04096;0.00;0.000;1.458;0.947;0.000;0.557;97.189;91.81;90.01;25113.3;1236.60;4.74;3.08;1.05;53659.56;69199.92;24859.38;31185.4;1.72;2.22;0.80;29/08/2024 16:10:22;
30/08/2024;17;2.0TD;2;0.000131230761000000;0.152;0.934821024;140.288344;19.184;8.779;112.325344;92.10;-6.62869;1.01721;0.75;0.25;115.56875;89.05400;101.96000;73.51000;75.32000;2225.7;275.0;234.0;57.0;8.81;0.154;0.17498;0.04096;0.00;0.000;1.463;0.947;0.000;0.557;97.504;92.07;92.68;24450.0;1322.50;4.68;3.08;1.05;48672.24;70224.00;24859.38;30729.2;1.58;2.29;0.81;29/08/2024 16:10:22;
30/08/2024;18;2.0TD;2;0.000132247336000000;0.155;0.953427444;155.777193;19.184;8.779;127.814193;105.61;-6.62869;1.01721;0.75;0.25;115.56875;89.05400;101.96000;73.51000;75.32000;2225.7;275.0;234.0;57.0;8.26;0.154;0.17498;0.04096;0.00;0.000;1.660;0.947;0.000;0.557;110.661;105.97;99.46;23783.3;1377.80;4.13;3.08;1.05;39356.04;62946.24;24859.38;30856.2;1.28;2.04;0.81;29/08/2024 16:10:22;
30/08/2024;19;2.0TD;1;0.000132319426000000;0.156;0.931386620;223.091982;33.081;43.893;146.117982;120.06;-6.62869;1.01721;0.75;0.25;115.56875;89.05400;101.96000;73.51000;75.32000;2225.7;275.0;234.0;57.0;8.54;0.926;0.17498;0.04096;0.00;0.000;1.896;0.947;0.000;0.557;126.399;120.00;121.25;23474.9;1270.10;4.41;3.08;1.05;19328.92;90876.24;24859.38;30617.1;0.63;2.97;0.81;29/08/2024 16:10:22;
30/08/2024;20;2.0TD;1;0.000130806380000000;0.163;0.978364941;227.884460;33.081;43.893;150.910460;125.46;-6.62869;1.01721;0.75;0.25;115.56875;89.05400;101.96000;73.51000;75.32000;2225.7;275.0;234.0;57.0;6.45;0.926;0.17498;0.04096;0.00;0.000;1.946;0.947;0.000;0.557;129.759;125.50;124.80;22303.1;1286.50;2.32;3.08;1.05;21694.96;24540.96;24859.38;30594.1;0.71;0.80;0.81;29/08/2024 16:10:22;
30/08/2024;21;2.0TD;1;0.000132266911000000;0.170;1.018536485;239.127387;33.081;43.893;162.153387;131.78;-6.62869;1.01721;0.75;0.25;115.56875;89.05400;101.96000;73.51000;75.32000;2225.7;275.0;234.0;57.0;8.83;0.926;0.17498;0.04096;0.00;0.000;2.079;0.947;0.000;0.557;138.592;131.99;128.99;21388.1;1614.10;4.70;3.08;1.05;88516.04;28752.00;24859.38;30195.2;2.93;0.95;0.82;29/08/2024 16:10:22;
30/08/2024;22;2.0TD;1;0.000146929469000000;0.172;1.029946537;248.161756;33.081;43.893;171.187756;139.79;-6.62869;1.01721;0.75;0.25;115.56875;89.05400;101.96000;73.51000;75.32000;2225.7;275.0;234.0;57.0;8.18;0.926;0.17498;0.04096;0.00;0.000;2.191;0.947;0.000;0.557;146.064;140.01;137.01;21162.0;1701.00;4.05;3.08;1.05;80406.36;17236.80;24859.38;30275.1;2.66;0.57;0.82;29/08/2024 16:10:22;
30/08/2024;23;2.0TD;2;0.000143199520000000;0.177;1.085544000;189.112707;19.184;8.779;161.149707;131.46;-6.62869;1.01721;0.75;0.25;115.56875;89.05400;101.96000;73.51000;75.32000;2225.7;275.0;234.0;57.0;8.27;0.154;0.17498;0.04096;0.00;0.000;2.054;0.947;0.000;0.557;136.915;131.99;125.78;20867.5;1940.30;4.14;3.08;1.05;79428.40;14318.08;24859.38;28648.2;2.77;0.50;0.87;29/08/2024 16:10:22;
30/08/2024;24;2.0TD;2;0.000129685575000000;0.175;1.074379740;185.558275;19.184;8.779;157.595275;128.23;-6.62869;1.01721;0.75;0.25;115.56875;89.05400;101.96000;73.51000;75.32000;2225.7;275.0;234.0;57.0;8.75;0.154;0.17498;0.04096;0.00;0.000;2.012;0.947;0.000;0.557;134.123;128.78;121.78;19962.5;1692.70;4.62;3.08;1.05;82721.44;17002.72;24859.38;26958.6;3.07;0.63;0.92;29/08/2024 16:10:22;
*
