pvpcdata;
2025;01;13;09;30;29;
14/12/2024;1;2.0TD;3;0.000133878358000000;0.238;1.322347920;187.069317;0.557;2.195;184.317317;141.26;-8.55505;0.75748;0.75;0.25;128.84500;94.62480;101.96000;84.74000;90.60000;2788.2;275.0;200.0;53.0;10.15;0.000;0.17498;0.04096;0.00;0.000;2.233;0.947;0.000;0.557;148.883;141.17;142.67;20123.8;1236.60;5.98;3.25;0.92;38203.80;89830.40;24859.38;25536.6;1.50;3.52;0.97;13/12/2024 16:07:33;
14/12/2024;2;2.0TD;3;0.000111807338000000;0.251;1.392474825;175.619097;0.557;2.195;172.867097;131.02;-8.55505;0.75748;0.75;0.25;128.84500;94.62480;101.96000;84.74000;90.60000;2788.2;275.0;200.0;53.0;9.85;0.000;0.17498;0.04096;0.00;0.000;2.073;0.947;0.000;0.557;138.183;130.93;132.21;19261.4;1391.30;5.68;3.25;0.92;56771.48;53880.00;24859.38;23833.9;2.38;2.26;1.04;13/12/2024 16:07:33;
14/12/2024;3;2.0TD;3;0.000096890159000000;0.259;1.440648617;176.774922;0.557;2.195;174.022922;130.23;-8.55505;0.75748;0.75;0.25;128.84500;94.62480;101.96000;84.74000;90.60000;2788.2;275.0;200.0;53.0;10.68;0.000;0.17498;0.04096;0.00;0.000;2.073;0.947;0.000;0.557;138.223;130.18;130.79;18138.0;1446.70;6.51;3.25;0.92;62482.08;58880.00;24859.38;22475.9;2.78;2.62;1.11;13/12/2024 16:07:33;
14/12/2024;4;2.0TD;3;0.000088717594000000;0.265;1.474667311;175.768746;0.557;2.195;173.016746;129.45;-8.55505;0.75748;0.75;0.25;128.84500;94.62480;101.96000;84.74000;90.60000;2788.2;275.0;200.0;53.0;10.03;0.000;0.17498;0.04096;0.00;0.000;2.052;0.947;0.000;0.557;136.772;129.47;129.18;17423.4;1276.00;5.86;3.25;0.92;74775.20;53200.00;0.00;21821.1;3.43;2.44;0.00;13/12/2024 16:07:33;
14/12/2024;5;2.0TD;3;0.000084990635000000;0.266;1.478057585;172.949408;0.557;2.195;170.197408;126.75;-8.55505;0.75748;0.75;0.25;128.84500;94.62480;101.96000;84.74000;90.60000;2788.2;275.0;200.0;53.0;10.43;0.000;0.17498;0.04096;0.00;0.000;2.017;0.947;0.000;0.557;134.437;126.87;125.00;17105.1;1177.00;6.26;3.25;0.92;78539.16;55840.00;0.00;21455.0;3.66;2.60;0.00;13/12/2024 16:07:33;
14/12/2024;6;2.0TD;3;0.000085009079000000;0.264;1.469318623;171.704726;0.557;2.195;168.952726;125.95;-8.55505;0.75748;0.75;0.25;128.84500;94.62480;101.96000;84.74000;90.60000;2788.2;275.0;200.0;53.0;10.47;0.000;0.17498;0.04096;0.00;0.000;2.005;0.947;0.000;0.557;133.665;126.15;123.15;17023.1;1203.30;6.30;3.25;0.92;80778.52;54763.44;0.00;21501.8;3.76;2.55;0.00;13/12/2024 16:07:33;
14/12/2024;7;2.0TD;3;0.000088158504000000;0.253;1.404130149;172.994769;0.557;2.195;170.242769;129.27;-8.55505;0.75748;0.75;0.25;128.84500;94.62480;101.96000;84.74000;90.60000;2788.2;275.0;200.0;53.0;9.32;0.000;0.17498;0.04096;0.00;0.000;2.038;0.947;0.000;0.557;135.868;129.47;126.52;17819.8;1284.20;5.15;3.25;0.92;64239.52;50920.00;0.00;22363.1;2.87;2.28;0.00;13/12/2024 16:07:33;
14/12/2024;8;2.0TD;3;0.000097072547000000;0.237;1.318374856;173.872557;0.557;2.195;171.120557;133.36;-8.55505;0.75748;0.75;0.25;128.84500;94.62480;101.96000;84.74000;90.60000;2788.2;275.0;200.0;53.0;7.66;0.000;0.17498;0.04096;0.00;0.000;2.075;0.947;0.000;0.557;138.335;133.37;133.22;19320.8;1240.90;3.49;3.25;0.92;37445.60;47060.12;0.00;24180.4;1.55;1.95;0.00;13/12/2024 16:07:33;
14/12/2024;9;2.0TD;3;0.000112018188000000;0.226;1.254031218;183.354221;0.557;2.195;180.602221;137.26;-8.55505;0.75748;0.75;0.25;128.84500;94.62480;101.96000;84.74000;90.60000;2788.2;275.0;200.0;53.0;12.60;0.000;0.17498;0.04096;0.00;0.000;2.210;0.947;0.000;0.557;147.310;137.27;137.17;20054.0;1173.20;8.43;3.25;0.92;9046.96;209536.00;0.00;25928.1;0.35;8.08;0.00;13/12/2024 16:07:33;
14/12/2024;10;2.0TD;3;0.000136110770000000;0.206;1.146182649;173.049006;0.557;2.195;170.297006;132.07;-8.55505;0.75748;0.75;0.25;128.84500;94.62480;101.96000;84.74000;90.60000;2788.2;275.0;200.0;53.0;11.78;0.000;0.17498;0.04096;0.00;0.000;2.118;0.947;0.000;0.557;141.208;132.07;131.97;21923.9;1017.90;7.61;3.25;0.92;25873.80;183872.00;0.00;27547.6;0.94;6.67;0.00;13/12/2024 16:07:33;
14/12/2024;11;2.0TD;3;0.000151728842000000;0.189;1.047275750;159.386260;0.557;2.195;156.634260;122.00;-8.55505;0.75748;0.75;0.25;128.84500;94.62480;101.96000;84.74000;90.60000;2788.2;275.0;200.0;53.0;12.52;0.000;0.17498;0.04096;0.00;0.000;1.976;0.947;0.000;0.557;131.736;122.00;122.00;22613.0;975.80;8.35;3.25;0.92;30325.00;207612.00;0.00;28495.1;1.06;7.29;0.00;13/12/2024 16:07:33;
14/12/2024;12;2.0TD;3;0.000153209317000000;0.183;1.018865601;141.301566;0.557;2.195;138.549566;110.43;-8.55505;0.75748;0.75;0.25;128.84500;94.62480;101.96000;84.74000;90.60000;2788.2;275.0;200.0;53.0;9.69;0.000;0.17498;0.04096;0.00;0.000;1.757;0.947;0.000;0.557;117.117;110.43;110.43;22638.4;1081.20;5.52;3.25;0.92;34987.00;122400.00;0.00;28511.2;1.23;4.29;0.00;13/12/2024 16:07:33;
14/12/2024;13;2.0TD;3;0.000150430515000000;0.183;1.017618702;139.931652;0.557;2.195;137.179652;109.73;-8.55505;0.75748;0.75;0.25;128.84500;94.62480;101.96000;84.74000;90.60000;2788.2;275.0;200.0;53.0;9.25;0.000;0.17498;0.04096;0.00;0.000;1.739;0.947;0.000;0.557;115.959;109.73;109.73;22742.0;1124.30;5.08;3.25;0.92;35186.08;108096.00;0.00;28202.4;1.25;3.83;0.00;13/12/2024 16:07:33;
14/12/2024;14;2.0TD;3;0.000156919880000000;0.182;1.011035733;139.552107;0.557;2.195;136.800107;107.95;-8.55505;0.75748;0.75;0.25;128.84500;94.62480;101.96000;84.74000;90.60000;2788.2;275.0;200.0;53.0;10.81;0.000;0.17498;0.04096;0.00;0.000;1.736;0.947;0.000;0.557;115.736;107.95;107.95;23123.5;1063.90;6.64;3.25;0.92;35959.44;152448.00;0.00;28389.6;1.27;5.37;0.00;13/12/2024 16:07:33;
14/12/2024;15;2.0TD;3;0.000158626782000000;0.187;1.039171906;134.792849;0.557;2.195;132.040849;104.07;-8.55505;0.75748;0.75;0.25;128.84500;94.62480;101.96000;84.74000;90.60000;2788.2;275.0;200.0;53.0;10.26;0.000;0.17498;0.04096;0.00;0.000;1.669;0.947;0.000;0.557;111.239;104.07;104.07;23172.5;1117.50;6.09;3.25;0.92;37515.52;136032.00;0.00;28508.6;1.32;4.77;0.00;13/12/2024 16:07:33;
14/12/2024;16;2.0TD;3;0.000147729473000000;0.198;1.100946838;142.704913;0.557;2.195;139.952913;104.58;-8.55505;0.75748;0.75;0.25;128.84500;94.62480;101.96000;84.74000;90.60000;2788.2;275.0;200.0;53.0;15.25;0.000;0.17498;0.04096;0.00;0.000;1.752;0.947;0.000;0.557;116.822;104.58;104.58;22855.7;1079.80;11.08;3.25;0.92;33681.72;273920.00;0.00;27754.5;1.21;9.87;0.00;13/12/2024 16:07:33;
14/12/2024;17;2.0TD;3;0.000141224229000000;0.204;1.133361529;153.893890;0.557;2.195;151.141890;112.29;-8.55505;0.75748;0.75;0.25;128.84500;94.62480;101.96000;84.74000;90.60000;2788.2;275.0;200.0;53.0;16.12;0.000;0.17498;0.04096;0.00;0.000;1.883;0.947;0.000;0.557;125.533;112.29;112.29;22285.6;1248.90;11.95;3.25;0.92;21912.52;306496.00;0.00;27472.7;0.80;11.16;0.00;13/12/2024 16:07:33;
14/12/2024;18;2.0TD;3;0.000146159209000000;0.213;1.182015588;175.601020;0.557;2.195;172.849020;134.67;-8.55505;0.75748;0.75;0.25;128.84500;94.62480;101.96000;84.74000;90.60000;2788.2;275.0;200.0;53.0;10.45;0.000;0.17498;0.04096;0.00;0.000;2.137;0.947;0.000;0.557;142.497;134.67;134.67;22852.3;859.90;6.28;3.25;0.92;15346.32;158592.00;0.00;27701.5;0.55;5.73;0.00;13/12/2024 16:07:33;
14/12/2024;19;2.0TD;3;0.000167340493000000;0.217;1.204490402;193.383040;0.557;2.195;190.631040;151.32;-8.55505;0.75748;0.75;0.25;128.84500;94.62480;101.96000;84.74000;90.60000;2788.2;275.0;200.0;53.0;7.73;0.000;0.17498;0.04096;0.00;0.000;2.350;0.947;0.000;0.557;156.640;151.32;151.32;23295.8;842.90;3.56;3.25;0.92;26270.88;78480.00;0.00;29461.9;0.89;2.66;0.00;13/12/2024 16:07:33;
14/12/2024;20;2.0TD;3;0.000174887455000000;0.223;1.238041948;191.715445;0.557;2.195;188.963445;149.43;-8.55505;0.75748;0.75;0.25;128.84500;94.62480;101.96000;84.74000;90.60000;2788.2;275.0;200.0;53.0;7.52;0.000;0.17498;0.04096;0.00;0.000;2.318;0.947;0.000;0.557;154.508;149.43;149.43;23431.8;987.60;3.35;3.25;0.92;61450.12;39360.00;0.00;30128.5;2.04;1.31;0.00;13/12/2024 16:07:33;
14/12/2024;21;2.0TD;3;0.000181659462000000;0.223;1.239782201;192.720751;0.557;2.195;189.968751;150.00;-8.55505;0.75748;0.75;0.25;128.84500;94.62480;101.96000;84.74000;90.60000;2788.2;275.0;200.0;53.0;7.76;0.000;0.17498;0.04096;0.00;0.000;2.330;0.947;0.000;0.557;155.330;150.00;150.00;23876.6;1083.80;3.59;3.25;0.92;61230.68;48720.00;0.00;30658.1;2.00;1.59;0.00;13/12/2024 16:07:33;
14/12/2024;22;2.0TD;3;0.000185330214000000;0.225;1.248028120;187.994211;0.557;2.195;185.242211;144.80;-8.55505;0.75748;0.75;0.25;128.84500;94.62480;101.96000;84.74000;90.60000;2788.2;275.0;200.0;53.0;8.91;0.000;0.17498;0.04096;0.00;0.000;2.268;0.947;0.000;0.557;151.218;144.80;144.80;23544.8;995.90;4.74;3.25;0.92;64248.04;53880.00;24859.38;30133.5;2.13;1.79;0.82;13/12/2024 16:07:33;
14/12/2024;23;2.0TD;3;0.000174072833000000;0.230;1.276736174;184.105822;0.557;2.195;181.353822;142.37;-8.55505;0.75748;0.75;0.25;128.84500;94.62480;101.96000;84.74000;90.60000;2788.2;275.0;200.0;53.0;7.62;0.000;0.17498;0.04096;0.00;0.000;2.212;0.947;0.000;0.557;147.442;142.37;142.37;23360.7;996.50;3.45;3.25;0.92;16216.64;56480.00;24859.38;28261.4;0.57;2.00;0.88;13/12/2024 16:07:33;
14/12/2024;24;2.0TD;3;0.000155923725000000;0.239;1.325312694;172.124702;0.557;2.195;169.372702;131.60;-8.55505;0.75748;0.75;0.25;128.84500;94.62480;101.96000;84.74000;90.60000;2788.2;275.0;200.0;53.0;7.81;0.000;0.17498;0.04096;0.00;0.000;2.051;0.947;0.000;0.557;136.701;131.69;129.70;22019.8;1022.20;3.64;3.25;0.92;17972.92;52480.00;24859.38;26190.8;0.69;2.00;0.95;13/12/2024 16:07:33;
*
