pvpcdata;
2024;12;11;12;05;41;
24/11/2024;1;2.0TD;3;0.000107373369000000;0.225;1.251022213;81.070947;0.557;2.195;78.318947;13.28;20.60160;0.95160;0.75;0.25;10.71042;93.11680;101.96000;84.74000;75.52000;2190.0;275.0;200.0;46.0;28.37;0.000;0.17498;0.04096;0.00;0.000;0.959;0.947;0.000;0.557;63.933;13.81;6.80;19399.6;1588.80;24.13;3.21;1.03;463158.12;59600.00;24859.38;22699.5;20.40;2.63;1.10;23/11/2024 16:09:19;
24/11/2024;2;2.0TD;3;0.000090727964000000;0.234;1.300356239;76.134073;0.557;2.195;73.382073;8.12;20.60160;0.95160;0.75;0.25;10.71042;93.11680;101.96000;84.74000;75.52000;2190.0;275.0;200.0;46.0;29.13;0.000;0.17498;0.04096;0.00;0.000;0.892;0.947;0.000;0.557;59.466;8.48;4.14;18638.2;1683.70;24.89;3.21;1.03;480085.24;45400.00;0.00;21110.4;22.74;2.15;0.00;23/11/2024 16:09:19;
24/11/2024;3;2.0TD;3;0.000079117063000000;0.242;1.347077912;75.424940;0.557;2.195;72.672940;5.23;20.60160;0.95160;0.75;0.25;10.71042;93.11680;101.96000;84.74000;75.52000;2190.0;275.0;200.0;46.0;31.08;0.000;0.17498;0.04096;0.00;0.000;0.878;0.947;0.000;0.557;58.512;5.53;2.53;17923.9;1988.00;26.84;3.21;1.03;486749.92;49680.00;0.00;19984.3;24.36;2.49;0.00;23/11/2024 16:09:19;
24/11/2024;4;2.0TD;3;0.000072533526000000;0.247;1.371549336;75.273572;0.557;2.195;72.521572;3.51;20.60160;0.95160;0.75;0.25;10.71042;93.11680;101.96000;84.74000;75.52000;2190.0;275.0;200.0;46.0;32.45;0.000;0.17498;0.04096;0.00;0.000;0.872;0.947;0.000;0.557;58.156;3.71;1.00;17451.3;1391.00;28.21;3.21;1.03;487496.00;57960.00;0.00;19333.2;25.22;3.00;0.00;23/11/2024 16:09:19;
24/11/2024;5;2.0TD;3;0.000069464343000000;0.249;1.383285496;75.035170;0.557;2.195;72.283170;3.10;20.60160;0.95160;0.75;0.25;10.71042;93.11680;101.96000;84.74000;75.52000;2190.0;275.0;200.0;46.0;32.58;0.000;0.17498;0.04096;0.00;0.000;0.868;0.947;0.000;0.557;57.872;3.32;0.32;17148.7;1328.40;28.34;3.21;1.03;487630.48;54560.00;0.00;19132.2;25.49;2.85;0.00;23/11/2024 16:09:19;
24/11/2024;6;2.0TD;3;0.000069333999000000;0.247;1.372808949;76.084122;0.557;2.195;73.332122;4.39;20.60160;0.95160;0.75;0.25;10.71042;93.11680;101.96000;84.74000;75.52000;2190.0;275.0;200.0;46.0;32.21;0.000;0.17498;0.04096;0.00;0.000;0.882;0.947;0.000;0.557;58.806;4.68;1.00;17027.3;1474.00;27.97;3.21;1.03;486803.88;51630.88;0.00;19250.9;25.29;2.68;0.00;23/11/2024 16:09:19;
24/11/2024;7;2.0TD;3;0.000071078315000000;0.238;1.324847691;74.285910;0.557;2.195;71.533910;3.73;20.60160;0.95160;0.75;0.25;10.71042;93.11680;101.96000;84.74000;75.52000;2190.0;275.0;200.0;46.0;31.86;0.000;0.17498;0.04096;0.00;0.000;0.867;0.947;0.000;0.557;57.781;3.92;2.00;16577.0;1869.60;27.62;3.21;1.03;487388.96;50240.00;0.00;19465.2;25.04;2.58;0.00;23/11/2024 16:09:19;
24/11/2024;8;2.0TD;3;0.000075502563000000;0.228;1.266046099;69.294660;0.557;2.195;66.542660;3.53;20.60160;0.95160;0.75;0.25;10.71042;93.11680;101.96000;84.74000;75.52000;2190.0;275.0;200.0;46.0;28.52;0.000;0.17498;0.04096;0.00;0.000;0.813;0.947;0.000;0.557;54.187;3.71;2.00;16933.4;1946.30;24.28;3.21;1.03;438267.64;52440.00;0.00;20207.6;21.69;2.60;0.00;23/11/2024 16:09:19;
24/11/2024;9;2.0TD;3;0.000084437679000000;0.216;1.199504572;83.939254;0.557;2.195;81.187254;3.18;20.60160;0.95160;0.75;0.25;10.71042;93.11680;101.96000;84.74000;75.52000;2190.0;275.0;200.0;46.0;41.26;0.000;0.17498;0.04096;0.00;0.000;1.001;0.947;0.000;0.557;66.765;3.32;2.00;17324.7;2098.00;37.02;3.21;1.03;383476.68;388620.00;0.00;20858.3;18.38;18.63;0.00;23/11/2024 16:09:19;
24/11/2024;10;2.0TD;3;0.000104761975000000;0.188;1.046213844;81.371267;0.557;2.195;78.619267;5.30;20.60160;0.95160;0.75;0.25;10.71042;93.11680;101.96000;84.74000;75.52000;2190.0;275.0;200.0;46.0;38.56;0.000;0.17498;0.04096;0.00;0.000;0.993;0.947;0.000;0.557;66.177;5.24;6.03;19804.5;1694.20;34.32;3.21;1.03;441040.28;325200.80;0.00;22329.4;19.75;14.56;0.00;23/11/2024 16:09:19;
24/11/2024;11;2.0TD;3;0.000120091411000000;0.170;0.944774162;66.781226;0.557;2.195;64.029226;3.35;20.60160;0.95160;0.75;0.25;10.71042;93.11680;101.96000;84.74000;75.52000;2190.0;275.0;200.0;46.0;29.23;0.000;0.17498;0.04096;0.00;0.000;0.821;0.947;0.000;0.557;54.725;3.32;3.82;24187.8;1501.80;24.99;3.21;1.03;390871.80;194048.00;0.00;23407.7;16.70;8.29;0.00;23/11/2024 16:09:19;
24/11/2024;12;2.0TD;3;0.000124243081000000;0.166;0.921727506;58.204434;0.557;2.195;55.452434;3.35;20.60160;0.95160;0.75;0.25;10.71042;93.11680;101.96000;84.74000;75.52000;2190.0;275.0;200.0;46.0;22.17;0.000;0.17498;0.04096;0.00;0.000;0.713;0.947;0.000;0.557;47.557;3.32;3.82;24696.6;1636.50;17.93;3.21;1.03;390815.84;32544.00;0.00;23618.1;16.55;1.38;0.00;23/11/2024 16:09:19;
24/11/2024;13;2.0TD;3;0.000124039276000000;0.164;0.909176680;58.546983;0.557;2.195;55.794983;3.34;20.60160;0.95160;0.75;0.25;10.71042;93.11680;101.96000;84.74000;75.52000;2190.0;275.0;200.0;46.0;22.55;0.000;0.17498;0.04096;0.00;0.000;0.719;0.947;0.000;0.557;47.933;3.32;3.82;26448.4;961.10;18.31;3.21;1.03;418681.52;15394.80;0.00;23707.1;17.66;0.65;0.00;23/11/2024 16:09:19;
24/11/2024;14;2.0TD;3;0.000131051533000000;0.160;0.890578686;57.943447;0.557;2.195;55.191447;3.34;20.60160;0.95160;0.75;0.25;10.71042;93.11680;101.96000;84.74000;75.52000;2190.0;275.0;200.0;46.0;22.20;0.000;0.17498;0.04096;0.00;0.000;0.714;0.947;0.000;0.557;47.578;3.32;3.82;25168.1;1316.70;17.96;3.21;1.03;419237.36;16464.00;0.00;24256.0;17.28;0.68;0.00;23/11/2024 16:09:19;
24/11/2024;15;2.0TD;3;0.000131336679000000;0.164;0.913039513;56.987223;0.557;2.195;54.235223;3.35;20.60160;0.95160;0.75;0.25;10.71042;93.11680;101.96000;84.74000;75.52000;2190.0;275.0;200.0;46.0;21.22;0.000;0.17498;0.04096;0.00;0.000;0.699;0.947;0.000;0.557;46.593;3.32;3.82;24260.9;1382.00;16.98;3.21;1.03;390671.48;22800.00;0.00;24345.4;16.05;0.94;0.00;23/11/2024 16:09:19;
24/11/2024;16;2.0TD;3;0.000118282255000000;0.176;0.980341367;82.426981;0.557;2.195;79.674981;3.34;20.60160;0.95160;0.75;0.25;10.71042;93.11680;101.96000;84.74000;75.52000;2190.0;275.0;200.0;46.0;42.07;0.000;0.17498;0.04096;0.00;0.000;1.016;0.947;0.000;0.557;67.750;3.32;3.82;23625.0;1015.70;37.83;3.21;1.03;390566.20;497728.00;0.00;23480.2;16.63;21.20;0.00;23/11/2024 16:09:19;
24/11/2024;17;2.0TD;3;0.000112309238000000;0.188;1.046829035;88.511147;0.557;2.195;85.759147;3.61;20.60160;0.95160;0.75;0.25;10.71042;93.11680;101.96000;84.74000;75.52000;2190.0;275.0;200.0;46.0;46.17;0.000;0.17498;0.04096;0.00;0.000;1.083;0.947;0.000;0.557;72.187;3.74;1.50;22817.5;1363.40;41.93;3.21;1.03;393955.04;582760.96;0.00;23295.2;16.91;25.02;0.00;23/11/2024 16:09:19;
24/11/2024;18;2.0TD;3;0.000116984137000000;0.204;1.133247959;118.586232;0.557;2.195;115.834232;10.98;20.60160;0.95160;0.75;0.25;10.71042;93.11680;101.96000;84.74000;75.52000;2190.0;275.0;200.0;46.0;62.46;0.000;0.17498;0.04096;0.00;0.000;1.443;0.947;0.000;0.557;96.207;11.17;7.49;23061.6;1239.50;58.22;3.21;1.03;249565.00;1139666.12;0.00;23859.9;10.46;47.76;0.00;23/11/2024 16:09:19;
24/11/2024;19;2.0TD;3;0.000139115449000000;0.203;1.129440273;90.314561;0.557;2.195;87.562561;28.49;20.60160;0.95160;0.75;0.25;10.71042;93.11680;101.96000;84.74000;75.52000;2190.0;275.0;200.0;46.0;21.88;0.000;0.17498;0.04096;0.00;0.000;1.092;0.947;0.000;0.557;72.786;28.49;28.49;21210.3;1461.90;17.64;3.21;1.03;232128.72;221195.80;0.00;25701.2;9.03;8.61;0.00;23/11/2024 16:09:19;
24/11/2024;20;2.0TD;3;0.000152244706000000;0.203;1.128855705;103.626959;0.557;2.195;100.874959;41.54;20.60160;0.95160;0.75;0.25;10.71042;93.11680;101.96000;84.74000;75.52000;2190.0;275.0;200.0;46.0;19.73;0.000;0.17498;0.04096;0.00;0.000;1.258;0.947;0.000;0.557;83.852;41.54;41.54;18900.4;1104.20;15.49;3.21;1.03;213873.44;199768.32;0.00;26702.3;8.01;7.48;0.00;23/11/2024 16:09:19;
24/11/2024;21;2.0TD;3;0.000162886957000000;0.203;1.126512113;97.520531;0.557;2.195;94.768531;34.61;20.60160;0.95160;0.75;0.25;10.71042;93.11680;101.96000;84.74000;75.52000;2190.0;275.0;200.0;46.0;21.66;0.000;0.17498;0.04096;0.00;0.000;1.182;0.947;0.000;0.557;78.776;34.61;34.61;20059.3;1078.30;17.42;3.21;1.03;262892.96;217728.00;0.00;27592.3;9.53;7.89;0.00;23/11/2024 16:09:19;
24/11/2024;22;2.0TD;3;0.000162940066000000;0.202;1.123150661;79.247080;0.557;2.195;76.495080;27.14;20.60160;0.95160;0.75;0.25;10.71042;93.11680;101.96000;84.74000;75.52000;2190.0;275.0;200.0;46.0;14.22;0.000;0.17498;0.04096;0.00;0.000;0.955;0.947;0.000;0.557;63.639;27.14;27.14;20180.5;1062.30;9.98;3.21;1.03;156151.12;92240.00;24859.38;27389.1;5.70;3.37;0.91;23/11/2024 16:09:19;
24/11/2024;23;2.0TD;3;0.000145267836000000;0.205;1.141018949;72.415260;0.557;2.195;69.663260;20.34;20.60160;0.95160;0.75;0.25;10.71042;93.11680;101.96000;84.74000;75.52000;2190.0;275.0;200.0;46.0;15.28;0.000;0.17498;0.04096;0.00;0.000;0.867;0.947;0.000;0.557;57.811;20.26;22.26;22036.0;890.10;11.04;3.21;1.03;162582.00;98000.00;24859.38;25846.5;6.29;3.79;0.96;23/11/2024 16:09:19;
24/11/2024;24;2.0TD;3;0.000121079902000000;0.212;1.179527264;65.745499;0.557;2.195;62.993499;14.38;20.60160;0.95160;0.75;0.25;10.71042;93.11680;101.96000;84.74000;75.52000;2190.0;275.0;200.0;46.0;15.49;0.000;0.17498;0.04096;0.00;0.000;0.780;0.947;0.000;0.557;51.974;14.46;12.50;21068.9;948.60;11.25;3.21;1.03;126025.44;116982.40;24859.38;23789.6;5.30;4.92;1.04;23/11/2024 16:09:19;
*
