pvpcdata;
2024;10;09;11;29;42;
20/09/2024;1;2.0TD;3;0.000091931759000000;0.163;0.902956979;141.608821;0.557;2.195;138.856821;115.16;-4.25104;1.28816;0.75;0.25;107.68917;90.68500;101.96000;73.51000;91.63000;1729.6;275.0;234.0;48.0;6.20;0.000;0.17498;0.04096;0.00;0.000;1.791;0.947;0.000;0.557;119.395;115.31;113.31;18184.4;1513.90;2.07;3.08;1.05;8833.44;15852.16;24859.38;23869.6;0.37;0.66;1.04;19/09/2024 16:14:23;
20/09/2024;2;2.0TD;3;0.000079256830000000;0.169;0.938944155;135.809187;0.557;2.195;133.057187;108.86;-4.25104;1.28816;0.75;0.25;107.68917;90.68500;101.96000;73.51000;91.63000;1729.6;275.0;234.0;48.0;7.01;0.000;0.17498;0.04096;0.00;0.000;1.707;0.947;0.000;0.557;113.821;108.90;108.40;17614.3;1451.90;2.88;3.08;1.05;24745.12;15852.16;24859.38;22714.0;1.09;0.70;1.09;19/09/2024 16:14:23;
20/09/2024;3;2.0TD;3;0.000071633198000000;0.174;0.966238778;132.218812;0.557;2.195;129.466812;104.53;-4.25104;1.28816;0.75;0.25;107.68917;90.68500;101.96000;73.51000;91.63000;1729.6;275.0;234.0;48.0;7.85;0.000;0.17498;0.04096;0.00;0.000;1.654;0.947;0.000;0.557;110.278;104.61;103.56;17131.2;1440.50;3.72;3.08;1.05;40921.24;15852.16;24859.38;21918.3;1.87;0.72;1.13;19/09/2024 16:14:23;
20/09/2024;4;2.0TD;3;0.000067622673000000;0.176;0.975797514;131.961913;0.557;2.195;129.209913;104.32;-4.25104;1.28816;0.75;0.25;107.68917;90.68500;101.96000;73.51000;91.63000;1729.6;275.0;234.0;48.0;7.66;0.000;0.17498;0.04096;0.00;0.000;1.648;0.947;0.000;0.557;109.872;104.61;100.37;16302.1;1212.80;3.53;3.08;1.05;59756.64;15852.16;0.00;21395.8;2.79;0.74;0.00;19/09/2024 16:14:23;
20/09/2024;5;2.0TD;3;0.000065751909000000;0.176;0.978185549;134.313913;0.557;2.195;131.561913;106.25;-4.25104;1.28816;0.75;0.25;107.68917;90.68500;101.96000;73.51000;91.63000;1729.6;275.0;234.0;48.0;7.70;0.000;0.17498;0.04096;0.00;0.000;1.678;0.947;0.000;0.557;111.872;106.62;101.62;15870.8;1267.80;3.57;3.08;1.05;59610.84;16107.84;0.00;21239.1;2.81;0.76;0.00;19/09/2024 16:14:23;
20/09/2024;6;2.0TD;3;0.000066069396000000;0.172;0.953772201;135.627939;0.557;2.195;132.875939;107.77;-4.25104;1.28816;0.75;0.25;107.68917;90.68500;101.96000;73.51000;91.63000;1729.6;275.0;234.0;48.0;7.66;0.000;0.17498;0.04096;0.00;0.000;1.701;0.947;0.000;0.557;113.375;107.90;106.04;16001.8;1160.60;3.53;3.08;1.05;58027.72;17769.76;0.00;21497.7;2.70;0.83;0.00;19/09/2024 16:14:23;
20/09/2024;7;2.0TD;3;0.000071975243000000;0.160;0.888174376;138.612795;0.557;2.195;135.860795;111.57;-4.25104;1.28816;0.75;0.25;107.68917;90.68500;101.96000;73.51000;91.63000;1729.6;275.0;234.0;48.0;7.55;0.000;0.17498;0.04096;0.00;0.000;1.757;0.947;0.000;0.557;117.121;111.60;111.10;16940.7;1091.90;3.42;3.08;1.05;43251.28;12911.84;24859.38;23730.2;1.82;0.54;1.05;19/09/2024 16:14:23;
20/09/2024;8;2.0TD;3;0.000085358984000000;0.151;0.836621695;152.071662;0.557;2.195;149.319662;124.91;-4.25104;1.28816;0.75;0.25;107.68917;90.68500;101.96000;73.51000;91.63000;1729.6;275.0;234.0;48.0;6.63;0.000;0.17498;0.04096;0.00;0.000;1.946;0.947;0.000;0.557;129.730;124.90;125.01;18498.1;1239.70;2.50;3.08;1.05;17037.64;24386.88;24859.38;26506.6;0.64;0.92;0.94;19/09/2024 16:14:23;
20/09/2024;9;2.0TD;2;0.000090007197000000;0.148;0.908099055;179.241130;19.184;8.779;151.278130;125.13;-4.25104;1.28816;0.75;0.25;107.68917;90.68500;101.96000;73.51000;91.63000;1729.6;275.0;234.0;48.0;8.27;0.154;0.17498;0.04096;0.00;0.000;1.977;0.947;0.000;0.557;131.775;124.90;129.11;19440.9;1099.40;4.14;3.08;1.05;14775.84;73482.24;24859.38;27319.3;0.54;2.69;0.91;19/09/2024 16:14:23;
20/09/2024;10;2.0TD;2;0.000093738143000000;0.138;0.845681149;164.624709;19.184;8.779;136.661709;114.93;-4.25104;1.28816;0.75;0.25;107.68917;90.68500;101.96000;73.51000;91.63000;1729.6;275.0;234.0;48.0;6.96;0.154;0.17498;0.04096;0.00;0.000;1.801;0.947;0.000;0.557;120.089;114.92;115.02;20149.2;1308.80;2.83;3.08;1.05;19829.92;34090.56;24859.38;27804.5;0.71;1.23;0.89;19/09/2024 16:14:23;
20/09/2024;11;2.0TD;1;0.000097143850000000;0.138;0.827314709;215.902605;33.081;43.893;138.928605;115.98;-4.25104;1.28816;0.75;0.25;107.68917;90.68500;101.96000;73.51000;91.63000;1729.6;275.0;234.0;48.0;7.10;0.926;0.17498;0.04096;0.00;0.000;1.831;0.947;0.000;0.557;122.081;115.98;115.98;20841.0;1413.60;2.97;3.08;1.05;20233.60;37856.80;24859.38;27955.9;0.72;1.35;0.89;19/09/2024 16:14:23;
20/09/2024;12;2.0TD;1;0.000098300598000000;0.141;0.844428822;205.553718;33.081;43.893;128.579718;106.62;-4.25104;1.28816;0.75;0.25;107.68917;90.68500;101.96000;73.51000;91.63000;1729.6;275.0;234.0;48.0;7.21;0.926;0.17498;0.04096;0.00;0.000;1.690;0.947;0.000;0.557;112.690;106.62;106.62;21334.3;1032.70;3.08;3.08;1.05;30374.00;30668.48;24859.38;27900.7;1.09;1.10;0.89;19/09/2024 16:14:23;
20/09/2024;13;2.0TD;1;0.000101561324000000;0.141;0.843668999;183.162734;33.081;43.893;106.188734;87.14;-4.25104;1.28816;0.75;0.25;107.68917;90.68500;101.96000;73.51000;91.63000;1729.6;275.0;234.0;48.0;7.36;0.926;0.17498;0.04096;0.00;0.000;1.396;0.947;0.000;0.557;93.066;87.00;90.01;21895.6;1049.70;3.23;3.08;1.05;42652.48;23718.72;24859.38;28292.6;1.51;0.84;0.88;19/09/2024 16:14:23;
20/09/2024;14;2.0TD;1;0.000108333692000000;0.137;0.818986714;177.261237;33.081;43.893;100.287237;81.47;-4.25104;1.28816;0.75;0.25;107.68917;90.68500;101.96000;73.51000;91.63000;1729.6;275.0;234.0;48.0;8.24;0.926;0.17498;0.04096;0.00;0.000;1.323;0.947;0.000;0.557;88.203;81.34;84.34;22640.1;1028.60;4.11;3.08;1.05;47604.80;45234.20;24859.38;28667.2;1.66;1.58;0.87;19/09/2024 16:14:23;
20/09/2024;15;2.0TD;2;0.000109934152000000;0.138;0.846165537;123.750025;19.184;8.779;95.787025;78.00;-4.25104;1.28816;0.75;0.25;107.68917;90.68500;101.96000;73.51000;91.63000;1729.6;275.0;234.0;48.0;8.51;0.154;0.17498;0.04096;0.00;0.000;1.263;0.947;0.000;0.557;84.171;77.84;81.26;23090.4;1117.40;4.38;3.08;1.05;50544.36;47369.28;24859.38;28034.7;1.80;1.69;0.89;19/09/2024 16:14:23;
20/09/2024;16;2.0TD;2;0.000104308439000000;0.144;0.882376445;119.179125;19.184;8.779;91.216125;72.95;-4.25104;1.28816;0.75;0.25;107.68917;90.68500;101.96000;73.51000;91.63000;1729.6;275.0;234.0;48.0;9.19;0.154;0.17498;0.04096;0.00;0.000;1.196;0.947;0.000;0.557;79.734;72.85;74.85;22581.3;1221.70;5.06;3.08;1.05;55302.72;58222.08;24859.38;27374.5;2.02;2.13;0.91;19/09/2024 16:14:23;
20/09/2024;17;2.0TD;2;0.000102075081000000;0.149;0.916047601;124.080728;19.184;8.779;96.117728;77.25;-4.25104;1.28816;0.75;0.25;107.68917;90.68500;101.96000;73.51000;91.63000;1729.6;275.0;234.0;48.0;8.75;0.154;0.17498;0.04096;0.00;0.000;1.255;0.947;0.000;0.557;83.653;77.10;80.31;22458.1;1073.10;4.62;3.08;1.05;51238.96;48135.36;24859.38;26884.1;1.91;1.79;0.92;19/09/2024 16:14:23;
20/09/2024;18;2.0TD;2;0.000104947878000000;0.150;0.921720251;137.228381;19.184;8.779;109.265381;85.65;-4.25104;1.28816;0.75;0.25;107.68917;90.68500;101.96000;73.51000;91.63000;1729.6;275.0;234.0;48.0;11.54;0.154;0.17498;0.04096;0.00;0.000;1.425;0.947;0.000;0.557;95.013;85.50;88.71;21216.4;1052.60;7.41;3.08;1.05;40390.40;132944.00;24859.38;26730.4;1.51;4.97;0.93;19/09/2024 16:14:23;
20/09/2024;19;2.0TD;1;0.000107326142000000;0.149;0.895006301;211.063880;33.081;43.893;134.089880;106.67;-4.25104;1.28816;0.75;0.25;107.68917;90.68500;101.96000;73.51000;91.63000;1729.6;275.0;234.0;48.0;11.11;0.926;0.17498;0.04096;0.00;0.000;1.751;0.947;0.000;0.557;116.701;106.62;107.62;20193.3;1142.50;6.98;3.08;1.05;30105.68;130233.60;24859.38;26552.3;1.13;4.90;0.94;19/09/2024 16:14:23;
20/09/2024;20;2.0TD;1;0.000109425660000000;0.152;0.910831232;214.606176;33.081;43.893;137.632176;113.16;-4.25104;1.28816;0.75;0.25;107.68917;90.68500;101.96000;73.51000;91.63000;1729.6;275.0;234.0;48.0;7.35;0.926;0.17498;0.04096;0.00;0.000;1.792;0.947;0.000;0.557;119.472;113.00;115.94;19769.3;1104.30;3.22;3.08;1.05;17243.24;44896.64;24859.38;26992.6;0.64;1.66;0.92;19/09/2024 16:14:23;
20/09/2024;21;2.0TD;1;0.000123154292000000;0.153;0.915056032;252.757353;33.081;43.893;175.783353;145.92;-4.25104;1.28816;0.75;0.25;107.68917;90.68500;101.96000;73.51000;91.63000;1729.6;275.0;234.0;48.0;7.08;0.926;0.17498;0.04096;0.00;0.000;2.287;0.947;0.000;0.557;152.457;145.73;148.73;20136.1;1395.90;2.95;3.08;1.05;11533.20;45964.80;24859.38;27852.4;0.41;1.65;0.89;19/09/2024 16:14:23;
20/09/2024;22;2.0TD;1;0.000134626740000000;0.149;0.893449496;253.710164;33.081;43.893;176.736164;147.16;-4.25104;1.28816;0.75;0.25;107.68917;90.68500;101.96000;73.51000;91.63000;1729.6;275.0;234.0;48.0;7.18;0.926;0.17498;0.04096;0.00;0.000;2.307;0.947;0.000;0.557;153.817;146.97;149.97;20127.8;1329.70;3.05;3.08;1.05;12905.84;46858.56;24859.38;27774.9;0.46;1.69;0.90;19/09/2024 16:14:23;
20/09/2024;23;2.0TD;2;0.000123090576000000;0.156;0.956265212;178.839929;19.184;8.779;150.876929;125.17;-4.25104;1.28816;0.75;0.25;107.68917;90.68500;101.96000;73.51000;91.63000;1729.6;275.0;234.0;48.0;6.99;0.154;0.17498;0.04096;0.00;0.000;1.958;0.947;0.000;0.557;130.516;125.00;128.01;19408.6;1131.80;2.86;3.08;1.05;23204.36;24483.84;24859.38;25311.1;0.92;0.97;0.98;19/09/2024 16:14:23;
20/09/2024;24;2.0TD;2;0.000108103038000000;0.161;0.987409233;171.795081;19.184;8.779;143.832081;118.72;-4.25104;1.28816;0.75;0.25;107.68917;90.68500;101.96000;73.51000;91.63000;1729.6;275.0;234.0;48.0;6.91;0.154;0.17498;0.04096;0.00;0.000;1.858;0.947;0.000;0.557;123.886;118.72;118.72;18446.8;1424.40;2.78;3.08;1.05;23744.28;17066.64;24859.38;23657.1;1.00;0.72;1.05;19/09/2024 16:14:23;
*
