pvpcdata;
2024;09;10;12;19;09;
23/08/2024;1;2.0TD;3;0.000114585284000000;0.173;0.962591094;145.648957;0.557;2.195;142.896957;115.96;-4.50827;0.94839;0.75;0.25;107.08708;89.05400;101.96000;73.51000;75.32000;2387.2;275.0;234.0;57.0;6.59;0.000;0.17498;0.04096;0.00;0.000;1.827;0.947;0.000;0.557;121.821;115.85;117.85;18604.9;1038.20;2.46;3.08;1.05;20619.88;19802.80;24859.38;26577.6;0.78;0.75;0.94;22/08/2024 16:14:25;
23/08/2024;2;2.0TD;3;0.000099211131000000;0.173;0.960454548;143.041378;0.557;2.195;140.289378;113.55;-4.50827;0.94839;0.75;0.25;107.08708;89.05400;101.96000;73.51000;75.32000;2387.2;275.0;234.0;57.0;6.81;0.000;0.17498;0.04096;0.00;0.000;1.794;0.947;0.000;0.557;119.598;113.49;114.62;17562.8;1012.90;2.68;3.08;1.05;21834.00;20479.20;24859.38;25024.8;0.87;0.82;0.99;22/08/2024 16:14:25;
23/08/2024;3;2.0TD;3;0.000088854699000000;0.173;0.963129247;138.087799;0.557;2.195;135.335799;109.33;-4.50827;0.94839;0.75;0.25;107.08708;89.05400;101.96000;73.51000;75.32000;2387.2;275.0;234.0;57.0;6.87;0.000;0.17498;0.04096;0.00;0.000;1.731;0.947;0.000;0.557;115.375;109.21;111.21;16660.8;1095.40;2.74;3.08;1.05;23766.52;16705.12;24859.38;23814.6;1.00;0.70;1.04;22/08/2024 16:14:25;
23/08/2024;4;2.0TD;3;0.000082636572000000;0.173;0.961569999;146.054815;0.557;2.195;143.302815;116.69;-4.50827;0.94839;0.75;0.25;107.08708;89.05400;101.96000;73.51000;75.32000;2387.2;275.0;234.0;57.0;6.20;0.000;0.17498;0.04096;0.00;0.000;1.833;0.947;0.000;0.557;122.167;116.69;116.69;15670.0;1218.90;2.07;3.08;1.05;29400.76;18194.40;0.00;23011.5;1.28;0.79;0.00;22/08/2024 16:14:25;
23/08/2024;5;2.0TD;3;0.000079078231000000;0.171;0.950911892;145.857319;0.557;2.195;143.105319;116.69;-4.50827;0.94839;0.75;0.25;107.08708;89.05400;101.96000;73.51000;75.32000;2387.2;275.0;234.0;57.0;6.24;0.000;0.17498;0.04096;0.00;0.000;1.833;0.947;0.000;0.557;122.207;116.69;116.69;15405.4;1228.80;2.11;3.08;1.05;29380.28;18194.40;0.00;22524.2;1.30;0.81;0.00;22/08/2024 16:14:25;
23/08/2024;6;2.0TD;3;0.000077553766000000;0.169;0.936427182;144.557297;0.557;2.195;141.805297;115.85;-4.50827;0.94839;0.75;0.25;107.08708;89.05400;101.96000;73.51000;75.32000;2387.2;275.0;234.0;57.0;6.19;0.000;0.17498;0.04096;0.00;0.000;1.820;0.947;0.000;0.557;121.304;115.85;115.85;15215.2;1286.50;2.06;3.08;1.05;30001.72;16853.76;0.00;22709.5;1.32;0.74;0.00;22/08/2024 16:14:25;
23/08/2024;7;2.0TD;3;0.000079094398000000;0.164;0.913026707;145.912113;0.557;2.195;143.160113;117.27;-4.50827;0.94839;0.75;0.25;107.08708;89.05400;101.96000;73.51000;75.32000;2387.2;275.0;234.0;57.0;6.43;0.000;0.17498;0.04096;0.00;0.000;1.845;0.947;0.000;0.557;122.989;117.27;117.27;16132.2;1298.70;2.30;3.08;1.05;27864.72;3387.76;24859.38;24410.0;1.14;0.14;1.02;22/08/2024 16:14:25;
23/08/2024;8;2.0TD;3;0.000080388035000000;0.163;0.906795616;154.584892;0.557;2.195;151.832892;125.12;-4.50827;0.94839;0.75;0.25;107.08708;89.05400;101.96000;73.51000;75.32000;2387.2;275.0;234.0;57.0;6.03;0.000;0.17498;0.04096;0.00;0.000;1.958;0.947;0.000;0.557;130.552;124.90;128.20;16921.1;1202.50;1.90;3.08;1.05;19259.84;5049.68;24859.38;25783.8;0.75;0.20;0.96;22/08/2024 16:14:25;
23/08/2024;9;2.0TD;2;0.000087182922000000;0.151;0.926102823;172.356857;19.184;8.779;144.393857;119.39;-4.50827;0.94839;0.75;0.25;107.08708;89.05400;101.96000;73.51000;75.32000;2387.2;275.0;234.0;57.0;6.58;0.154;0.17498;0.04096;0.00;0.000;1.882;0.947;0.000;0.557;125.450;119.39;119.39;17949.9;1320.40;2.45;3.08;1.05;24656.48;16758.00;24859.38;27019.6;0.91;0.62;0.92;22/08/2024 16:14:25;
23/08/2024;10;2.0TD;2;0.000098399019000000;0.145;0.890383186;173.580422;19.184;8.779;145.617422;116.75;-4.50827;0.94839;0.75;0.25;107.08708;89.05400;101.96000;73.51000;75.32000;2387.2;275.0;234.0;57.0;10.92;0.154;0.17498;0.04096;0.00;0.000;1.908;0.947;0.000;0.557;127.176;116.69;117.94;21297.7;1133.00;6.79;3.08;1.05;27508.72;139846.92;24859.38;28329.5;0.97;4.94;0.88;22/08/2024 16:14:25;
23/08/2024;11;2.0TD;1;0.000106700406000000;0.154;0.919231913;212.162547;33.081;43.893;135.188547;104.92;-4.50827;0.94839;0.75;0.25;107.08708;89.05400;101.96000;73.51000;75.32000;2387.2;275.0;234.0;57.0;12.10;0.926;0.17498;0.04096;0.00;0.000;1.757;0.947;0.000;0.557;117.147;104.92;104.92;23380.3;1083.50;7.97;3.08;1.05;45174.32;166670.00;24859.38;29705.4;1.52;5.61;0.84;22/08/2024 16:14:25;
23/08/2024;12;2.0TD;1;0.000110983552000000;0.153;0.918435848;182.864122;33.081;43.893;105.890122;82.37;-4.50827;0.94839;0.75;0.25;107.08708;89.05400;101.96000;73.51000;75.32000;2387.2;275.0;234.0;57.0;9.72;0.926;0.17498;0.04096;0.00;0.000;1.378;0.947;0.000;0.557;91.838;82.36;82.67;24622.5;803.40;5.59;3.08;1.05;64321.24;82064.96;24859.38;30593.7;2.10;2.68;0.81;22/08/2024 16:14:25;
23/08/2024;13;2.0TD;1;0.000117004702000000;0.154;0.919763634;182.276255;33.081;43.893;105.302255;81.94;-4.50827;0.94839;0.75;0.25;107.08708;89.05400;101.96000;73.51000;75.32000;2387.2;275.0;234.0;57.0;9.57;0.926;0.17498;0.04096;0.00;0.000;1.369;0.947;0.000;0.557;91.249;81.87;84.16;25426.9;821.80;5.44;3.08;1.05;64570.88;80342.08;24859.38;31247.1;2.07;2.57;0.80;22/08/2024 16:14:25;
23/08/2024;14;2.0TD;1;0.000127191424000000;0.152;0.911081566;182.584507;33.081;43.893;105.610507;82.46;-4.50827;0.94839;0.75;0.25;107.08708;89.05400;101.96000;73.51000;75.32000;2387.2;275.0;234.0;57.0;9.47;0.926;0.17498;0.04096;0.00;0.000;1.375;0.947;0.000;0.557;91.675;82.36;85.36;25744.5;850.80;5.34;3.08;1.05;64123.36;82650.68;24859.38;32136.7;2.00;2.57;0.77;22/08/2024 16:14:25;
23/08/2024;15;2.0TD;2;0.000132944711000000;0.154;0.942888052;132.103177;19.184;8.779;104.140177;81.84;-4.50827;0.94839;0.75;0.25;107.08708;89.05400;101.96000;73.51000;75.32000;2387.2;275.0;234.0;57.0;9.45;0.154;0.17498;0.04096;0.00;0.000;1.354;0.947;0.000;0.557;90.242;81.74;84.74;25915.1;850.60;5.32;3.08;1.05;64583.92;82483.40;24859.38;32346.4;2.00;2.55;0.77;22/08/2024 16:14:25;
23/08/2024;16;2.0TD;2;0.000130286633000000;0.151;0.928727389;126.632231;19.184;8.779;98.669231;77.17;-4.50827;0.94839;0.75;0.25;107.08708;89.05400;101.96000;73.51000;75.32000;2387.2;275.0;234.0;57.0;9.67;0.154;0.17498;0.04096;0.00;0.000;1.286;0.947;0.000;0.557;85.724;77.00;82.00;25936.6;889.80;5.54;3.08;1.05;68666.80;80914.56;24859.38;31473.3;2.18;2.57;0.79;22/08/2024 16:14:25;
23/08/2024;17;2.0TD;2;0.000128273593000000;0.152;0.934821024;127.197187;19.184;8.779;99.234187;78.09;-4.50827;0.94839;0.75;0.25;107.08708;89.05400;101.96000;73.51000;75.32000;2387.2;275.0;234.0;57.0;9.16;0.154;0.17498;0.04096;0.00;0.000;1.292;0.947;0.000;0.557;86.140;77.95;82.95;25686.2;758.40;5.03;3.08;1.05;62323.04;69571.92;24859.38;31156.6;2.00;2.23;0.80;22/08/2024 16:14:25;
23/08/2024;18;2.0TD;2;0.000129365994000000;0.155;0.953427444;132.790555;19.184;8.779;104.827555;82.24;-4.50827;0.94839;0.75;0.25;107.08708;89.05400;101.96000;73.51000;75.32000;2387.2;275.0;234.0;57.0;9.56;0.154;0.17498;0.04096;0.00;0.000;1.361;0.947;0.000;0.557;90.759;82.15;85.15;24740.7;753.30;5.43;3.08;1.05;59509.52;84545.76;24859.38;31110.2;1.91;2.72;0.80;22/08/2024 16:14:25;
23/08/2024;19;2.0TD;1;0.000129962082000000;0.156;0.931386620;211.070910;33.081;43.893;134.096910;104.76;-4.50827;0.94839;0.75;0.25;107.08708;89.05400;101.96000;73.51000;75.32000;2387.2;275.0;234.0;57.0;11.13;0.926;0.17498;0.04096;0.00;0.000;1.740;0.947;0.000;0.557;116.000;104.76;104.87;23689.3;973.70;7.00;3.08;1.05;36967.16;153007.20;24859.38;30673.8;1.21;4.99;0.81;22/08/2024 16:14:25;
23/08/2024;20;2.0TD;1;0.000129089042000000;0.163;0.978364941;224.186293;33.081;43.893;147.212293;116.76;-4.50827;0.94839;0.75;0.25;107.08708;89.05400;101.96000;73.51000;75.32000;2387.2;275.0;234.0;57.0;9.55;0.926;0.17498;0.04096;0.00;0.000;1.899;0.947;0.000;0.557;126.579;116.57;122.47;22569.1;756.00;5.42;3.08;1.05;23218.56;116012.64;24859.38;30241.4;0.77;3.84;0.82;22/08/2024 16:14:25;
23/08/2024;21;2.0TD;1;0.000130319586000000;0.170;1.018536485;234.075502;33.081;43.893;157.101502;124.99;-4.50827;0.94839;0.75;0.25;107.08708;89.05400;101.96000;73.51000;75.32000;2387.2;275.0;234.0;57.0;8.90;0.926;0.17498;0.04096;0.00;0.000;2.014;0.947;0.000;0.557;134.274;124.90;126.90;20828.8;1029.80;4.77;3.08;1.05;72424.56;45562.00;24859.38;29929.2;2.42;1.52;0.83;22/08/2024 16:14:25;
23/08/2024;22;2.0TD;1;0.000144989732000000;0.172;1.029946537;253.441791;33.081;43.893;176.467791;141.20;-4.50827;0.94839;0.75;0.25;107.08708;89.05400;101.96000;73.51000;75.32000;2387.2;275.0;234.0;57.0;8.74;0.926;0.17498;0.04096;0.00;0.000;2.259;0.947;0.000;0.557;150.569;141.20;141.20;20645.7;1405.50;4.61;3.08;1.05;89669.64;24033.92;24859.38;30068.4;2.98;0.80;0.83;22/08/2024 16:14:25;
23/08/2024;23;2.0TD;2;0.000143088881000000;0.177;1.085544000;186.503473;19.184;8.779;158.540473;125.75;-4.50827;0.94839;0.75;0.25;107.08708;89.05400;101.96000;73.51000;75.32000;2387.2;275.0;234.0;57.0;9.33;0.154;0.17498;0.04096;0.00;0.000;2.020;0.947;0.000;0.557;134.698;125.99;122.02;20074.1;1292.10;5.20;3.08;1.05;107158.68;18984.24;24859.38;29054.1;3.69;0.65;0.86;22/08/2024 16:14:25;
23/08/2024;24;2.0TD;2;0.000129856070000000;0.175;1.074379740;179.125325;19.184;8.779;151.162325;120.21;-4.50827;0.94839;0.75;0.25;107.08708;89.05400;101.96000;73.51000;75.32000;2387.2;275.0;234.0;57.0;8.91;0.154;0.17498;0.04096;0.00;0.000;1.930;0.947;0.000;0.557;128.648;120.29;118.81;19376.5;1081.40;4.78;3.08;1.05;93394.44;11186.00;24859.38;27125.3;3.44;0.41;0.92;22/08/2024 16:14:25;
*
