pvpcdata;
2024;12;11;12;05;43;
26/11/2024;1;2.0TD;3;0.000104777476000000;0.214;1.186668555;171.747276;0.557;2.195;168.995276;137.66;-12.53215;0.97534;0.75;0.25;143.24542;93.11680;101.96000;84.74000;75.52000;2136.7;275.0;200.0;46.0;9.96;0.000;0.17498;0.04096;0.00;0.000;2.088;0.947;0.000;0.557;139.205;139.10;129.10;17297.7;2915.80;5.72;3.21;1.03;70363.88;41440.00;24859.38;23881.3;2.95;1.74;1.04;25/11/2024 16:22:05;
26/11/2024;2;2.0TD;3;0.000086506093000000;0.229;1.272261432;169.967693;0.557;2.195;167.215693;134.26;-12.53215;0.97534;0.75;0.25;143.24542;93.11680;101.96000;84.74000;75.52000;2136.7;275.0;200.0;46.0;10.26;0.000;0.17498;0.04096;0.00;0.000;2.041;0.947;0.000;0.557;136.058;135.20;128.73;17168.3;2926.00;6.02;3.21;1.03;72439.04;38360.00;24859.38;22532.7;3.21;1.70;1.10;25/11/2024 16:22:05;
26/11/2024;3;2.0TD;3;0.000076495988000000;0.232;1.287350316;166.023212;0.557;2.195;163.271212;130.01;-12.53215;0.97534;0.75;0.25;143.24542;93.11680;101.96000;84.74000;75.52000;2136.7;275.0;200.0;46.0;11.03;0.000;0.17498;0.04096;0.00;0.000;1.988;0.947;0.000;0.557;132.525;132.00;117.10;16392.7;2527.10;6.79;3.21;1.03;85523.92;37600.00;24859.38;21772.9;3.93;1.73;1.14;25/11/2024 16:22:05;
26/11/2024;4;2.0TD;3;0.000071685772000000;0.233;1.296938210;162.838967;0.557;2.195;160.086967;128.33;-12.53215;0.97534;0.75;0.25;143.24542;93.11680;101.96000;84.74000;75.52000;2136.7;275.0;200.0;46.0;10.06;0.000;0.17498;0.04096;0.00;0.000;1.948;0.947;0.000;0.557;129.835;130.38;114.93;16042.9;2459.40;5.82;3.21;1.03;87547.48;37160.00;0.00;21416.0;4.09;1.74;0.00;25/11/2024 16:22:05;
26/11/2024;5;2.0TD;3;0.000070129668000000;0.232;1.289570957;166.198156;0.557;2.195;163.446156;131.25;-12.53215;0.97534;0.75;0.25;143.24542;93.11680;101.96000;84.74000;75.52000;2136.7;275.0;200.0;46.0;9.93;0.000;0.17498;0.04096;0.00;0.000;1.990;0.947;0.000;0.557;132.667;133.48;116.73;16116.8;2471.50;5.69;3.21;1.03;83652.48;38280.00;0.00;21435.1;3.90;1.79;0.00;25/11/2024 16:22:05;
26/11/2024;6;2.0TD;3;0.000072800366000000;0.230;1.276609011;171.989341;0.557;2.195;169.237341;136.42;-12.53215;0.97534;0.75;0.25;143.24542;93.11680;101.96000;84.74000;75.52000;2136.7;275.0;200.0;46.0;9.61;0.000;0.17498;0.04096;0.00;0.000;2.064;0.947;0.000;0.557;137.591;137.50;129.80;16616.7;2721.10;5.37;3.21;1.03;77982.20;39840.00;0.00;21921.7;3.56;1.82;0.00;25/11/2024 16:22:05;
26/11/2024;7;2.0TD;3;0.000084332157000000;0.208;1.155871524;174.984212;0.557;2.195;172.232212;141.74;-12.53215;0.97534;0.75;0.25;143.24542;93.11680;101.96000;84.74000;75.52000;2136.7;275.0;200.0;46.0;9.20;0.000;0.17498;0.04096;0.00;0.000;2.139;0.947;0.000;0.557;142.576;142.60;136.00;17468.5;2631.80;4.96;3.21;1.03;38702.48;56784.00;24859.38;24259.5;1.60;2.34;1.02;25/11/2024 16:22:05;
26/11/2024;8;2.0TD;3;0.000109459288000000;0.192;1.068450916;178.631999;0.557;2.195;175.879999;147.16;-12.53215;0.97534;0.75;0.25;143.24542;93.11680;101.96000;84.74000;75.52000;2136.7;275.0;200.0;46.0;8.68;0.000;0.17498;0.04096;0.00;0.000;2.213;0.947;0.000;0.557;147.550;147.80;142.14;19950.0;2524.40;4.44;3.21;1.03;18879.48;80832.00;24859.38;28083.5;0.67;2.88;0.89;25/11/2024 16:22:05;
26/11/2024;9;2.0TD;2;0.000119124847000000;0.189;1.158738874;213.279749;19.184;8.779;185.316749;155.77;-12.53215;0.97534;0.75;0.25;143.24542;93.11680;101.96000;84.74000;75.52000;2136.7;275.0;200.0;46.0;8.10;0.154;0.17498;0.04096;0.00;0.000;2.338;0.947;0.000;0.557;155.859;156.11;152.88;21099.1;2521.30;3.86;3.21;1.03;14833.48;75712.00;24859.38;29836.4;0.50;2.54;0.83;25/11/2024 16:22:05;
26/11/2024;10;2.0TD;2;0.000120561485000000;0.170;1.043088461;200.269291;19.184;8.779;172.306291;147.36;-12.53215;0.97534;0.75;0.25;143.24542;93.11680;101.96000;84.74000;75.52000;2136.7;275.0;200.0;46.0;8.05;0.154;0.17498;0.04096;0.00;0.000;2.209;0.947;0.000;0.557;147.270;147.80;143.72;22147.3;2684.80;3.81;3.21;1.03;10372.08;78528.00;24859.38;29833.7;0.35;2.63;0.83;25/11/2024 16:22:05;
26/11/2024;11;2.0TD;1;0.000122614171000000;0.165;0.988904820;243.934035;33.081;43.893;166.960035;143.36;-12.53215;0.97534;0.75;0.25;143.24542;93.11680;101.96000;84.74000;75.52000;2136.7;275.0;200.0;46.0;7.38;0.926;0.17498;0.04096;0.00;0.000;2.150;0.947;0.000;0.557;143.313;144.06;138.29;22159.1;3071.60;3.14;3.21;1.03;11576.40;57456.00;24859.38;29923.9;0.39;1.92;0.83;25/11/2024 16:22:05;
26/11/2024;12;2.0TD;1;0.000121044002000000;0.164;0.981544815;240.410465;33.081;43.893;163.436465;140.68;-12.53215;0.97534;0.75;0.25;143.24542;93.11680;101.96000;84.74000;75.52000;2136.7;275.0;200.0;46.0;7.20;0.926;0.17498;0.04096;0.00;0.000;2.106;0.947;0.000;0.557;140.409;141.00;138.29;22714.4;3077.00;2.96;3.21;1.03;12682.16;50160.00;24859.38;29576.7;0.43;1.70;0.84;25/11/2024 16:22:05;
26/11/2024;13;2.0TD;1;0.000121792278000000;0.163;0.973881713;237.744020;33.081;43.893;160.770020;138.54;-12.53215;0.97534;0.75;0.25;143.24542;93.11680;101.96000;84.74000;75.52000;2136.7;275.0;200.0;46.0;7.20;0.926;0.17498;0.04096;0.00;0.000;2.074;0.947;0.000;0.557;138.237;139.10;134.20;23533.3;3055.80;2.96;3.21;1.03;13359.08;49584.00;24859.38;29731.7;0.45;1.67;0.84;25/11/2024 16:22:05;
26/11/2024;14;2.0TD;1;0.000129310327000000;0.162;0.968482833;236.850483;33.081;43.893;159.876483;137.93;-12.53215;0.97534;0.75;0.25;143.24542;93.11680;101.96000;84.74000;75.52000;2136.7;275.0;200.0;46.0;7.17;0.926;0.17498;0.04096;0.00;0.000;2.064;0.947;0.000;0.557;137.587;138.70;131.91;23666.3;3035.90;2.93;3.21;1.03;13520.24;49584.00;24859.38;30072.9;0.45;1.65;0.83;25/11/2024 16:22:05;
26/11/2024;15;2.0TD;2;0.000130924277000000;0.167;1.022853311;187.991766;19.184;8.779;160.028766;138.20;-12.53215;0.97534;0.75;0.25;143.24542;93.11680;101.96000;84.74000;75.52000;2136.7;275.0;200.0;46.0;7.22;0.154;0.17498;0.04096;0.00;0.000;2.057;0.947;0.000;0.557;137.128;138.70;134.33;23402.5;3029.40;2.98;3.21;1.03;12353.40;51648.00;24859.38;29815.2;0.41;1.73;0.83;25/11/2024 16:22:05;
26/11/2024;16;2.0TD;2;0.000124956806000000;0.173;1.061476646;192.446144;19.184;8.779;164.483144;140.14;-12.53215;0.97534;0.75;0.25;143.24542;93.11680;101.96000;84.74000;75.52000;2136.7;275.0;200.0;46.0;8.33;0.154;0.17498;0.04096;0.00;0.000;2.103;0.947;0.000;0.557;140.224;140.50;137.50;22473.2;3034.80;4.09;3.21;1.03;6651.56;88064.00;24859.38;29203.0;0.23;3.02;0.85;25/11/2024 16:22:05;
26/11/2024;17;2.0TD;2;0.000121784530000000;0.175;1.076128733;193.191893;19.184;8.779;165.228893;140.66;-12.53215;0.97534;0.75;0.25;143.24542;93.11680;101.96000;84.74000;75.52000;2136.7;275.0;200.0;46.0;8.20;0.154;0.17498;0.04096;0.00;0.000;2.109;0.947;0.000;0.557;140.620;140.50;142.50;22954.6;1932.60;3.96;3.21;1.03;-0.08;89664.00;24859.38;28938.8;0.00;3.10;0.86;25/11/2024 16:22:05;
26/11/2024;18;2.0TD;2;0.000129980473000000;0.179;1.096561475;203.055505;19.184;8.779;175.092505;149.10;-12.53215;0.97534;0.75;0.25;143.24542;93.11680;101.96000;84.74000;75.52000;2136.7;275.0;200.0;46.0;7.53;0.154;0.17498;0.04096;0.00;0.000;2.228;0.947;0.000;0.557;148.509;148.85;151.98;23021.2;1994.50;3.29;3.21;1.03;57.72;71552.00;24859.38;29394.4;0.00;2.43;0.85;25/11/2024 16:22:05;
26/11/2024;19;2.0TD;1;0.000152174698000000;0.179;1.073980554;268.394476;33.081;43.893;191.420476;162.23;-12.53215;0.97534;0.75;0.25;143.24542;93.11680;101.96000;84.74000;75.52000;2136.7;275.0;200.0;46.0;7.27;0.926;0.17498;0.04096;0.00;0.000;2.435;0.947;0.000;0.557;162.358;162.07;164.10;22918.1;1909.10;3.03;3.21;1.03;25078.00;42960.00;24859.38;30695.2;0.82;1.40;0.81;25/11/2024 16:22:05;
26/11/2024;20;2.0TD;1;0.000167304855000000;0.183;1.098356627;262.835526;33.081;43.893;185.861526;154.98;-12.53215;0.97534;0.75;0.25;143.24542;93.11680;101.96000;84.74000;75.52000;2136.7;275.0;200.0;46.0;9.35;0.926;0.17498;0.04096;0.00;0.000;2.357;0.947;0.000;0.557;157.110;154.84;156.84;23720.0;1738.40;5.11;3.21;1.03;98498.48;36680.00;24859.38;31325.0;3.14;1.17;0.79;25/11/2024 16:22:05;
26/11/2024;21;2.0TD;1;0.000179579329000000;0.186;1.115263846;261.187475;33.081;43.893;184.213475;153.36;-12.53215;0.97534;0.75;0.25;143.24542;93.11680;101.96000;84.74000;75.52000;2136.7;275.0;200.0;46.0;9.21;0.926;0.17498;0.04096;0.00;0.000;2.330;0.947;0.000;0.557;155.323;153.25;154.78;24480.8;1821.30;4.97;3.21;1.03;98991.28;34760.00;24859.38;31942.8;3.10;1.09;0.78;25/11/2024 16:22:05;
26/11/2024;22;2.0TD;1;0.000180345045000000;0.191;1.141333519;257.671727;33.081;43.893;180.697727;149.73;-12.53215;0.97534;0.75;0.25;143.24542;93.11680;101.96000;84.74000;75.52000;2136.7;275.0;200.0;46.0;9.29;0.926;0.17498;0.04096;0.00;0.000;2.276;0.947;0.000;0.557;151.719;149.73;149.74;24246.0;1758.20;5.05;3.21;1.03;100082.48;30000.00;24859.38;30690.7;3.26;0.98;0.81;25/11/2024 16:22:05;
26/11/2024;23;2.0TD;2;0.000160902340000000;0.201;1.234207068;200.555509;19.184;8.779;172.592509;144.40;-12.53215;0.97534;0.75;0.25;143.24542;93.11680;101.96000;84.74000;75.52000;2136.7;275.0;200.0;46.0;7.50;0.154;0.17498;0.04096;0.00;0.000;2.156;0.947;0.000;0.557;143.707;144.36;144.86;21766.4;1655.00;3.26;3.21;1.03;27823.08;38160.00;24859.38;27870.3;1.00;1.37;0.89;25/11/2024 16:22:05;
26/11/2024;24;2.0TD;2;0.000132155472000000;0.213;1.303889520;196.675937;19.184;8.779;168.712937;140.48;-12.53215;0.97534;0.75;0.25;143.24542;93.11680;101.96000;84.74000;75.52000;2136.7;275.0;200.0;46.0;6.87;0.154;0.17498;0.04096;0.00;0.000;2.086;0.947;0.000;0.557;139.087;140.26;143.82;19595.7;1279.30;2.63;3.21;1.03;0.08;41240.00;24859.38;25098.6;0.00;1.64;0.99;25/11/2024 16:22:05;
*
