pvpcdata;
2024;08;09;11;56;32;
04/07/2024;1;2.0TD;3;0.000111790182000000;0.172;0.953582129;140.837197;0.557;2.195;138.085197;94.74;9.27006;1.18583;0.75;0.25;51.84875;88.92900;101.96000;73.51000;74.07000;1922.7;275.0;234.0;61.0;8.60;0.000;0.17498;0.04096;0.00;0.000;1.767;0.947;0.000;0.557;117.820;94.94;92.19;17886.7;1391.50;4.38;3.13;1.09;74799.96;11179.00;24859.38;25262.3;2.96;0.44;0.98;03/07/2024 16:10:28;
04/07/2024;2;2.0TD;3;0.000095207494000000;0.173;0.959692767;125.653232;0.557;2.195;122.901232;80.07;9.27006;1.18583;0.75;0.25;51.84875;88.92900;101.96000;73.51000;74.07000;1922.7;275.0;234.0;61.0;10.42;0.000;0.17498;0.04096;0.00;0.000;1.572;0.947;0.000;0.557;104.775;80.00;81.25;17059.7;1025.30;6.20;3.13;1.09;97400.08;25791.36;24859.38;23884.4;4.08;1.08;1.04;03/07/2024 16:10:28;
04/07/2024;3;2.0TD;3;0.000084742823000000;0.172;0.955494808;118.742653;0.557;2.195;115.990653;73.11;9.27006;1.18583;0.75;0.25;51.84875;88.92900;101.96000;73.51000;74.07000;1922.7;275.0;234.0;61.0;11.66;0.000;0.17498;0.04096;0.00;0.000;1.485;0.947;0.000;0.557;98.968;72.50;82.50;16464.7;1061.50;7.44;3.13;1.09;109898.40;35855.60;24859.38;22923.5;4.79;1.56;1.08;03/07/2024 16:10:28;
04/07/2024;4;2.0TD;3;0.000078986620000000;0.168;0.934371908;129.575932;0.557;2.195;126.823932;83.54;9.27006;1.18583;0.75;0.25;51.84875;88.92900;101.96000;73.51000;74.07000;1922.7;275.0;234.0;61.0;10.70;0.000;0.17498;0.04096;0.00;0.000;1.629;0.947;0.000;0.557;108.582;83.54;83.54;16185.4;1190.70;6.48;3.13;1.09;116392.48;28919.52;0.00;22413.7;5.19;1.29;0.00;03/07/2024 16:10:28;
04/07/2024;5;2.0TD;3;0.000075777297000000;0.168;0.931237996;125.709852;0.557;2.195;122.957852;80.00;9.27006;1.18583;0.75;0.25;51.84875;88.92900;101.96000;73.51000;74.07000;1922.7;275.0;234.0;61.0;10.98;0.000;0.17498;0.04096;0.00;0.000;1.579;0.947;0.000;0.557;105.272;80.00;80.00;16096.9;1110.10;6.76;3.13;1.09;123183.08;27515.04;0.00;22276.6;5.53;1.24;0.00;03/07/2024 16:10:28;
04/07/2024;6;2.0TD;3;0.000074819691000000;0.165;0.918519166;132.443451;0.557;2.195;129.691451;86.15;9.27006;1.18583;0.75;0.25;51.84875;88.92900;101.96000;73.51000;74.07000;1922.7;275.0;234.0;61.0;10.79;0.000;0.17498;0.04096;0.00;0.000;1.670;0.947;0.000;0.557;111.323;86.27;84.61;17382.3;1379.80;6.57;3.13;1.09;111780.60;37410.24;0.00;22697.7;4.92;1.65;0.00;03/07/2024 16:10:28;
04/07/2024;7;2.0TD;3;0.000076213434000000;0.162;0.898530846;141.865633;0.557;2.195;139.113633;95.68;9.27006;1.18583;0.75;0.25;51.84875;88.92900;101.96000;73.51000;74.07000;1922.7;275.0;234.0;61.0;9.53;0.000;0.17498;0.04096;0.00;0.000;1.796;0.947;0.000;0.557;119.719;96.04;91.24;17882.0;1460.70;5.31;3.13;1.09;70135.44;35347.76;24859.38;24551.3;2.86;1.44;1.01;03/07/2024 16:10:28;
04/07/2024;8;2.0TD;3;0.000080510015000000;0.159;0.881698533;171.439969;0.557;2.195;168.687969;99.54;9.27006;1.18583;0.75;0.25;51.84875;88.92900;101.96000;73.51000;74.07000;1922.7;275.0;234.0;61.0;31.11;0.000;0.17498;0.04096;0.00;0.000;2.183;0.947;0.000;0.557;145.546;99.88;94.93;19221.8;1397.00;26.89;3.13;1.09;33232.96;655808.40;24859.38;26554.5;1.25;24.70;0.94;03/07/2024 16:10:28;
04/07/2024;9;2.0TD;2;0.000092103951000000;0.139;0.855188390;154.753215;19.184;8.779;126.790215;83.76;9.27006;1.18583;0.75;0.25;51.84875;88.92900;101.96000;73.51000;74.07000;1922.7;275.0;234.0;61.0;13.02;0.154;0.17498;0.04096;0.00;0.000;1.670;0.947;0.000;0.557;111.317;83.82;82.82;20949.4;1444.10;8.80;3.13;1.09;44604.76;178186.48;24859.38;28113.3;1.59;6.34;0.88;03/07/2024 16:10:28;
04/07/2024;10;2.0TD;2;0.000103935007000000;0.138;0.847406845;104.338884;19.184;8.779;76.375884;40.54;9.27006;1.18583;0.75;0.25;51.84875;88.92900;101.96000;73.51000;74.07000;1922.7;275.0;234.0;61.0;12.70;0.154;0.17498;0.04096;0.00;0.000;1.007;0.947;0.000;0.557;67.114;40.00;52.88;26440.7;1166.90;8.48;3.13;1.09;75129.40;147210.24;24859.38;29146.0;2.58;5.05;0.85;03/07/2024 16:10:28;
04/07/2024;11;2.0TD;1;0.000112775535000000;0.144;0.863772715;110.247393;33.081;43.893;33.273393;6.06;9.27006;1.18583;0.75;0.25;51.84875;88.92900;101.96000;73.51000;74.07000;1922.7;275.0;234.0;61.0;8.95;0.926;0.17498;0.04096;0.00;0.000;0.436;0.947;0.000;0.557;29.085;4.83;28.83;27908.6;1513.40;4.73;3.13;1.09;108182.48;6839.44;24859.38;29604.1;3.65;0.23;0.84;03/07/2024 16:10:28;
04/07/2024;12;2.0TD;1;0.000117705682000000;0.146;0.876250541;103.289751;33.081;43.893;26.315751;0.04;9.27006;1.18583;0.75;0.25;51.84875;88.92900;101.96000;73.51000;74.07000;1922.7;275.0;234.0;61.0;8.94;0.926;0.17498;0.04096;0.00;0.000;0.344;0.947;0.000;0.557;22.963;0.00;0.50;27987.4;2247.10;4.72;3.13;1.09;111604.36;6096.00;24859.38;30158.5;3.70;0.20;0.82;03/07/2024 16:10:28;
04/07/2024;13;2.0TD;1;0.000124460922000000;0.148;0.886943832;103.545761;33.081;43.893;26.571761;0.00;9.27006;1.18583;0.75;0.25;51.84875;88.92900;101.96000;73.51000;74.07000;1922.7;275.0;234.0;61.0;9.16;0.926;0.17498;0.04096;0.00;0.000;0.347;0.947;0.000;0.557;23.146;0.00;0.00;27974.9;2338.50;4.94;3.13;1.09;120177.36;6837.60;24859.38;30776.1;3.90;0.22;0.81;03/07/2024 16:10:28;
04/07/2024;14;2.0TD;1;0.000134675770000000;0.145;0.868901853;103.372128;33.081;43.893;26.398128;0.00;9.27006;1.18583;0.75;0.25;51.84875;88.92900;101.96000;73.51000;74.07000;1922.7;275.0;234.0;61.0;9.07;0.926;0.17498;0.04096;0.00;0.000;0.346;0.947;0.000;0.557;23.055;0.00;0.00;28341.7;2480.90;4.85;3.13;1.09;120177.36;6824.40;24859.38;31299.8;3.84;0.22;0.79;03/07/2024 16:10:28;
04/07/2024;15;2.0TD;2;0.000139234622000000;0.145;0.892329414;55.637803;19.184;8.779;27.674803;0.00;9.27006;1.18583;0.75;0.25;51.84875;88.92900;101.96000;73.51000;74.07000;1922.7;275.0;234.0;61.0;10.94;0.154;0.17498;0.04096;0.00;0.000;0.363;0.947;0.000;0.557;24.170;0.00;0.00;28256.1;2578.70;6.72;3.13;1.09;178743.60;6820.00;24859.38;31292.9;5.71;0.22;0.79;03/07/2024 16:10:28;
04/07/2024;16;2.0TD;2;0.000134960552000000;0.143;0.878070379;54.637344;19.184;8.779;26.674344;-0.75;9.27006;1.18583;0.75;0.25;51.84875;88.92900;101.96000;73.51000;74.07000;1922.7;275.0;234.0;61.0;10.87;0.154;0.17498;0.04096;0.00;0.000;0.350;0.947;0.000;0.557;23.337;-0.82;-0.01;26188.4;2446.70;6.65;3.13;1.09;170754.40;6663.96;24859.38;30442.1;5.61;0.22;0.82;03/07/2024 16:10:28;
04/07/2024;17;2.0TD;2;0.000132208383000000;0.145;0.888450673;54.730963;19.184;8.779;26.767963;-0.78;9.27006;1.18583;0.75;0.25;51.84875;88.92900;101.96000;73.51000;74.07000;1922.7;275.0;234.0;61.0;10.94;0.154;0.17498;0.04096;0.00;0.000;0.351;0.947;0.000;0.557;23.378;-0.82;-0.40;25818.2;2503.50;6.72;3.13;1.09;170708.92;7468.80;24859.38;30191.6;5.65;0.25;0.82;03/07/2024 16:10:28;
04/07/2024;18;2.0TD;2;0.000132457465000000;0.147;0.901643359;55.603559;19.184;8.779;27.640559;0.00;9.27006;1.18583;0.75;0.25;51.84875;88.92900;101.96000;73.51000;74.07000;1922.7;275.0;234.0;61.0;10.87;0.154;0.17498;0.04096;0.00;0.000;0.361;0.947;0.000;0.557;24.098;0.00;0.00;26153.9;2624.40;6.65;3.13;1.09;170170.60;7143.80;24859.38;30428.4;5.59;0.23;0.82;03/07/2024 16:10:28;
04/07/2024;19;2.0TD;1;0.000131726873000000;0.146;0.873930910;115.227633;33.081;43.893;38.253633;7.78;9.27006;1.18583;0.75;0.25;51.84875;88.92900;101.96000;73.51000;74.07000;1922.7;275.0;234.0;61.0;11.46;0.926;0.17498;0.04096;0.00;0.000;0.501;0.947;0.000;0.557;33.380;6.77;26.77;28121.6;1497.80;7.24;3.13;1.09;163531.84;30438.40;24859.38;30229.1;5.41;1.01;0.82;03/07/2024 16:10:28;
04/07/2024;20;2.0TD;1;0.000129746932000000;0.150;0.895546457;159.621204;33.081;43.893;82.647204;42.80;9.27006;1.18583;0.75;0.25;51.84875;88.92900;101.96000;73.51000;74.07000;1922.7;275.0;234.0;61.0;14.35;0.926;0.17498;0.04096;0.00;0.000;1.078;0.947;0.000;0.557;71.867;42.38;52.30;26335.1;1168.70;10.13;3.13;1.09;95190.68;189200.00;24859.38;30524.7;3.12;6.20;0.81;03/07/2024 16:10:28;
04/07/2024;21;2.0TD;1;0.000130565355000000;0.149;0.889704318;206.290657;33.081;43.893;129.316657;86.90;9.27006;1.18583;0.75;0.25;51.84875;88.92900;101.96000;73.51000;74.07000;1922.7;275.0;234.0;61.0;10.32;0.926;0.17498;0.04096;0.00;0.000;1.688;0.947;0.000;0.557;112.547;86.90;86.90;22613.0;1406.40;6.10;3.13;1.09;41985.84;116733.12;24859.38;30129.7;1.39;3.87;0.83;03/07/2024 16:10:28;
04/07/2024;22;2.0TD;1;0.000139047880000000;0.148;0.889175194;218.520257;33.081;43.893;141.546257;99.54;9.27006;1.18583;0.75;0.25;51.84875;88.92900;101.96000;73.51000;74.07000;1922.7;275.0;234.0;61.0;8.27;0.926;0.17498;0.04096;0.00;0.000;1.849;0.947;0.000;0.557;123.298;99.64;98.14;21134.4;1449.30;4.05;3.13;1.09;71247.16;24785.44;24859.38;29833.0;2.39;0.83;0.83;03/07/2024 16:10:28;
04/07/2024;23;2.0TD;2;0.000145779233000000;0.155;0.948964745;167.849824;19.184;8.779;139.886824;98.34;9.27006;1.18583;0.75;0.25;51.84875;88.92900;101.96000;73.51000;74.07000;1922.7;275.0;234.0;61.0;8.09;0.154;0.17498;0.04096;0.00;0.000;1.817;0.947;0.000;0.557;121.114;98.50;96.00;21063.4;1477.20;3.87;3.13;1.09;72332.84;14373.00;24859.38;28779.5;2.51;0.50;0.86;03/07/2024 16:10:28;
04/07/2024;24;2.0TD;2;0.000131557103000000;0.153;0.936850645;158.043461;19.184;8.779;130.080461;89.87;9.27006;1.18583;0.75;0.25;51.84875;88.92900;101.96000;73.51000;74.07000;1922.7;275.0;234.0;61.0;8.39;0.154;0.17498;0.04096;0.00;0.000;1.692;0.947;0.000;0.557;112.819;90.00;88.14;19788.2;1498.70;4.17;3.13;1.09;80891.48;5876.96;24859.38;26765.0;3.02;0.22;0.93;03/07/2024 16:10:28;
*
