pvpcdata;
2024;07;09;11;18;19;
28/06/2024;1;2.0TD;3;0.000098429113000000;0.171;0.947826214;132.947367;0.557;2.195;130.195367;98.62;-1.05897;1.07211;0.75;0.25;82.04167;77.80580;101.96000;48.69000;52.19000;1831.9;275.0;154.0;62.0;10.31;0.000;0.17498;0.04096;0.00;0.000;1.668;0.947;0.000;0.557;111.183;99.00;94.00;18025.2;1469.20;5.97;3.20;1.14;51192.12;74344.16;24859.38;25186.0;2.03;2.95;0.99;27/06/2024 16:10:35;
28/06/2024;2;2.0TD;3;0.000083450206000000;0.171;0.951176213;136.692225;0.557;2.195;133.940225;99.61;-1.05897;1.07211;0.75;0.25;82.04167;77.80580;101.96000;48.69000;52.19000;1831.9;275.0;154.0;62.0;12.47;0.000;0.17498;0.04096;0.00;0.000;1.716;0.947;0.000;0.557;114.381;100.00;95.00;17296.7;1451.60;8.13;3.20;1.14;49821.96;119400.00;24859.38;23869.3;2.09;5.00;1.04;27/06/2024 16:10:35;
28/06/2024;3;2.0TD;3;0.000073984395000000;0.172;0.954432210;135.485762;0.557;2.195;132.733762;98.17;-1.05897;1.07211;0.75;0.25;82.04167;77.80580;101.96000;48.69000;52.19000;1831.9;275.0;154.0;62.0;12.80;0.000;0.17498;0.04096;0.00;0.000;1.699;0.947;0.000;0.557;113.254;98.60;93.34;16495.2;1452.60;8.46;3.20;1.14;52010.92;117455.80;24859.38;22975.2;2.26;5.11;1.08;27/06/2024 16:10:35;
28/06/2024;4;2.0TD;3;0.000068966081000000;0.169;0.939704007;129.295155;0.557;2.195;126.543155;93.75;-1.05897;1.07211;0.75;0.25;82.04167;77.80580;101.96000;48.69000;52.19000;1831.9;275.0;154.0;62.0;12.29;0.000;0.17498;0.04096;0.00;0.000;1.624;0.947;0.000;0.557;108.249;94.04;90.04;16125.4;1278.50;7.95;3.20;1.14;58356.16;118912.40;0.00;22294.5;2.62;5.33;0.00;27/06/2024 16:10:35;
28/06/2024;5;2.0TD;3;0.000066747749000000;0.168;0.934343533;128.510634;0.557;2.195;125.758634;93.19;-1.05897;1.07211;0.75;0.25;82.04167;77.80580;101.96000;48.69000;52.19000;1831.9;275.0;154.0;62.0;12.28;0.000;0.17498;0.04096;0.00;0.000;1.615;0.947;0.000;0.557;107.670;93.40;90.66;15931.8;1319.20;7.94;3.20;1.14;59128.00;115915.68;0.00;22048.6;2.68;5.26;0.00;27/06/2024 16:10:35;
28/06/2024;6;2.0TD;3;0.000066682697000000;0.167;0.926270329;131.164086;0.557;2.195;128.412086;95.65;-1.05897;1.07211;0.75;0.25;82.04167;77.80580;101.96000;48.69000;52.19000;1831.9;275.0;154.0;62.0;12.15;0.000;0.17498;0.04096;0.00;0.000;1.651;0.947;0.000;0.557;110.036;95.81;93.89;15964.0;1443.20;7.81;3.20;1.14;47523.00;127520.00;0.00;22404.2;2.12;5.69;0.00;27/06/2024 16:10:35;
28/06/2024;7;2.0TD;3;0.000069240345000000;0.161;0.895768579;133.638569;0.557;2.195;130.886569;99.50;-1.05897;1.07211;0.75;0.25;82.04167;77.80580;101.96000;48.69000;52.19000;1831.9;275.0;154.0;62.0;10.96;0.000;0.17498;0.04096;0.00;0.000;1.691;0.947;0.000;0.557;112.736;99.90;94.92;16815.6;1476.90;6.62;3.20;1.14;42714.56;91113.04;24859.38;23985.6;1.78;3.80;1.04;27/06/2024 16:10:35;
28/06/2024;8;2.0TD;3;0.000077119557000000;0.160;0.888400646;137.882793;0.557;2.195;135.130793;100.16;-1.05897;1.07211;0.75;0.25;82.04167;77.80580;101.96000;48.69000;52.19000;1831.9;275.0;154.0;62.0;14.00;0.000;0.17498;0.04096;0.00;0.000;1.747;0.947;0.000;0.557;116.492;100.16;100.15;17693.0;1507.10;9.66;3.20;1.14;12963.92;215190.00;24859.38;26206.4;0.49;8.21;0.95;27/06/2024 16:10:35;
28/06/2024;9;2.0TD;2;0.000088834098000000;0.147;0.899011321;165.846237;19.184;8.779;137.883237;103.36;-1.05897;1.07211;0.75;0.25;82.04167;77.80580;101.96000;48.69000;52.19000;1831.9;275.0;154.0;62.0;14.31;0.154;0.17498;0.04096;0.00;0.000;1.803;0.947;0.000;0.557;120.212;103.50;101.50;20033.0;1505.10;9.97;3.20;1.14;11223.36;240071.04;24859.38;27713.3;0.40;8.66;0.90;27/06/2024 16:10:35;
28/06/2024;10;2.0TD;2;0.000097872200000000;0.140;0.861234329;160.803852;19.184;8.779;132.840852;98.50;-1.05897;1.07211;0.75;0.25;82.04167;77.80580;101.96000;48.69000;52.19000;1831.9;275.0;154.0;62.0;15.54;0.154;0.17498;0.04096;0.00;0.000;1.748;0.947;0.000;0.557;116.527;98.60;96.63;21458.9;1154.60;11.20;3.20;1.14;53208.80;242278.40;24859.38;28592.0;1.86;8.47;0.87;27/06/2024 16:10:35;
28/06/2024;11;2.0TD;1;0.000104465892000000;0.146;0.875612669;197.706319;33.081;43.893;120.732319;91.86;-1.05897;1.07211;0.75;0.25;82.04167;77.80580;101.96000;48.69000;52.19000;1831.9;275.0;154.0;62.0;10.40;0.926;0.17498;0.04096;0.00;0.000;1.580;0.947;0.000;0.557;105.351;92.00;89.00;22696.5;1107.90;6.06;3.20;1.14;68659.32;84114.56;24859.38;29312.2;2.34;2.87;0.85;27/06/2024 16:10:35;
28/06/2024;12;2.0TD;1;0.000108324983000000;0.148;0.884005137;179.957709;33.081;43.893;102.983709;75.97;-1.05897;1.07211;0.75;0.25;82.04167;77.80580;101.96000;48.69000;52.19000;1831.9;275.0;154.0;62.0;10.88;0.926;0.17498;0.04096;0.00;0.000;1.346;0.947;0.000;0.557;89.707;76.10;73.00;23323.7;1003.80;6.54;3.20;1.14;81747.96;87926.92;24859.38;29761.6;2.75;2.95;0.84;27/06/2024 16:10:35;
28/06/2024;13;2.0TD;1;0.000114342916000000;0.147;0.878487296;161.247604;33.081;43.893;84.273604;59.99;-1.05897;1.07211;0.75;0.25;82.04167;77.80580;101.96000;48.69000;52.19000;1831.9;275.0;154.0;62.0;10.87;0.926;0.17498;0.04096;0.00;0.000;1.102;0.947;0.000;0.557;73.473;59.99;60.01;24305.6;921.80;6.53;3.20;1.14;94045.48;78593.76;24859.38;30223.9;3.11;2.60;0.82;27/06/2024 16:10:35;
28/06/2024;14;2.0TD;1;0.000124134345000000;0.143;0.853512294;146.077566;33.081;43.893;69.103566;47.64;-1.05897;1.07211;0.75;0.25;82.04167;77.80580;101.96000;48.69000;52.19000;1831.9;275.0;154.0;62.0;10.40;0.926;0.17498;0.04096;0.00;0.000;0.907;0.947;0.000;0.557;60.458;47.01;62.01;26232.9;1146.90;6.06;3.20;1.14;103127.28;55632.00;24859.38;30310.0;3.40;1.84;0.82;27/06/2024 16:10:35;
28/06/2024;15;2.0TD;2;0.000126241921000000;0.143;0.875597099;93.791871;19.184;8.779;65.828871;45.95;-1.05897;1.07211;0.75;0.25;82.04167;77.80580;101.96000;48.69000;52.19000;1831.9;275.0;154.0;62.0;10.04;0.154;0.17498;0.04096;0.00;0.000;0.864;0.947;0.000;0.557;57.593;45.77;50.98;27727.2;974.00;5.70;3.20;1.14;92469.32;53524.80;24859.38;30006.2;3.08;1.78;0.83;27/06/2024 16:10:35;
28/06/2024;16;2.0TD;2;0.000118235692000000;0.145;0.890612863;87.339337;19.184;8.779;59.376337;40.20;-1.05897;1.07211;0.75;0.25;82.04167;77.80580;101.96000;48.69000;52.19000;1831.9;275.0;154.0;62.0;10.14;0.154;0.17498;0.04096;0.00;0.000;0.778;0.947;0.000;0.557;51.857;40.00;45.21;27843.8;1088.30;5.80;3.20;1.14;98497.64;45936.00;24859.38;29192.0;3.37;1.57;0.85;27/06/2024 16:10:35;
28/06/2024;17;2.0TD;2;0.000113443497000000;0.147;0.901520256;81.492416;19.184;8.779;53.529416;35.02;-1.05897;1.07211;0.75;0.25;82.04167;77.80580;101.96000;48.69000;52.19000;1831.9;275.0;154.0;62.0;10.21;0.154;0.17498;0.04096;0.00;0.000;0.700;0.947;0.000;0.557;46.669;35.02;35.02;27531.5;1363.50;5.87;3.20;1.14;102311.60;42292.80;24859.38;28867.4;3.54;1.47;0.86;27/06/2024 16:10:35;
28/06/2024;18;2.0TD;2;0.000112454663000000;0.148;0.905088171;82.005173;19.184;8.779;54.042173;35.21;-1.05897;1.07211;0.75;0.25;82.04167;77.80580;101.96000;48.69000;52.19000;1831.9;275.0;154.0;62.0;10.42;0.154;0.17498;0.04096;0.00;0.000;0.706;0.947;0.000;0.557;47.075;35.02;40.00;27646.2;1102.70;6.08;3.20;1.14;102309.12;48342.84;24859.38;28884.0;3.54;1.67;0.86;27/06/2024 16:10:35;
28/06/2024;19;2.0TD;1;0.000111198291000000;0.148;0.884030058;153.675397;33.081;43.893;76.701397;50.20;-1.05897;1.07211;0.75;0.25;82.04167;77.80580;101.96000;48.69000;52.19000;1831.9;275.0;154.0;62.0;14.10;0.926;0.17498;0.04096;0.00;0.000;1.002;0.947;0.000;0.557;66.813;48.64;75.00;25352.3;1591.70;9.76;3.20;1.14;144059.20;109798.44;24859.38;28557.9;5.04;3.84;0.87;27/06/2024 16:10:35;
28/06/2024;20;2.0TD;1;0.000110323037000000;0.153;0.914646749;200.960775;33.081;43.893;123.986775;88.21;-1.05897;1.07211;0.75;0.25;82.04167;77.80580;101.96000;48.69000;52.19000;1831.9;275.0;154.0;62.0;16.20;0.926;0.17498;0.04096;0.00;0.000;1.613;0.947;0.000;0.557;107.534;88.50;82.17;23170.0;1104.80;11.86;3.20;1.14;103005.20;214200.00;24859.38;28847.6;3.57;7.43;0.86;27/06/2024 16:10:35;
28/06/2024;21;2.0TD;1;0.000111786702000000;0.160;0.957407918;204.952233;33.081;43.893;127.978233;93.70;-1.05897;1.07211;0.75;0.25;82.04167;77.80580;101.96000;48.69000;52.19000;1831.9;275.0;154.0;62.0;13.46;0.926;0.17498;0.04096;0.00;0.000;1.655;0.947;0.000;0.557;110.326;94.04;88.39;20655.8;1327.80;9.12;3.20;1.14;77600.96;160809.60;24859.38;28851.9;2.69;5.57;0.86;27/06/2024 16:10:35;
28/06/2024;22;2.0TD;1;0.000118887083000000;0.160;0.955469568;210.805593;33.081;43.893;133.831593;105.23;-1.05897;1.07211;0.75;0.25;82.04167;77.80580;101.96000;48.69000;52.19000;1831.9;275.0;154.0;62.0;6.90;0.926;0.17498;0.04096;0.00;0.000;1.731;0.947;0.000;0.557;115.372;105.42;102.42;19727.2;1330.30;2.56;3.20;1.14;30029.96;17375.36;24859.38;28216.7;1.06;0.62;0.88;27/06/2024 16:10:35;
28/06/2024;23;2.0TD;2;0.000126265681000000;0.165;1.012132299;171.097304;19.184;8.779;143.134304;113.10;-1.05897;1.07211;0.75;0.25;82.04167;77.80580;101.96000;48.69000;52.19000;1831.9;275.0;154.0;62.0;7.18;0.154;0.17498;0.04096;0.00;0.000;1.843;0.947;0.000;0.557;122.862;113.30;110.15;18850.4;1312.10;2.84;3.20;1.14;24685.60;27856.80;24859.38;27237.4;0.91;1.02;0.91;27/06/2024 16:10:35;
28/06/2024;24;2.0TD;2;0.000114375851000000;0.164;1.006840490;160.740554;19.184;8.779;132.777554;104.97;-1.05897;1.07211;0.75;0.25;82.04167;77.80580;101.96000;48.69000;52.19000;1831.9;275.0;154.0;62.0;6.65;0.154;0.17498;0.04096;0.00;0.000;1.711;0.947;0.000;0.557;114.070;105.18;102.18;17546.9;1336.00;2.31;3.20;1.14;10509.00;23139.04;24859.38;25258.1;0.42;0.92;0.98;27/06/2024 16:10:35;
*
