pvpcdata;
2024;06;11;12;30;58;
08/05/2024;1;2.0TD;3;0.000085577536000000;0.175;0.974476203;76.670561;0.557;2.195;73.918561;29.86;13.54345;1.10423;0.75;0.25;21.24500;75.41880;101.96000;48.69000;28.32000;1775.0;275.0;154.0;61.0;15.43;0.000;0.17498;0.04096;0.00;0.000;0.944;0.947;0.000;0.557;62.909;30.00;28.00;20153.8;1539.00;11.02;3.16;1.25;170103.40;59972.00;24859.38;23130.4;7.35;2.59;1.07;07/05/2024 16:10:15;
08/05/2024;2;2.0TD;3;0.000071680357000000;0.178;0.989998813;67.901778;0.557;2.195;65.149778;20.85;13.54345;1.10423;0.75;0.25;21.24500;75.41880;101.96000;48.69000;28.32000;1775.0;275.0;154.0;61.0;16.95;0.000;0.17498;0.04096;0.00;0.000;0.830;0.947;0.000;0.557;55.305;20.18;29.99;19759.7;1453.00;12.54;3.16;1.25;190603.04;54740.40;24859.38;21544.4;8.85;2.54;1.15;07/05/2024 16:10:15;
08/05/2024;3;2.0TD;3;0.000064097701000000;0.180;0.998955861;67.736268;0.557;2.195;64.984268;19.74;13.54345;1.10423;0.75;0.25;21.24500;75.41880;101.96000;48.69000;28.32000;1775.0;275.0;154.0;61.0;17.83;0.000;0.17498;0.04096;0.00;0.000;0.826;0.947;0.000;0.557;55.071;19.47;23.57;19259.7;1342.30;13.42;3.16;1.25;202232.04;54892.16;24859.38;21013.6;9.62;2.61;1.18;07/05/2024 16:10:15;
08/05/2024;4;2.0TD;3;0.000060481131000000;0.180;1.001722953;66.178668;0.557;2.195;63.426668;17.27;13.54345;1.10423;0.75;0.25;21.24500;75.41880;101.96000;48.69000;28.32000;1775.0;275.0;154.0;61.0;19.00;0.000;0.17498;0.04096;0.00;0.000;0.806;0.947;0.000;0.557;53.751;17.27;17.28;18727.9;1542.00;14.59;3.16;1.25;238470.00;62063.28;0.00;20603.9;11.57;3.01;0.00;07/05/2024 16:10:15;
08/05/2024;5;2.0TD;3;0.000059245188000000;0.180;1.001439169;69.173508;0.557;2.195;66.421508;20.22;13.54345;1.10423;0.75;0.25;21.24500;75.41880;101.96000;48.69000;28.32000;1775.0;275.0;154.0;61.0;18.55;0.000;0.17498;0.04096;0.00;0.000;0.844;0.947;0.000;0.557;56.289;19.47;29.99;18154.5;1385.30;14.14;3.16;1.25;227529.88;58494.96;0.00;20227.3;11.25;2.89;0.00;07/05/2024 16:10:15;
08/05/2024;6;2.0TD;3;0.000060591783000000;0.178;0.988984612;67.219716;0.557;2.195;64.467716;19.09;13.54345;1.10423;0.75;0.25;21.24500;75.41880;101.96000;48.69000;28.32000;1775.0;275.0;154.0;61.0;18.14;0.000;0.17498;0.04096;0.00;0.000;0.821;0.947;0.000;0.557;54.726;18.67;24.77;17738.1;1308.90;13.73;3.16;1.25;231256.72;55401.60;0.00;20871.5;11.08;2.65;0.00;07/05/2024 16:10:15;
08/05/2024;7;2.0TD;3;0.000066627060000000;0.168;0.931563175;68.937203;0.557;2.195;66.185203;21.87;13.54345;1.10423;0.75;0.25;21.24500;75.41880;101.96000;48.69000;28.32000;1775.0;275.0;154.0;61.0;17.27;0.000;0.17498;0.04096;0.00;0.000;0.850;0.947;0.000;0.557;56.665;21.07;32.17;18752.0;1464.80;12.86;3.16;1.25;232963.68;42134.40;24859.38;23338.9;9.98;1.81;1.07;07/05/2024 16:10:15;
08/05/2024;8;2.0TD;3;0.000079410775000000;0.159;0.881653483;78.464155;0.557;2.195;75.712155;35.01;13.54345;1.10423;0.75;0.25;21.24500;75.41880;101.96000;48.69000;28.32000;1775.0;275.0;154.0;61.0;12.66;0.000;0.17498;0.04096;0.00;0.000;0.980;0.947;0.000;0.557;65.325;35.01;35.01;20665.6;892.90;8.25;3.16;1.25;147963.48;43626.24;24859.38;26245.5;5.64;1.66;0.95;07/05/2024 16:10:15;
08/05/2024;9;2.0TD;2;0.000091613818000000;0.174;1.070381163;100.810186;19.184;8.779;72.847186;29.79;13.54345;1.10423;0.75;0.25;21.24500;75.41880;101.96000;48.69000;28.32000;1775.0;275.0;154.0;61.0;14.50;0.154;0.17498;0.04096;0.00;0.000;0.931;0.947;0.000;0.557;62.050;30.00;26.51;22464.4;1409.20;10.09;3.16;1.25;187861.60;68707.76;24859.38;27884.1;6.74;2.46;0.89;07/05/2024 16:10:15;
08/05/2024;10;2.0TD;2;0.000096651919000000;0.144;0.885646833;90.261137;19.184;8.779;62.298137;19.04;13.54345;1.10423;0.75;0.25;21.24500;75.41880;101.96000;48.69000;28.32000;1775.0;275.0;154.0;61.0;17.77;0.154;0.17498;0.04096;0.00;0.000;0.817;0.947;0.000;0.557;54.456;18.67;28.65;26829.2;1046.30;13.36;3.16;1.25;282605.92;61202.00;24859.38;27589.3;10.24;2.22;0.90;07/05/2024 16:10:15;
08/05/2024;11;2.0TD;1;0.000101189989000000;0.144;0.859784956;130.900345;33.081;43.893;53.926345;10.27;13.54345;1.10423;0.75;0.25;21.24500;75.41880;101.96000;48.69000;28.32000;1775.0;275.0;154.0;61.0;18.56;0.926;0.17498;0.04096;0.00;0.000;0.707;0.947;0.000;0.557;47.138;10.00;17.50;29790.0;1126.20;14.15;3.16;1.25;320446.16;44243.20;24859.38;27520.2;11.64;1.61;0.90;07/05/2024 16:10:15;
08/05/2024;12;2.0TD;1;0.000102815369000000;0.144;0.864094688;126.441033;33.081;43.893;49.467033;6.55;13.54345;1.10423;0.75;0.25;21.24500;75.41880;101.96000;48.69000;28.32000;1775.0;275.0;154.0;61.0;18.44;0.926;0.17498;0.04096;0.00;0.000;0.649;0.947;0.000;0.557;43.240;6.55;6.55;31077.9;1610.90;14.03;3.16;1.25;334414.76;24152.80;24859.38;27327.4;12.24;0.88;0.91;07/05/2024 16:10:15;
08/05/2024;13;2.0TD;1;0.000106926211000000;0.142;0.852328643;122.910281;33.081;43.893;45.936281;3.25;13.54345;1.10423;0.75;0.25;21.24500;75.41880;101.96000;48.69000;28.32000;1775.0;275.0;154.0;61.0;18.77;0.926;0.17498;0.04096;0.00;0.000;0.603;0.947;0.000;0.557;40.224;3.25;3.25;31381.5;1777.20;14.36;3.16;1.25;348079.20;20275.20;24859.38;27387.0;12.71;0.74;0.91;07/05/2024 16:10:15;
08/05/2024;14;2.0TD;1;0.000113989709000000;0.138;0.825029466;122.414811;33.081;43.893;45.440811;3.25;13.54345;1.10423;0.75;0.25;21.24500;75.41880;101.96000;48.69000;28.32000;1775.0;275.0;154.0;61.0;18.48;0.926;0.17498;0.04096;0.00;0.000;0.599;0.947;0.000;0.557;39.930;3.25;3.25;31489.5;1762.50;14.07;3.16;1.25;339908.64;19641.60;24859.38;27327.6;12.44;0.72;0.91;07/05/2024 16:10:15;
08/05/2024;15;2.0TD;2;0.000113122237000000;0.157;0.962598722;73.572419;19.184;8.779;45.609419;3.25;13.54345;1.10423;0.75;0.25;21.24500;75.41880;101.96000;48.69000;28.32000;1775.0;275.0;154.0;61.0;18.75;0.154;0.17498;0.04096;0.00;0.000;0.591;0.947;0.000;0.557;39.420;3.25;3.25;31208.8;1788.60;14.34;3.16;1.25;339992.64;20262.40;24859.38;26872.9;12.65;0.75;0.93;07/05/2024 16:10:15;
08/05/2024;16;2.0TD;2;0.000103352303000000;0.163;0.999505406;74.376485;19.184;8.779;46.413485;3.25;13.54345;1.10423;0.75;0.25;21.24500;75.41880;101.96000;48.69000;28.32000;1775.0;275.0;154.0;61.0;19.23;0.154;0.17498;0.04096;0.00;0.000;0.599;0.947;0.000;0.557;39.908;3.25;3.25;30768.6;1739.70;14.82;3.16;1.25;340103.96;20249.60;24859.38;25994.3;13.08;0.78;0.96;07/05/2024 16:10:15;
08/05/2024;17;2.0TD;2;0.000097100316000000;0.168;1.028278956;74.836491;19.184;8.779;46.873491;3.24;13.54345;1.10423;0.75;0.25;21.24500;75.41880;101.96000;48.69000;28.32000;1775.0;275.0;154.0;61.0;19.46;0.154;0.17498;0.04096;0.00;0.000;0.602;0.947;0.000;0.557;40.131;3.25;3.10;30308.5;1727.60;15.05;3.16;1.25;340251.16;19616.80;24859.38;25556.8;13.31;0.77;0.97;07/05/2024 16:10:15;
08/05/2024;18;2.0TD;2;0.000097067319000000;0.172;1.057622337;75.008737;19.184;8.779;47.045737;3.44;13.54345;1.10423;0.75;0.25;21.24500;75.41880;101.96000;48.69000;28.32000;1775.0;275.0;154.0;61.0;19.27;0.154;0.17498;0.04096;0.00;0.000;0.602;0.947;0.000;0.557;40.141;3.60;0.70;29872.5;1768.60;14.86;3.16;1.25;339621.64;20501.00;24859.38;25917.4;13.10;0.79;0.96;07/05/2024 16:10:15;
08/05/2024;19;2.0TD;1;0.000098948270000000;0.151;0.903154522;132.246647;33.081;43.893;55.272647;10.23;13.54345;1.10423;0.75;0.25;21.24500;75.41880;101.96000;48.69000;28.32000;1775.0;275.0;154.0;61.0;19.47;0.926;0.17498;0.04096;0.00;0.000;0.720;0.947;0.000;0.557;48.021;10.00;16.16;28457.8;1080.80;15.06;3.16;1.25;312413.40;48952.96;24859.38;25656.1;12.18;1.91;0.97;07/05/2024 16:10:15;
08/05/2024;20;2.0TD;1;0.000104246882000000;0.157;0.937865104;147.300410;33.081;43.893;70.326410;24.85;13.54345;1.10423;0.75;0.25;21.24500;75.41880;101.96000;48.69000;28.32000;1775.0;275.0;154.0;61.0;17.42;0.926;0.17498;0.04096;0.00;0.000;0.912;0.947;0.000;0.557;60.783;24.50;35.60;25156.7;814.30;13.01;3.16;1.25;246459.28;70565.40;24859.38;26288.9;9.38;2.68;0.95;07/05/2024 16:10:15;
08/05/2024;21;2.0TD;1;0.000116754628000000;0.164;0.982822005;161.185226;33.081;43.893;84.211226;39.59;13.54345;1.10423;0.75;0.25;21.24500;75.41880;101.96000;48.69000;28.32000;1775.0;275.0;154.0;61.0;14.07;0.926;0.17498;0.04096;0.00;0.000;1.085;0.947;0.000;0.557;72.346;39.52;41.51;25073.6;950.30;9.66;3.16;1.25;186264.64;56897.28;24859.38;27762.0;6.71;2.05;0.90;07/05/2024 16:10:15;
08/05/2024;22;2.0TD;1;0.000134734631000000;0.169;1.013386649;186.778654;33.081;43.893;109.804654;63.38;13.54345;1.10423;0.75;0.25;21.24500;75.41880;101.96000;48.69000;28.32000;1775.0;275.0;154.0;61.0;11.54;0.926;0.17498;0.04096;0.00;0.000;1.409;0.947;0.000;0.557;93.930;63.38;63.39;22079.6;951.60;7.13;3.16;1.25;149835.44;29202.00;24859.38;28603.1;5.24;1.02;0.87;07/05/2024 16:10:15;
08/05/2024;23;2.0TD;2;0.000126979178000000;0.198;1.217216632;129.968404;19.184;8.779;102.005404;54.36;13.54345;1.10423;0.75;0.25;21.24500;75.41880;101.96000;48.69000;28.32000;1775.0;275.0;154.0;61.0;12.68;0.154;0.17498;0.04096;0.00;0.000;1.277;0.947;0.000;0.557;85.146;54.36;54.37;22204.9;925.40;8.27;3.16;1.25;155907.16;39708.48;24859.38;26633.9;5.85;1.49;0.93;07/05/2024 16:10:15;
08/05/2024;24;2.0TD;2;0.000104938666000000;0.202;1.236523463;124.951675;19.184;8.779;96.988675;51.95;13.54345;1.10423;0.75;0.25;21.24500;75.41880;101.96000;48.69000;28.32000;1775.0;275.0;154.0;61.0;10.70;0.154;0.17498;0.04096;0.00;0.000;1.210;0.947;0.000;0.557;80.689;51.91;52.79;19829.6;841.90;6.29;3.16;1.25;84411.96;41368.32;24859.38;23965.0;3.52;1.73;1.04;07/05/2024 16:10:15;
*
