pvpcdata;
2024;02;09;12;01;46;
21/01/2024;1;2.0TD;3;0.000143636034000000;0.253;1.403985161;116.198063;0.557;2.195;113.446063;68.90;8.47273;0.69483;0.75;0.25;64.40167;98.29260;101.96000;97.42000;81.63000;2959.0;275.0;177.0;62.0;13.06;0.000;0.17498;0.03702;0.00;0.000;0.000;1.358;0.565;0.000;0.557;90.539;69.07;66.00;13727.5;781.80;7.92;3.56;1.58;104236.16;64047.84;24859.38;24405.2;4.27;2.62;1.02;20/01/2024 16:10:19;
21/01/2024;2;2.0TD;3;0.000121257678000000;0.261;1.452409565;104.580973;0.557;2.195;101.828973;58.95;8.47273;0.69483;0.75;0.25;64.40167;98.29260;101.96000;97.42000;81.63000;2959.0;275.0;177.0;62.0;13.37;0.000;0.17498;0.03702;0.00;0.000;0.000;1.211;0.565;0.000;0.557;80.752;59.11;55.86;14769.6;788.60;8.23;3.56;1.58;124467.16;65134.48;0.00;23026.1;5.41;2.83;0.00;20/01/2024 16:10:19;
21/01/2024;3;2.0TD;3;0.000104268088000000;0.273;1.516806716;105.226661;0.557;2.195;102.474661;58.02;8.47273;0.69483;0.75;0.25;64.40167;98.29260;101.96000;97.42000;81.63000;2959.0;275.0;177.0;62.0;14.05;0.000;0.17498;0.03702;0.00;0.000;0.000;1.207;0.565;0.000;0.557;80.498;58.20;54.20;15045.0;720.50;8.91;3.56;1.58;125543.76;67627.36;0.00;21673.2;5.79;3.12;0.00;20/01/2024 16:10:19;
21/01/2024;4;2.0TD;3;0.000093998738000000;0.278;1.543038231;105.422118;0.557;2.195;102.670118;57.36;8.47273;0.69483;0.75;0.25;64.40167;98.29260;101.96000;97.42000;81.63000;2959.0;275.0;177.0;62.0;14.55;0.000;0.17498;0.03702;0.00;0.000;0.000;1.205;0.565;0.000;0.557;80.336;57.57;53.57;14826.5;840.20;9.41;3.56;1.58;126671.60;69864.56;0.00;20883.2;6.07;3.35;0.00;20/01/2024 16:10:19;
21/01/2024;5;2.0TD;3;0.000088667167000000;0.280;1.555036841;105.738951;0.557;2.195;102.986951;57.28;8.47273;0.69483;0.75;0.25;64.40167;98.29260;101.96000;97.42000;81.63000;2959.0;275.0;177.0;62.0;14.75;0.000;0.17498;0.03702;0.00;0.000;0.000;1.207;0.565;0.000;0.557;80.458;57.50;53.50;14749.8;858.50;9.61;3.56;1.58;126437.88;70759.44;0.00;20509.4;6.16;3.45;0.00;20/01/2024 16:10:19;
21/01/2024;6;2.0TD;3;0.000087331049000000;0.278;1.542115227;105.797850;0.557;2.195;103.045850;57.32;8.47273;0.69483;0.75;0.25;64.40167;98.29260;101.96000;97.42000;81.63000;2959.0;275.0;177.0;62.0;14.88;0.000;0.17498;0.03702;0.00;0.000;0.000;1.209;0.565;0.000;0.557;80.630;57.50;54.50;13992.3;895.60;9.74;3.56;1.58;126768.36;71910.00;0.00;20401.8;6.21;3.52;0.00;20/01/2024 16:10:19;
21/01/2024;7;2.0TD;3;0.000088761417000000;0.274;1.522126391;105.113512;0.557;2.195;102.361512;57.30;8.47273;0.69483;0.75;0.25;64.40167;98.29260;101.96000;97.42000;81.63000;2959.0;275.0;177.0;62.0;14.62;0.000;0.17498;0.03702;0.00;0.000;0.000;1.205;0.565;0.000;0.557;80.346;57.50;54.38;13701.9;927.30;9.48;3.56;1.58;125283.36;71910.00;0.00;20804.2;6.02;3.46;0.00;20/01/2024 16:10:19;
21/01/2024;8;2.0TD;3;0.000093188632000000;0.263;1.460912261;105.678361;0.557;2.195;102.926361;58.94;8.47273;0.69483;0.75;0.25;64.40167;98.29260;101.96000;97.42000;81.63000;2959.0;275.0;177.0;62.0;14.11;0.000;0.17498;0.03702;0.00;0.000;0.000;1.222;0.565;0.000;0.557;81.493;59.00;57.90;13318.3;728.20;8.97;3.56;1.58;122547.04;71910.00;0.00;21675.0;5.65;3.32;0.00;20/01/2024 16:10:19;
21/01/2024;9;2.0TD;3;0.000102081465000000;0.251;1.395861991;105.247125;0.557;2.195;102.495125;59.89;8.47273;0.69483;0.75;0.25;64.40167;98.29260;101.96000;97.42000;81.63000;2959.0;275.0;177.0;62.0;13.59;0.000;0.17498;0.03702;0.00;0.000;0.000;1.229;0.565;0.000;0.557;81.930;60.10;56.00;12892.3;710.50;8.45;3.56;1.58;120117.60;71910.00;0.00;22716.9;5.29;3.17;0.00;20/01/2024 16:10:19;
21/01/2024;10;2.0TD;3;0.000125140957000000;0.231;1.283658855;102.658182;0.557;2.195;99.906182;58.84;8.47273;0.69483;0.75;0.25;64.40167;98.29260;101.96000;97.42000;81.63000;2959.0;275.0;177.0;62.0;13.88;0.000;0.17498;0.03702;0.00;0.000;0.000;1.217;0.565;0.000;0.557;81.158;59.00;55.75;14473.5;749.70;8.74;3.56;1.58;122521.80;90763.04;0.00;24412.0;5.02;3.72;0.00;20/01/2024 16:10:19;
21/01/2024;11;2.0TD;3;0.000149097215000000;0.211;1.171838328;99.092567;0.557;2.195;96.340567;58.52;8.47273;0.69483;0.75;0.25;64.40167;98.29260;101.96000;97.42000;81.63000;2959.0;275.0;177.0;62.0;12.62;0.000;0.17498;0.03702;0.00;0.000;0.000;1.193;0.565;0.000;0.557;79.554;58.64;55.39;16314.3;611.20;7.48;3.56;1.58;98713.48;97127.68;0.00;26172.6;3.77;3.71;0.00;20/01/2024 16:10:19;
21/01/2024;12;2.0TD;3;0.000158844658000000;0.205;1.136389187;96.022080;0.557;2.195;93.270080;56.69;8.47273;0.69483;0.75;0.25;64.40167;98.29260;101.96000;97.42000;81.63000;2959.0;275.0;177.0;62.0;12.33;0.000;0.17498;0.03702;0.00;0.000;0.000;1.161;0.565;0.000;0.557;77.402;56.80;53.55;18271.5;667.60;7.19;3.56;1.58;101030.44;91739.68;0.00;26810.3;3.77;3.42;0.00;20/01/2024 16:10:19;
21/01/2024;13;2.0TD;3;0.000159489097000000;0.203;1.126373776;94.402020;0.557;2.195;91.650020;56.25;8.47273;0.69483;0.75;0.25;64.40167;98.29260;101.96000;97.42000;81.63000;2959.0;275.0;177.0;62.0;11.57;0.000;0.17498;0.03702;0.00;0.000;0.000;1.143;0.565;0.000;0.557;76.184;56.36;53.11;19258.2;643.40;6.43;3.56;1.58;101433.96;71910.00;0.00;26962.9;3.76;2.67;0.00;20/01/2024 16:10:19;
21/01/2024;14;2.0TD;3;0.000165686617000000;0.201;1.114322345;83.581168;0.557;2.195;80.829168;47.29;8.47273;0.69483;0.75;0.25;64.40167;98.29260;101.96000;97.42000;81.63000;2959.0;275.0;177.0;62.0;11.78;0.000;0.17498;0.03702;0.00;0.000;0.000;1.010;0.565;0.000;0.557;67.301;47.42;43.62;20755.1;757.50;6.64;3.56;1.58;111725.84;71775.00;0.00;27647.6;4.04;2.60;0.00;20/01/2024 16:10:19;
21/01/2024;15;2.0TD;3;0.000167071896000000;0.202;1.120638267;89.823144;0.557;2.195;87.071144;52.58;8.47273;0.69483;0.75;0.25;64.40167;98.29260;101.96000;97.42000;81.63000;2959.0;275.0;177.0;62.0;11.55;0.000;0.17498;0.03702;0.00;0.000;0.000;1.087;0.565;0.000;0.557;72.438;52.67;50.01;20427.3;750.10;6.41;3.56;1.58;105565.00;71973.92;0.00;27712.8;3.81;2.60;0.00;20/01/2024 16:10:19;
21/01/2024;16;2.0TD;3;0.000151900626000000;0.214;1.186670832;92.737997;0.557;2.195;89.985997;53.62;8.47273;0.69483;0.75;0.25;64.40167;98.29260;101.96000;97.42000;81.63000;2959.0;275.0;177.0;62.0;12.17;0.000;0.17498;0.03702;0.00;0.000;0.000;1.112;0.565;0.000;0.557;74.123;53.75;50.01;19479.5;673.80;7.03;3.56;1.58;104428.92;82897.92;0.00;26661.9;3.92;3.11;0.00;20/01/2024 16:10:19;
21/01/2024;17;2.0TD;3;0.000143912774000000;0.223;1.241221564;98.085530;0.557;2.195;95.333530;56.78;8.47273;0.69483;0.75;0.25;64.40167;98.29260;101.96000;97.42000;81.63000;2959.0;275.0;177.0;62.0;12.78;0.000;0.17498;0.03702;0.00;0.000;0.000;1.169;0.565;0.000;0.557;77.950;56.89;53.90;17694.7;665.30;7.64;3.56;1.58;100834.20;97702.40;0.00;25973.9;3.88;3.76;0.00;20/01/2024 16:10:19;
21/01/2024;18;2.0TD;3;0.000145140996000000;0.230;1.275150791;107.297763;0.557;2.195;104.545763;64.89;8.47273;0.69483;0.75;0.25;64.40167;98.29260;101.96000;97.42000;81.63000;2959.0;275.0;177.0;62.0;11.61;0.000;0.17498;0.03702;0.00;0.000;0.000;1.275;0.565;0.000;0.557;84.996;64.89;64.89;14635.1;545.30;6.47;3.56;1.58;79696.44;89100.00;0.00;26093.3;3.05;3.41;0.00;20/01/2024 16:10:19;
21/01/2024;19;2.0TD;3;0.000167727728000000;0.230;1.277051424;127.789563;0.557;2.195;125.037563;83.98;8.47273;0.69483;0.75;0.25;64.40167;98.29260;101.96000;97.42000;81.63000;2959.0;275.0;177.0;62.0;8.93;0.000;0.17498;0.03702;0.00;0.000;0.000;1.525;0.565;0.000;0.557;101.656;83.98;83.98;14426.1;614.30;3.79;3.56;1.58;62087.00;43066.56;0.00;27713.1;2.24;1.55;0.00;20/01/2024 16:10:19;
21/01/2024;20;2.0TD;3;0.000187268125000000;0.230;1.278311548;140.726703;0.557;2.195;137.974703;93.50;8.47273;0.69483;0.75;0.25;64.40167;98.29260;101.96000;97.42000;81.63000;2959.0;275.0;177.0;62.0;9.77;0.000;0.17498;0.03702;0.00;0.000;0.000;1.683;0.565;0.000;0.557;112.174;93.52;93.16;15506.4;709.60;4.63;3.56;1.58;110380.24;25058.80;0.00;29246.2;3.77;0.86;0.00;20/01/2024 16:10:19;
21/01/2024;21;2.0TD;3;0.000200844466000000;0.229;1.272914785;143.196658;0.557;2.195;140.444658;95.57;8.47273;0.69483;0.75;0.25;64.40167;98.29260;101.96000;97.42000;81.63000;2959.0;275.0;177.0;62.0;9.77;0.000;0.17498;0.03702;0.00;0.000;0.000;1.714;0.565;0.000;0.557;114.275;95.62;94.50;16078.7;827.70;4.63;3.56;1.58;113775.12;26499.84;0.00;30273.1;3.76;0.88;0.00;20/01/2024 16:10:19;
21/01/2024;22;2.0TD;3;0.000203761882000000;0.228;1.268499258;141.287046;0.557;2.195;138.535046;94.43;8.47273;0.69483;0.75;0.25;64.40167;98.29260;101.96000;97.42000;81.63000;2959.0;275.0;177.0;62.0;9.47;0.000;0.17498;0.03702;0.00;0.000;0.000;1.692;0.565;0.000;0.557;112.813;94.52;92.67;15950.7;770.70;4.33;3.56;1.58;75279.76;29952.00;24859.38;30077.8;2.50;1.00;0.83;20/01/2024 16:10:19;
21/01/2024;23;2.0TD;3;0.000186999093000000;0.231;1.280642631;120.292257;0.557;2.195;117.540257;76.65;8.47273;0.69483;0.75;0.25;64.40167;98.29260;101.96000;97.42000;81.63000;2959.0;275.0;177.0;62.0;10.18;0.000;0.17498;0.03702;0.00;0.000;0.000;1.432;0.565;0.000;0.557;95.483;76.83;73.00;15458.5;745.80;5.04;3.56;1.58;68157.60;49857.60;24859.38;28337.3;2.41;1.76;0.88;20/01/2024 16:10:19;
21/01/2024;24;2.0TD;3;0.000158592929000000;0.236;1.311806445;98.860339;0.557;2.195;96.108339;59.07;8.47273;0.69483;0.75;0.25;64.40167;98.29260;101.96000;97.42000;81.63000;2959.0;275.0;177.0;62.0;10.30;0.000;0.17498;0.03702;0.00;0.000;0.000;1.166;0.565;0.000;0.557;77.757;59.20;56.20;15994.8;697.50;5.16;3.56;1.58;36050.04;72868.80;24859.38;25938.1;1.39;2.81;0.96;20/01/2024 16:10:19;
*
