pvpcdata;
2024;12;11;12;05;47;
30/11/2024;1;2.0TD;3;0.000114491983000000;0.220;1.222336414;176.897612;0.557;2.195;174.145612;135.60;-7.72288;0.94512;0.75;0.25;124.00833;93.11680;101.96000;84.74000;75.52000;2205.0;275.0;200.0;46.0;10.58;0.000;0.17498;0.04096;0.00;0.000;2.141;0.947;0.000;0.557;142.742;136.15;129.97;16884.2;1646.00;6.34;3.21;1.03;69026.08;56208.00;24859.38;23661.7;2.92;2.38;1.05;29/11/2024 16:25:30;
30/11/2024;2;2.0TD;3;0.000095393580000000;0.232;1.288114165;169.280584;0.557;2.195;166.528584;127.76;-7.72288;0.94512;0.75;0.25;124.00833;93.11680;101.96000;84.74000;75.52000;2205.0;275.0;200.0;46.0;10.96;0.000;0.17498;0.04096;0.00;0.000;2.028;0.947;0.000;0.557;135.169;128.50;120.49;15421.1;1565.60;6.72;3.21;1.03;88320.52;36040.00;24859.38;22223.3;3.97;1.62;1.12;29/11/2024 16:25:30;
30/11/2024;3;2.0TD;3;0.000083330124000000;0.240;1.330714212;176.404458;0.557;2.195;173.652458;131.86;-7.72288;0.94512;0.75;0.25;124.00833;93.11680;101.96000;84.74000;75.52000;2205.0;275.0;200.0;46.0;11.66;0.000;0.17498;0.04096;0.00;0.000;2.101;0.947;0.000;0.557;140.042;132.83;122.83;14851.8;1588.10;7.42;3.21;1.03;87026.20;45880.00;24859.38;21270.4;4.09;2.16;1.17;29/11/2024 16:25:30;
30/11/2024;4;2.0TD;3;0.000076697557000000;0.242;1.345869427;171.186209;0.557;2.195;168.434209;128.16;-7.72288;0.94512;0.75;0.25;124.00833;93.11680;101.96000;84.74000;75.52000;2205.0;275.0;200.0;46.0;11.00;0.000;0.17498;0.04096;0.00;0.000;2.034;0.947;0.000;0.557;135.615;129.50;116.55;14028.0;1625.50;6.76;3.21;1.03;95255.36;43880.00;0.00;20573.2;4.63;2.13;0.00;29/11/2024 16:25:30;
30/11/2024;5;2.0TD;3;0.000073716276000000;0.243;1.350282993;169.278332;0.557;2.195;166.526332;126.12;-7.72288;0.94512;0.75;0.25;124.00833;93.11680;101.96000;84.74000;75.52000;2205.0;275.0;200.0;46.0;11.42;0.000;0.17498;0.04096;0.00;0.000;2.010;0.947;0.000;0.557;133.971;127.29;116.30;13874.9;1654.50;7.18;3.21;1.03;103878.36;41680.00;0.00;20276.2;5.12;2.06;0.00;29/11/2024 16:25:30;
30/11/2024;6;2.0TD;3;0.000074232103000000;0.243;1.347980714;167.182634;0.557;2.195;164.430634;124.34;-7.72288;0.94512;0.75;0.25;124.00833;93.11680;101.96000;84.74000;75.52000;2205.0;275.0;200.0;46.0;11.54;0.000;0.17498;0.04096;0.00;0.000;1.984;0.947;0.000;0.557;132.285;125.34;116.13;13730.8;1673.60;7.30;3.21;1.03;108218.00;40000.00;0.00;20296.5;5.33;1.97;0.00;29/11/2024 16:25:30;
30/11/2024;7;2.0TD;3;0.000077681693000000;0.232;1.286352012;164.814584;0.557;2.195;162.062584;124.23;-7.72288;0.94512;0.75;0.25;124.00833;93.11680;101.96000;84.74000;75.52000;2205.0;275.0;200.0;46.0;10.92;0.000;0.17498;0.04096;0.00;0.000;1.973;0.947;0.000;0.557;131.544;125.34;115.17;14011.0;1708.30;6.68;3.21;1.03;107781.60;32038.72;0.00;20946.5;5.15;1.53;0.00;29/11/2024 16:25:30;
30/11/2024;8;2.0TD;3;0.000085735101000000;0.222;1.234602021;169.665353;0.557;2.195;166.913353;131.77;-7.72288;0.94512;0.75;0.25;124.00833;93.11680;101.96000;84.74000;75.52000;2205.0;275.0;200.0;46.0;8.35;0.000;0.17498;0.04096;0.00;0.000;2.049;0.947;0.000;0.557;136.590;132.83;122.43;14502.7;1647.70;4.11;3.21;1.03;62143.28;29616.00;0.00;22348.9;2.78;1.33;0.00;29/11/2024 16:25:30;
30/11/2024;9;2.0TD;3;0.000100482374000000;0.210;1.164210580;186.366239;0.557;2.195;183.614239;136.88;-7.72288;0.94512;0.75;0.25;124.00833;93.11680;101.96000;84.74000;75.52000;2205.0;275.0;200.0;46.0;18.17;0.000;0.17498;0.04096;0.00;0.000;2.276;0.947;0.000;0.557;151.747;137.07;134.57;15348.7;1275.20;13.93;3.21;1.03;29644.04;297688.00;0.00;23499.7;1.26;12.67;0.00;29/11/2024 16:25:30;
30/11/2024;10;2.0TD;3;0.000123270753000000;0.187;1.041582685;170.234501;0.557;2.195;167.482501;122.76;-7.72288;0.94512;0.75;0.25;124.00833;93.11680;101.96000;84.74000;75.52000;2205.0;275.0;200.0;46.0;21.80;0.000;0.17498;0.04096;0.00;0.000;2.116;0.947;0.000;0.557;141.097;122.77;122.67;17337.4;1172.30;17.56;3.21;1.03;62480.04;377418.88;0.00;25046.5;2.49;15.07;0.00;29/11/2024 16:25:30;
30/11/2024;11;2.0TD;3;0.000135956048000000;0.177;0.983496326;136.943306;0.557;2.195;134.191306;100.00;-7.72288;0.94512;0.75;0.25;124.00833;93.11680;101.96000;84.74000;75.52000;2205.0;275.0;200.0;46.0;17.88;0.000;0.17498;0.04096;0.00;0.000;1.710;0.947;0.000;0.557;114.011;100.00;100.00;19447.2;1357.10;13.64;3.21;1.03;85319.64;273856.00;0.00;26336.0;3.24;10.40;0.00;29/11/2024 16:25:30;
30/11/2024;12;2.0TD;3;0.000136307259000000;0.174;0.965129710;117.185660;0.557;2.195;114.433660;88.67;-7.72288;0.94512;0.75;0.25;124.00833;93.11680;101.96000;84.74000;75.52000;2205.0;275.0;200.0;46.0;12.92;0.000;0.17498;0.04096;0.00;0.000;1.462;0.947;0.000;0.557;97.473;88.67;88.67;20468.2;1231.90;8.68;3.21;1.03;98174.28;129504.00;0.00;26216.9;3.74;4.94;0.00;29/11/2024 16:25:30;
30/11/2024;13;2.0TD;3;0.000134753095000000;0.172;0.957567777;118.739338;0.557;2.195;115.987338;89.77;-7.72288;0.94512;0.75;0.25;124.00833;93.11680;101.96000;84.74000;75.52000;2205.0;275.0;200.0;46.0;13.29;0.000;0.17498;0.04096;0.00;0.000;1.484;0.947;0.000;0.557;98.965;89.49;94.59;19301.9;1104.00;9.05;3.21;1.03;108908.36;123312.00;0.00;25649.8;4.25;4.81;0.00;29/11/2024 16:25:30;
30/11/2024;14;2.0TD;3;0.000141829878000000;0.169;0.938496539;121.077368;0.557;2.195;118.325368;92.24;-7.72288;0.94512;0.75;0.25;124.00833;93.11680;101.96000;84.74000;75.52000;2205.0;275.0;200.0;46.0;13.04;0.000;0.17498;0.04096;0.00;0.000;1.518;0.947;0.000;0.557;101.219;92.00;97.10;19066.8;924.60;8.80;3.21;1.03;105996.48;119189.16;0.00;25575.2;4.14;4.66;0.00;29/11/2024 16:25:30;
30/11/2024;15;2.0TD;3;0.000142462611000000;0.175;0.974205653;129.581858;0.557;2.195;126.829858;99.36;-7.72288;0.94512;0.75;0.25;124.00833;93.11680;101.96000;84.74000;75.52000;2205.0;275.0;200.0;46.0;12.54;0.000;0.17498;0.04096;0.00;0.000;1.619;0.947;0.000;0.557;107.940;99.17;102.92;18478.1;959.60;8.30;3.21;1.03;97011.40;113070.00;0.00;25317.5;3.83;4.47;0.00;29/11/2024 16:25:30;
30/11/2024;16;2.0TD;3;0.000130847338000000;0.188;1.044812845;147.942594;0.557;2.195;145.190594;105.99;-7.72288;0.94512;0.75;0.25;124.00833;93.11680;101.96000;84.74000;75.52000;2205.0;275.0;200.0;46.0;19.97;0.000;0.17498;0.04096;0.00;0.000;1.833;0.947;0.000;0.557;122.214;105.99;105.99;17811.4;1205.50;15.73;3.21;1.03;89179.52;299769.92;0.00;24722.4;3.61;12.13;0.00;29/11/2024 16:25:30;
30/11/2024;17;2.0TD;3;0.000124181690000000;0.195;1.083790317;164.934180;0.557;2.195;162.182180;120.91;-7.72288;0.94512;0.75;0.25;124.00833;93.11680;101.96000;84.74000;75.52000;2205.0;275.0;200.0;46.0;18.35;0.000;0.17498;0.04096;0.00;0.000;2.036;0.947;0.000;0.557;135.717;120.91;120.91;16816.4;1231.80;14.11;3.21;1.03;64067.52;275789.76;0.00;24082.9;2.66;11.45;0.00;29/11/2024 16:25:30;
30/11/2024;18;2.0TD;3;0.000128132435000000;0.200;1.111967956;181.668766;0.557;2.195;178.916766;136.67;-7.72288;0.94512;0.75;0.25;124.00833;93.11680;101.96000;84.74000;75.52000;2205.0;275.0;200.0;46.0;15.77;0.000;0.17498;0.04096;0.00;0.000;2.236;0.947;0.000;0.557;149.097;136.67;136.67;16807.1;1048.60;11.53;3.21;1.03;38311.72;242624.00;0.00;24358.7;1.57;9.96;0.00;29/11/2024 16:25:30;
30/11/2024;19;2.0TD;3;0.000146398483000000;0.199;1.103585070;179.146848;0.557;2.195;176.394848;142.54;-7.72288;0.94512;0.75;0.25;124.00833;93.11680;101.96000;84.74000;75.52000;2205.0;275.0;200.0;46.0;7.95;0.000;0.17498;0.04096;0.00;0.000;2.207;0.947;0.000;0.557;147.118;142.50;143.30;17164.4;984.50;3.71;3.21;1.03;30177.48;65376.00;0.00;25745.6;1.17;2.54;0.00;29/11/2024 16:25:30;
30/11/2024;20;2.0TD;3;0.000153755232000000;0.204;1.135573423;179.515219;0.557;2.195;176.763219;142.27;-7.72288;0.94512;0.75;0.25;124.00833;93.11680;101.96000;84.74000;75.52000;2205.0;275.0;200.0;46.0;7.92;0.000;0.17498;0.04096;0.00;0.000;2.202;0.947;0.000;0.557;146.813;142.27;142.27;17044.1;1080.60;3.68;3.21;1.03;63703.20;33760.00;0.00;26456.5;2.41;1.28;0.00;29/11/2024 16:25:30;
30/11/2024;21;2.0TD;3;0.000160330587000000;0.206;1.142286182;178.083060;0.557;2.195;175.331060;141.77;-7.72288;0.94512;0.75;0.25;124.00833;93.11680;101.96000;84.74000;75.52000;2205.0;275.0;200.0;46.0;7.01;0.000;0.17498;0.04096;0.00;0.000;2.181;0.947;0.000;0.557;145.382;141.74;142.25;16862.3;1111.40;2.77;3.21;1.03;43995.24;29520.00;0.00;26586.3;1.65;1.11;0.00;29/11/2024 16:25:30;
30/11/2024;22;2.0TD;3;0.000163781119000000;0.206;1.142578746;179.257704;0.557;2.195;176.505704;141.50;-7.72288;0.94512;0.75;0.25;124.00833;93.11680;101.96000;84.74000;75.52000;2205.0;275.0;200.0;46.0;8.24;0.000;0.17498;0.04096;0.00;0.000;2.195;0.947;0.000;0.557;146.356;141.50;141.50;17007.7;1094.90;4.00;3.21;1.03;43410.12;37280.00;24859.38;26397.8;1.64;1.41;0.94;29/11/2024 16:25:30;
30/11/2024;23;2.0TD;3;0.000154074736000000;0.211;1.174445736;177.173910;0.557;2.195;174.421910;140.00;-7.72288;0.94512;0.75;0.25;124.00833;93.11680;101.96000;84.74000;75.52000;2205.0;275.0;200.0;46.0;7.45;0.000;0.17498;0.04096;0.00;0.000;2.160;0.947;0.000;0.557;144.031;140.00;140.01;17058.2;930.90;3.21;3.21;1.03;15531.48;38600.00;24859.38;24614.5;0.63;1.57;1.01;29/11/2024 16:25:30;
30/11/2024;24;2.0TD;3;0.000136333646000000;0.218;1.211621693;175.944664;0.557;2.195;173.192664;137.67;-7.72288;0.94512;0.75;0.25;124.00833;93.11680;101.96000;84.74000;75.52000;2205.0;275.0;200.0;46.0;7.97;0.000;0.17498;0.04096;0.00;0.000;2.133;0.947;0.000;0.557;142.194;137.67;137.67;15972.3;984.60;3.73;3.21;1.03;23838.04;37061.68;24859.38;23007.9;1.04;1.61;1.08;29/11/2024 16:25:30;
*
