pvpcdata;
2024;12;11;12;05;46;
29/11/2024;1;2.0TD;3;0.000106810765000000;0.217;1.205695929;154.662277;0.557;2.195;151.910277;120.40;-8.50997;0.95404;0.75;0.25;127.15667;93.11680;101.96000;84.74000;75.52000;2184.4;275.0;200.0;46.0;8.95;0.000;0.17498;0.04096;0.00;0.000;1.872;0.947;0.000;0.557;124.823;120.90;114.95;16255.1;1501.90;4.71;3.21;1.03;53355.92;34720.00;24859.38;24013.7;2.22;1.45;1.04;28/11/2024 16:05:14;
29/11/2024;2;2.0TD;3;0.000088402670000000;0.223;1.241600524;143.206902;0.557;2.195;140.454902;109.78;-8.50997;0.95404;0.75;0.25;127.15667;93.11680;101.96000;84.74000;75.52000;2184.4;275.0;200.0;46.0;9.74;0.000;0.17498;0.04096;0.00;0.000;1.723;0.947;0.000;0.557;114.844;109.78;109.78;15397.7;1265.80;5.50;3.21;1.03;70972.84;28080.00;24859.38;22509.9;3.15;1.25;1.10;28/11/2024 16:05:14;
29/11/2024;3;2.0TD;3;0.000077819655000000;0.230;1.278165039;142.823863;0.557;2.195;140.071863;105.00;-8.50997;0.95404;0.75;0.25;127.15667;93.11680;101.96000;84.74000;75.52000;2184.4;275.0;200.0;46.0;13.57;0.000;0.17498;0.04096;0.00;0.000;1.708;0.947;0.000;0.557;113.879;105.00;105.00;15331.4;841.00;9.33;3.21;1.03;146875.88;29480.00;24859.38;21558.6;6.81;1.37;1.15;28/11/2024 16:05:14;
29/11/2024;4;2.0TD;3;0.000072595558000000;0.232;1.287880669;141.825783;0.557;2.195;139.073783;104.83;-8.50997;0.95404;0.75;0.25;127.15667;93.11680;101.96000;84.74000;75.52000;2184.4;275.0;200.0;46.0;12.76;0.000;0.17498;0.04096;0.00;0.000;1.693;0.947;0.000;0.557;112.884;105.00;102.27;15006.1;973.30;8.52;3.21;1.03;151070.80;29480.00;0.00;21193.5;7.13;1.39;0.00;28/11/2024 16:05:14;
29/11/2024;5;2.0TD;3;0.000070928885000000;0.232;1.286259007;138.473511;0.557;2.195;135.721511;101.88;-8.50997;0.95404;0.75;0.25;127.15667;93.11680;101.96000;84.74000;75.52000;2184.4;275.0;200.0;46.0;13.03;0.000;0.17498;0.04096;0.00;0.000;1.652;0.947;0.000;0.557;110.163;102.00;100.00;15133.3;947.80;8.79;3.21;1.03;156593.68;30000.00;0.00;21228.7;7.38;1.41;0.00;28/11/2024 16:05:14;
29/11/2024;6;2.0TD;3;0.000073531321000000;0.223;1.237857890;141.977787;0.557;2.195;139.225787;105.00;-8.50997;0.95404;0.75;0.25;127.15667;93.11680;101.96000;84.74000;75.52000;2184.4;275.0;200.0;46.0;13.53;0.000;0.17498;0.04096;0.00;0.000;1.708;0.947;0.000;0.557;113.839;105.00;105.00;15349.5;830.10;9.29;3.21;1.03;173647.36;27480.00;0.00;21640.1;8.02;1.27;0.00;28/11/2024 16:05:14;
29/11/2024;7;2.0TD;3;0.000084838046000000;0.203;1.125646924;158.203135;0.557;2.195;155.451135;121.06;-8.50997;0.95404;0.75;0.25;127.15667;93.11680;101.96000;84.74000;75.52000;2184.4;275.0;200.0;46.0;12.62;0.000;0.17498;0.04096;0.00;0.000;1.938;0.947;0.000;0.557;129.219;121.06;121.06;15920.3;1196.90;8.38;3.21;1.03;86758.68;90799.68;24859.38;24144.2;3.59;3.76;1.03;28/11/2024 16:05:14;
29/11/2024;8;2.0TD;3;0.000109481763000000;0.189;1.048402869;181.574703;0.557;2.195;178.822703;140.01;-8.50997;0.95404;0.75;0.25;127.15667;93.11680;101.96000;84.74000;75.52000;2184.4;275.0;200.0;46.0;14.53;0.000;0.17498;0.04096;0.00;0.000;2.256;0.947;0.000;0.557;150.397;140.01;140.01;17709.6;1155.60;10.29;3.21;1.03;71876.40;187544.48;24859.38;27633.5;2.60;6.79;0.90;28/11/2024 16:05:14;
29/11/2024;9;2.0TD;2;0.000119729395000000;0.184;1.127119052;208.058356;19.184;8.779;180.095356;144.08;-8.50997;0.95404;0.75;0.25;127.15667;93.11680;101.96000;84.74000;75.52000;2184.4;275.0;200.0;46.0;11.99;0.154;0.17498;0.04096;0.00;0.000;2.282;0.947;0.000;0.557;152.107;144.08;144.08;19540.0;1100.40;7.75;3.21;1.03;65421.36;139521.00;24859.38;29672.4;2.20;4.70;0.84;28/11/2024 16:05:14;
29/11/2024;10;2.0TD;2;0.000121733080000000;0.165;1.009602230;198.947212;19.184;8.779;170.984212;139.87;-8.50997;0.95404;0.75;0.25;127.15667;93.11680;101.96000;84.74000;75.52000;2184.4;275.0;200.0;46.0;10.94;0.154;0.17498;0.04096;0.00;0.000;2.202;0.947;0.000;0.557;146.767;140.01;137.68;20238.7;1285.90;6.70;3.21;1.03;80846.96;96000.00;24859.38;30112.5;2.68;3.19;0.83;28/11/2024 16:05:14;
29/11/2024;11;2.0TD;1;0.000124067443000000;0.159;0.950393401;224.923321;33.081;43.893;147.949321;120.83;-8.50997;0.95404;0.75;0.25;127.15667;93.11680;101.96000;84.74000;75.52000;2184.4;275.0;200.0;46.0;10.38;0.926;0.17498;0.04096;0.00;0.000;1.915;0.947;0.000;0.557;127.652;121.06;117.41;21842.0;1451.70;6.14;3.21;1.03;66167.12;93688.00;24859.38;30111.1;2.20;3.11;0.83;28/11/2024 16:05:14;
29/11/2024;12;2.0TD;1;0.000121988790000000;0.159;0.951492927;211.520645;33.081;43.893;134.546645;109.99;-8.50997;0.95404;0.75;0.25;127.15667;93.11680;101.96000;84.74000;75.52000;2184.4;275.0;200.0;46.0;9.83;0.926;0.17498;0.04096;0.00;0.000;1.741;0.947;0.000;0.557;116.088;109.99;109.99;21975.2;1157.00;5.59;3.21;1.03;77219.16;63552.00;24859.38;29653.5;2.60;2.14;0.84;28/11/2024 16:05:14;
29/11/2024;13;2.0TD;1;0.000122369817000000;0.158;0.947642175;210.265085;33.081;43.893;133.291085;108.90;-8.50997;0.95404;0.75;0.25;127.15667;93.11680;101.96000;84.74000;75.52000;2184.4;275.0;200.0;46.0;9.95;0.926;0.17498;0.04096;0.00;0.000;1.727;0.947;0.000;0.557;115.104;109.06;105.76;22426.3;1170.70;5.71;3.21;1.03;78248.92;64608.00;24859.38;29369.8;2.66;2.20;0.85;28/11/2024 16:05:14;
29/11/2024;14;2.0TD;1;0.000129302365000000;0.158;0.947823064;209.124455;33.081;43.893;132.150455;108.05;-8.50997;0.95404;0.75;0.25;127.15667;93.11680;101.96000;84.74000;75.52000;2184.4;275.0;200.0;46.0;9.83;0.926;0.17498;0.04096;0.00;0.000;1.712;0.947;0.000;0.557;114.119;108.20;105.25;22283.8;1157.10;5.59;3.21;1.03;74485.92;64512.00;24859.38;29298.3;2.54;2.20;0.85;28/11/2024 16:05:14;
29/11/2024;15;2.0TD;2;0.000131884105000000;0.163;0.997568200;160.374695;19.184;8.779;132.411695;108.62;-8.50997;0.95404;0.75;0.25;127.15667;93.11680;101.96000;84.74000;75.52000;2184.4;275.0;200.0;46.0;9.77;0.154;0.17498;0.04096;0.00;0.000;1.708;0.947;0.000;0.557;113.853;108.87;103.89;22184.4;1168.60;5.53;3.21;1.03;68920.12;66864.00;24859.38;29049.7;2.37;2.30;0.86;28/11/2024 16:05:14;
29/11/2024;16;2.0TD;2;0.000127437966000000;0.171;1.051089791;179.391525;19.184;8.779;151.428525;120.49;-8.50997;0.95404;0.75;0.25;127.15667;93.11680;101.96000;84.74000;75.52000;2184.4;275.0;200.0;46.0;13.13;0.154;0.17498;0.04096;0.00;0.000;1.940;0.947;0.000;0.557;129.315;121.06;112.30;21970.0;1518.60;8.89;3.21;1.03;54019.48;177751.20;24859.38;28859.8;1.87;6.16;0.86;28/11/2024 16:05:14;
29/11/2024;17;2.0TD;2;0.000124696635000000;0.175;1.073943720;197.670087;19.184;8.779;169.707087;138.57;-8.50997;0.95404;0.75;0.25;127.15667;93.11680;101.96000;84.74000;75.52000;2184.4;275.0;200.0;46.0;9.94;0.154;0.17498;0.04096;0.00;0.000;2.166;0.947;0.000;0.557;144.431;138.57;138.57;21335.2;1302.30;5.70;3.21;1.03;30715.92;105216.00;24859.38;28214.0;1.09;3.73;0.88;28/11/2024 16:05:14;
29/11/2024;18;2.0TD;2;0.000131561249000000;0.185;1.134292839;207.657068;19.184;8.779;179.694068;144.30;-8.50997;0.95404;0.75;0.25;127.15667;93.11680;101.96000;84.74000;75.52000;2184.4;275.0;200.0;46.0;11.31;0.154;0.17498;0.04096;0.00;0.000;2.275;0.947;0.000;0.557;151.640;144.26;145.00;21275.1;1176.80;7.07;3.21;1.03;21591.88;152996.44;24859.38;28212.7;0.77;5.42;0.88;28/11/2024 16:05:14;
29/11/2024;19;2.0TD;1;0.000150823588000000;0.189;1.128883766;265.170779;33.081;43.893;188.196779;152.77;-8.50997;0.95404;0.75;0.25;127.15667;93.11680;101.96000;84.74000;75.52000;2184.4;275.0;200.0;46.0;8.61;0.926;0.17498;0.04096;0.00;0.000;2.374;0.947;0.000;0.557;158.281;152.77;152.78;21548.3;1421.60;4.37;3.21;1.03;42210.28;62304.00;24859.38;29612.4;1.43;2.10;0.84;28/11/2024 16:05:14;
29/11/2024;20;2.0TD;1;0.000159777129000000;0.192;1.149574222;268.405104;33.081;43.893;191.431104;155.95;-8.50997;0.95404;0.75;0.25;127.15667;93.11680;101.96000;84.74000;75.52000;2184.4;275.0;200.0;46.0;7.71;0.926;0.17498;0.04096;0.00;0.000;2.409;0.947;0.000;0.557;160.596;155.95;155.95;21702.8;1355.00;3.47;3.21;1.03;42721.44;36560.00;24859.38;30071.6;1.42;1.22;0.83;28/11/2024 16:05:14;
29/11/2024;21;2.0TD;1;0.000167057269000000;0.195;1.165626007;268.849849;33.081;43.893;191.875849;155.95;-8.50997;0.95404;0.75;0.25;127.15667;93.11680;101.96000;84.74000;75.52000;2184.4;275.0;200.0;46.0;7.68;0.926;0.17498;0.04096;0.00;0.000;2.408;0.947;0.000;0.557;160.565;155.95;155.95;21740.7;1315.60;3.44;3.21;1.03;42721.16;36400.00;24859.38;30205.8;1.41;1.21;0.82;28/11/2024 16:05:14;
29/11/2024;22;2.0TD;1;0.000169551930000000;0.198;1.184372979;262.496955;33.081;43.893;185.522955;150.00;-8.50997;0.95404;0.75;0.25;127.15667;93.11680;101.96000;84.74000;75.52000;2184.4;275.0;200.0;46.0;8.01;0.926;0.17498;0.04096;0.00;0.000;2.323;0.947;0.000;0.557;154.860;150.00;150.00;21350.4;1348.30;3.77;3.21;1.03;44389.64;41160.00;24859.38;29329.5;1.51;1.40;0.85;28/11/2024 16:05:14;
29/11/2024;23;2.0TD;2;0.000157454661000000;0.209;1.279208532;207.859255;19.184;8.779;179.896255;144.08;-8.50997;0.95404;0.75;0.25;127.15667;93.11680;101.96000;84.74000;75.52000;2184.4;275.0;200.0;46.0;8.73;0.154;0.17498;0.04096;0.00;0.000;2.232;0.947;0.000;0.557;148.797;144.08;144.08;20067.3;1022.10;4.49;3.21;1.03;46315.64;50080.00;24859.38;27019.9;1.71;1.85;0.92;28/11/2024 16:05:14;
29/11/2024;24;2.0TD;2;0.000136455201000000;0.218;1.339074558;200.715063;19.184;8.779;172.752063;138.86;-8.50997;0.95404;0.75;0.25;127.15667;93.11680;101.96000;84.74000;75.52000;2184.4;275.0;200.0;46.0;7.09;0.154;0.17498;0.04096;0.00;0.000;2.127;0.947;0.000;0.557;141.832;139.10;134.12;18355.1;925.00;2.85;3.21;1.03;16479.12;29280.00;24859.38;24785.1;0.66;1.18;1.00;28/11/2024 16:05:14;
*
