pvpcdata;
2024;11;12;10;29;23;
24/10/2024;1;2.0TD;3;0.000084924647000000;0.186;1.031541768;117.787760;0.557;2.195;115.035760;74.81;5.72826;1.16952;0.75;0.25;70.19375;93.10680;101.96000;84.74000;75.42000;1778.5;275.0;200.0;45.0;12.31;0.000;0.17498;0.04096;0.00;0.000;1.455;0.947;0.000;0.557;96.994;74.90;72.35;18130.0;697.90;8.07;3.19;1.05;137148.76;22316.00;24859.38;22832.2;6.01;0.98;1.09;23/10/2024 16:08:02;
24/10/2024;2;2.0TD;3;0.000071769653000000;0.191;1.063098965;109.192550;0.557;2.195;106.440550;64.95;5.72826;1.16952;0.75;0.25;70.19375;93.10680;101.96000;84.74000;75.42000;1778.5;275.0;200.0;45.0;14.66;0.000;0.17498;0.04096;0.00;0.000;1.341;0.947;0.000;0.557;89.370;65.15;60.01;16083.3;638.70;10.42;3.19;1.05;151749.80;50114.40;24859.38;21743.6;6.98;2.30;1.14;23/10/2024 16:08:02;
24/10/2024;3;2.0TD;3;0.000064602072000000;0.197;1.094044718;107.285697;0.557;2.195;104.533697;62.00;5.72826;1.16952;0.75;0.25;70.19375;93.10680;101.96000;84.74000;75.42000;1778.5;275.0;200.0;45.0;15.60;0.000;0.17498;0.04096;0.00;0.000;1.310;0.947;0.000;0.557;87.329;62.08;60.01;17057.5;652.70;11.36;3.19;1.05;162346.72;50115.36;24859.38;20891.2;7.77;2.40;1.19;23/10/2024 16:08:02;
24/10/2024;4;2.0TD;3;0.000061310298000000;0.200;1.108578701;107.218886;0.557;2.195;104.466886;62.08;5.72826;1.16952;0.75;0.25;70.19375;93.10680;101.96000;84.74000;75.42000;1778.5;275.0;200.0;45.0;15.25;0.000;0.17498;0.04096;0.00;0.000;1.306;0.947;0.000;0.557;87.055;62.08;62.08;17042.0;802.20;11.01;3.19;1.05;179837.64;47309.92;0.00;20628.4;8.72;2.29;0.00;23/10/2024 16:08:02;
24/10/2024;5;2.0TD;3;0.000060017591000000;0.202;1.119547430;107.795668;0.557;2.195;105.043668;62.06;5.72826;1.16952;0.75;0.25;70.19375;93.10680;101.96000;84.74000;75.42000;1778.5;275.0;200.0;45.0;15.60;0.000;0.17498;0.04096;0.00;0.000;1.311;0.947;0.000;0.557;87.390;62.29;56.24;16875.2;674.30;11.36;3.19;1.05;179496.20;53904.48;0.00;20551.2;8.73;2.62;0.00;23/10/2024 16:08:02;
24/10/2024;6;2.0TD;3;0.000061382776000000;0.195;1.084147073;111.066488;0.557;2.195;108.314488;66.05;5.72826;1.16952;0.75;0.25;70.19375;93.10680;101.96000;84.74000;75.42000;1778.5;275.0;200.0;45.0;14.81;0.000;0.17498;0.04096;0.00;0.000;1.360;0.947;0.000;0.557;90.639;66.30;59.85;16673.9;671.00;10.57;3.19;1.05;172880.12;50114.40;0.00;21096.0;8.19;2.38;0.00;23/10/2024 16:08:02;
24/10/2024;7;2.0TD;3;0.000069704070000000;0.178;0.987357949;113.304636;0.557;2.195;110.552636;71.63;5.72826;1.16952;0.75;0.25;70.19375;93.10680;101.96000;84.74000;75.42000;1778.5;275.0;200.0;45.0;12.39;0.000;0.17498;0.04096;0.00;0.000;1.408;0.947;0.000;0.557;93.847;71.76;68.60;16671.5;731.60;8.15;3.19;1.05;140233.28;26842.96;24859.38;23558.8;5.95;1.14;1.06;23/10/2024 16:08:02;
24/10/2024;8;2.0TD;3;0.000090117867000000;0.161;0.896019448;129.247290;0.557;2.195;126.495290;90.01;5.72826;1.16952;0.75;0.25;70.19375;93.10680;101.96000;84.74000;75.42000;1778.5;275.0;200.0;45.0;8.89;0.000;0.17498;0.04096;0.00;0.000;1.634;0.947;0.000;0.557;108.953;90.01;89.96;16999.2;910.40;4.65;3.19;1.05;76482.44;21528.00;24859.38;26443.7;2.89;0.81;0.94;23/10/2024 16:08:02;
24/10/2024;9;2.0TD;2;0.000097608862000000;0.187;1.145894440;191.785308;19.184;8.779;163.822308;119.81;5.72826;1.16952;0.75;0.25;70.19375;93.10680;101.96000;84.74000;75.42000;1778.5;275.0;200.0;45.0;7.56;0.154;0.17498;0.04096;0.00;0.000;2.070;0.947;0.000;0.557;138.013;120.01;117.01;18197.0;1267.90;3.32;3.19;1.05;39256.28;28336.48;24859.38;27791.6;1.41;1.02;0.89;23/10/2024 16:08:02;
24/10/2024;10;2.0TD;2;0.000095856539000000;0.157;0.965791508;165.432809;19.184;8.779;137.469809;97.88;5.72826;1.16952;0.75;0.25;70.19375;93.10680;101.96000;84.74000;75.42000;1778.5;275.0;200.0;45.0;10.58;0.154;0.17498;0.04096;0.00;0.000;1.782;0.947;0.000;0.557;118.815;98.15;94.23;18283.7;1341.30;6.34;3.19;1.05;82566.68;71730.00;24859.38;28239.0;2.92;2.54;0.88;23/10/2024 16:08:02;
24/10/2024;11;2.0TD;1;0.000097017269000000;0.162;0.967816224;184.415702;33.081;43.893;107.441702;69.17;5.72826;1.16952;0.75;0.25;70.19375;93.10680;101.96000;84.74000;75.42000;1778.5;275.0;200.0;45.0;12.56;0.926;0.17498;0.04096;0.00;0.000;1.387;0.947;0.000;0.557;92.462;69.17;69.17;20744.6;955.20;8.32;3.19;1.05;148958.88;65923.52;24859.38;28808.4;5.17;2.29;0.86;23/10/2024 16:08:02;
24/10/2024;12;2.0TD;1;0.000096355120000000;0.161;0.965382935;175.294142;33.081;43.893;98.320142;60.00;5.72826;1.16952;0.75;0.25;70.19375;93.10680;101.96000;84.74000;75.42000;1778.5;275.0;200.0;45.0;14.07;0.926;0.17498;0.04096;0.00;0.000;1.270;0.947;0.000;0.557;84.685;60.00;60.00;25411.3;1004.10;9.83;3.19;1.05;169811.36;86664.16;24859.38;28636.1;5.93;3.03;0.87;23/10/2024 16:08:02;
24/10/2024;13;2.0TD;1;0.000098843609000000;0.157;0.941363289;162.856650;33.081;43.893;85.882650;50.16;5.72826;1.16952;0.75;0.25;70.19375;93.10680;101.96000;84.74000;75.42000;1778.5;275.0;200.0;45.0;13.61;0.926;0.17498;0.04096;0.00;0.000;1.113;0.947;0.000;0.557;74.228;50.24;48.25;26297.2;1101.20;9.37;3.19;1.05;187150.88;56703.68;24859.38;28692.1;6.52;1.98;0.87;23/10/2024 16:08:02;
24/10/2024;14;2.0TD;1;0.000104622139000000;0.154;0.923657914;155.066032;33.081;43.893;78.092032;43.41;5.72826;1.16952;0.75;0.25;70.19375;93.10680;101.96000;84.74000;75.42000;1778.5;275.0;200.0;45.0;13.90;0.926;0.17498;0.04096;0.00;0.000;1.015;0.947;0.000;0.557;67.670;43.54;40.54;26488.8;1152.20;9.66;3.19;1.05;199448.80;54264.00;24859.38;28846.5;6.91;1.88;0.86;23/10/2024 16:08:02;
24/10/2024;15;2.0TD;2;0.000104648266000000;0.178;1.091537185;91.304930;19.184;8.779;63.341930;29.79;5.72826;1.16952;0.75;0.25;70.19375;93.10680;101.96000;84.74000;75.42000;1778.5;275.0;200.0;45.0;14.60;0.154;0.17498;0.04096;0.00;0.000;0.807;0.947;0.000;0.557;53.770;30.01;25.01;26850.9;1255.50;10.36;3.19;1.05;224247.00;48367.44;24859.38;28735.1;7.80;1.68;0.87;23/10/2024 16:08:02;
24/10/2024;16;2.0TD;2;0.000097773090000000;0.184;1.130342182;84.787586;19.184;8.779;56.824586;24.33;5.72826;1.16952;0.75;0.25;70.19375;93.10680;101.96000;84.74000;75.42000;1778.5;275.0;200.0;45.0;14.37;0.154;0.17498;0.04096;0.00;0.000;0.720;0.947;0.000;0.557;47.993;24.55;19.55;26841.9;1235.80;10.13;3.19;1.05;227609.52;32888.16;24859.38;28166.0;8.08;1.17;0.88;23/10/2024 16:08:02;
24/10/2024;17;2.0TD;2;0.000094502589000000;0.190;1.164214232;112.475299;19.184;8.779;84.512299;47.42;5.72826;1.16952;0.75;0.25;70.19375;93.10680;101.96000;84.74000;75.42000;1778.5;275.0;200.0;45.0;13.96;0.154;0.17498;0.04096;0.00;0.000;1.065;0.947;0.000;0.557;71.018;47.44;47.00;25802.6;1119.80;9.72;3.19;1.05;181785.32;58254.00;24859.38;27236.1;6.67;2.14;0.91;23/10/2024 16:08:02;
24/10/2024;18;2.0TD;2;0.000097582983000000;0.192;1.180013268;130.697592;19.184;8.779;102.734592;60.23;5.72826;1.16952;0.75;0.25;70.19375;93.10680;101.96000;84.74000;75.42000;1778.5;275.0;200.0;45.0;16.09;0.154;0.17498;0.04096;0.00;0.000;1.293;0.947;0.000;0.557;86.186;60.40;56.40;23891.1;1069.70;11.85;3.19;1.05;214128.20;88032.56;24859.38;27607.1;7.76;3.19;0.90;23/10/2024 16:08:02;
24/10/2024;19;2.0TD;1;0.000103117343000000;0.166;0.994555514;197.605723;33.081;43.893;120.631723;79.05;5.72826;1.16952;0.75;0.25;70.19375;93.10680;101.96000;84.74000;75.42000;1778.5;275.0;200.0;45.0;13.51;0.926;0.17498;0.04096;0.00;0.000;1.552;0.947;0.000;0.557;103.457;79.36;74.36;18518.0;1226.00;9.27;3.19;1.05;181197.88;46137.04;24859.38;27178.3;6.67;1.70;0.91;23/10/2024 16:08:02;
24/10/2024;20;2.0TD;1;0.000120012221000000;0.161;0.965788594;229.337531;33.081;43.893;152.363531;109.73;5.72826;1.16952;0.75;0.25;70.19375;93.10680;101.96000;84.74000;75.42000;1778.5;275.0;200.0;45.0;10.19;0.926;0.17498;0.04096;0.00;0.000;1.969;0.947;0.000;0.557;131.234;110.16;104.16;18710.2;1460.40;5.95;3.19;1.05;95115.96;47305.44;24859.38;28095.7;3.39;1.68;0.88;23/10/2024 16:08:02;
24/10/2024;21;2.0TD;1;0.000143547703000000;0.159;0.951398204;218.860795;33.081;43.893;141.886795;100.80;5.72826;1.16952;0.75;0.25;70.19375;93.10680;101.96000;84.74000;75.42000;1778.5;275.0;200.0;45.0;10.44;0.926;0.17498;0.04096;0.00;0.000;1.836;0.947;0.000;0.557;122.421;101.35;92.35;19192.7;1253.00;6.20;3.19;1.05;149549.52;9965.00;24859.38;29744.0;5.03;0.34;0.84;23/10/2024 16:08:02;
24/10/2024;22;2.0TD;1;0.000145109217000000;0.168;1.003051612;211.638255;33.081;43.893;134.664255;92.62;5.72826;1.16952;0.75;0.25;70.19375;93.10680;101.96000;84.74000;75.42000;1778.5;275.0;200.0;45.0;11.60;0.926;0.17498;0.04096;0.00;0.000;1.729;0.947;0.000;0.557;115.294;92.98;87.34;19311.4;1316.30;7.36;3.19;1.05;165900.56;19940.00;24859.38;28633.3;5.79;0.70;0.87;23/10/2024 16:08:02;
24/10/2024;23;2.0TD;2;0.000126138282000000;0.199;1.223404539;147.673244;19.184;8.779;119.710244;75.58;5.72826;1.16952;0.75;0.25;70.19375;93.10680;101.96000;84.74000;75.42000;1778.5;275.0;200.0;45.0;14.19;0.154;0.17498;0.04096;0.00;0.000;1.498;0.947;0.000;0.557;99.841;75.72;73.21;18995.7;1159.10;9.95;3.19;1.05;193540.68;40477.44;24859.38;26027.8;7.44;1.56;0.96;23/10/2024 16:08:02;
24/10/2024;24;2.0TD;2;0.000104971141000000;0.206;1.261462447;138.577005;19.184;8.779;110.614005;66.89;5.72826;1.16952;0.75;0.25;70.19375;93.10680;101.96000;84.74000;75.42000;1778.5;275.0;200.0;45.0;14.88;0.154;0.17498;0.04096;0.00;0.000;1.376;0.947;0.000;0.557;91.719;67.00;65.00;17324.6;1015.00;10.64;3.19;1.05;161413.52;64924.64;24859.38;23591.3;6.84;2.75;1.05;23/10/2024 16:08:02;
*
