pvpcdata;
2024;05;13;12;31;18;
10/04/2024;1;2.0TD;3;0.000097637954000000;0.192;1.067886941;54.092987;0.557;2.195;51.340987;4.41;17.76718;0.96441;0.75;0.25;4.31208;75.38080;101.96000;48.69000;27.94000;1986.7;275.0;154.0;50.0;19.16;0.000;0.17498;0.04096;0.00;0.000;0.646;0.947;0.000;0.557;43.071;4.21;6.31;17730.0;1891.60;14.39;3.35;1.42;283327.88;18403.52;24859.38;22698.6;12.48;0.81;1.10;09/04/2024 16:12:15;
10/04/2024;2;2.0TD;3;0.000080835914000000;0.194;1.080103136;53.863914;0.557;2.195;51.111914;3.25;17.76718;0.96441;0.75;0.25;4.31208;75.38080;101.96000;48.69000;27.94000;1986.7;275.0;154.0;50.0;20.06;0.000;0.17498;0.04096;0.00;0.000;0.642;0.947;0.000;0.557;42.807;3.25;3.26;16753.6;1913.50;15.29;3.35;1.42;285019.24;15920.00;24859.38;21316.2;13.37;0.75;1.17;09/04/2024 16:12:15;
10/04/2024;3;2.0TD;3;0.000071379180000000;0.195;1.085765930;52.620901;0.557;2.195;49.868901;1.21;17.76718;0.96441;0.75;0.25;4.31208;75.38080;101.96000;48.69000;27.94000;1986.7;275.0;154.0;50.0;21.04;0.000;0.17498;0.04096;0.00;0.000;0.626;0.947;0.000;0.557;41.731;1.00;3.17;16010.1;1741.10;16.27;3.35;1.42;288769.64;15900.00;24859.38;20253.1;14.26;0.79;1.23;09/04/2024 16:12:15;
10/04/2024;4;2.0TD;3;0.000066859377000000;0.197;1.093853060;50.747268;0.557;2.195;47.995268;0.50;17.76718;0.96441;0.75;0.25;4.31208;75.38080;101.96000;48.69000;27.94000;1986.7;275.0;154.0;50.0;20.14;0.000;0.17498;0.04096;0.00;0.000;0.601;0.947;0.000;0.557;40.096;0.44;1.00;15755.3;1823.70;15.37;3.35;1.42;289942.44;15900.00;0.00;19903.1;14.57;0.80;0.00;09/04/2024 16:12:15;
10/04/2024;5;2.0TD;3;0.000065181925000000;0.199;1.102880705;50.840650;0.557;2.195;48.088650;0.42;17.76718;0.96441;0.75;0.25;4.31208;75.38080;101.96000;48.69000;27.94000;1986.7;275.0;154.0;50.0;20.23;0.000;0.17498;0.04096;0.00;0.000;0.602;0.947;0.000;0.557;40.107;0.35;1.00;15588.2;1778.10;15.46;3.35;1.42;289767.32;15920.00;0.00;19768.8;14.66;0.81;0.00;09/04/2024 16:12:15;
10/04/2024;6;2.0TD;3;0.000067163335000000;0.195;1.081624433;50.873811;0.557;2.195;48.121811;1.10;17.76718;0.96441;0.75;0.25;4.31208;75.38080;101.96000;48.69000;27.94000;1986.7;275.0;154.0;50.0;19.71;0.000;0.17498;0.04096;0.00;0.000;0.604;0.947;0.000;0.557;40.269;1.00;2.00;16053.4;1783.20;14.94;3.35;1.42;288687.88;15910.00;0.00;20384.3;14.16;0.78;0.00;09/04/2024 16:12:15;
10/04/2024;7;2.0TD;3;0.000075595687000000;0.182;1.013494741;50.902304;0.557;2.195;48.150304;2.28;17.76718;0.96441;0.75;0.25;4.31208;75.38080;101.96000;48.69000;27.94000;1986.7;275.0;154.0;50.0;18.99;0.000;0.17498;0.04096;0.00;0.000;0.611;0.947;0.000;0.557;40.736;2.17;3.25;16562.3;1815.30;14.22;3.35;1.42;286143.40;15920.00;24859.38;22986.1;12.45;0.69;1.08;09/04/2024 16:12:15;
10/04/2024;8;2.0TD;3;0.000093424830000000;0.170;0.943545615;82.187158;0.557;2.195;79.435158;35.17;17.76718;0.96441;0.75;0.25;4.31208;75.38080;101.96000;48.69000;27.94000;1986.7;275.0;154.0;50.0;12.85;0.000;0.17498;0.04096;0.00;0.000;1.018;0.947;0.000;0.557;67.893;35.00;37.10;19530.3;1717.10;8.08;3.35;1.42;156575.96;33642.00;24859.38;26618.4;5.88;1.26;0.93;09/04/2024 16:12:15;
10/04/2024;9;2.0TD;2;0.000105863137000000;0.186;1.143330082;77.762307;19.184;8.779;49.799307;8.49;17.76718;0.96441;0.75;0.25;4.31208;75.38080;101.96000;48.69000;27.94000;1986.7;275.0;154.0;50.0;13.86;0.154;0.17498;0.04096;0.00;0.000;0.630;0.947;0.000;0.557;41.989;7.68;18.88;21111.4;1641.90;9.09;3.35;1.42;186211.08;43532.80;24859.38;28033.1;6.64;1.55;0.89;09/04/2024 16:12:15;
10/04/2024;10;2.0TD;2;0.000114114185000000;0.152;0.935173585;68.088655;19.184;8.779;40.125655;0.04;17.76718;0.96441;0.75;0.25;4.31208;75.38080;101.96000;48.69000;27.94000;1986.7;275.0;154.0;50.0;15.26;0.154;0.17498;0.04096;0.00;0.000;0.522;0.947;0.000;0.557;34.831;0.00;0.44;22498.4;2433.70;10.49;3.35;1.42;208664.36;60758.00;24859.38;28052.1;7.44;2.17;0.89;09/04/2024 16:12:15;
10/04/2024;11;2.0TD;1;0.000120633380000000;0.160;0.955831769;119.100905;33.081;43.893;42.126905;-0.01;17.76718;0.96441;0.75;0.25;4.31208;75.38080;101.96000;48.69000;27.94000;1986.7;275.0;154.0;50.0;16.00;0.926;0.17498;0.04096;0.00;0.000;0.545;0.947;0.000;0.557;36.316;-0.01;0.00;24526.8;2960.80;11.23;3.35;1.42;259815.80;23335.00;24859.38;27427.6;9.47;0.85;0.91;09/04/2024 16:12:15;
10/04/2024;12;2.0TD;1;0.000122332458000000;0.163;0.973579295;121.630057;33.081;43.893;44.656057;-0.03;17.76718;0.96441;0.75;0.25;4.31208;75.38080;101.96000;48.69000;27.94000;1986.7;275.0;154.0;50.0;18.07;0.926;0.17498;0.04096;0.00;0.000;0.576;0.947;0.000;0.557;38.397;-0.03;0.00;23948.3;2536.20;13.30;3.35;1.42;314411.64;15940.00;24859.38;26714.5;11.77;0.60;0.93;09/04/2024 16:12:15;
10/04/2024;13;2.0TD;1;0.000125718928000000;0.163;0.973158799;122.267381;33.081;43.893;45.293381;-0.03;17.76718;0.96441;0.75;0.25;4.31208;75.38080;101.96000;48.69000;27.94000;1986.7;275.0;154.0;50.0;18.61;0.926;0.17498;0.04096;0.00;0.000;0.584;0.947;0.000;0.557;38.945;-0.03;-0.02;23695.6;2590.40;13.84;3.35;1.42;322580.76;16020.00;24859.38;26265.8;12.28;0.61;0.95;09/04/2024 16:12:15;
10/04/2024;14;2.0TD;1;0.000132849296000000;0.156;0.936338236;121.654900;33.081;43.893;44.680900;-0.03;17.76718;0.96441;0.75;0.25;4.31208;75.38080;101.96000;48.69000;27.94000;1986.7;275.0;154.0;50.0;18.32;0.926;0.17498;0.04096;0.00;0.000;0.580;0.947;0.000;0.557;38.651;-0.03;-0.03;23586.8;2886.90;13.55;3.35;1.42;313915.40;15950.00;24859.38;26173.1;11.99;0.61;0.95;09/04/2024 16:12:15;
10/04/2024;15;2.0TD;2;0.000132118874000000;0.179;1.096449966;72.884430;19.184;8.779;44.921430;-0.05;17.76718;0.96441;0.75;0.25;4.31208;75.38080;101.96000;48.69000;27.94000;1986.7;275.0;154.0;50.0;18.57;0.154;0.17498;0.04096;0.00;0.000;0.572;0.947;0.000;0.557;38.101;-0.05;-0.05;23101.1;3069.80;13.80;3.35;1.42;314046.04;16010.00;24859.38;25721.1;12.21;0.62;0.97;09/04/2024 16:12:15;
10/04/2024;16;2.0TD;2;0.000121924005000000;0.186;1.142287318;73.006447;19.184;8.779;45.043447;-0.05;17.76718;0.96441;0.75;0.25;4.31208;75.38080;101.96000;48.69000;27.94000;1986.7;275.0;154.0;50.0;18.45;0.154;0.17498;0.04096;0.00;0.000;0.570;0.947;0.000;0.557;37.979;-0.05;-0.05;23001.0;3106.80;13.68;3.35;1.42;305536.48;12047.04;24859.38;25024.0;12.21;0.48;0.99;09/04/2024 16:12:15;
10/04/2024;17;2.0TD;2;0.000114407003000000;0.190;1.162851762;73.158364;19.184;8.779;45.195364;-0.05;17.76718;0.96441;0.75;0.25;4.31208;75.38080;101.96000;48.69000;27.94000;1986.7;275.0;154.0;50.0;18.45;0.154;0.17498;0.04096;0.00;0.000;0.570;0.947;0.000;0.557;37.979;-0.05;-0.05;22594.9;3146.90;13.68;3.35;1.42;297188.84;12800.00;24859.38;24487.5;12.14;0.52;1.02;09/04/2024 16:12:15;
10/04/2024;18;2.0TD;2;0.000112497523000000;0.191;1.172652197;71.974378;19.184;8.779;44.011378;-0.05;17.76718;0.96441;0.75;0.25;4.31208;75.38080;101.96000;48.69000;27.94000;1986.7;275.0;154.0;50.0;17.44;0.154;0.17498;0.04096;0.00;0.000;0.554;0.947;0.000;0.557;36.953;-0.05;-0.05;22775.8;3046.50;12.67;3.35;1.42;271848.40;17960.00;24859.38;24841.9;10.94;0.72;1.00;09/04/2024 16:12:15;
10/04/2024;19;2.0TD;1;0.000113767602000000;0.168;1.004349417;120.979916;33.081;43.893;44.005916;-0.01;17.76718;0.96441;0.75;0.25;4.31208;75.38080;101.96000;48.69000;27.94000;1986.7;275.0;154.0;50.0;17.34;0.926;0.17498;0.04096;0.00;0.000;0.565;0.947;0.000;0.557;37.676;-0.01;0.00;23872.6;2671.90;12.57;3.35;1.42;269835.96;23322.00;24859.38;25289.0;10.67;0.92;0.98;09/04/2024 16:12:15;
10/04/2024;20;2.0TD;1;0.000120743395000000;0.166;0.994319166;120.656205;33.081;43.893;43.682205;0.09;17.76718;0.96441;0.75;0.25;4.31208;75.38080;101.96000;48.69000;27.94000;1986.7;275.0;154.0;50.0;17.03;0.926;0.17498;0.04096;0.00;0.000;0.562;0.947;0.000;0.557;37.463;0.00;1.00;22702.4;2221.50;12.26;3.35;1.42;266666.84;37188.16;24859.38;26819.6;9.94;1.39;0.93;09/04/2024 16:12:15;
10/04/2024;21;2.0TD;1;0.000140530711000000;0.168;1.008031937;122.035788;33.081;43.893;45.061788;6.36;17.76718;0.96441;0.75;0.25;4.31208;75.38080;101.96000;48.69000;27.94000;1986.7;275.0;154.0;50.0;11.86;0.926;0.17498;0.04096;0.00;0.000;0.579;0.947;0.000;0.557;38.580;6.00;11.00;22349.2;1729.40;7.09;3.35;1.42;169139.92;10176.00;24859.38;28763.4;5.88;0.35;0.86;09/04/2024 16:12:15;
10/04/2024;22;2.0TD;1;0.000162926444000000;0.168;1.008663197;152.995964;33.081;43.893;76.021964;34.45;17.76718;0.96441;0.75;0.25;4.31208;75.38080;101.96000;48.69000;27.94000;1986.7;275.0;154.0;50.0;9.88;0.926;0.17498;0.04096;0.00;0.000;0.976;0.947;0.000;0.557;65.087;34.45;34.45;22197.9;1815.90;5.11;3.35;1.42;98475.12;28217.28;24859.38;29694.8;3.32;0.95;0.84;09/04/2024 16:12:15;
10/04/2024;23;2.0TD;2;0.000146451775000000;0.197;1.208215990;71.285180;19.184;8.779;43.322180;5.21;17.76718;0.96441;0.75;0.25;4.31208;75.38080;101.96000;48.69000;27.94000;1986.7;275.0;154.0;50.0;11.43;0.154;0.17498;0.04096;0.00;0.000;0.543;0.947;0.000;0.557;36.192;5.00;8.00;20860.0;1597.90;6.66;3.35;1.42;145794.20;10048.00;24859.38;27128.5;5.37;0.37;0.92;09/04/2024 16:12:15;
10/04/2024;24;2.0TD;2;0.000121831393000000;0.206;1.266219893;70.128737;19.184;8.779;42.165737;3.25;17.76718;0.96441;0.75;0.25;4.31208;75.38080;101.96000;48.69000;27.94000;1986.7;275.0;154.0;50.0;12.18;0.154;0.17498;0.04096;0.00;0.000;0.524;0.947;0.000;0.557;34.963;3.25;3.25;18763.8;1856.50;7.41;3.35;1.42;148381.72;9547.92;24859.38;24666.7;6.02;0.39;1.01;09/04/2024 16:12:15;
*
