pvpcdata;
2024;05;13;12;31;15;
07/04/2024;1;2.0TD;3;0.000106362038000000;0.212;1.175230029;58.493069;0.557;2.195;55.741069;0.66;17.83333;0.98246;0.75;0.25;4.04750;75.38080;101.96000;48.69000;27.94000;1950.2;275.0;154.0;50.0;25.40;0.000;0.17498;0.04096;0.00;0.000;0.690;0.947;0.000;0.557;45.990;0.97;-3.24;21628.1;1755.60;20.63;3.35;1.42;355635.12;60992.80;24859.38;21400.8;16.62;2.85;1.16;06/04/2024 16:07:01;
07/04/2024;2;2.0TD;3;0.000088942286000000;0.217;1.204242873;58.315329;0.557;2.195;55.563329;-0.19;17.83333;0.98246;0.75;0.25;4.04750;75.38080;101.96000;48.69000;27.94000;1950.2;275.0;154.0;50.0;25.92;0.000;0.17498;0.04096;0.00;0.000;0.685;0.947;0.000;0.557;45.655;0.15;-4.40;20702.9;1737.10;21.15;3.35;1.42;358334.32;67500.40;0.00;20134.8;17.80;3.35;0.00;06/04/2024 16:07:01;
07/04/2024;3;2.0TD;3;0.000077215724000000;0.222;1.235172434;61.483741;0.557;2.195;58.731741;-0.51;17.83333;0.98246;0.75;0.25;4.04750;75.38080;101.96000;48.69000;27.94000;1950.2;275.0;154.0;50.0;28.61;0.000;0.17498;0.04096;0.00;0.000;0.721;0.947;0.000;0.557;48.061;0.00;-5.53;19229.9;2110.60;23.84;3.35;1.42;370622.12;84694.00;0.00;19095.0;19.41;4.44;0.00;06/04/2024 16:07:01;
07/04/2024;4;2.0TD;3;0.000070507572000000;0.224;1.246436527;64.773281;0.557;2.195;62.021281;-0.75;17.83333;0.98246;0.75;0.25;4.04750;75.38080;101.96000;48.69000;27.94000;1950.2;275.0;154.0;50.0;31.42;0.000;0.17498;0.04096;0.00;0.000;0.760;0.947;0.000;0.557;50.670;0.00;-7.50;17603.2;2103.90;26.65;3.35;1.42;410255.72;85716.72;0.00;18608.6;22.05;4.61;0.00;06/04/2024 16:07:01;
07/04/2024;5;2.0TD;3;0.000067279542000000;0.224;1.244475470;65.320409;0.557;2.195;62.568409;-0.79;17.83333;0.98246;0.75;0.25;4.04750;75.38080;101.96000;48.69000;27.94000;1950.2;275.0;154.0;50.0;31.90;0.000;0.17498;0.04096;0.00;0.000;0.767;0.947;0.000;0.557;51.117;0.00;-8.00;17180.7;2013.10;27.13;3.35;1.42;417986.00;79558.60;0.00;18336.8;22.79;4.34;0.00;06/04/2024 16:07:01;
07/04/2024;6;2.0TD;3;0.000066766440000000;0.223;1.241396426;65.368354;0.557;2.195;62.616354;-0.80;17.83333;0.98246;0.75;0.25;4.04750;75.38080;101.96000;48.69000;27.94000;1950.2;275.0;154.0;50.0;31.99;0.000;0.17498;0.04096;0.00;0.000;0.768;0.947;0.000;0.557;51.198;0.00;-8.00;17307.0;2063.00;27.22;3.35;1.42;418360.44;79608.48;0.00;18291.5;22.87;4.35;0.00;06/04/2024 16:07:01;
07/04/2024;7;2.0TD;3;0.000068222160000000;0.218;1.212105713;64.320659;0.557;2.195;61.568659;-0.78;17.83333;0.98246;0.75;0.25;4.04750;75.38080;101.96000;48.69000;27.94000;1950.2;275.0;154.0;50.0;31.33;0.000;0.17498;0.04096;0.00;0.000;0.758;0.947;0.000;0.557;50.548;0.00;-7.50;17463.8;2178.50;26.56;3.35;1.42;409258.92;87753.12;0.00;18710.5;21.87;4.69;0.00;06/04/2024 16:07:01;
07/04/2024;8;2.0TD;3;0.000070745372000000;0.212;1.176056465;63.008981;0.557;2.195;60.256981;-0.69;17.83333;0.98246;0.75;0.25;4.04750;75.38080;101.96000;48.69000;27.94000;1950.2;275.0;154.0;50.0;30.42;0.000;0.17498;0.04096;0.00;0.000;0.746;0.947;0.000;0.557;49.716;0.00;-7.00;17771.1;2081.70;25.65;3.35;1.42;402884.72;87835.00;0.00;19132.9;21.06;4.59;0.00;06/04/2024 16:07:01;
07/04/2024;9;2.0TD;3;0.000079970409000000;0.192;1.065863870;61.688033;0.557;2.195;58.936033;-0.75;17.83333;0.98246;0.75;0.25;4.04750;75.38080;101.96000;48.69000;27.94000;1950.2;275.0;154.0;50.0;30.21;0.000;0.17498;0.04096;0.00;0.000;0.742;0.947;0.000;0.557;49.442;0.00;-7.50;18495.4;2187.30;25.44;3.35;1.42;409238.12;88881.44;0.00;19577.6;20.90;4.54;0.00;06/04/2024 16:07:01;
07/04/2024;10;2.0TD;3;0.000102705721000000;0.172;0.954151624;59.521314;0.557;2.195;56.769314;-0.79;17.83333;0.98246;0.75;0.25;4.04750;75.38080;101.96000;48.69000;27.94000;1950.2;275.0;154.0;50.0;29.26;0.000;0.17498;0.04096;0.00;0.000;0.727;0.947;0.000;0.557;48.437;0.00;-7.50;19593.6;2453.60;24.49;3.35;1.42;391503.56;118845.44;0.00;20839.6;18.79;5.70;0.00;06/04/2024 16:07:01;
07/04/2024;11;2.0TD;3;0.000122291686000000;0.159;0.883766672;52.525233;0.557;2.195;49.773233;-0.73;17.83333;0.98246;0.75;0.25;4.04750;75.38080;101.96000;48.69000;27.94000;1950.2;275.0;154.0;50.0;23.79;0.000;0.17498;0.04096;0.00;0.000;0.644;0.947;0.000;0.557;42.944;0.00;-7.50;20456.3;2340.10;19.02;3.35;1.42;311072.24;101864.56;0.00;21706.8;14.33;4.69;0.00;06/04/2024 16:07:01;
07/04/2024;12;2.0TD;3;0.000130575284000000;0.152;0.846953921;52.551786;0.557;2.195;49.799786;-0.74;17.83333;0.98246;0.75;0.25;4.04750;75.38080;101.96000;48.69000;27.94000;1950.2;275.0;154.0;50.0;24.08;0.000;0.17498;0.04096;0.00;0.000;0.648;0.947;0.000;0.557;43.228;0.00;-7.50;20873.0;2441.70;19.31;3.35;1.42;326365.20;97506.24;0.00;21947.7;14.87;4.44;0.00;06/04/2024 16:07:01;
07/04/2024;13;2.0TD;3;0.000132527900000000;0.150;0.833413828;50.808178;0.557;2.195;48.056178;-0.79;17.83333;0.98246;0.75;0.25;4.04750;75.38080;101.96000;48.69000;27.94000;1950.2;275.0;154.0;50.0;22.71;0.000;0.17498;0.04096;0.00;0.000;0.627;0.947;0.000;0.557;41.787;0.00;-8.00;21579.2;2477.20;17.94;3.35;1.42;326188.76;67504.36;0.00;21948.9;14.86;3.08;0.00;06/04/2024 16:07:01;
07/04/2024;14;2.0TD;3;0.000137994108000000;0.145;0.805165857;51.122503;0.557;2.195;48.370503;-0.91;17.83333;0.98246;0.75;0.25;4.04750;75.38080;101.96000;48.69000;27.94000;1950.2;275.0;154.0;50.0;23.28;0.000;0.17498;0.04096;0.00;0.000;0.634;0.947;0.000;0.557;42.244;-0.01;-9.50;21917.8;2510.30;18.51;3.35;1.42;341232.12;68616.24;0.00;22139.1;15.41;3.10;0.00;06/04/2024 16:07:01;
07/04/2024;15;2.0TD;3;0.000136261895000000;0.146;0.813332974;51.478752;0.557;2.195;48.726752;-0.99;17.83333;0.98246;0.75;0.25;4.04750;75.38080;101.96000;48.69000;27.94000;1950.2;275.0;154.0;50.0;23.63;0.000;0.17498;0.04096;0.00;0.000;0.638;0.947;0.000;0.557;42.518;-0.01;-10.00;21642.9;2488.70;18.86;3.35;1.42;341757.96;68970.16;0.00;21774.7;15.70;3.17;0.00;06/04/2024 16:07:01;
07/04/2024;16;2.0TD;3;0.000119413374000000;0.153;0.848391619;52.314836;0.557;2.195;49.562836;-1.06;17.83333;0.98246;0.75;0.25;4.04750;75.38080;101.96000;48.69000;27.94000;1950.2;275.0;154.0;50.0;24.16;0.000;0.17498;0.04096;0.00;0.000;0.645;0.947;0.000;0.557;42.985;-0.01;-10.00;20886.4;2597.30;19.39;3.35;1.42;331995.00;72718.80;0.00;20868.1;15.91;3.48;0.00;06/04/2024 16:07:01;
07/04/2024;17;2.0TD;3;0.000108451914000000;0.161;0.896603888;53.176530;0.557;2.195;50.424530;-1.06;17.83333;0.98246;0.75;0.25;4.04750;75.38080;101.96000;48.69000;27.94000;1950.2;275.0;154.0;50.0;24.60;0.000;0.17498;0.04096;0.00;0.000;0.651;0.947;0.000;0.557;43.431;-0.01;-9.99;20456.8;2557.90;19.83;3.35;1.42;331810.68;76097.60;0.00;20565.8;16.13;3.70;0.00;06/04/2024 16:07:01;
07/04/2024;18;2.0TD;3;0.000103187986000000;0.169;0.937950505;57.275307;0.557;2.195;54.523307;-0.64;17.83333;0.98246;0.75;0.25;4.04750;75.38080;101.96000;48.69000;27.94000;1950.2;275.0;154.0;50.0;27.34;0.000;0.17498;0.04096;0.00;0.000;0.700;0.947;0.000;0.557;46.640;0.00;-7.50;22168.6;2142.30;22.57;3.35;1.42;376108.68;83889.00;0.00;20380.8;18.45;4.12;0.00;06/04/2024 16:07:01;
07/04/2024;19;2.0TD;3;0.000103449506000000;0.178;0.990921879;55.123502;0.557;2.195;52.371502;-0.56;17.83333;0.98246;0.75;0.25;4.04750;75.38080;101.96000;48.69000;27.94000;1950.2;275.0;154.0;50.0;25.11;0.000;0.17498;0.04096;0.00;0.000;0.667;0.947;0.000;0.557;44.457;0.00;-7.00;22630.2;2060.40;20.34;3.35;1.42;354199.00;79587.76;0.00;21325.3;16.61;3.73;0.00;06/04/2024 16:07:01;
07/04/2024;20;2.0TD;3;0.000109049075000000;0.186;1.032076786;53.058539;0.557;2.195;50.306539;0.40;17.83333;0.98246;0.75;0.25;4.04750;75.38080;101.96000;48.69000;27.94000;1950.2;275.0;154.0;50.0;22.14;0.000;0.17498;0.04096;0.00;0.000;0.636;0.947;0.000;0.557;42.416;0.40;0.40;23985.3;1465.00;17.37;3.35;1.42;279062.52;116740.00;0.00;22784.5;12.25;5.12;0.00;06/04/2024 16:07:01;
07/04/2024;21;2.0TD;3;0.000128881027000000;0.188;1.044528340;76.554101;0.557;2.195;73.802101;24.86;17.83333;0.98246;0.75;0.25;4.04750;75.38080;101.96000;48.69000;27.94000;1950.2;275.0;154.0;50.0;17.09;0.000;0.17498;0.04096;0.00;0.000;0.932;0.947;0.000;0.557;62.122;25.00;22.75;22865.6;1527.80;12.32;3.35;1.42;197909.68;103935.00;0.00;24503.1;8.08;4.24;0.00;06/04/2024 16:07:01;
07/04/2024;22;2.0TD;3;0.000155094123000000;0.184;1.019876298;85.164297;0.557;2.195;82.412297;35.00;17.83333;0.98246;0.75;0.25;4.04750;75.38080;101.96000;48.69000;27.94000;1950.2;275.0;154.0;50.0;14.32;0.000;0.17498;0.04096;0.00;0.000;1.044;0.947;0.000;0.557;69.604;35.00;35.00;23087.3;1646.00;9.55;3.35;1.42;115605.80;103935.00;24859.38;25578.3;4.52;4.06;0.97;06/04/2024 16:07:01;
07/04/2024;23;2.0TD;3;0.000142504341000000;0.187;1.040150708;74.732844;0.557;2.195;71.980844;24.70;17.83333;0.98246;0.75;0.25;4.04750;75.38080;101.96000;48.69000;27.94000;1950.2;275.0;154.0;50.0;15.79;0.000;0.17498;0.04096;0.00;0.000;0.910;0.947;0.000;0.557;60.640;25.00;21.00;22346.8;1840.60;11.02;3.35;1.42;149595.68;96583.12;24859.38;24583.6;6.09;3.93;1.01;06/04/2024 16:07:01;
07/04/2024;24;2.0TD;3;0.000120431113000000;0.194;1.075181445;59.495633;0.557;2.195;56.743633;10.38;17.83333;0.98246;0.75;0.25;4.04750;75.38080;101.96000;48.69000;27.94000;1950.2;275.0;154.0;50.0;17.19;0.000;0.17498;0.04096;0.00;0.000;0.713;0.947;0.000;0.557;47.523;10.66;6.66;22230.3;1702.00;12.42;3.35;1.42;169566.72;87890.00;24859.38;22726.2;7.46;3.87;1.09;06/04/2024 16:07:01;
*
