pvpcdata;
2024;04;10;12;05;54;
27/03/2024;1;2.0TD;3;0.000101558645000000;0.210;1.166182940;51.470656;0.557;2.195;48.718656;3.18;23.27090;0.93976;0.75;0.25;0.75500;93.83860;101.96000;97.42000;37.09000;2119.7;275.0;177.0;46.0;12.89;0.000;0.17498;0.04096;0.00;0.000;0.000;0.604;0.947;0.000;0.557;40.263;3.20;3.01;22848.5;2380.60;8.08;3.40;1.41;155189.48;10023.52;24859.38;23520.2;6.60;0.43;1.06;26/03/2024 16:06:30;
27/03/2024;2;2.0TD;3;0.000083793680000000;0.218;1.212396220;49.258105;0.557;2.195;46.506105;0.52;23.27090;0.93976;0.75;0.25;0.75500;93.83860;101.96000;97.42000;37.09000;2119.7;275.0;177.0;46.0;13.50;0.000;0.17498;0.04096;0.00;0.000;0.000;0.573;0.947;0.000;0.557;38.182;0.57;0.01;21879.7;2337.50;8.69;3.40;1.41;155898.48;11533.32;24859.38;22115.1;7.05;0.52;1.12;26/03/2024 16:06:30;
27/03/2024;3;2.0TD;3;0.000073951720000000;0.225;1.252128836;52.622181;0.557;2.195;49.870181;-0.12;23.27090;0.93976;0.75;0.25;0.75500;93.83860;101.96000;97.42000;37.09000;2119.7;275.0;177.0;46.0;16.63;0.000;0.17498;0.04096;0.00;0.000;0.000;0.611;0.947;0.000;0.557;40.710;0.01;-1.24;21083.6;2465.30;11.82;3.40;1.41;165493.76;60941.76;24859.38;21264.4;7.78;2.87;1.17;26/03/2024 16:06:30;
27/03/2024;4;2.0TD;3;0.000069336951000000;0.223;1.240666176;52.938236;0.557;2.195;50.186236;-0.20;23.27090;0.93976;0.75;0.25;0.75500;93.83860;101.96000;97.42000;37.09000;2119.7;275.0;177.0;46.0;17.03;0.000;0.17498;0.04096;0.00;0.000;0.000;0.616;0.947;0.000;0.557;41.035;0.00;-2.00;20489.7;2373.20;12.22;3.40;1.41;192792.36;60941.76;0.00;20764.3;9.28;2.93;0.00;26/03/2024 16:06:30;
27/03/2024;5;2.0TD;3;0.000067776591000000;0.223;1.236960284;52.962696;0.557;2.195;50.210696;-0.20;23.27090;0.93976;0.75;0.25;0.75500;93.83860;101.96000;97.42000;37.09000;2119.7;275.0;177.0;46.0;17.05;0.000;0.17498;0.04096;0.00;0.000;0.000;0.616;0.947;0.000;0.557;41.055;0.00;-2.00;20390.6;2351.10;12.24;3.40;1.41;192792.36;60788.64;0.00;20709.9;9.31;2.94;0.00;26/03/2024 16:06:30;
27/03/2024;6;2.0TD;3;0.000070000175000000;0.219;1.217682755;52.229201;0.557;2.195;49.477201;-0.20;23.27090;0.93976;0.75;0.25;0.75500;93.83860;101.96000;97.42000;37.09000;2119.7;275.0;177.0;46.0;16.59;0.000;0.17498;0.04096;0.00;0.000;0.000;0.609;0.947;0.000;0.557;40.588;0.00;-2.00;21090.7;2406.40;11.78;3.40;1.41;192792.36;59020.80;0.00;21381.1;9.02;2.76;0.00;26/03/2024 16:06:30;
27/03/2024;7;2.0TD;3;0.000079758350000000;0.205;1.138717494;51.807974;0.557;2.195;49.055974;0.09;23.27090;0.93976;0.75;0.25;0.75500;93.83860;101.96000;97.42000;37.09000;2119.7;275.0;177.0;46.0;16.42;0.000;0.17498;0.04096;0.00;0.000;0.000;0.611;0.947;0.000;0.557;40.710;0.10;0.00;22850.8;2683.20;11.61;3.40;1.41;192785.16;60839.84;24859.38;23997.3;8.03;2.54;1.04;26/03/2024 16:06:30;
27/03/2024;8;2.0TD;3;0.000097571687000000;0.191;1.059590545;50.149455;0.557;2.195;47.397455;0.65;23.27090;0.93976;0.75;0.25;0.75500;93.83860;101.96000;97.42000;37.09000;2119.7;275.0;177.0;46.0;14.96;0.000;0.17498;0.04096;0.00;0.000;0.000;0.597;0.947;0.000;0.557;39.796;0.54;2.01;24082.0;1961.00;10.15;3.40;1.41;229804.56;16556.80;24859.38;26732.6;8.60;0.62;0.93;26/03/2024 16:06:30;
27/03/2024;9;2.0TD;2;0.000106549085000000;0.181;1.111001774;76.046650;19.184;8.779;48.083650;0.53;23.27090;0.93976;0.75;0.25;0.75500;93.83860;101.96000;97.42000;37.09000;2119.7;275.0;177.0;46.0;15.83;0.154;0.17498;0.04096;0.00;0.000;0.000;0.611;0.947;0.000;0.557;40.714;0.43;1.68;25537.7;2198.00;11.02;3.40;1.41;221808.88;65583.84;24859.38;28336.8;7.83;2.31;0.88;26/03/2024 16:06:30;
27/03/2024;10;2.0TD;2;0.000111073085000000;0.163;1.001360187;75.431255;19.184;8.779;47.468255;0.13;23.27090;0.93976;0.75;0.25;0.75500;93.83860;101.96000;97.42000;37.09000;2119.7;275.0;177.0;46.0;16.33;0.154;0.17498;0.04096;0.00;0.000;0.000;0.612;0.947;0.000;0.557;40.815;0.13;0.08;27151.6;2828.20;11.52;3.40;1.41;252343.00;54670.24;24859.38;28809.5;8.76;1.90;0.86;26/03/2024 16:06:30;
27/03/2024;11;2.0TD;1;0.000114198087000000;0.167;0.998342816;127.511346;33.081;43.893;50.537346;-0.12;23.27090;0.93976;0.75;0.25;0.75500;93.83860;101.96000;97.42000;37.09000;2119.7;275.0;177.0;46.0;18.26;0.926;0.17498;0.04096;0.00;0.000;0.000;0.650;0.947;0.000;0.557;43.305;0.00;-1.25;27307.8;2939.40;13.45;3.40;1.41;304604.36;55151.68;24859.38;28597.4;10.65;1.93;0.87;26/03/2024 16:06:30;
27/03/2024;12;2.0TD;1;0.000112795643000000;0.169;1.010574449;129.045179;33.081;43.893;52.071179;-0.04;23.27090;0.93976;0.75;0.25;0.75500;93.83860;101.96000;97.42000;37.09000;2119.7;275.0;177.0;46.0;19.40;0.926;0.17498;0.04096;0.00;0.000;0.000;0.668;0.947;0.000;0.557;44.543;0.00;-0.50;27785.4;2885.10;14.59;3.40;1.41;360410.96;26526.92;24859.38;28214.1;12.77;0.94;0.88;26/03/2024 16:06:30;
27/03/2024;13;2.0TD;1;0.000113475121000000;0.166;0.994405665;129.349965;33.081;43.893;52.375965;0.00;23.27090;0.93976;0.75;0.25;0.75500;93.83860;101.96000;97.42000;37.09000;2119.7;275.0;177.0;46.0;19.73;0.926;0.17498;0.04096;0.00;0.000;0.000;0.674;0.947;0.000;0.557;44.919;0.00;-0.01;28142.0;2895.20;14.92;3.40;1.41;367993.52;24039.60;24859.38;27947.8;13.17;0.86;0.89;26/03/2024 16:06:30;
27/03/2024;14;2.0TD;1;0.000119761836000000;0.161;0.966979228;129.844027;33.081;43.893;52.870027;0.00;23.27090;0.93976;0.75;0.25;0.75500;93.83860;101.96000;97.42000;37.09000;2119.7;275.0;177.0;46.0;20.34;0.926;0.17498;0.04096;0.00;0.000;0.000;0.683;0.947;0.000;0.557;45.538;0.00;0.00;27924.4;2951.90;15.53;3.40;1.41;360411.08;47586.08;24859.38;27869.9;12.93;1.71;0.89;26/03/2024 16:06:30;
27/03/2024;15;2.0TD;2;0.000120314694000000;0.167;1.023618922;80.002275;19.184;8.779;52.039275;0.00;23.27090;0.93976;0.75;0.25;0.75500;93.83860;101.96000;97.42000;37.09000;2119.7;275.0;177.0;46.0;20.18;0.154;0.17498;0.04096;0.00;0.000;0.000;0.669;0.947;0.000;0.557;44.592;0.00;0.00;27388.5;2985.60;15.37;3.40;1.41;352828.52;46906.72;24859.38;27631.5;12.77;1.70;0.90;26/03/2024 16:06:30;
27/03/2024;16;2.0TD;2;0.000113321197000000;0.172;1.052805386;80.403381;19.184;8.779;52.440381;0.00;23.27090;0.93976;0.75;0.25;0.75500;93.83860;101.96000;97.42000;37.09000;2119.7;275.0;177.0;46.0;20.33;0.154;0.17498;0.04096;0.00;0.000;0.000;0.671;0.947;0.000;0.557;44.744;0.00;0.00;26582.0;2934.00;15.52;3.40;1.41;345246.00;48295.52;24859.38;26946.3;12.81;1.79;0.92;26/03/2024 16:06:30;
27/03/2024;17;2.0TD;2;0.000108308963000000;0.179;1.098059398;79.436197;19.184;8.779;51.473197;0.00;23.27090;0.93976;0.75;0.25;0.75500;93.83860;101.96000;97.42000;37.09000;2119.7;275.0;177.0;46.0;19.26;0.154;0.17498;0.04096;0.00;0.000;0.000;0.655;0.947;0.000;0.557;43.658;0.00;0.00;25394.0;2865.00;14.45;3.40;1.41;289439.52;68368.08;24859.38;26494.3;10.92;2.58;0.94;26/03/2024 16:06:30;
27/03/2024;18;2.0TD;2;0.000108751611000000;0.181;1.107777033;78.311808;19.184;8.779;50.348808;0.00;23.27090;0.93976;0.75;0.25;0.75500;93.83860;101.96000;97.42000;37.09000;2119.7;275.0;177.0;46.0;18.25;0.154;0.17498;0.04096;0.00;0.000;0.000;0.639;0.947;0.000;0.557;42.632;0.00;0.01;25582.8;2435.00;13.44;3.40;1.41;263094.84;68659.20;24859.38;26534.3;9.92;2.59;0.94;26/03/2024 16:06:30;
27/03/2024;19;2.0TD;1;0.000114529642000000;0.170;1.016777489;125.621842;33.081;43.893;48.647842;0.43;23.27090;0.93976;0.75;0.25;0.75500;93.83860;101.96000;97.42000;37.09000;2119.7;275.0;177.0;46.0;16.01;0.926;0.17498;0.04096;0.00;0.000;0.000;0.624;0.947;0.000;0.557;41.579;0.43;0.43;25756.4;2749.30;11.20;3.40;1.41;218544.44;56532.40;24859.38;26779.8;8.16;2.11;0.93;26/03/2024 16:06:30;
27/03/2024;20;2.0TD;1;0.000132756569000000;0.177;1.061519898;126.366043;33.081;43.893;49.392043;3.17;23.27090;0.93976;0.75;0.25;0.75500;93.83860;101.96000;97.42000;37.09000;2119.7;275.0;177.0;46.0;13.65;0.926;0.17498;0.04096;0.00;0.000;0.000;0.629;0.947;0.000;0.557;41.964;3.17;3.16;26151.9;2774.20;8.84;3.40;1.41;217341.12;10544.32;24859.38;28590.8;7.60;0.37;0.87;26/03/2024 16:06:30;
27/03/2024;21;2.0TD;1;0.000157848816000000;0.182;1.088837374;126.108974;33.081;43.893;49.134974;3.20;23.27090;0.93976;0.75;0.25;0.75500;93.83860;101.96000;97.42000;37.09000;2119.7;275.0;177.0;46.0;13.23;0.926;0.17498;0.04096;0.00;0.000;0.000;0.624;0.947;0.000;0.557;41.569;3.20;3.19;26417.6;2855.60;8.42;3.40;1.41;217457.84;9406.88;24859.38;29904.6;7.27;0.31;0.83;26/03/2024 16:06:30;
27/03/2024;22;2.0TD;1;0.000168116437000000;0.184;1.100153949;126.383921;33.081;43.893;49.409921;3.20;23.27090;0.93976;0.75;0.25;0.75500;93.83860;101.96000;97.42000;37.09000;2119.7;275.0;177.0;46.0;13.39;0.926;0.17498;0.04096;0.00;0.000;0.000;0.626;0.947;0.000;0.557;41.731;3.20;3.19;26238.0;2855.40;8.58;3.40;1.41;217459.56;9395.04;24859.38;29329.2;7.41;0.32;0.85;26/03/2024 16:06:30;
27/03/2024;23;2.0TD;2;0.000150433759000000;0.197;1.208685450;77.646104;19.184;8.779;49.683104;3.02;23.27090;0.93976;0.75;0.25;0.75500;93.83860;101.96000;97.42000;37.09000;2119.7;275.0;177.0;46.0;14.12;0.154;0.17498;0.04096;0.00;0.000;0.000;0.623;0.947;0.000;0.557;41.506;3.02;3.00;25273.5;2647.60;9.31;3.40;1.41;217556.16;6864.48;24859.38;26771.0;8.13;0.26;0.93;26/03/2024 16:06:30;
27/03/2024;24;2.0TD;2;0.000124136701000000;0.202;1.240738582;77.218979;19.184;8.779;49.255979;0.00;23.27090;0.93976;0.75;0.25;0.75500;93.83860;101.96000;97.42000;37.09000;2119.7;275.0;177.0;46.0;16.62;0.154;0.17498;0.04096;0.00;0.000;0.000;0.615;0.947;0.000;0.557;40.978;0.12;-1.10;23349.4;2680.80;11.81;3.40;1.41;218227.24;42478.00;24859.38;24184.6;9.02;1.76;1.03;26/03/2024 16:06:30;
*
