pvpcdata;
2024;12;11;12;05;36;
18/11/2024;1;2.0TD;3;0.000100370011000000;0.223;1.237318860;172.171266;0.557;2.195;169.419266;131.72;-10.81445;1.01723;0.75;0.25;136.37458;93.11680;101.96000;84.74000;75.52000;2048.7;275.0;200.0;46.0;14.01;0.000;0.17498;0.04096;0.00;0.000;2.078;0.947;0.000;0.557;138.527;133.98;119.99;15127.6;2909.30;9.77;3.21;1.03;163933.84;20021.04;24859.38;21358.9;7.68;0.94;1.16;17/11/2024 16:09:55;
18/11/2024;2;2.0TD;3;0.000083249285000000;0.234;1.301197356;169.297094;0.557;2.195;166.545094;124.61;-10.81445;1.01723;0.75;0.25;136.37458;93.11680;101.96000;84.74000;75.52000;2048.7;275.0;200.0;46.0;17.61;0.000;0.17498;0.04096;0.00;0.000;2.024;0.947;0.000;0.557;134.963;126.61;112.57;13899.4;2304.60;13.37;3.21;1.03;253782.84;15852.16;0.00;20163.9;12.59;0.79;0.00;17/11/2024 16:09:55;
18/11/2024;3;2.0TD;3;0.000073838870000000;0.240;1.332916053;161.647596;0.557;2.195;158.895596;116.13;-10.81445;1.01723;0.75;0.25;136.37458;93.11680;101.96000;84.74000;75.52000;2048.7;275.0;200.0;46.0;19.37;0.000;0.17498;0.04096;0.00;0.000;1.922;0.947;0.000;0.557;128.141;117.33;107.33;13582.8;1852.50;15.13;3.21;1.03;277921.36;15832.32;0.00;19420.8;14.31;0.82;0.00;17/11/2024 16:09:55;
18/11/2024;4;2.0TD;3;0.000069541239000000;0.242;1.346509886;167.187347;0.557;2.195;164.435347;120.05;-10.81445;1.01723;0.75;0.25;136.37458;93.11680;101.96000;84.74000;75.52000;2048.7;275.0;200.0;46.0;19.64;0.000;0.17498;0.04096;0.00;0.000;1.986;0.947;0.000;0.557;132.395;122.03;106.50;13151.1;1919.10;15.40;3.21;1.03;280119.52;15832.32;0.00;19213.7;14.58;0.82;0.00;17/11/2024 16:09:55;
18/11/2024;5;2.0TD;3;0.000068292902000000;0.244;1.353514864;170.116786;0.557;2.195;167.364786;122.91;-10.81445;1.01723;0.75;0.25;136.37458;93.11680;101.96000;84.74000;75.52000;2048.7;275.0;200.0;46.0;18.89;0.000;0.17498;0.04096;0.00;0.000;2.018;0.947;0.000;0.557;134.537;125.00;109.56;13319.6;2081.60;14.65;3.21;1.03;268143.52;15832.32;0.00;19389.7;13.83;0.82;0.00;17/11/2024 16:09:55;
18/11/2024;6;2.0TD;3;0.000070588353000000;0.233;1.296810107;168.974715;0.557;2.195;166.222715;124.50;-10.81445;1.01723;0.75;0.25;136.37458;93.11680;101.96000;84.74000;75.52000;2048.7;275.0;200.0;46.0;17.57;0.000;0.17498;0.04096;0.00;0.000;2.022;0.947;0.000;0.557;134.811;126.46;112.87;13783.1;2325.60;13.33;3.21;1.03;252307.28;15832.32;0.00;20109.2;12.55;0.79;0.00;17/11/2024 16:09:55;
18/11/2024;7;2.0TD;3;0.000081776221000000;0.209;1.163077597;174.453708;0.557;2.195;171.701708;139.55;-10.81445;1.01723;0.75;0.25;136.37458;93.11680;101.96000;84.74000;75.52000;2048.7;275.0;200.0;46.0;9.62;0.000;0.17498;0.04096;0.00;0.000;2.130;0.947;0.000;0.557;142.019;139.43;140.38;15451.8;2213.00;5.38;3.21;1.03;62997.80;33246.72;24859.38;22503.8;2.80;1.48;1.10;17/11/2024 16:09:55;
18/11/2024;8;2.0TD;3;0.000105188389000000;0.191;1.058811537;174.377017;0.557;2.195;171.625017;143.52;-10.81445;1.01723;0.75;0.25;136.37458;93.11680;101.96000;84.74000;75.52000;2048.7;275.0;200.0;46.0;7.70;0.000;0.17498;0.04096;0.00;0.000;2.162;0.947;0.000;0.557;144.101;143.41;144.41;18022.6;2253.20;3.46;3.21;1.03;15233.88;49357.60;24859.38;25832.4;0.59;1.91;0.96;17/11/2024 16:09:55;
18/11/2024;9;2.0TD;2;0.000113911137000000;0.183;1.124306279;207.279312;19.184;8.779;179.316312;150.80;-10.81445;1.01723;0.75;0.25;136.37458;93.11680;101.96000;84.74000;75.52000;2048.7;275.0;200.0;46.0;7.63;0.154;0.17498;0.04096;0.00;0.000;2.274;0.947;0.000;0.557;151.577;150.80;150.80;19747.2;2312.00;3.39;3.21;1.03;11382.32;57695.68;24859.38;27765.1;0.41;2.08;0.90;17/11/2024 16:09:55;
18/11/2024;10;2.0TD;2;0.000115396411000000;0.167;1.022497654;191.844354;19.184;8.779;163.881354;140.33;-10.81445;1.01723;0.75;0.25;136.37458;93.11680;101.96000;84.74000;75.52000;2048.7;275.0;200.0;46.0;7.12;0.154;0.17498;0.04096;0.00;0.000;2.106;0.947;0.000;0.557;140.429;140.22;141.17;20630.4;2752.90;2.88;3.21;1.03;16870.72;39294.40;24859.38;28112.4;0.60;1.40;0.88;17/11/2024 16:09:55;
18/11/2024;11;2.0TD;1;0.000117769946000000;0.162;0.970538736;228.913180;33.081;43.893;151.939180;129.95;-10.81445;1.01723;0.75;0.25;136.37458;93.11680;101.96000;84.74000;75.52000;2048.7;275.0;200.0;46.0;7.20;0.926;0.17498;0.04096;0.00;0.000;1.961;0.947;0.000;0.557;130.756;130.28;126.66;21199.3;2119.00;2.96;3.21;1.03;30660.12;29716.96;24859.38;28767.5;1.07;1.03;0.86;17/11/2024 16:09:55;
18/11/2024;12;2.0TD;1;0.000116810968000000;0.164;0.979269059;224.967997;33.081;43.893;147.993997;125.75;-10.81445;1.01723;0.75;0.25;136.37458;93.11680;101.96000;84.74000;75.52000;2048.7;275.0;200.0;46.0;7.84;0.926;0.17498;0.04096;0.00;0.000;1.907;0.947;0.000;0.557;127.142;126.31;119.99;21443.7;2075.10;3.60;3.21;1.03;56101.12;21940.00;24859.38;28604.7;1.96;0.77;0.87;17/11/2024 16:09:55;
18/11/2024;13;2.0TD;1;0.000117714296000000;0.162;0.971272091;214.875058;33.081;43.893;137.901058;117.14;-10.81445;1.01723;0.75;0.25;136.37458;93.11680;101.96000;84.74000;75.52000;2048.7;275.0;200.0;46.0;8.11;0.926;0.17498;0.04096;0.00;0.000;1.780;0.947;0.000;0.557;118.675;117.27;116.01;21645.1;2583.50;3.87;3.21;1.03;64571.08;19780.48;24859.38;28233.3;2.29;0.70;0.88;17/11/2024 16:09:55;
18/11/2024;14;2.0TD;1;0.000124952320000000;0.161;0.966683199;214.803984;33.081;43.893;137.829984;117.22;-10.81445;1.01723;0.75;0.25;136.37458;93.11680;101.96000;84.74000;75.52000;2048.7;275.0;200.0;46.0;8.07;0.926;0.17498;0.04096;0.00;0.000;1.781;0.947;0.000;0.557;118.716;117.33;116.31;21680.4;2577.70;3.83;3.21;1.03;64432.52;19800.32;24859.38;28483.0;2.26;0.70;0.87;17/11/2024 16:09:55;
18/11/2024;15;2.0TD;2;0.000127183398000000;0.165;1.014470349;171.492875;19.184;8.779;143.529875;122.64;-10.81445;1.01723;0.75;0.25;136.37458;93.11680;101.96000;84.74000;75.52000;2048.7;275.0;200.0;46.0;7.84;0.154;0.17498;0.04096;0.00;0.000;1.848;0.947;0.000;0.557;123.201;122.90;119.95;21541.8;2065.30;3.60;3.21;1.03;59139.56;19800.32;24859.38;28795.8;2.05;0.69;0.86;17/11/2024 16:09:55;
18/11/2024;16;2.0TD;2;0.000121717614000000;0.170;1.045297332;181.326143;19.184;8.779;153.363143;130.87;-10.81445;1.01723;0.75;0.25;136.37458;93.11680;101.96000;84.74000;75.52000;2048.7;275.0;200.0;46.0;7.37;0.154;0.17498;0.04096;0.00;0.000;1.966;0.947;0.000;0.557;131.079;130.98;129.98;20416.7;2553.20;3.13;3.21;1.03;38435.68;24131.52;24859.38;27919.0;1.38;0.86;0.89;17/11/2024 16:09:55;
18/11/2024;17;2.0TD;2;0.000118626454000000;0.174;1.067635340;192.267364;19.184;8.779;164.304364;140.35;-10.81445;1.01723;0.75;0.25;136.37458;93.11680;101.96000;84.74000;75.52000;2048.7;275.0;200.0;46.0;6.63;0.154;0.17498;0.04096;0.00;0.000;2.099;0.947;0.000;0.557;139.952;139.98;143.98;20653.5;2135.50;2.39;3.21;1.03;9630.96;31557.68;24859.38;27560.8;0.35;1.15;0.90;17/11/2024 16:09:55;
18/11/2024;18;2.0TD;2;0.000126262360000000;0.179;1.100073064;211.519871;19.184;8.779;183.556871;155.06;-10.81445;1.01723;0.75;0.25;136.37458;93.11680;101.96000;84.74000;75.52000;2048.7;275.0;200.0;46.0;7.42;0.154;0.17498;0.04096;0.00;0.000;2.335;0.947;0.000;0.557;155.688;154.69;158.69;20369.1;2061.90;3.18;3.21;1.03;0.00;63922.72;24859.38;27884.4;0.00;2.29;0.89;17/11/2024 16:09:55;
18/11/2024;19;2.0TD;1;0.000148299703000000;0.180;1.077485345;277.712779;33.081;43.893;200.738779;168.34;-10.81445;1.01723;0.75;0.25;136.37458;93.11680;101.96000;84.74000;75.52000;2048.7;275.0;200.0;46.0;7.58;0.926;0.17498;0.04096;0.00;0.000;2.552;0.947;0.000;0.557;170.117;168.20;169.62;21412.3;2382.50;3.34;3.21;1.03;782.84;71765.28;24859.38;29190.7;0.03;2.46;0.85;17/11/2024 16:09:55;
18/11/2024;20;2.0TD;1;0.000163133835000000;0.180;1.079555005;266.439059;33.081;43.893;189.465059;159.41;-10.81445;1.01723;0.75;0.25;136.37458;93.11680;101.96000;84.74000;75.52000;2048.7;275.0;200.0;46.0;7.10;0.926;0.17498;0.04096;0.00;0.000;2.408;0.947;0.000;0.557;160.563;158.96;164.46;22026.9;1946.80;2.86;3.21;1.03;14824.84;46113.84;24859.38;29946.5;0.50;1.54;0.83;17/11/2024 16:09:55;
18/11/2024;21;2.0TD;1;0.000175477353000000;0.183;1.098372043;267.845856;33.081;43.893;190.871856;159.87;-10.81445;1.01723;0.75;0.25;136.37458;93.11680;101.96000;84.74000;75.52000;2048.7;275.0;200.0;46.0;7.41;0.926;0.17498;0.04096;0.00;0.000;2.420;0.947;0.000;0.557;161.345;159.38;165.98;22359.3;1796.40;3.17;3.21;1.03;14970.80;56526.72;24859.38;30404.7;0.49;1.86;0.82;17/11/2024 16:09:55;
18/11/2024;22;2.0TD;1;0.000175997276000000;0.187;1.122591123;253.475688;33.081;43.893;176.501688;147.77;-10.81445;1.01723;0.75;0.25;136.37458;93.11680;101.96000;84.74000;75.52000;2048.7;275.0;200.0;46.0;7.05;0.926;0.17498;0.04096;0.00;0.000;2.230;0.947;0.000;0.557;148.695;147.24;153.84;22095.6;1938.60;2.81;3.21;1.03;17986.72;40359.60;24859.38;29683.2;0.61;1.36;0.84;17/11/2024 16:09:55;
18/11/2024;23;2.0TD;2;0.000156108034000000;0.201;1.230335161;196.216626;19.184;8.779;168.253626;140.90;-10.81445;1.01723;0.75;0.25;136.37458;93.11680;101.96000;84.74000;75.52000;2048.7;275.0;200.0;46.0;6.22;0.154;0.17498;0.04096;0.00;0.000;2.101;0.947;0.000;0.557;140.094;139.98;149.98;20076.4;2022.30;1.98;3.21;1.03;0.00;27916.00;24859.38;26670.8;0.00;1.05;0.93;17/11/2024 16:09:55;
18/11/2024;24;2.0TD;2;0.000128019483000000;0.211;1.295737075;189.786035;19.184;8.779;161.823035;134.46;-10.81445;1.01723;0.75;0.25;136.37458;93.11680;101.96000;84.74000;75.52000;2048.7;275.0;200.0;46.0;6.29;0.154;0.17498;0.04096;0.00;0.000;2.004;0.947;0.000;0.557;133.627;134.22;136.22;17820.3;2479.90;2.05;3.21;1.03;4948.36;20099.52;24859.38;24273.9;0.20;0.83;1.02;17/11/2024 16:09:55;
*
