pvpcdata;
2024;03;11;12;38;41;
25/02/2024;1;2.0TD;3;0.000119641468000000;0.239;1.328083095;53.342687;0.557;2.195;50.590687;4.30;23.47405;0.77709;0.75;0.25;3.06042;96.95660;101.96000;97.42000;68.27000;2573.7;275.0;177.0;48.0;16.34;0.000;0.17498;0.04096;0.00;0.000;0.000;0.612;0.565;0.000;0.557;40.831;4.30;4.30;22692.3;911.50;11.31;3.48;1.55;178870.48;58348.08;24859.38;23166.5;7.72;2.52;1.07;24/02/2024 16:10:33;
25/02/2024;2;2.0TD;3;0.000100238234000000;0.250;1.388929256;51.951837;0.557;2.195;49.199837;3.16;23.47405;0.77709;0.75;0.25;3.06042;96.95660;101.96000;97.42000;68.27000;2573.7;275.0;177.0;48.0;16.03;0.000;0.17498;0.04096;0.00;0.000;0.000;0.590;0.565;0.000;0.557;39.359;3.20;1.90;21576.8;674.50;11.00;3.48;1.55;179979.00;58311.36;0.00;21657.3;8.31;2.69;0.00;24/02/2024 16:10:33;
25/02/2024;3;2.0TD;3;0.000086853896000000;0.259;1.436496778;53.047627;0.557;2.195;50.295627;3.16;23.47405;0.77709;0.75;0.25;3.06042;96.95660;101.96000;97.42000;68.27000;2573.7;275.0;177.0;48.0;16.61;0.000;0.17498;0.04096;0.00;0.000;0.000;0.599;0.565;0.000;0.557;39.948;3.20;1.60;22112.2;572.00;11.58;3.48;1.55;180054.24;58311.36;0.00;20584.5;8.75;2.83;0.00;24/02/2024 16:10:33;
25/02/2024;4;2.0TD;3;0.000078953155000000;0.265;1.470951862;53.878075;0.557;2.195;51.126075;3.16;23.47405;0.77709;0.75;0.25;3.06042;96.95660;101.96000;97.42000;68.27000;2573.7;275.0;177.0;48.0;17.07;0.000;0.17498;0.04096;0.00;0.000;0.000;0.606;0.565;0.000;0.557;40.415;3.20;1.60;21812.9;575.90;12.04;3.48;1.55;180315.92;58311.36;0.00;19813.8;9.10;2.94;0.00;24/02/2024 16:10:33;
25/02/2024;5;2.0TD;3;0.000075401212000000;0.269;1.496748697;54.259276;0.557;2.195;51.507276;3.16;23.47405;0.77709;0.75;0.25;3.06042;96.95660;101.96000;97.42000;68.27000;2573.7;275.0;177.0;48.0;17.24;0.000;0.17498;0.04096;0.00;0.000;0.000;0.609;0.565;0.000;0.557;40.588;3.20;1.60;21779.9;584.50;12.21;3.48;1.55;180325.76;58384.80;0.00;19554.8;9.22;2.99;0.00;24/02/2024 16:10:33;
25/02/2024;6;2.0TD;3;0.000075007254000000;0.268;1.489292628;53.921975;0.557;2.195;51.169975;2.95;23.47405;0.77709;0.75;0.25;3.06042;96.95660;101.96000;97.42000;68.27000;2573.7;275.0;177.0;48.0;17.22;0.000;0.17498;0.04096;0.00;0.000;0.000;0.605;0.565;0.000;0.557;40.354;3.00;1.00;21794.3;601.60;12.19;3.48;1.55;180460.32;58311.36;0.00;19585.1;9.21;2.98;0.00;24/02/2024 16:10:33;
25/02/2024;7;2.0TD;3;0.000076734298000000;0.262;1.452909590;53.590244;0.557;2.195;50.838244;3.16;23.47405;0.77709;0.75;0.25;3.06042;96.95660;101.96000;97.42000;68.27000;2573.7;275.0;177.0;48.0;16.94;0.000;0.17498;0.04096;0.00;0.000;0.000;0.604;0.565;0.000;0.557;40.283;3.20;1.85;22201.2;636.40;11.91;3.48;1.55;180336.68;58348.08;0.00;20044.2;9.00;2.91;0.00;24/02/2024 16:10:33;
25/02/2024;8;2.0TD;3;0.000080781068000000;0.253;1.404379336;52.566105;0.557;2.195;49.814105;3.17;23.47405;0.77709;0.75;0.25;3.06042;96.95660;101.96000;97.42000;68.27000;2573.7;275.0;177.0;48.0;16.41;0.000;0.17498;0.04096;0.00;0.000;0.000;0.596;0.565;0.000;0.557;39.755;3.20;1.90;22796.4;610.30;11.38;3.48;1.55;180167.40;56905.68;0.00;20826.1;8.65;2.73;0.00;24/02/2024 16:10:33;
25/02/2024;9;2.0TD;3;0.000088965697000000;0.244;1.356199395;52.132418;0.557;2.195;49.380418;3.17;23.47405;0.77709;0.75;0.25;3.06042;96.95660;101.96000;97.42000;68.27000;2573.7;275.0;177.0;48.0;16.35;0.000;0.17498;0.04096;0.00;0.000;0.000;0.595;0.565;0.000;0.557;39.694;3.20;2.00;23471.0;602.10;11.32;3.48;1.55;178136.20;66193.00;0.00;21575.1;8.26;3.07;0.00;24/02/2024 16:10:33;
25/02/2024;10;2.0TD;3;0.000111304562000000;0.217;1.206996028;55.113267;0.557;2.195;52.361267;3.11;23.47405;0.77709;0.75;0.25;3.06042;96.95660;101.96000;97.42000;68.27000;2573.7;275.0;177.0;48.0;19.69;0.000;0.17498;0.04096;0.00;0.000;0.000;0.645;0.565;0.000;0.557;43.024;3.20;0.00;24913.6;715.20;14.66;3.48;1.55;277446.80;62615.00;0.00;23200.5;11.96;2.70;0.00;24/02/2024 16:10:33;
25/02/2024;11;2.0TD;3;0.000128792662000000;0.201;1.114165619;51.352711;0.557;2.195;48.600711;3.15;23.47405;0.77709;0.75;0.25;3.06042;96.95660;101.96000;97.42000;68.27000;2573.7;275.0;177.0;48.0;17.13;0.000;0.17498;0.04096;0.00;0.000;0.000;0.607;0.565;0.000;0.557;40.466;3.20;1.20;26085.4;730.40;12.10;3.48;1.55;231921.96;62976.16;0.00;24379.1;9.51;2.58;0.00;24/02/2024 16:10:33;
25/02/2024;12;2.0TD;3;0.000132803116000000;0.198;1.098464363;50.525688;0.557;2.195;47.773688;3.11;23.47405;0.77709;0.75;0.25;3.06042;96.95660;101.96000;97.42000;68.27000;2573.7;275.0;177.0;48.0;16.59;0.000;0.17498;0.04096;0.00;0.000;0.000;0.598;0.565;0.000;0.557;39.877;3.20;0.20;27760.3;901.30;11.56;3.48;1.55;231775.60;55792.00;0.00;24885.1;9.31;2.24;0.00;24/02/2024 16:10:33;
25/02/2024;13;2.0TD;3;0.000129987487000000;0.196;1.087548009;47.605432;0.557;2.195;44.853432;0.43;23.47405;0.77709;0.75;0.25;3.06042;96.95660;101.96000;97.42000;68.27000;2573.7;275.0;177.0;48.0;16.93;0.000;0.17498;0.04096;0.00;0.000;0.000;0.563;0.565;0.000;0.557;37.502;0.43;0.43;27825.4;853.80;11.90;3.48;1.55;233377.44;62053.60;0.00;24817.8;9.40;2.50;0.00;24/02/2024 16:10:33;
25/02/2024;14;2.0TD;3;0.000134173088000000;0.188;1.043943450;47.039297;0.557;2.195;44.287297;0.43;23.47405;0.77709;0.75;0.25;3.06042;96.95660;101.96000;97.42000;68.27000;2573.7;275.0;177.0;48.0;16.71;0.000;0.17498;0.04096;0.00;0.000;0.000;0.559;0.565;0.000;0.557;37.278;0.43;0.43;28247.4;894.60;11.68;3.48;1.55;233369.72;61483.72;0.00;25251.9;9.24;2.43;0.00;24/02/2024 16:10:33;
25/02/2024;15;2.0TD;3;0.000133629213000000;0.189;1.052289626;47.088466;0.557;2.195;44.336466;0.43;23.47405;0.77709;0.75;0.25;3.06042;96.95660;101.96000;97.42000;68.27000;2573.7;275.0;177.0;48.0;16.72;0.000;0.17498;0.04096;0.00;0.000;0.000;0.559;0.565;0.000;0.557;37.288;0.43;0.43;28252.3;879.80;11.69;3.48;1.55;233370.52;61857.60;0.00;25244.4;9.24;2.45;0.00;24/02/2024 16:10:33;
25/02/2024;16;2.0TD;3;0.000120851732000000;0.199;1.107686596;48.472112;0.557;2.195;45.720112;-0.01;23.47405;0.77709;0.75;0.25;3.06042;96.95660;101.96000;97.42000;68.27000;2573.7;275.0;177.0;48.0;17.99;0.000;0.17498;0.04096;0.00;0.000;0.000;0.572;0.565;0.000;0.557;38.131;0.00;-0.20;27213.6;899.30;12.96;3.48;1.55;233518.92;79216.92;0.00;24131.6;9.68;3.28;0.00;24/02/2024 16:10:33;
25/02/2024;17;2.0TD;3;0.000113455431000000;0.209;1.163320712;47.969652;0.557;2.195;45.217652;0.01;23.47405;0.77709;0.75;0.25;3.06042;96.95660;101.96000;97.42000;68.27000;2573.7;275.0;177.0;48.0;17.25;0.000;0.17498;0.04096;0.00;0.000;0.000;0.561;0.565;0.000;0.557;37.400;0.01;0.01;26724.0;823.80;12.22;3.48;1.55;209193.68;79172.64;0.00;23605.7;8.86;3.35;0.00;24/02/2024 16:10:33;
25/02/2024;18;2.0TD;3;0.000113039476000000;0.216;1.201505013;50.231778;0.557;2.195;47.479778;2.32;23.47405;0.77709;0.75;0.25;3.06042;96.95660;101.96000;97.42000;68.27000;2573.7;275.0;177.0;48.0;16.56;0.000;0.17498;0.04096;0.00;0.000;0.000;0.586;0.565;0.000;0.557;39.045;2.33;2.00;26276.7;903.80;11.53;3.48;1.55;208280.64;68181.92;0.00;23985.1;8.68;2.84;0.00;24/02/2024 16:10:33;
25/02/2024;19;2.0TD;3;0.000125274653000000;0.221;1.228858544;42.704182;0.557;2.195;39.952182;3.30;23.47405;0.77709;0.75;0.25;3.06042;96.95660;101.96000;97.42000;68.27000;2573.7;275.0;177.0;48.0;9.35;0.000;0.17498;0.04096;0.00;0.000;0.000;0.491;0.565;0.000;0.557;32.720;3.30;3.30;27705.7;830.20;4.32;3.48;1.55;92092.92;19056.00;0.00;25700.4;3.58;0.74;0.00;24/02/2024 16:10:33;
25/02/2024;20;2.0TD;3;0.000154214723000000;0.217;1.208087497;43.796384;0.557;2.195;41.044384;4.81;23.47405;0.77709;0.75;0.25;3.06042;96.95660;101.96000;97.42000;68.27000;2573.7;275.0;177.0;48.0;8.83;0.000;0.17498;0.04096;0.00;0.000;0.000;0.506;0.565;0.000;0.557;33.725;4.82;4.32;26994.2;725.20;3.80;3.48;1.55;91221.00;15752.96;0.00;28140.8;3.24;0.56;0.00;24/02/2024 16:10:33;
25/02/2024;21;2.0TD;3;0.000172930704000000;0.214;1.189550833;46.073432;0.557;2.195;43.321432;6.99;23.47405;0.77709;0.75;0.25;3.06042;96.95660;101.96000;97.42000;68.27000;2573.7;275.0;177.0;48.0;8.58;0.000;0.17498;0.04096;0.00;0.000;0.000;0.535;0.565;0.000;0.557;35.684;7.00;6.50;27407.5;740.50;3.55;3.48;1.55;90283.20;14373.00;0.00;29468.0;3.06;0.49;0.00;24/02/2024 16:10:33;
25/02/2024;22;2.0TD;3;0.000175758568000000;0.215;1.196254890;47.466272;0.557;2.195;44.714272;7.18;23.47405;0.77709;0.75;0.25;3.06042;96.95660;101.96000;97.42000;68.27000;2573.7;275.0;177.0;48.0;9.49;0.000;0.17498;0.04096;0.00;0.000;0.000;0.552;0.565;0.000;0.557;36.801;7.20;6.60;27334.3;735.50;4.46;3.48;1.55;90696.40;15312.00;24859.38;29396.3;3.09;0.52;0.85;24/02/2024 16:10:33;
25/02/2024;23;2.0TD;3;0.000158471943000000;0.222;1.231517986;45.428969;0.557;2.195;42.676969;4.98;23.47405;0.77709;0.75;0.25;3.06042;96.95660;101.96000;97.42000;68.27000;2573.7;275.0;177.0;48.0;9.84;0.000;0.17498;0.04096;0.00;0.000;0.000;0.524;0.565;0.000;0.557;34.923;5.00;4.00;26294.3;587.30;4.81;3.48;1.55;92141.96;15792.64;24859.38;27627.4;3.34;0.57;0.90;24/02/2024 16:10:33;
25/02/2024;24;2.0TD;3;0.000132246935000000;0.229;1.271996328;44.250254;0.557;2.195;41.498254;3.17;23.47405;0.77709;0.75;0.25;3.06042;96.95660;101.96000;97.42000;68.27000;2573.7;275.0;177.0;48.0;10.51;0.000;0.17498;0.04096;0.00;0.000;0.000;0.506;0.565;0.000;0.557;33.765;3.20;1.89;24736.4;522.00;5.48;3.48;1.55;93076.48;19092.00;24859.38;24997.2;3.72;0.76;0.99;24/02/2024 16:10:33;
*
